2.822479018250999871e+01
2.156417962510773023e+01
1.529526022308756339e+01
9.662805140437296103e+00
4.291825849555974681e-01
-1.140135507294945327e+01
-1.797122134895579038e+01
-1.907725878887195847e+01
-1.779636365275025511e+01
-1.207727933528327036e+01
-7.622272955244186576e+00
-4.702836621403370998e+00
1.290951852925650956e+00
9.172287234224597796e+00
1.289623965723493448e+01
1.244540122319643771e+01
9.888572069355701544e+00
3.677149361321990995e+00
-1.467184124987295668e+00
-5.361653075159512838e+00
-1.169158815778933125e+01
-1.947777532964390090e+01
-2.298385389264501200e+01
-2.208708890579944750e+01
-1.883550032319401168e+01
-1.171445040600519505e+01
-5.022853408715734602e+00
1.091338920354731679e+00
1.009972886911829804e+01
2.113808775226280900e+01
2.703343768960386129e+01
2.752235129661859148e+01
2.543192390809224790e+01
1.884944761111296785e+01
1.288086563135387230e+01
7.742408065719217802e+00
-7.854947525403497277e-01
-1.166841177053991352e+01
-1.766221131970389990e+01
-1.860591016882888837e+01
-1.725806466034487485e+01
-1.172953462425692450e+01
-7.367303927740390002e+00
-4.411325916785993506e+00
1.434241532292389376e+00
9.060535283417241459e+00
1.274197462873598141e+01
1.245175308229671707e+01
1.016006704576390618e+01
4.396041902128890122e+00
-3.804452125581385125e-01
-3.997349960972980121e+00
-9.944614215691224501e+00
-1.729895512071313490e+01
-2.076195648255716719e+01
-2.023350210543301131e+01
-1.759525745323546531e+01
-1.145388127224430441e+01
-5.806449695570448988e+00
-7.933640738563780825e-01
6.796733575399039218e+00
1.615629048265397572e+01
2.149453855084233567e+01
2.264993496502938797e+01
2.183301847302058718e+01
1.751636857677728898e+01
1.393377161369244988e+01
1.126302480896528202e+01
6.063958975871101664e+00
-7.978116075113657057e-01
-4.873314335295975575e+00
-6.168520203647319455e+00
-6.225750408220630305e+00
-3.918361189839852710e+00
-2.760204099770667163e+00
-2.903661898547590603e+00
-1.639487257888534666e+00
2.896408192642613288e-01
7.937096626475583783e-01
-1.241104150207573281e-02
-1.646692479708681045e+00
-4.614908674979256276e+00
-6.996414541237102824e+00
-8.741368241498188141e+00
-1.123499154246153253e+01
-1.407551344444012820e+01
-1.490338765912869867e+01
-1.363318744550567629e+01
-1.109486880004757126e+01
-6.644248866332277181e+00
-2.009168836472467135e+00
2.770852329638253675e+00
9.137302596488087403e+00
1.676058371092484833e+01
2.044983647723725539e+01
1.988563617651314530e+01
1.731341440362371387e+01
1.130969862113481206e+01
5.288809284430882052e+00
-5.939871964933489679e-01
-9.301928434949129354e+00
-2.015843044376441995e+01
-2.608411902285017447e+01
-2.678916905640722490e+01
-2.519812377876113985e+01
-1.942815978220219719e+01
-1.439618143708409370e+01
-1.034214768969479614e+01
-3.177667563339682921e+00
6.087487342610796048e+00
1.288047009727723591e+01
1.729140283931140942e+01
2.083554281968950761e+01
2.239004755469020580e+01
2.571297136218714030e+01
3.098027430134970572e+01
3.538482704422354885e+01
3.974141159540950241e+01
4.033434067428778036e+01
3.646588360358924064e+01
3.044047456101381854e+01
2.109172851073200050e+01
9.828111189339169940e+00
-3.255789114555628139e+00
-1.995496204051276834e+01
-4.005846929422814640e+01
-5.210866969235704005e+01
-5.530547227627702966e+01
-5.499804270530141537e+01
-4.805439115841328146e+01
-4.165167025261280997e+01
-3.620725401398274812e+01
-2.539715988706650762e+01
-1.067930239080381227e+01
-6.042472623126005082e-01
4.872553122033098205e+00
8.895333259620585409e+00
9.345629805128167433e+00
1.290280156137426815e+01
1.993088260331033723e+01
2.534237265492256697e+01
3.059891161065122134e+01
3.313250427499436768e+01
3.210094848684175872e+01
2.972472694336788024e+01
2.509836987621475046e+01
1.841273680644241395e+01
9.755680728530027324e+00
-1.839980813043942121e+00
-1.641176655116007410e+01
-2.470016117135540767e+01
-2.604094832175079688e+01
-2.492419411168510734e+01
-1.883549497842938081e+01
-1.345784395593614668e+01
-9.172119367038801485e+00
-9.616146386547537173e-01
9.993065075720794610e+00
1.550373607226563522e+01
1.544508527784378416e+01
1.293141522419181655e+01
5.858794205273700761e+00
2.858973040722385672e-01
-3.495058001018744864e+00
-1.030083834468777049e+01
-1.885647565077961474e+01
-2.314353619425224906e+01
-2.315417238532883104e+01
-2.086945090822717930e+01
-1.474057385963959277e+01
-9.508141193924984691e+00
-5.332574030057587677e+00
1.491054151141111284e+00
9.992993922022449738e+00
1.566305201339113218e+01
1.851663224687573006e+01
2.004636149793197930e+01
1.910388371168036770e+01
1.931423282721848267e+01
2.081533548922322652e+01
2.081600798033183608e+01
2.007246473860752189e+01
1.834805338016826681e+01
1.527246940166119060e+01
1.145239761462677919e+01
6.707437344943969926e+00
4.094695627457622944e-01
-7.455763525323195751e+00
-1.678437543277127375e+01
-2.775843838029824440e+01
-3.343305212269488891e+01
-3.316870079153933659e+01
-3.040710685355310261e+01
-2.319649063420372315e+01
-1.556296318644342946e+01
-7.744569475275686621e+00
4.002073534960424617e+00
1.888602292133764138e+01
2.726888664805730755e+01
2.874742006669870520e+01
2.740593633125056527e+01
2.069263445262128087e+01
1.522090891549233049e+01
1.134417214980091160e+01
3.560005220669292925e+00
-6.757170141569840638e+00
-1.325389710502797058e+01
-1.602079388235994273e+01
-1.716695879011466985e+01
-1.511430296786627814e+01
-1.500735673426710193e+01
-1.707188521535825032e+01
-1.741714390734539109e+01
-1.714307374073490919e+01
-1.623295395410617559e+01
-1.423051138252071723e+01
-1.189356276025922909e+01
-9.085786937017779508e+00
-4.796492233946663575e+00
9.643443873047062853e-01
7.858609635731538035e+00
1.613581857803924891e+01
2.149062863565345793e+01
2.352681184543904180e+01
2.449183709589412672e+01
2.319387329540021625e+01
2.206374431545915371e+01
2.128463554037323036e+01
1.860303476595436223e+01
1.451905536375000949e+01
1.094329766005618865e+01
7.733439535798422249e+00
4.284493627437591101e+00
1.012395177897535303e+00
-3.800216474958971968e+00
-1.026927845647792203e+01
-1.722940649481956399e+01
-2.508975956237082983e+01
-2.928817347655750325e+01
-2.926658320535995017e+01
-2.748189020055204423e+01
-2.260676426720665688e+01
-1.701582117229784430e+01
-1.086053173170520836e+01
-1.758331564540560388e+00
9.844049933062921198e+00
1.653048588272575614e+01
1.794474140977719756e+01
1.735000573299474169e+01
1.277647202545716354e+01
9.194373749989184219e+00
6.891564657700451235e+00
1.690691854941727357e+00
-5.369343934077313030e+00
-8.452335698554094279e+00
-7.524524343834317897e+00
-4.661993058883644458e+00
1.627037437179887025e+00
6.867875286331419638e+00
1.086946751580506287e+01
1.713894704158168736e+01
2.474076185474157441e+01
2.815604558431496685e+01
2.725894500376870511e+01
2.401903747600616867e+01
1.697489941232908706e+01
1.023900699421430538e+01
3.948306349850572605e+00
-5.232588122230396266e+00
-1.648159553744412165e+01
-2.423059222437806426e+01
-2.836764451543216126e+01
-3.100072218273489355e+01
-3.068197677014392966e+01
-3.156726392369474965e+01
-3.384522918516955059e+01
-3.419772049185568363e+01
-3.349088109303183813e+01
-3.115931287467553901e+01
-2.671596345637532721e+01
-2.098199770850125034e+01
-1.364527270235547896e+01
-4.121396550044346796e+00
7.619682853990126681e+00
2.163642364836190168e+01
3.813040084235007043e+01
4.817656710849721691e+01
5.098901261031691945e+01
5.098296428696632887e+01
4.566835308397981663e+01
4.029500098522867546e+01
3.518647022670367619e+01
2.552301631346911392e+01
1.235234166795146038e+01
3.219471518023245604e+00
-1.839623440553020739e+00
-5.773216163915933841e+00
-6.697911096026093247e+00
-1.032016835871340454e+01
-1.697922983174464662e+01
-2.226777997601816139e+01
-2.744101730597520472e+01
-3.062423956858328111e+01
-3.111867746749652142e+01
-3.067626274280705800e+01
-2.861023704901541009e+01
-2.489570276205386534e+01
-1.959810207569383778e+01
-1.206147532307444870e+01
-2.217046846112607827e+00
4.060532155534678722e+00
6.386940910007928629e+00
7.666283507815394138e+00
6.332233779970454890e+00
6.024673978501057903e+00
7.022541276274240296e+00
6.174649899485000759e+00
4.265523475658483221e+00
4.353251471823257113e+00
6.328228884947700195e+00
9.265253952017175720e+00
1.390118519158533950e+01
1.766990878604945792e+01
2.046276677339053052e+01
2.416890338362771828e+01
2.823429628955973314e+01
2.891940107689679706e+01
2.604867514186119948e+01
2.098326159283448078e+01
1.268783944551776166e+01
3.788056263951469216e+00
-5.662257710940485467e+00
-1.791243710486443774e+01
-3.247382065041696819e+01
-4.059304913465845033e+01
-4.171941840474080720e+01
-3.969287344282668784e+01
-3.211472412816338817e+01
-2.470420001195278203e+01
-1.773461401813922222e+01
-6.234184370002496145e+00
8.657711992768573950e+00
1.757720920600300474e+01
2.029382933108759701e+01
2.053218861253417060e+01
1.586303770292987991e+01
1.308745452953295896e+01
1.255503291531783283e+01
8.797137308135528855e+00
3.247815716069930581e+00
-1.645619660092586534e-01
-1.736916383453959378e+00
-2.372844718194509817e+00
-1.165900203476267993e+00
-1.831643423999929965e+00
-4.502876201247498322e+00
-6.591815936259275865e+00
-8.909232479295413398e+00
-1.007036975363112319e+01
-9.674728147834276371e+00
-8.955418893886569975e+00
-7.459495211738253140e+00
-5.328225160359034263e+00
-2.645574190436249307e+00
1.072614569052484201e+00
5.809464483874120511e+00
9.091893814939576046e+00
1.078777685706394607e+01
1.208608085933666487e+01
1.233877432112958061e+01
1.311050682843815807e+01
1.452044380340890761e+01
1.524066507628274181e+01
1.561189290039021493e+01
1.506012712057818881e+01
1.335329755123670026e+01
1.098398737307565831e+01
7.725072695209624918e+00
3.566845011348845240e+00
-1.493620928696473893e+00
-7.684945018529701244e+00
-1.504550105296873497e+01
-1.998810450327397703e+01
-2.222972324500581109e+01
-2.352340946544830302e+01
-2.288290024470082074e+01
-2.248130086320678700e+01
-2.245891838382389594e+01
-2.086880937280965043e+01
-1.815529327362692769e+01
-1.551803685588793691e+01
-1.279381174817887334e+01
-9.681339889977826019e+00
-6.413743477227667356e+00
-1.759755791536920633e+00
4.366489954210486246e+00
1.119650766175269574e+01
1.903510513695028550e+01
2.429478016864913315e+01
2.656831636369646787e+01
2.778818844924542120e+01
2.692794215613399444e+01
2.590797559842832243e+01
2.486431964047556775e+01
2.192430897421459690e+01
1.746467708015401499e+01
1.347969159104127890e+01
9.870022876382698485e+00
5.895567703944422533e+00
2.000686564691960712e+00
-3.503813238406337405e+00
-1.075071175822323077e+01
-1.856631871792528443e+01
-2.735932890716832944e+01
-3.198809659316507137e+01
-3.183308809452957888e+01
-2.962350728151921331e+01
-2.386229249299421795e+01
-1.726256430891885429e+01
-9.987450271989082751e+00
6.706031340911504657e-01
1.420444727804348872e+01
2.200207499306046444e+01
2.364039834501060255e+01
2.291612756638452097e+01
1.753773816569384536e+01
1.326490799468114190e+01
1.042996630516846146e+01
4.182185591998383245e+00
-4.276653050344912721e+00
-9.513488920228098777e+00
-1.163015756647744503e+01
-1.241483753474813412e+01
-1.052913413204711546e+01
-1.040366426971865010e+01
-1.223783683902130903e+01
-1.270491410618112127e+01
-1.275846438646440895e+01
-1.236391267660570925e+01
-1.113679121873038369e+01
-9.750639796285170746e+00
-8.089670025726899638e+00
-5.311812709604929239e+00
-1.435755414833703503e+00
3.254207804435855778e+00
8.959880947553337194e+00
1.332716256695871238e+01
1.614816593181662796e+01
1.870987839826647914e+01
2.037461012471140975e+01
2.245145735212557270e+01
2.506321190976074931e+01
2.701279599745809179e+01
2.858520076391658904e+01
2.799751299378438318e+01
2.489834090257741295e+01
2.030082250751540229e+01
1.362141398055720387e+01
5.574385242402759566e+00
-3.831297438942338651e+00
-1.551821987817752913e+01
-2.940255363726036109e+01
-3.797308108091485224e+01
-4.066744138137832465e+01
-4.102867062696972766e+01
-3.698820475033090105e+01
-3.320062043538027297e+01
-2.993403702160027535e+01
-2.304681737038651690e+01
-1.347712440827926628e+01
-6.680484893949357961e+00
-2.603138743522307674e+00
7.665947075660646259e-01
2.091726591404127866e+00
5.675583317049951226e+00
1.176580685349795985e+01
1.711915483935313631e+01
2.268962852018125531e+01
2.606425024479361241e+01
2.663964548773661889e+01
2.622225241911484872e+01
2.402036181992389885e+01
2.062045834314467641e+01
1.611074778010618402e+01
9.455329451567342502e+00
7.261115596629332813e-01
-5.251329852461842584e+00
-8.226036012854109458e+00
-1.050046370047349242e+01
-1.081046014640713970e+01
-1.227858940241767804e+01
-1.514011070650935764e+01
-1.677060041953191671e+01
-1.785256206427844106e+01
-1.753295129377799455e+01
-1.538727047123930092e+01
-1.226786753857762413e+01
-7.812286382756856717e+00
-1.844669175475873502e+00
5.640048721590021685e+00
1.493257159443614945e+01
2.613175313879078132e+01
3.141389333502263881e+01
3.011191060768860694e+01
2.603708277892410905e+01
1.700940912182712594e+01
7.683949662644542045e+00
-1.664194712791885467e+00
-1.528584670577653348e+01
-3.225509062170063146e+01
-4.043891735292724121e+01
-3.924107990906707499e+01
-3.382231301199650630e+01
-2.092500155945003826e+01
-8.722047968029770004e+00
2.381850370301935360e+00
1.930768665083026647e+01
4.039246396528714200e+01
5.118019784540023664e+01
5.115880231258142175e+01
4.608508165495706521e+01
3.212472757692844993e+01
1.950486280345423751e+01
8.683930797129351120e+00
-8.777300966069894628e+00
-3.079129255007999078e+01
-4.304021897599867685e+01
-4.520783560133460099e+01
-4.270545448274268097e+01
-3.179415731261438793e+01
-2.304455908769644168e+01
-1.691688030272975851e+01
-4.908184636965732039e+00
1.079871319682874820e+01
2.023433652413606865e+01
2.349348647722259642e+01
2.385503636626574320e+01
1.881135858503083469e+01
1.642542718452514450e+01
1.702185015468883122e+01
1.445101656135399004e+01
1.041328391751985372e+01
6.435492213436754483e+00
1.933089579941899894e+00
-2.671692396176367001e+00
-7.161927288741752662e+00
-1.406318849477371735e+01
-2.342007081439756888e+01
-3.385473935237678234e+01
-4.594984472557415955e+01
-5.091584937132027022e+01
-4.779558226698860324e+01
-4.117647017079500671e+01
-2.854406481807752627e+01
-1.463748546555564367e+01
2.457127478537848297e-01
2.072219161034664481e+01
4.588267160119453791e+01
6.040582955151266020e+01
6.347839982543633397e+01
6.181747624235840277e+01
5.130756167597587591e+01
4.209959158506623567e+01
3.473952911266351151e+01
2.058170579745640083e+01
1.708004998268834118e+00
-1.001278132413958843e+01
-1.457364523731233241e+01
-1.626029642783797868e+01
-1.208211512437459767e+01
-1.124546656965075542e+01
-1.419515477624091560e+01
-1.381880643378022455e+01
-1.208500499265436900e+01
-1.210395847269387914e+01
-1.334231903418275422e+01
-1.567535013360970098e+01
-1.974972724255683687e+01
-2.192104746338808852e+01
-2.212345531614062111e+01
-2.268047385108487646e+01
-2.280034127601738092e+01
-2.144296003894720926e+01
-1.869896940396615292e+01
-1.446571717657741551e+01
-8.455918410810701502e+00
-1.852225643907333241e+00
5.412125713600891785e+00
1.421492926394201106e+01
2.436581830764036738e+01
3.055682027181157423e+01
3.238250419818467662e+01
3.224250009739797918e+01
2.865368189901392171e+01
2.498707031462198458e+01
2.139878513513667713e+01
1.488339243524074540e+01
6.098719743312571495e+00
-2.186081301387867715e-01
-4.042412916530801148e+00
-7.229383237624464442e+00
-8.595701896807073084e+00
-1.174509940659078921e+01
-1.689337721452486463e+01
-2.126222329629290897e+01
-2.564597971770705342e+01
-2.682813484448045216e+01
-2.416060406537275185e+01
-1.970269260484939267e+01
-1.243029478434463186e+01
-3.494559966979039700e+00
7.021795566968958013e+00
2.065641307238612967e+01
3.724432896254000980e+01
4.534237579814520558e+01
4.410647261761948101e+01
3.889752364072273849e+01
2.656583649853762807e+01
1.419770581350248229e+01
2.192329002028722051e+00
-1.575856458515230685e+01
-3.823213127723640525e+01
-5.008144723195847092e+01
-5.068851443019876513e+01
-4.632189109474506239e+01
-3.295661529596394246e+01
-2.106787395637189775e+01
-1.116970360290448916e+01
5.458384704736539916e+00
2.666522428725847860e+01
3.817157588497650522e+01
3.970527946869519553e+01
3.661616967527135813e+01
2.519204868616403203e+01
1.603770435196042143e+01
9.616883212005802761e+00
-2.559252318367256862e+00
-1.829360262673980131e+01
-2.654458574329802190e+01
-2.728438204668016809e+01
-2.427404332921204144e+01
-1.468400361324873238e+01
-7.175148041220875683e+00
-2.079740432903510516e+00
7.353562884940247457e+00
1.932892963440647094e+01
2.572671707645304551e+01
2.656699322768659854e+01
2.448321203961023329e+01
1.739580434744243576e+01
1.181405114383355581e+01
7.962142509648387545e+00
8.001284470014109473e-01
-8.331172103179357080e+00
-1.427082385039495094e+01
-1.712747061994299358e+01
-1.845035114889031291e+01
-1.695035879217391184e+01
-1.698683308976310613e+01
-1.871319115506929975e+01
-1.885993006918080539e+01
-1.834253595506964984e+01
-1.688187207996904604e+01
-1.406053026848969800e+01
-1.062238168801562743e+01
-6.369681332966346865e+00
-5.770737632489806312e-01
6.753253248229150962e+00
1.548128027458071188e+01
2.580407641795419593e+01
3.114641959477652122e+01
3.090449838050709630e+01
2.835619943893235018e+01
2.165771427437577401e+01
1.460458647032229607e+01
7.428355754814198519e+00
-3.399822454727028820e+00
-1.713039440030095761e+01
-2.478283181394946766e+01
-2.598528124224632307e+01
-2.453285256473636622e+01
-1.804846968385123418e+01
-1.269963449456146520e+01
-8.813768796614199985e+00
-1.261335955557839839e+00
8.676824773362273646e+00
1.448220162037310743e+01
1.617831091410166877e+01
1.601059791432309254e+01
1.233470576901293825e+01
1.028881866911746279e+01
1.009544442951732535e+01
7.797854771236906402e+00
4.482511147785025685e+00
2.398610138331155550e+00
1.296751205485286773e+00
8.504165401059025076e-01
1.565162354216316887e+00
1.096338061584919421e+00
-6.121968975215236197e-01
-1.980592805480750673e+00
-3.513223077508098591e+00
-4.920106802080529640e+00
-6.018119268009002099e+00
-7.306529101482056809e+00
-8.674078009500560071e+00
-9.877799671414445370e+00
-1.096096957294370355e+01
-1.194618028671054510e+01
-1.278711158687842264e+01
-1.243317650473676395e+01
-1.075815182273531079e+01
-8.211530584186148118e+00
-4.470522781713479610e+00
-1.512438793290549199e-01
4.746603880864979530e+00
1.083949524408410880e+01
1.803293761815205087e+01
2.166914929981260229e+01
2.138788566273996139e+01
1.934507636762353044e+01
1.424522399886548740e+01
8.977059329389581066e+00
3.687733389661864258e+00
-4.214614707317405617e+00
-1.416146786796452872e+01
-1.963381617219424768e+01
-2.035726244438310673e+01
-1.906702026295251429e+01
-1.403186250131565593e+01
-9.743576746873914729e+00
-6.432382544258939738e+00
-3.577303436532822678e-01
7.552731026498513245e+00
1.231601504796869584e+01
1.392966150366757283e+01
1.414724094610934735e+01
1.170627500081633876e+01
1.049357696902434078e+01
1.068136550269341356e+01
9.259284652390235237e+00
7.048788102143292988e+00
5.182024715749030008e+00
3.406838851823826175e+00
1.740152869607360930e+00
3.955171951329276570e-01
-2.080261610969525776e+00
-5.721816536608483439e+00
-9.651188114050984979e+00
-1.419589856660986982e+01
-1.678010925031847123e+01
-1.708060077306111779e+01
-1.655794843368848390e+01
-1.447008559641387215e+01
-1.208880612243761199e+01
-9.516959698012417590e+00
-5.458720713207389608e+00
-1.622689534678370404e-01
2.624212382846224934e+00
2.732425192882274256e+00
1.794035029674690307e+00
-1.182658462357927265e+00
-3.673402798986220130e+00
-5.533647716961023200e+00
-8.876266407477087839e+00
-1.317326944389154875e+01
-1.302774815080327286e+01
-8.169569979370344015e+00
-7.889188364385195662e-01
1.058222299679360745e+01
2.228235283646631260e+01
3.416940956384733852e+01
4.937149787762726305e+01
6.716919148850556098e+01
7.408008473440271757e+01
6.917773605825095729e+01
5.835624429546446379e+01
3.787583484762189556e+01
1.637637238098114878e+01
-5.773679738961154051e+00
-3.622203640601210139e+01
-7.329225524681277193e+01
-9.362307748934729545e+01
-9.598379895237189885e+01
-9.038703687604885317e+01
-7.052604385537215137e+01
-5.205785161232298464e+01
-3.575139967407261565e+01
-8.273830764618825384e+00
2.720330164436243336e+01
4.776996691899465475e+01
5.296679431018174711e+01
5.161423737395920597e+01
3.778065489247415343e+01
2.836521050323419857e+01
2.417943246026525017e+01
1.171431180673302208e+01
-5.486474412437842396e+00
-1.480252233378854676e+01
-1.666884636959490962e+01
-1.468901496507467286e+01
-5.776047706201706156e+00
-8.097434509685010884e-01
-1.810294168381495761e-01
4.127674779890853962e+00
9.806328185681275400e+00
1.253905202835464472e+01
1.279695023646694985e+01
1.101614373190009033e+01
6.192326956011543260e+00
2.923641438178330443e+00
1.254697565784173241e+00
-1.959466033499290383e+00
-5.772458994682009958e+00
-8.176330851271028877e+00
-9.305492680647933668e+00
-9.452672041935537450e+00
-8.117421979043916380e+00
-7.333913303246201387e+00
-7.114466759791803874e+00
-6.003945275186969077e+00
-4.407639586921622055e+00
-2.920885767058778448e+00
-1.428171521929960219e+00
8.867918994735152216e-02
1.511642377711639451e+00
3.612311348029871194e+00
6.413210608211450392e+00
9.443269434614594005e+00
1.287803075921023144e+01
1.394513161173121318e+01
1.232811635736602263e+01
9.461004244395295970e+00
4.540690371544280346e+00
-9.526008225428733711e-01
-6.936521809268005434e+00
-1.487637563887614078e+01
-2.449741406331627047e+01
-2.901185410671217824e+01
-2.797189569962949918e+01
-2.442725224097489090e+01
-1.651823042256812357e+01
-8.582494249300561151e+00
-8.414452926390469933e-01
1.050814335335964245e+01
2.459928092326025961e+01
3.245797881334428325e+01
3.372357370834308199e+01
3.209464281664534013e+01
2.518698969598474235e+01
1.923357028376393529e+01
1.453789729962070076e+01
5.920260211973421782e+00
-5.339254601605357919e+00
-1.190582711566577956e+01
-1.373456463929195337e+01
-1.346482672750680898e+01
-9.224654766557152996e+00
-6.656996227052442983e+00
-6.013945049986235247e+00
-2.885871958805950044e+00
1.539270183451433738e+00
3.052902582012166022e+00
1.770644150488909219e+00
-1.122823477261130076e+00
-6.675761152456861858e+00
-1.129289974788987472e+01
-1.486412999905526355e+01
-2.007711107811583062e+01
-2.618458942947364321e+01
-2.864699892409837645e+01
-2.732034807725836956e+01
-2.383124327653625940e+01
-1.695619960682683214e+01
-1.003279041189260568e+01
-3.156785721630248620e+00
6.425269717332299457e+00
1.806147763951777918e+01
2.600737007853592786e+01
3.006844837771118151e+01
3.255512737866855844e+01
3.195162938471565894e+01
3.236964789912288154e+01
3.400757601113101458e+01
3.350344996487741156e+01
3.170894012443111620e+01
2.853041697950167332e+01
2.350928252246562167e+01
1.722536536916971883e+01
9.489686371672739540e+00
-5.720586664417295353e-01
-1.301596132572834286e+01
-2.765311776802331067e+01
-4.475021595198374058e+01
-5.412363894804551734e+01
-5.482682108748792871e+01
-5.190761992681866133e+01
-4.249912681176737550e+01
-3.251149925159113252e+01
-2.229155640009737027e+01
-6.340065326783959954e+00
1.418390318629075608e+01
2.627962986597914252e+01
2.947575093937185997e+01
2.923461954987694611e+01
2.214656949192892554e+01
1.726745309990193888e+01
1.509655097517732436e+01
8.192502388888600606e+00
-1.540433061742864318e+00
-6.278092726309706606e+00
-6.195148604520593238e+00
-3.728995738998500897e+00
3.053975854271693713e+00
7.671899115591432228e+00
9.868089273016702023e+00
1.450190704583987511e+01
2.019639430256157198e+01
2.276267508430033004e+01
2.233664478584665147e+01
1.994056935059922964e+01
1.451787160847106861e+01
9.754014015869307386e+00
5.718983379408350665e+00
-3.455323671021284238e-01
-7.697497323664218349e+00
-1.367344530773353561e+01
-1.834715079900671242e+01
-2.249169428951966054e+01
-2.544686304466570803e+01
-2.953624952590525155e+01
-3.484290819013168061e+01
-3.965038288235495401e+01
-4.445130982027908573e+01
-4.461564631816477799e+01
-3.946973232046214974e+01
-3.151385507957551368e+01
-1.934400657158547077e+01
-5.151928025681776546e+00
1.096660263498921850e+01
3.141160602950233027e+01
5.582477960311175735e+01
6.891571361649833705e+01
6.957555676707613657e+01
6.486162634698285956e+01
5.055888617373219063e+01
3.622934375352644309e+01
2.238348841134412837e+01
5.299638649777471677e-01
-2.742360658784493310e+01
-4.348409852494356187e+01
-4.707181453455565645e+01
-4.551862979859533453e+01
-3.410954599634753492e+01
-2.559532803888921038e+01
-2.063096315527706892e+01
-8.802066385547265170e+00
7.227068342531729250e+00
1.645321676862592852e+01
1.911782346446953085e+01
1.866596170599086690e+01
1.237838901055875596e+01
9.385592703525460934e+00
1.005477439321620103e+01
7.546832596614017952e+00
3.805401590202939666e+00
1.356722778474438673e+00
-3.337421974414309656e-01
-1.122361405248595734e+00
-5.006025894567444068e-01
-1.721247471688958308e+00
-4.813343235513483087e+00
-7.756456355169817130e+00
-1.124896575052590642e+01
-1.251054143114535755e+01
-1.108743730412317596e+01
-8.797186173816239574e+00
-4.819671364864919205e+00
-2.212617652860673356e-01
4.866645765908935495e+00
1.170712143765910440e+01
2.009359288827409884e+01
2.413635265468621682e+01
2.345989367068725429e+01
2.073433801821295219e+01
1.435740929705221092e+01
8.066195391641159063e+00
2.063853781605417215e+00
-6.918428256515634089e+00
-1.812581891791070277e+01
-2.457221849517967271e+01
-2.601635821340467913e+01
-2.528392584032798496e+01
-2.053220195921315749e+01
-1.668942562906706328e+01
-1.399407648443144936e+01
-8.393383541874708698e+00
-9.049679556257895774e-01
3.634894147010024223e+00
5.274801140068263727e+00
5.639463196054904870e+00
3.519306618916865581e+00
2.804595370930895726e+00
3.664249592954605284e+00
3.138067696787266492e+00
2.054186922920852254e+00
2.188436176152489754e+00
3.372654985655373139e+00
5.336954299792018297e+00
8.494279079953715339e+00
1.104630720182858106e+01
1.295994800599759067e+01
1.547723832976677905e+01
1.822129292964029901e+01
1.877742739508340009e+01
1.702930617510999056e+01
1.384405674924479968e+01
8.549359585613879986e+00
2.864849201954670299e+00
-3.177833896445270145e+00
-1.104897824960407071e+01
-2.043004162701692650e+01
-2.558204558466077927e+01
-2.614390004123228906e+01
