-1.510192782454568006e+00
2.132112827481761563e+00
-1.683404422143540469e+00
2.183540125031214751e-01
1.035631153994766684e+00
-1.331172752410300975e+00
2.177630189286920981e+00
-5.196222460512408325e+00
4.085242074396114198e+00
2.421850776143654294e+00
-3.759608314814772090e+00
-6.397266854754115606e-01
1.192036042672979690e+00
1.825856250573889117e+00
-3.312363993385861960e+00
4.046032317320440441e+00
-3.522874703420209919e+00
5.634756180851245855e-01
-2.338357050352692923e-01
4.292100363130427532e+00
-3.360719049449124363e+00
-4.103435788629653302e+00
5.475089530777877300e+00
5.310833822136356019e-01
-1.304699109674487989e+00
-3.927017034930877948e+00
4.276087426475653430e+00
-4.505803285754153009e-01
-1.998200231097663204e+00
4.565730732849428541e+00
-3.953796528944412803e+00
-1.221471189733648766e+00
1.789868343869000400e+00
3.331892875358663630e+00
-3.692817340014492355e+00
-9.601721081535212754e-01
2.338942329723130431e+00
-9.524095896478239620e-01
-2.304699214581135691e-01
1.591346190256108795e+00
-1.642390418923743711e+00
3.118964142100655867e-01
4.370027991344141993e-01
-7.018211871422876114e-02
4.745311985742330929e-01
-2.708455464995054740e+00
2.148925728949953040e+00
1.946248539154636248e+00
-2.619243277774721879e+00
-2.223025520653112430e-01
1.154162363113863998e+00
-4.312573254434712844e-01
-9.948173941747666393e-02
7.251009043026039880e-01
-6.846686510531183600e-01
-3.458411193402022854e-01
5.157939503169237661e-01
8.407647006520281296e-01
-7.340365190194964029e-01
-2.031370342767175874e+00
1.800736754578661447e+00
2.903982998694283779e+00
-2.916726917752036297e+00
-2.788160291239161204e+00
3.460275866241146137e+00
6.496866220945283210e-01
-2.256318974624682561e+00
2.577898416401416704e+00
-1.090134870762346386e+00
-3.259850946610836964e+00
3.910598049912940688e+00
-1.947097254668306299e-01
-4.539301707551817167e-01
-2.441718742374004325e+00
2.860029959835347579e+00
-4.930625636857020044e-01
-1.155549514313280596e-01
-9.673657135633390025e-01
9.720362900680336038e-01
-7.693092308500146803e-01
-4.207314346563782448e-01
3.890237241686100855e+00
-3.836954368176415109e+00
-1.025825498204639752e+00
1.475052785382789944e+00
3.228432557640772416e+00
-3.515124230828587049e+00
1.288419628373760339e-02
2.269930466089136623e+00
-4.201799703318453538e+00
3.536423302581887640e+00
-7.726915544570703842e-01
-1.030417459673945935e+00
2.820775202833288198e+00
-1.975740611357574394e+00
-1.251625724529654260e+00
2.812083845359323764e+00
-4.081069127324873591e+00
3.104176305447952977e+00
1.684931142660241354e+00
-1.600577600971366588e+00
-4.043357430402412689e+00
4.983984483237677843e+00
-1.862033410714304615e+00
-2.556417218172421513e-01
2.355558676987095978e+00
-2.129227818809976913e+00
-1.157257806568732450e+00
1.810426116225950288e+00
1.133763720505838624e+00
-1.184546376468148532e+00
-2.692443445690391624e+00
2.680865649580217003e+00
1.822624233014999984e+00
-3.152192233721744508e+00
6.350405684561366559e-01
-4.767048129069474949e-01
3.416425678641903829e+00
-3.317732863479653016e+00
-4.614358124616213530e-02
1.328856059209663876e+00
-5.455817800226459013e-01
5.074536236031356173e-01
-7.630977291119441785e-01
1.082852219329657473e+00
-2.504339928826678996e+00
1.523538165089377561e+00
2.638281555319688998e+00
-3.423639227496825477e+00
7.996090737906058621e-01
-1.348963449790952507e-01
6.749909835274578995e-01
-1.709515920957063395e+00
4.199673477427102952e+00
-3.867399920743123332e+00
9.114957178955873651e-02
9.599487885269704091e-01
1.238988176001916353e+00
-1.172405391706132338e+00
-1.322517665185023006e+00
1.976517430128831965e+00
-1.073594622054352410e+00
2.131581146045885555e-01
7.944344065354609352e-01
-1.165760629164074969e+00
7.356895042315430011e-01
-7.188336478440761068e-01
1.625540050451426577e+00
-1.579123021747168787e+00
-6.023380575413319615e-01
2.700204354262419892e-01
4.152508118106705837e+00
-3.750996112259341597e+00
-2.713158491426841401e+00
3.972948139642516807e+00
7.837261749793533738e-01
-1.355845028860601653e+00
-2.206831328300644657e+00
3.125015908830466316e+00
-2.908725959850478660e+00
1.172847213458316773e+00
4.366432329425423475e+00
-3.843736538391508528e+00
-4.537239624472187316e+00
5.489168567942575905e+00
1.685060565404321364e+00
-3.544765054597870613e+00
2.168642009577902430e-01
1.047107022972553869e+00
-8.464697651611858831e-01
3.242487709057099154e-01
1.458862714557929818e+00
-1.002233592232927961e+00
-2.447054417755107458e+00
2.776237785011632209e+00
2.967844774305763433e-01
-1.318823794718842368e+00
2.678706009619985506e-02
1.340045260016877182e-01
1.406723861944756404e+00
-1.420376184521275009e+00
-8.884881061530442992e-01
7.826988328542374695e-01
2.311078207204564805e+00
-2.634918366494211739e+00
3.283344012535761580e-01
5.855670717411292081e-01
-1.041379595984060824e+00
3.405630779156513799e-01
2.871944193837261849e+00
-2.457699799402997876e+00
-2.801844815299508351e+00
3.549951830103857731e+00
1.411446119179287972e+00
-2.059695278123398143e+00
-2.718999474204281785e+00
2.725655647680791382e+00
2.077384193690326342e+00
-3.727090346004093835e+00
3.319891705301171836e+00
-1.941260036584445903e+00
-1.990454251950571241e+00
1.983344937470377545e+00
3.359507565636893123e+00
-3.213138858423097322e+00
-2.588304949999782334e+00
4.647904378076077592e+00
-3.667986997789525638e+00
2.336918883541829306e+00
-1.723655218140182077e-01
-3.811133234966950223e-01
-9.901071766277397268e-01
1.081569883196687121e+00
3.941719043751250595e-01
-5.605587017571572739e-01
-5.792029833577141407e-01
9.215914076837730118e-01
-6.584896226333329938e-01
1.150037505551312622e-01
4.348218214464333320e-01
-9.189007622828525568e-01
1.731022319402987675e+00
-1.054695027471852287e+00
-7.027318587252471271e-01
2.228517731520265333e+00
-3.959490217362192865e+00
4.038377922060098157e+00
-2.466002370452107684e+00
1.429187740293952569e+00
-1.223840753546284521e+00
5.572524238568586918e-01
1.225525235365662269e+00
-1.350272979112953298e+00
-6.978765786019558437e-01
4.506489923203467751e-01
1.651638122632462125e+00
-2.863277963366777090e+00
4.209297766542664299e+00
-3.135683977113229659e+00
-9.076197888701913463e-01
2.350795662730210012e+00
-3.680700541144896754e-01
3.820207392281533276e-01
-3.958343516577852217e+00
3.229560237888531304e+00
3.287273237404190862e+00
-4.295597843138692973e+00
-1.290116030979021833e+00
1.906230467926108840e+00
2.849560046220353193e+00
-3.979777276489160798e+00
1.933787158959105801e+00
-7.141079781941517268e-01
-7.989889912330052635e-01
4.380939653170246029e-01
3.264839015449661375e+00
-2.695802585140472996e+00
-3.070782608184367657e+00
4.189138905682401770e+00
-3.202073744686453338e-01
-9.731359038572175990e-01
-5.097393767287476951e-01
3.007190089861727644e-01
1.112916994567596074e+00
-2.203184764819022590e+00
3.977280976303381621e+00
-3.313441940518866868e+00
-3.981165661660526212e-01
1.192185379047999927e+00
9.672979199203600720e-01
-1.572190285404346133e+00
1.084140168734844423e+00
-4.839415003555327388e-01
-1.066331596536119086e+00
6.983046975617226426e-01
2.312722291818557707e+00
-2.451361731027139612e+00
-2.416799040670067900e-01
1.081282719101007483e+00
-1.069364294929066039e+00
-5.727282459262719727e-02
3.515971842177288309e+00
-3.251116328140763567e+00
-1.243242837560218916e+00
2.332277228177835227e+00
-3.236092106892406450e-01
-7.673826733719694149e-01
1.177499918221687203e+00
-6.601937782600418858e-01
8.167508521437316649e-02
1.196916596043118064e+00
-4.316855216682194296e+00
3.640052174222492276e+00
8.348960984167905774e-01
-2.901792580989237536e+00
2.992987854697938044e+00
-2.525918256447376553e+00
1.407284828786173669e+00
-8.064295428623748929e-01
9.709060294770629485e-01
-7.386125118120604460e-01
-5.123172653926215681e-01
3.305101451380055289e-01
2.015641047111606188e+00
-2.017427550091698052e+00
-8.837383964026194194e-01
1.310207818281899250e+00
8.375762423346013730e-01
-1.329412320848566198e+00
5.711625678599472344e-01
2.585891711462500187e-01
-1.754818680622623361e+00
1.820481183325560082e+00
3.089496116545794591e-01
-3.085870879625959851e-01
-2.532726434330812459e+00
2.485519776204300424e+00
5.985622731626296655e-01
-1.796365494731497536e+00
1.033788754087767048e+00
-6.942785576691740124e-01
1.391903259657122360e+00
-8.392563016035944345e-01
-1.561490785917275304e+00
1.571999728376427319e+00
8.212954312766356235e-01
-1.893718041009695652e+00
1.728413674396940714e+00
-1.589641386743418483e+00
1.360216060189015197e+00
-9.614757487786705914e-01
1.304967302917408478e+00
-4.030539799362060638e-01
-3.287162643529636608e+00
2.858037937034319409e+00
2.927000300578638470e+00
-3.621848255033321529e+00
-1.351294832330920848e+00
2.662745181000792272e+00
1.694771343583270085e-01
-8.149873453604610241e-01
-1.505444596284262637e+00
1.193012628509066086e+00
1.887351198666461283e+00
-2.401549478744709365e+00
1.760731556050758151e+00
1.084619936575078047e-01
-5.382459037687227443e+00
4.836184102979188104e+00
3.056083287231536882e+00
-4.075819949201950010e+00
-1.874885127926661177e+00
3.752230001605993515e+00
-2.758180316147693656e+00
1.139678945926776432e+00
2.878296183071330283e+00
-2.453329620817038315e+00
-3.765218794579116235e+00
4.234350561032511173e+00
1.243931963738793112e+00
-3.168678240663045820e+00
1.877948567900789900e+00
-8.802237478997680942e-01
1.359985756319730954e-01
4.422425232303275333e-01
-3.321745499839078297e-01
4.151668596908830167e-01
-2.451316895029583609e+00
9.895642391026816531e-01
5.852291881547781571e+00
-6.117775224529741429e+00
-1.020454383389441722e+00
2.756850723238228440e+00
6.865726779692385984e-01
-1.992150171750027843e+00
1.931959612352639244e+00
-9.271653746848440569e-01
-1.617286847611112410e+00
1.937884600103991106e+00
2.165573281992563270e-01
-9.194391350510714433e-01
-3.371015189568600801e-01
3.372779795384502344e-01
1.836762548340313606e+00
-1.472223186970646580e+00
-2.285256087376481116e+00
2.800685602318868650e+00
5.246490981848939139e-01
-1.016266460101524549e+00
-1.434799460093681533e+00
1.918399088819996656e+00
-1.099256580253166860e+00
-4.186996632393197304e-02
2.376124969382309882e+00
-2.229732886052310459e+00
-1.033319229034660891e+00
1.833849232318206068e+00
8.228492542241329089e-01
-8.170616484042516614e-01
-3.146416484650425893e+00
2.692965029131661581e+00
2.443998519268034464e+00
-3.856718648534811500e+00
2.656011100844293260e+00
-8.421594875161045879e-01
-2.956139344232024513e+00
2.825147479146239426e+00
1.818333077374481466e+00
-2.655640386634974703e+00
1.805385590004061624e-01
1.412753611432028045e+00
-2.550878471210658027e+00
2.007496279008430307e+00
-6.282985305611771265e-01
-1.135947350391315336e+00
4.502647941821104283e+00
-4.223609095348693998e+00
-1.417411471252305599e-01
1.382907661773780106e+00
1.662447562137076007e-01
-8.107614215714206152e-01
1.528029414502795280e+00
-7.048008723582480650e-01
-2.921483524977635859e+00
2.864795194087049524e+00
1.802303022141023447e+00
-2.394326683481110773e+00
-1.540909524564707311e+00
2.724667637933016362e+00
-3.755697546575370027e-01
1.818078055184595421e-01
-3.233926053559392777e+00
2.391477579000569786e+00
2.003555491635601093e+00
-3.786110809935094412e+00
5.136055672082609824e+00
-3.076097869937483242e+00
-4.889884718642443673e+00
5.098306498154992816e+00
4.061534287681071831e+00
-5.479249988693121409e+00
-1.229493198922753550e+00
3.223295577719227811e+00
-8.051648798990636013e-01
-5.134622531989924132e-01
1.035905682561750529e+00
-1.145175234541740306e+00
4.885516282653316611e-01
-6.507227709026270901e-01
2.070502282277499440e+00
-2.082510759089374996e+00
2.989886468660654106e-01
4.223900715974469866e-02
1.609802724898482529e+00
-1.697117919221212023e+00
-5.719724688206141439e-01
3.567298233868058110e-01
2.554986935322405728e+00
-3.018250949950105788e+00
1.759773601447756519e+00
-4.533685482054583549e-02
-2.735955328182491986e+00
3.287789079020603022e+00
-1.187456802095321784e+00
5.574961215314002683e-01
-2.135561685057151493e+00
1.416285679981325485e+00
1.664220221363404972e+00
-2.610495151241944090e+00
1.948597094059927093e+00
-4.456984019622026727e-01
-1.654459921315145632e+00
3.233580744400210705e+00
-4.419215452456294102e+00
4.307902130442422539e+00
-4.035594894712516201e+00
2.310494008975745306e+00
2.273311920756267757e+00
-2.479087640307236384e+00
-2.544263940375766975e+00
3.513980463928477960e+00
2.266249045352672908e-01
-1.000190074089333248e+00
-1.754330215290836881e+00
1.731617763980278779e+00
9.984460410422495436e-01
-2.220275327683949751e+00
2.222108345001985175e+00
-1.707609601382360953e+00
7.224265220685166522e-01
3.138236454982086532e-02
-7.129020878005460915e-01
1.188742606971787019e+00
-8.791741875619111246e-01
1.474961552380101182e+00
-3.602113576631587044e+00
3.276767185304521490e+00
-6.644740490677929490e-01
-8.435997489567255148e-01
1.472807256905492190e+00
-1.363466461538829000e+00
8.544372228187930851e-01
-7.487407085862811396e-02
-1.379815555186795661e+00
1.584770378518294498e+00
-1.934369541624281763e-01
-1.782704014243488566e-02
-1.406417708001783451e+00
1.367088151843321775e+00
6.153294456557771852e-01
-8.584350246664697037e-01
-9.450496132634553792e-01
1.094326256333637559e+00
2.987426765831601161e-01
-9.346393375551405036e-01
1.273104632054376184e+00
-9.197528327112785007e-01
-7.049143545357512419e-01
7.147001592953935445e-01
1.337891817388715099e+00
-1.462648225942106528e+00
-5.927448472920495703e-01
1.294203993581066747e+00
-4.248716555096156422e-01
6.574982940875357951e-01
-1.762249756153678959e+00
2.300845454697063808e+00
-3.205687722557209796e+00
2.540011425960758906e+00
1.214679765126079225e+00
-1.180081975221595414e+00
-4.096438788914632312e+00
3.734318144830771846e+00
2.275474232881824044e+00
-4.628322716779314838e+00
4.072017632344583582e+00
-2.502252910022875199e+00
9.490390954578642457e-02
1.482711477259039956e+00
-2.572310104569210054e+00
2.362301261235853378e+00
-1.476466979286060299e+00
3.479322045618041814e-01
2.155950529288955142e+00
-1.774409607632493335e+00
-2.123780587524876751e+00
2.583774324053702554e+00
-6.748104412370292682e-02
-1.358324448821051522e+00
2.955199967247704507e+00
-2.192319349279690854e+00
-2.067830047383334424e+00
2.168223767039310967e+00
2.352492492740930530e+00
-3.789665220408652058e+00
1.582038701982771522e+00
-1.186660563571571236e+00
3.527913762958374555e+00
-2.795319021298434681e+00
-1.423217460147225388e+00
2.911667137425118401e+00
-1.399695988728622442e+00
1.108202428611597234e+00
-2.496826399110304795e+00
2.132080809132016253e+00
5.220094990957968584e-02
-9.832624985243219040e-01
9.185108731524611603e-01
-8.347547448964687256e-01
-1.067551133891445070e-01
-7.161290670294823135e-02
3.109805776124132226e+00
-2.060616098920903916e+00
-4.909247665184050646e+00
5.539326448408076864e+00
1.445911558490732496e+00
-2.516716956870173050e+00
-2.859006900771478232e+00
4.063298007928962008e+00
-1.296089952130793144e+00
7.226676056797817771e-03
2.157650242354125503e-01
1.923703553581563863e-01
-1.150509305475555299e+00
1.385678128312975321e+00
-1.678569479298160694e+00
7.399524297538541129e-01
2.156614691252160654e+00
-2.318225137043613771e+00
-4.778055214447002319e-01
1.533564566639007642e+00
-4.659395529903430089e-01
4.720636906682726952e-01
-2.143253662415142369e+00
1.741697344105244349e+00
7.349788586196889240e-01
-1.691417011133730774e+00
1.821863862099964315e+00
-1.165828768461753873e+00
-1.028738037478228229e+00
7.660962828344588527e-01
1.896207767879463324e+00
-2.793492212422310050e+00
2.766126839336604082e+00
-1.493316156715838616e+00
-1.418445675763263081e+00
1.934494517794283830e+00
-8.125269144466861215e-01
-3.864033715850725970e-01
3.001046272707383000e+00
-2.318565348567070750e+00
-2.475993731457610814e+00
3.285898570600767066e+00
2.280844218136985901e-01
-1.599910599420035551e+00
2.515108688504158474e-01
-9.772681226150172762e-01
3.527875151430157619e+00
-4.342181638093994600e+00
4.949905643236691688e+00
-2.887965494108426068e+00
-3.229006540820472893e+00
4.376317751541956902e+00
3.116067751984834544e-01
-9.221300135656878005e-01
-3.091054500435897356e+00
3.975413519548443020e+00
-1.273054053721836443e+00
5.860553697820771735e-01
-2.626057447134269918e+00
2.388263031329524999e+00
8.962635490836711183e-01
-1.355767376162886118e+00
-1.377812957144156414e+00
1.587763732695706809e+00
2.554277894205768673e-01
-1.568789769575945403e+00
3.156122546912135451e+00
-2.771999333639953988e+00
-2.940368653219405104e-01
1.043786594260483591e+00
1.326026245261276104e+00
-8.646871765240604635e-01
-2.699270320438402759e+00
3.685420504206044612e+00
-2.617208709610045592e+00
1.647201607852797567e+00
2.393531740376529937e-01
-6.555304587212504308e-02
-3.144754894005298063e+00
2.736628989629664499e+00
1.499138761177925883e+00
-3.222810362827808195e+00
2.419494222340186518e+00
-2.224353924344521172e+00
2.422352721936679387e+00
-2.041001458004878977e+00
2.342386189077845682e+00
-5.356944805883554483e-01
-4.493556749204992151e+00
4.958541241577759884e+00
-8.823703413700948461e-01
-8.898526927060016467e-01
7.679436441032468919e-01
-3.811371535645244890e-01
-4.803501743796048662e-01
5.521820667011940742e-01
3.138722106056768268e-01
-6.595512553197022676e-01
1.570595764118751791e-01
-5.244896009880058996e-01
1.826077922660946928e+00
-2.103218354881864816e+00
1.542271952664004520e+00
-6.219606219744777675e-01
-1.108303128788569181e-01
1.142326702181711395e+00
-3.305579137394971667e+00
2.755556996745272880e+00
3.471559103494034071e-01
-1.802012502643479896e+00
2.522127654835267574e+00
-1.819016536393654349e+00
-1.518463696811421126e+00
1.781580159414759112e+00
2.596896441799341648e+00
-2.119180052608397702e+00
-3.784914915339815167e+00
4.656888951991709824e+00
-1.932071745942754104e+00
-1.209723841460731641e+00
6.173006506254008485e+00
-6.106418347956851456e+00
1.322013734760439263e+00
1.156301893024535232e+00
-2.200373288772048852e+00
1.546557367574394215e+00
1.072562697311649993e+00
-1.908353880185242435e+00
9.798505593209299036e-01
-5.970870492815217867e-01
6.275583736537122537e-01
-4.629514200626741460e-01
7.033979949855839742e-01
-4.411877637370179017e-02
-2.512005102123301192e+00
2.506814240351164180e+00
1.180582601949230925e+00
-1.211245564771724181e+00
-3.175357573869312944e+00
3.717256222475735505e+00
-6.181918586495060985e-01
-6.159976561281161889e-01
1.092596346627601189e+00
-5.781287140565177785e-02
-3.725786119131621721e+00
3.621107217264377010e+00
9.665132674303797966e-01
-1.951108608999896354e+00
-4.442371635469583024e-01
1.430882595972088556e+00
-1.978592789733826018e+00
1.317386946685593418e+00
2.011648514665202558e+00
-1.539198597579819250e+00
-4.146057523243138476e+00
4.790591388238060411e+00
7.187198408397375005e-01
-1.432637244642868568e+00
-3.251946354387616367e+00
4.148687189177238999e+00
-1.144891769568222140e+00
-2.826229753195920458e-02
-7.161667911546365506e-01
7.396158058265306368e-01
2.070382537349383378e-01
-3.722130712722853674e-01
-4.372401854692825607e-01
2.004856199313178877e-01
4.793228725108546473e-01
-1.128947603998776028e+00
3.393964958215706762e+00
-2.252251663098673973e+00
-4.102304153736317183e+00
4.505670620029230022e+00
2.312948320923644996e+00
-3.263172674499252857e+00
-1.765552908465817250e+00
2.943696848339605765e+00
-1.972042557914822858e+00
-1.827267336597967473e-01
6.109115744137880277e+00
-5.101695299600787159e+00
-4.409041945326470646e+00
6.110097576481976489e+00
1.275594379043607507e-01
-2.440714412943520983e+00
1.007750531114445458e+00
-2.556943770400476601e-01
3.055951299710875091e-01
1.081713078345335199e-01
-7.906062411098963016e-01
1.156218574223111473e+00
-1.732410215671871923e+00
9.864444978009119236e-01
1.195470133017549896e+00
-2.157194017136348840e+00
1.803177188160163924e+00
-1.615655349292015375e+00
2.150522070800341190e+00
-1.470947672784711280e+00
-8.888579392724147432e-01
1.292314406548262351e+00
2.604214662423916526e-01
-6.892064643960853498e-01
5.306933791428791736e-01
2.623294707610546173e-02
-1.899191014353412754e+00
1.511901131253849062e+00
1.930639966294600551e+00
-2.283605956997083908e+00
-7.590097454003933430e-01
1.514722261516800561e+00
1.632097460914759823e-01
-8.567546942398739374e-01
2.389128854877514696e-01
-7.728355912272414363e-01
2.318724389800094876e+00
-2.955741007038114709e+00
3.519612206376947938e+00
-2.737284272775613925e+00
-7.246078060388232434e-01
9.913129941520908428e-01
3.632280052777026036e+00
-2.957059898583723534e+00
-3.982081643077379329e+00
5.464480125184350889e+00
-1.404943440605830318e+00
-2.993934609828936555e-01
-4.192040131618817167e-01
1.978396460854206784e-01
8.026838705871346402e-01
-1.317397181186203303e+00
2.062609872796969501e+00
-1.688461218753941395e+00
-1.113279681029962997e+00
8.528598351772727071e-01
3.778669139886266848e+00
-3.478453859468813913e+00
-1.931659901249429989e+00
3.905214393919742122e+00
-3.120065818882013176e+00
2.102755059068351695e+00
-2.633834597917916742e-02
-6.829883415166716765e-02
-2.595897653299674257e+00
2.477203883374260673e+00
1.019333602017868046e+00
-1.979448598936769832e+00
-1.718458856530238332e-01
-1.179605774976329180e-02
2.588404482381697402e+00
-3.304540623636437857e+00
2.712531242739434578e+00
-1.513021340648356139e+00
-6.388410426723755142e-01
1.409245157114947578e+00
-3.263358099563425374e-01
2.590275642642390075e-01
-2.267821428533499883e+00
1.666319756843252620e+00
2.770640466916714839e+00
-3.244884789618273757e+00
-1.382841039583644793e+00
1.673687242647356355e+00
2.976156024105266251e+00
-3.853259906517083611e+00
7.616801247789334317e-01
7.057729161468380141e-01
3.715382082853143642e-01
4.453421586159783119e-01
-4.254635023618794420e+00
3.844472004965468148e+00
3.345028524339317411e-01
-2.341408054093471858e+00
4.008496488151652493e+00
-2.424408447604383010e+00
-3.863302495462821007e+00
4.358654354951421617e+00
1.236339858385995472e+00
-3.292654833857761254e+00
1.819929939573175171e+00
-1.367087051001301345e+00
2.077074413464266023e+00
-2.018693223870166253e+00
1.236289694361589753e+00
-9.488446898871699675e-01
5.960587343444544439e-01
-9.075075702696505653e-01
2.613933140686896639e+00
-2.032313187359546358e+00
-1.233158854175175900e+00
2.556756200107662469e+00
-1.134633079457635585e+00
1.545550769375841460e+00
-4.767304590331491454e+00
4.267152623158990465e+00
-7.028603689038237512e-02
-1.924478228404871816e+00
2.155273527236358344e+00
-1.880673113073417113e+00
6.392606969565763908e-01
-3.275033630774508708e-01
1.800658903681216394e+00
-1.100170071077062994e+00
-2.493458809800491061e+00
3.061713687579565413e+00
-3.538683816179077901e-01
-3.480268251328184625e-01
-7.133288697951100099e-01
1.039864225620555915e+00
-1.616382002581059352e+00
7.603675520658139675e-01
3.156284604903277113e+00
-2.937970394993879353e+00
-2.860690893022118875e+00
2.860310121241234960e+00
2.906724778194875292e+00
-5.040799633433969973e+00
4.424490683592920526e+00
-2.584555781738804292e+00
-4.105063352453047765e-01
2.047097002063262838e+00
-2.744748670615448916e+00
2.244921160453138054e+00
-1.059307049249436083e+00
-1.187860758338232237e-01
2.166025604538807325e+00
-1.785927904113528086e+00
-1.345026613950953465e+00
2.283454636991355535e+00
-7.530449364133142698e-01
1.128945207004284357e-01
-1.383027390665571676e+00
4.403959857845750059e-01
3.722298077183027409e+00
-3.947431904794520552e+00
2.821294809449215180e-02
1.405568506300756360e+00
-3.372461346034266727e-01
-5.853927225884705821e-02
-3.807746686586486184e-01
2.501067871883713711e-03
5.886596606361241824e-01
-1.122765437968192836e+00
3.512572991019401236e+00
-2.119848292877177354e+00
-4.902600300750037832e+00
4.959363162748050335e+00
2.180971478034293476e+00
-4.745631711423791366e+00
3.373674412852814442e+00
-1.995427148589280497e+00
7.487417836547449745e-02
6.033282781419558871e-01
8.128532122239628954e-01
-1.895665898144052175e-01
-3.454426055515280147e+00
3.688421184190820323e+00
1.798169390744801532e-01
-9.397286446985850805e-01
-1.706620189110447994e+00
1.981288850497740617e+00
-2.695313931452681944e-01
-9.124502927904734051e-01
2.291698020376129019e+00
-2.057918485303008360e+00
-4.997582518730165901e-01
7.818541114487916888e-01
1.811065588923774117e+00
-1.839570772896498507e+00
-6.775911454532793643e-01
1.529290212994442788e+00
-1.445576864570862208e+00
5.469612445406820678e-01
1.938138858531930353e+00
-1.942669273095536608e+00
-8.798622909932479752e-01
1.621558819657755057e+00
-6.491019572771467017e-02
-3.436118619689684239e-01
-5.737282838303215948e-01
3.561221756765262647e-01
6.223640070834166593e-01
-1.544529509781147780e+00
2.665356042724667418e+00
-2.368045345535815027e+00
1.055153167452532070e+00
6.767603528862290441e-01
-2.298679692402711972e+00
3.386962104809712937e+00
-5.669769225982435046e+00
4.127152783463261976e+00
2.583482701089055311e+00
-3.797606079304192583e+00
-8.475425315115592273e-01
1.830247546475739506e+00
2.869360166793401001e-01
-1.739405226722021247e+00
3.284917747690187184e+00
-2.819080885585768304e+00
-1.583106210069662456e-02
1.108730996417749415e+00
6.778965378616247373e-02
1.804483938247364305e-01
-2.822953003137933070e+00
2.839586695701457941e+00
8.841640423277095096e-01
-9.001684618686769390e-01
-3.463911411620278713e+00
4.136409115122795299e+00
-1.147447365371601524e+00
-1.338818933073596673e-01
1.707902238203997669e-01
-5.396136901664960739e-02
-1.256874564410934259e+00
6.394382391075986716e-01
3.378259020471900076e+00
-3.208848511915516344e+00
-2.693995364947978199e+00
3.417832453178871521e+00
2.589064209178679299e+00
-2.797393155777754270e+00
-3.600264840130483535e+00
4.679060160869495277e+00
-1.435589132902233001e+00
-5.283021534584410039e-01
3.520581984410534826e+00
-1.552842519864981785e+00
-6.573654800862747116e+00
7.892356578528660016e+00
-3.101673369185938167e+00
-1.285644442343551186e-01
2.192152071902317978e+00
-2.482292744085475622e+00
1.799233595909104144e+00
-2.619318040788496949e-01
-2.858939837862010780e+00
3.303776242314600875e+00
-8.956225770665027230e-01
2.019499756058269480e-01
-9.281251515741232305e-01
1.195842265528404891e+00
-2.054113772304677177e+00
1.275420662115642312e+00
2.754132334145436012e+00
-2.395361283020461141e+00
-3.529173012592243364e+00
4.077867132482032808e+00
7.502433032784394662e-01
-2.677404199325727596e+00
2.130445839118376039e+00
-1.296830015537768777e+00
7.813239991480319668e-02
