-1.398088296311859047e+00
9.219375582659919743e+00
-2.923333429165785979e+00
-2.730630777236716256e+01
2.524280511555694773e+01
8.946177079937879029e+00
-1.749642096027138649e+01
1.580606502235787758e+01
4.576379127333062513e+00
-5.737569514161876327e+01
5.658976177556485965e+01
-3.263880651597084182e+00
-2.381888937560765740e+01
2.762065033659119706e+01
-2.743992841674728922e+01
2.233739858909728682e+01
-1.613674507080381204e+01
1.835882643533718905e+01
-6.610323070053333083e+00
-2.946447515897549252e+01
2.586422802768803209e+01
1.229356960114342812e+01
-3.292948072160132966e+01
4.899470870597676964e+01
-3.634824785899436961e+01
-1.296952658751078324e+01
2.823884446200083076e+01
-6.803981553422426387e+00
1.133514163184124968e+01
-2.356748472842007658e+01
4.147199724591409620e+01
-1.059224007363867486e+02
7.487554974707219912e+01
8.408319935741735662e+01
-1.099668377559726196e+02
-1.273048688823676855e+01
4.229831320167659925e+01
2.702921991176761196e+01
-3.873278649424457143e+01
-1.392147059968500855e+00
2.599194717281530842e+01
-4.239854935030810168e+01
4.022054348808904223e+01
-1.669566775092472000e+01
6.267809498146222680e+00
-1.561799576589615768e+01
1.042203348657280415e+01
1.979863984016229495e+01
-1.852475723776731797e+01
-2.127357129297719140e+01
2.779150722967337828e+01
2.175066624836832219e+00
-1.097421064108448974e+01
-2.771022639189130832e+00
2.487528091696754817e+00
4.352291561953908428e+00
-1.162489058777740780e+01
3.757767577654612268e+01
-2.231130370795331075e+01
-4.359434242897286538e+01
5.193329069976808654e+01
-1.556883542918261831e+01
-1.528737365852435559e+01
5.964904176786058798e+01
-5.352037109534645509e+01
-1.555924611854342743e+01
3.257648394978404838e+01
1.158312724382561854e+01
-1.100369738409013110e+01
-2.916345332328128492e+01
4.447962715907750919e+01
-5.693704782035972300e+01
2.946615184976972657e+01
5.216562742842830147e+01
-6.750624420600281894e+01
1.416455464101634831e+01
1.046158495325835958e+01
7.792855483212864698e+00
-2.470361802867850898e-01
-5.949220052551743265e+01
4.481383322545052295e+01
6.043728155271185187e+01
-8.405500769055210242e+01
1.962927820949807511e+01
1.533836438891353904e-01
3.093831085494385391e+01
-2.839059538519997261e+01
-5.526707624564124899e+00
2.016933589106935187e+01
-2.818460234947807663e+01
1.697925950116966476e+01
2.941931105366013810e+01
-3.143506009057060879e+01
-2.644172582846220365e+01
2.806446441240660405e+01
3.532200851172797940e+01
-4.849452390404315594e+01
9.040361014247450200e+00
5.104313845069435196e+00
8.492371332734940381e+00
-7.863102881678406320e+00
-7.863218161391673178e+00
1.264749851375231948e+01
-7.829950867871158238e+00
3.181702112583669084e+00
3.435016233770296079e-01
-3.307893990891637603e+00
6.834469846805350635e+00
-4.139895286387146101e+00
7.072796644259271570e-01
6.433613950848101837e+00
-2.754654229681736055e+01
2.225566049285437842e+01
1.612746432573656818e+01
-2.264335403536504288e+01
-2.662524577061468278e+00
1.187608380593264101e+01
-7.221346882163683034e+00
1.448118136912926346e+00
4.603479793127194242e+00
-9.007127144041303879e+00
1.411649166493916141e+01
-1.311681256732031287e+01
4.463024902452318088e+00
-1.834434542036730509e+00
7.319226777182837651e+00
-6.360672651183357118e+00
-2.290517268974134435e+00
2.983316958067521618e+00
2.222371367256378960e+00
-7.505958237539828382e+00
1.175012246242201996e+01
-1.171878974602444856e+01
9.258599019799271801e+00
4.737068938294747511e+00
-1.463510732131816816e+01
3.932921329735679450e+01
-9.681824329823446362e+01
8.711320568582119961e+01
-1.515428964378686238e+01
-2.637197763971508735e+01
4.935848364106147557e+01
-4.631980158347633392e+01
1.548835814932401433e+01
-7.507609658594701862e+00
1.050944816818894090e+01
-2.020893257115146824e+01
5.815663976667925539e+01
-4.194764227429804038e+01
-4.111528499787947766e+01
5.824940852636130018e+01
-9.509827282005305804e+00
-1.112968975456192133e+01
4.722251092480436618e+00
-3.601077832555677372e+00
6.463066285397847111e+00
-7.068082999589956117e+00
1.019941442785243169e+01
-4.094445644365144688e+00
-1.313118003365406139e+01
1.568371195857646683e+01
-7.312692751969938953e+00
-3.166924025897520867e+00
1.735974184396872744e+01
-2.179276253032140431e+01
1.700910358783983156e+01
-1.241469947881230418e+01
8.902205015948849720e+00
-2.631983357373839816e+00
-3.270703413435037454e+00
1.004966059444679161e+01
-2.086543495169567564e+01
1.668644029386468475e+01
-3.751530602483629018e+00
-1.127024372896639193e+01
3.513901519666735851e+01
-3.429703924817371075e+01
9.025250430617735020e+00
5.200947968719225045e+00
-6.319565079540773844e+00
9.871342819766441679e+00
-1.985161573381950717e+01
1.403354929645985294e+01
1.070552299364500470e+00
-1.375389331065484022e+01
3.961467232179926867e+01
-2.973755214175279704e+01
-2.612102327371527366e+01
3.424938062543856176e+01
8.986750504600506062e+00
-2.621665993118596560e+01
1.219075801211609189e+01
-1.982097158626325495e+01
4.340978102991907406e+01
-5.362029939269658740e+01
6.761541064681745183e+01
-4.255278840521679484e+01
-3.111166806318983546e+01
5.915955939743474090e+01
-2.929569938740515411e+01
3.188050356249564743e+01
-8.619914005382037203e+01
7.739938814443962656e+01
2.170834670463520411e+00
-2.541486056868005505e+01
-3.118923402028819680e+00
1.751047341540347091e+01
-2.571317114399741754e+01
2.034781076456578219e+01
3.533645718239494471e+00
-3.696309513458877039e+00
-1.286273406671836561e+01
2.482363790277189963e+01
-4.698131251828758082e+01
3.310335482702641485e+01
2.249615902251427357e+01
-3.795343387991907491e+01
1.730146769235512849e+01
-2.987041616490058171e+00
-7.254657559158867564e+00
9.928748502054212111e+00
-5.590701760706654255e+00
2.467377442049763392e+00
-5.190401609739007105e-01
-1.852558300911247180e+00
7.340580990805319894e-01
-2.501276277700733353e+00
1.405040866608814198e+01
-4.772593299332019257e+00
-2.337060209038834557e+01
3.740575374447114854e+01
-4.447945423775465912e+01
3.544402527477048181e+01
-8.659815038476695648e+00
-3.969414727851384050e+00
9.913285960553639420e-01
-2.542732126225826228e+00
1.077042978614566593e+01
-8.103398846892305940e+00
-1.472093244165224579e+00
1.197682912541581501e+01
-2.333824492144130858e+01
2.160270930169480863e+01
-1.954947129336335010e+01
-2.288657253999077490e+00
5.390281498561847684e+01
-6.358633940726223699e+01
2.371511735356391171e+01
-7.455756257215958804e+00
4.045679555275250294e+01
-2.226762313577964392e+01
-8.153389957318232462e+01
7.572778874474809641e+01
5.740293279818153849e+01
-8.789066044750889262e+01
1.441059271962720167e+01
1.211861431337668371e+01
3.417112999517025518e+00
-9.455923710610591115e+00
1.475347082689796707e+01
-3.823999678866994323e+00
-2.821999873137296078e+01
3.418637115638969703e+01
-1.649636592934822232e+01
5.253294881085236234e+00
1.432334511947605860e+00
-1.269977698021930834e+00
-4.636933589363720909e-01
5.499761877073611416e+00
-2.249520819733496069e+01
1.442798105988525315e+01
1.867614578077115084e+01
-3.161695669847597046e+01
2.953111486680366937e+01
-1.759409065440831199e+01
1.114682606522974240e+00
1.235228820055801791e+01
-3.464907027706270526e+01
2.664211988052887037e+01
1.816902232839028031e+01
-3.077042583457901515e+01
6.747047483985112670e+00
-1.963153991298999035e+00
2.596504906811405888e+01
-2.532631024397154818e+01
-1.323817928163485647e+01
9.432318057898044117e+00
3.849483602878547117e+01
-4.720265203776487795e+01
3.512445902837487210e+01
-4.660837611925350288e+00
-6.283483351512846582e+01
6.623132727455384838e+01
3.816926075112654360e+00
-2.746071390208726726e+01
-1.139501261801298426e+01
5.337909212985123553e+00
6.099965531690222775e+01
-5.877481112273017771e+01
-6.470452697456391178e+00
4.274970660989772853e+01
-5.778055969395106928e+01
4.771014747699540948e+01
-2.571973393488872617e+01
-3.046268121821130492e+00
5.701691470239479997e+01
-5.501348134387601618e+01
-1.106608586193837240e+01
2.973304726446582080e+01
1.337173926835951931e+00
-7.238026640885545149e+00
-9.304727094246665331e+00
1.699707249338686665e+01
-2.247185687784778452e+01
1.430437106563288374e+01
9.249584959524407068e+00
-1.596992662112732475e+01
1.111175706053952439e+01
-2.924096791647689209e+00
-1.407760414271674598e+01
1.289705189265193752e+01
5.492330432364241233e+00
-1.258829757926665316e+01
1.477012076054673884e+01
-6.699399763453720347e+00
-1.552114530356212541e+01
1.898641578092874127e+01
-5.568570040492751616e+00
-2.256931944258041778e+00
6.515330153787638245e+00
-3.773084427826553622e+00
-5.322214113157548443e-01
7.502727911387186310e+00
-2.612024394114933301e+01
1.819960990799250311e+01
1.525315348179519503e+01
-2.857646220226219569e+01
3.221219922145117920e+01
-1.936753999703717355e+01
-1.766118642315134935e+01
2.347899399932587272e+01
1.553253576189773888e+00
-8.829343741991893424e+00
8.039251929186727708e+00
1.228054559794992784e+00
-3.568721636003637343e+01
2.747829114172255061e+01
2.806183159903396884e+01
-3.496858108755672845e+01
5.884649778709306389e+00
3.266475592247478943e+01
-8.320623003963061137e+01
1.049308029357890746e+02
-1.000800058033690618e+02
8.614244866595961980e+01
-7.483615243306942943e+01
4.450520183875433844e+01
8.376226931624140448e+00
-2.434365474773832005e+01
1.939262914646849367e+01
1.815404100213756422e+00
-5.634193633978522087e+01
5.489017061604364045e+01
6.402786162773903555e+00
-2.454963079766849177e+01
9.465719150655843350e+00
5.112820183524972251e+00
-3.358708995520662199e+01
2.427406332534519962e+01
2.602217635082886460e+01
-3.807986406164499016e+01
2.704477203283812514e+01
-5.349526005735866896e+00
-4.392065115433523914e+01
3.687322876545984940e+01
2.565510293093545613e+01
-5.280383516049972314e+01
5.402940600858183018e+01
-4.113722151639134950e+01
9.957781414385026508e+00
2.015025705033253622e+00
7.249888221819201561e+00
-5.043296098515160253e+00
-8.733913545871802242e+00
1.460176927465491303e+01
-1.287101876263317024e+01
1.066029101746823571e+01
-6.415953986568931455e+00
-1.747569690649466434e-01
-2.886139886911451402e+00
-1.168993157527193993e+01
5.919452382966164805e+01
-5.651851777825745415e+01
-6.084438866590851092e-01
1.761841636901014851e+01
-3.146593403018398405e-01
-1.268536042152373255e+01
2.457088724578726868e+01
-2.230689213687590922e+01
6.157656432670838953e+00
1.054066502413855133e+01
-1.395550234140254453e+01
3.362649478114481383e+01
-8.487482721640579086e+01
7.520317771943476259e+01
-1.235002230047884453e+01
-2.974156914477879710e+01
5.824281487913517452e+01
-5.729686960651626038e+01
3.199481485891854859e+01
-3.174680919777026045e+00
-2.808089087478101931e+01
5.582712719035278326e+01
-6.572019974177086965e+01
7.924171547603663157e+01
-1.328997036098703006e+02
9.649155194886174058e+01
4.790024953040234834e+01
-8.520029755624264567e+01
2.085127255033816240e+01
1.297409567752843174e+01
-1.962729721764885937e+01
2.127685081701748970e+01
-1.851190391039409988e+01
1.319639679914861041e+01
-9.903519929955599821e+00
1.894427463594797301e+00
1.776823918600606689e+01
-1.691073934791988620e+01
-8.621808491479093561e+00
1.430546172876180400e+01
2.452530547836801134e+00
-5.655289055859794800e+00
-7.108673363114536237e+00
8.899532408588337162e+00
2.681628009123026235e+00
-4.437411913976626820e+00
-4.508115026147255122e+00
4.395138231077896585e+00
-8.985914034968478514e-01
-5.638825444550326971e+00
2.441205941946639513e+01
-1.634355057452036064e+01
-1.668376165178548831e+01
2.876749294959994785e+01
-3.606130797044731651e+01
1.826663363242050409e+01
3.923775107587108124e+01
-4.245175342708905220e+01
-1.281665997438586224e+01
3.151262310549747880e+01
-1.358449756652216678e+01
9.676346114613579630e+00
-1.518034759596164029e+01
1.892027666449103762e+01
-3.178845544220706287e+01
2.086143333831533297e+01
2.314135142257775613e+01
-3.161322746761284463e+01
-2.269009957158466761e+00
7.165491055572735135e+00
2.140675864326505362e+01
-2.471638902796444270e+01
-2.348333606019222586e+00
1.378121844709715660e+01
1.898180519778247088e+00
1.335068601620627682e+01
-6.172035724928785783e+01
7.474210322961252473e+01
-6.364363289051323136e+01
3.940966872308757729e+01
3.333827104131156460e+00
-1.651548540046120550e+01
7.381180323227455098e+00
-4.988213477740863766e-01
-1.951305004406382082e+01
6.768112118834970659e+00
5.194445450862077962e+01
-5.949888146594138050e+01
7.796787804467212979e+00
5.643869335172754909e+00
2.896267281556231055e+01
-2.913482878343913285e+01
-1.733798653009725754e+01
2.223490663803994494e+01
2.472862049170412746e+01
-2.708394004929746757e+01
-1.679370065634129006e+01
3.070382165994843859e+01
-2.010970064879347063e+01
8.561439774005688008e+00
9.572566922743137141e+00
-1.295884735532520438e+01
-4.099533681650193273e+00
2.652691187408269258e+00
2.038695102329034725e+01
-2.414380517937113524e+01
8.795586215712631883e+00
6.293925245622269404e-01
-4.948366211523532177e-01
5.710355424130156621e+00
-2.250918376043405900e+01
2.098185499526963937e+01
6.031066330274959419e+00
-1.339895488106947852e+01
-1.464678198185241165e+01
5.816940151562160821e+00
5.084507794146071546e+01
-4.822513631828993397e+01
-3.638044726020446262e-01
4.207332961293150930e+01
-8.662578187476519531e+01
8.357683520223410767e+01
-4.908608043590267300e+01
5.563868323374048686e+00
5.988270938361939955e+01
-7.193139671587181283e+01
2.926732422364989361e+01
-6.639483942010102169e+00
1.298616422563150330e+01
1.689070958997367589e+00
-3.892803015050181159e+01
4.224111403865683911e+01
-3.108029289750238888e+01
-5.480467766871893076e+00
8.201522531900070589e+01
-9.635352960877524708e+01
4.402142561510218854e+01
-2.186788317892422029e+01
3.974765164602228396e+01
-2.739335203902243876e+01
-2.251474547883127997e+01
3.425309161493581911e+01
-7.737461241311656579e+00
-3.054817892225642151e+00
-2.066574125287346408e+00
2.564846110495911269e+00
1.197660647190443850e+00
-8.565864605155304456e-01
1.860290478888334986e+00
4.008760155843722472e+00
-2.331167106710548609e+01
1.999507486692208502e+01
4.087965366346107743e+00
-1.493485727097570148e+01
1.972957361782511043e+01
-9.588478399701338972e+00
-1.454127434382469808e+01
2.440775655428898361e+01
-2.812251721218132872e+01
1.712908161083043623e+01
1.429687026858481502e+01
-2.365482185838999030e+01
3.865508862909002197e+00
-3.707609093005444834e+00
3.280274535740612407e+01
-2.929556329524917047e+01
-1.165446304696895474e+01
2.282539857156154994e+01
-6.877709054744430617e+00
9.631489873342632402e-01
-1.008119748130417603e+00
1.188190876215569247e+01
-2.907814635396158920e+01
4.506536632758120930e+01
-6.222789194052808170e+01
6.100289005640885875e+01
-5.010724965483294113e+01
2.779425332765093160e+01
7.744986676601135045e+00
-1.960255859063589412e+01
1.719168938983578698e+01
-3.071120430591188111e+00
-3.317497824318699884e+01
3.961401683908511018e+01
-5.136785694482592035e+00
8.320652736170519148e+00
-4.998790220617508595e+01
5.624684922039988066e+01
-5.052666234420658498e+01
2.139824733478944552e+01
6.865593536985608125e+01
-6.014340775662339666e+01
-7.362884020503125271e+01
8.710882124450492370e+01
2.455336116216448517e+01
-6.623983707168387980e+01
3.887243984062722291e+01
-2.997316085265876850e+01
3.600705054821975182e+01
-3.265420350833971952e+01
3.636289841156651192e+01
-1.223042965545556982e+01
-5.309610584118917131e+01
6.070856739814209391e+01
-1.301028725429556410e+01
-9.886762263355786118e+00
1.509788241197148828e+01
-9.538971239082565390e+00
-1.020119284247578051e+01
1.428337709928200638e+01
-3.315415168621631992e+00
-1.604437858286723584e-01
3.280535298213114181e-01
4.526437539587092829e+00
-1.858948407963547567e+01
1.805930505097675010e+01
-1.502583825193486433e+00
-4.744159763825955167e+00
-6.295187482844037952e-01
4.910840468997261232e-01
6.938885770913574724e+00
-7.055136579402089936e+00
1.060958639119808922e-01
2.001273225059154282e+00
-3.650233767708525701e+00
5.812197911226513192e-01
1.431302373912754966e+01
-9.899530714096190565e+00
-1.675824655564584731e+01
2.272304250218742538e+01
-9.459738998278144351e+00
1.682804803660953308e-03
4.468584388565332688e+00
-8.929647572995206062e+00
1.735436794711657171e+01
-1.610100443000642656e+01
2.318945818462244901e+00
-1.205295237758126747e+00
1.121882963628129026e+01
-1.479954900981067745e+01
1.987218029881392312e+01
-1.301549669413900645e+01
-1.632841935774987974e+01
1.457987527326988264e+01
2.447858688748877753e+01
-3.091931935564083034e+01
5.007382977552565784e+00
5.401560061641522914e+00
-4.019213776676862970e+00
-2.385948871812668404e-01
6.482786039926344834e+00
-4.511842068854383214e+00
6.869528359089043690e+00
9.525635658220782176e+00
-5.583353816315373308e+01
5.553965780988878009e+01
-1.290288086479008811e+01
-1.134186959432807207e+01
2.684211983144810532e+01
-2.187788485962128604e+01
-8.321207934630038494e+00
1.560218065451445391e+01
1.259639231744840160e+00
-4.907785659029101133e+00
-3.310294853432818929e+00
7.502602844735278609e+00
-1.114981730525233239e+01
8.774768151323625531e+00
3.082747096081631444e+00
-2.660704550187783735e+00
-8.052822796306267961e+00
1.085562278732525954e+01
-1.756657724118148067e+01
5.886036522514385361e+00
3.711832675589085540e+01
-3.462286919887176850e+01
-1.169483109762343176e+01
2.831139994734904164e+01
-3.169410339313663627e+01
1.192708494750096193e+01
4.659398011562319653e+01
-5.041435213629114998e+01
-3.759946492584045785e+00
1.853362841503993863e+01
8.784269208462429646e-01
-1.759397279545468962e+01
3.181631892397563632e+01
-3.834672292563111284e+01
3.555436232307899758e+01
-2.593891988622556610e+01
3.051744439524932062e+01
-3.720350302480186500e+00
-7.797050450128003263e+01
7.557443929630501600e+01
1.316861099403757152e+01
-4.774806222852704707e+01
3.541783581621822918e+01
-2.115537307972407177e+01
4.071890375899752001e+00
2.676315263962581792e+00
-1.131116769488963669e+01
9.570714533404963476e+00
3.048456676172985524e+01
-6.917318216040204248e+00
-9.769561305524450745e+01
1.092629832614300085e+02
-3.875209987387449218e+01
-7.732522114624673648e+00
4.540153847048498648e+01
-4.407718209479139659e+01
-1.653185688389703145e+00
1.586146208070658226e+01
3.369633038222681343e+00
-3.782921150084344930e+00
-7.036334020255964106e+00
1.606628797788330942e+01
-3.821191231802737320e+01
2.123632589008994742e+01
3.662044286430453610e+01
-5.788676526011018098e+01
5.263806876885630004e+01
-3.640975415559383066e+01
1.083475270712254357e+00
7.631581719707263289e+00
1.622799603884472219e+01
-1.511332352501674059e+01
-1.246211745561658546e+01
2.079113268908805523e+01
-1.197836734904778666e+01
3.149942065517265632e+00
1.716542113631408517e+00
-8.064542976657538276e+00
2.455833330785509006e+01
-1.789154815052213365e+01
-1.474336467990519139e+01
2.391122463255545938e+01
-1.362117986346858345e+01
4.347731810638612693e+00
6.919522283976994537e+00
-6.536082879457755901e+00
-8.918569056103344828e-01
8.108452975231360327e+00
-2.053076025392693538e+01
1.202529833571798612e+01
8.979020441768085448e+00
-2.777711429369699303e+01
6.238006227785452751e+01
-5.315318054096960765e+01
-9.600020635778083289e+00
1.838271555424427106e+01
1.596652607698288939e+01
-3.931931508069843062e+01
6.506808439109177300e+01
-4.367233715021848894e+01
-3.072909230818028803e+00
4.699623205191563358e+01
-1.282589385735192877e+02
1.003864321986623480e+02
5.140383044682288016e+01
-1.010436854417281296e+02
4.410311214147832715e+01
-2.268375515886726745e+01
5.169198242788369413e+01
-3.389448049113947548e+01
-3.639374110826049957e+01
5.809720751160718777e+01
-3.596358532892613624e+01
1.737045451427531262e+01
-4.068303437894085661e+00
-7.139185394512732152e+00
2.125243033861650943e+01
-2.104472022191659164e+01
4.445511527917632932e+00
8.134707679205374631e-02
6.674525849775768016e+00
-7.742466561109201173e+00
7.779911340191207003e+00
-1.302118197123939503e+00
-1.515462202393294078e+01
1.564145243644264305e+01
-2.056353942972812820e+00
-7.370985057429749077e+00
1.406528239014855153e+01
-1.464680454907299101e+01
1.160849039312334163e+01
-7.054859388270172893e+00
-4.231895319754246820e+00
4.415035298635311634e+00
1.182717222937857393e+01
-9.048412183696761701e+00
-1.574895343997901165e+01
2.529986342533013044e+01
-1.485860899141593450e+01
1.775006287931499571e+01
-3.798611860010582575e+01
3.840577806691097607e+01
-1.832222911990823988e+01
6.024800118631630674e+00
-7.748799830021136259e+00
-8.195456516155759097e-01
2.683541526561372592e+01
-2.428562980264863214e+01
-4.683423557916652769e+00
2.208436445631402734e+01
-2.785579135577332011e+01
2.618383365731938284e+01
-3.062356625424515499e+01
1.476104052954167400e+01
3.896589656673302215e+01
-3.986923922771341466e+01
-3.011270440431946582e+01
4.321373502071539008e+01
2.946787750805633266e+01
-2.218044251802859890e+01
-9.038234241503489841e+01
9.320241057389512207e+01
1.442947379942908981e+01
-6.144076452231796992e+01
5.181394553089650401e+01
-4.166105780277375459e+01
3.737353643775385592e+01
-1.981104096082955124e+01
-1.244134067529475729e+01
2.594373140953089774e+01
-2.546153100050001328e+01
1.919486749330266306e+01
-3.600206839723469443e+00
-2.502302251328795135e-01
-8.222327529725676598e+00
6.583577795277543387e+00
-3.874739770281432349e-01
-1.051438589885241015e+01
3.129533394731064178e+01
-3.126419542993966516e+01
1.251552969750079392e+01
-1.494120179783444691e+00
-8.020973780268279896e+00
6.531474992624001885e+00
1.148571493841351554e+01
-9.090585860819038189e+00
-1.324398375427392693e+01
2.264933761702362247e+01
-2.285821519481891784e+01
1.658199977468106923e+01
-4.261024469917455093e+00
-1.860567216232258403e+00
6.888172425746528660e+00
-4.653955500723753858e+00
-1.267405641532428184e+01
8.999898836268108937e+00
1.727810982857340960e+01
-2.037362693910619171e+01
8.829529074844121084e+00
1.160711781903146544e+01
-4.465698951387580706e+01
5.475351682579702128e+01
-3.997170072155905984e+01
2.915419422072773159e+01
-3.061252531939788923e+01
9.766693079383131249e+00
3.178162864367740426e+01
-5.488503206926584710e+01
6.025337075012355825e+01
-5.344111979910520205e+01
4.452730323888624753e+01
-1.294416851025873072e+01
-3.774697678161199121e+01
7.074512478055373776e+01
-8.966733267559193621e+01
8.514141257822778641e+01
-7.444674371974903693e+01
4.172505367127051557e+01
3.087732124022772240e+01
-4.056189495897082509e+01
-1.778109544443056222e+01
3.198416477848630279e+01
-5.096383604883686580e+00
-8.675282186724457389e+00
1.588458226748690905e+01
-1.362270008723747239e+01
-6.603361148423026350e+00
4.145897280257905493e+00
2.720689301113517189e+01
-2.888670040757645552e+01
5.730028492832245135e+00
5.813504338304444019e+00
-2.206544531822129684e+01
7.915868081565746728e+00
4.830490161080487610e+01
-5.024733851816116470e+01
7.860602125834246223e+00
1.862826018532410544e+01
-5.085238568435114814e+01
3.281132417875195273e+01
4.346622246452516691e+01
-6.293918175921561442e+01
3.326982490042185958e+01
-1.093020814313466005e+01
-1.301675609513931064e+01
1.466805907837285616e+01
1.111134477549305544e+01
-1.336836790546083620e+01
-8.371077997320814035e+00
1.582426728092212542e+01
-1.110439290065457740e+01
5.231381420952747163e+00
-7.199790667191210414e-01
-3.525648457632745369e+00
1.071652989153930768e+01
-4.384938116026526167e+00
-1.190006959492142968e+01
2.745189143091183226e+01
-4.508753381364155643e+01
5.111671646864366636e+01
-4.048827057049050637e+01
3.641194664053328722e+01
-5.174023736402513407e+01
3.546194327197643759e+01
2.219969227072844831e+01
-3.826089509935613364e+01
4.402736907344081629e+00
-1.643688927260015031e+00
3.690118645416217191e+01
-3.557920337658794097e+01
5.030482882676237111e+00
1.514460346141028779e+01
-4.049003547396308988e+01
2.966009228841331336e+01
2.896809700193127668e+01
-4.442890489031957912e+01
-2.655612444188902188e+00
3.604221708878334596e+00
7.478527905270684073e+01
-5.919404072070896916e+01
-6.873076213785329003e+01
8.846176292329856494e+01
-8.704537916934949493e+00
-4.157291631833396650e+01
6.495602212155283439e+01
-6.996022649905744117e+01
7.189314586622199954e+01
-4.778409459721907382e+01
-1.481990406238518965e+01
2.851448428488210496e+01
1.184954570754447722e+01
-1.972182899998065508e+01
-6.824570521586968752e+00
1.361793060629463881e+01
-1.766477491625372487e+00
-4.010756745993351302e+00
5.206255142398934055e+00
-3.777510933478123611e+00
4.938799742375558077e-01
9.354116244962052962e-01
-4.621331138949428485e+00
2.196841007272561708e+00
1.466969164043436180e+01
-1.289589226580640080e+01
-1.700971579066445116e+01
1.379154340733645689e+01
2.154037108353319141e+01
-3.228694436808727630e+01
3.359803282474935315e+01
-1.425121214941069780e+01
-4.018496283977106742e+01
4.242562860256981594e+01
8.219900461171846473e+00
-2.532759806969212235e+01
1.873571482582365633e+01
-4.134660060933957659e+00
-2.781236590446919621e+01
2.903808114550471942e+01
1.633786087408420684e+00
-9.601349500934412973e+00
2.981584003528566118e+00
8.714264592452849456e+00
-3.642089513345845120e+01
3.382174112822310974e+01
7.163307738453211115e+00
-1.492749733214690799e+01
-1.504941311349365307e+01
1.801943797996197461e+01
2.793255282271411843e+00
-1.241731679745291572e+01
2.110705572861490964e+01
-1.022176007934234576e+01
-2.545109403651702706e+01
3.122851905208083423e+01
-1.157904955284051773e+01
-3.178200650365983204e+00
1.780577302062201994e+01
-1.784683230194200121e+01
3.183300992692857712e+00
3.609408115712858578e+00
-2.961076226097545394e+00
2.767391641672195757e+00
-2.595319472864298316e+00
1.570460900136494864e+00
-2.073573715790885341e+00
-1.861017581653162667e+00
1.080026513929332310e+01
-1.214846566092758451e+01
1.064246086220158105e+01
-4.134455016131747485e+00
-1.248788998771039438e+01
1.166325568192661599e+01
9.569517656809363615e+00
-1.815419668182890334e+01
6.306963870514858961e+00
-1.131007771300110853e+01
4.048098951060325845e+01
-3.731389709090483109e+01
3.297095827305861704e+00
1.827626193923450515e+01
-2.455984892322119606e+01
3.007855086085969987e+01
-4.599837095715611213e+01
3.593344229032214798e+01
1.087562104787220996e+01
-2.173497613192988354e+01
-1.726728423610001784e+01
1.395835675126425457e+01
3.818604957798184785e+01
-3.977262354673802491e+01
7.819067559748413387e+00
2.986845493286156739e+01
-8.974513140118762067e+01
8.686220499296025821e+01
-2.790700926606677257e+01
-9.625559520179681527e+00
3.378942993048006826e+01
-3.073172688128628849e+01
1.316771064572886374e+01
