5.429137054699425846e+01
3.578810246440912124e+01
7.768440938019190334e+00
-4.920899621827751247e+01
-4.962087147131558851e+01
1.259617235720593165e+01
2.863117270321034624e+01
1.385731447145750650e+01
-6.635538939561952176e+00
-5.176519485813941657e+01
-3.791133849823132351e+01
4.049452589824996096e+01
6.156235264281365005e+01
3.852667995852120697e+01
7.946096203791778834e+00
-5.283097961815666821e+01
-5.931052339526687689e+01
-4.842301813917827324e+00
1.763897431436809171e+01
2.503873667519938806e+01
2.191158178072254969e+01
-7.416109466528943983e+00
-1.484364460909894134e+01
-2.302841568051007926e+00
6.391341534381296263e-01
2.619691924405804784e+00
2.275552250082865324e+00
-3.996824922331282171e+00
-5.713105678657821596e-01
1.211989906882283741e+01
9.232333976037693901e+00
-7.816734798648991678e+00
-1.467797836722850491e+01
-1.503137202892569313e+01
-6.077783582459209022e+00
1.727300873447405039e+01
2.050069314224363382e+01
3.571700376266578658e+00
-4.636801954931467407e+00
-1.062851399785130191e+01
-9.109329778819420298e+00
4.861706431180868648e+00
7.170958101219006231e+00
-6.585648832240472705e-01
-2.978637728567317566e+00
-3.852210588596859608e+00
-2.559334015455247524e+00
3.119932895933877237e+00
4.451688829484894860e+00
1.818265072757066170e+00
-2.593485239073349824e-01
-3.447541757362696746e+00
-1.647365295610535574e-01
1.070584256187551730e+01
8.740229410388877795e+00
-5.475147744572187669e+00
-1.688331021090419881e+01
-2.928232079216110151e+01
-1.735127426735009237e+01
2.360399060822425810e+01
4.017855017270204598e+01
3.648635547216863273e+01
1.275182878580305257e+01
-4.343233074849195674e+01
-4.843132501310362414e+01
-4.605473606705760559e-01
1.818180563718521725e+01
2.295099323659093216e+01
8.370374698327093910e+00
-4.033105317057336237e+01
-3.446669370263866483e+01
2.584116233380020589e+01
4.425040049791650176e+01
3.499264059171311914e+01
1.133913416674855945e+01
-4.427959843478969049e+01
-4.940384479796510675e+01
-1.185991273002971802e+00
1.710246469933199265e+01
2.085551808886532754e+01
1.377041755579376670e+01
-1.823884069226249593e+01
-1.885477506543317716e+01
1.143181802807332303e+01
1.558509559254047971e+01
2.616711675979780161e+00
-1.783417876005051639e+00
-5.865907602609869542e+00
-6.824092148006665859e+00
-1.448068004874493830e+00
2.084354928247892591e+00
5.170537714194151313e+00
2.371155741658376837e+00
-8.224852855399719331e+00
-7.086710660334283318e+00
5.243240215286956385e+00
8.666875321881240879e+00
6.201221637166504763e+00
1.716507476565477086e+00
-8.335392454919931637e+00
-8.729774657486194300e+00
1.302143149582728698e+00
4.112088532155167897e+00
2.432860215706472928e+00
6.164997425025414701e-01
-4.249557040714402767e+00
-3.822092733910842366e+00
2.444022353601104314e+00
3.847400853340893434e+00
1.805697084318693246e+00
-1.961935711000045712e-02
-3.422315642107497169e+00
-5.890910856350133062e-02
1.099947926018828070e+01
8.708356041746267096e+00
-6.308851585682619501e+00
-1.685597289287174405e+01
-2.667262601533833788e+01
-1.558397063323088716e+01
2.121004428790570984e+01
3.724328821207402029e+01
3.596233057142880796e+01
1.271981112031054728e+01
-4.382082447032600214e+01
-4.817424756442152045e+01
8.469267632410684143e-01
1.805361357113312692e+01
1.883165738369255138e+01
1.056952466939389979e+01
-2.105819975368255470e+01
-2.026600038223194744e+01
1.329990684359821707e+01
1.996077508093402741e+01
8.777557768645216640e+00
5.747826623452559902e-01
-1.407395532767327495e+01
-1.435860612482286136e+01
2.749637699196767038e+00
7.316805984280251529e+00
3.397682495931344970e+00
1.418989902193774633e-01
-7.460383328012730964e+00
-6.141896088785360419e+00
5.360850437928506018e+00
8.665795189681748667e+00
6.095594532568491708e+00
1.887566932108298845e+00
-7.299821977606039347e+00
-9.011910477297298883e+00
-2.576101083505686340e+00
1.567405416943300711e+00
6.070342214367726363e+00
4.702746636514396172e+00
-4.564264571811786020e+00
-5.314816759405083246e+00
1.356670083734894616e+00
3.745123827757760093e+00
4.536729179942319057e+00
1.950939795760842310e+00
-5.999870899801630131e+00
-5.483269110234596511e+00
3.414631442124331340e+00
4.161986890965414965e+00
-1.200140125060764396e+00
-2.208133068673498123e+00
-1.265906731955722453e+00
-4.735790093295017544e-01
1.613047049348111273e+00
1.888338182881424965e+00
1.561422526102891617e-01
-5.404468355442902938e-01
-8.054990606128155095e-01
-3.907951464559588639e-01
1.229974749298453629e+00
1.252422861500778417e+00
-2.700420803873267439e-01
-1.629666362582158801e+00
-3.383288330470659133e+00
-1.876899358224339176e+00
3.429913619304974848e+00
4.257528673633884431e+00
1.062122514404822748e+00
-5.332227286927199161e-01
-1.989066496849018151e+00
-2.326631779230405872e+00
-6.785942020228524774e-01
5.215245210468557602e-01
1.725493595152487014e+00
1.082194133894947008e+00
-1.984532191013506974e+00
-1.963008716683466437e+00
8.865942815208667227e-01
1.999769973493503494e+00
2.279122841406156841e+00
1.008042708027384826e+00
-2.665833772405400204e+00
-2.777420503744342017e+00
6.414887850318686802e-01
1.517337805204781676e+00
8.422356509193719143e-01
-6.269075861343120781e-02
-2.202148352355572047e+00
-1.906515994727300045e+00
1.045432640354542864e+00
1.286750876603192095e+00
-6.248403212171331766e-01
-1.347659279574771274e+00
-1.716170790664833801e+00
3.564317359089773873e+00
1.552665661485482573e+01
1.091359724886355309e+01
-1.063167247897139234e+01
-2.118875162075480389e+01
-2.456887631616374534e+01
-1.136823202180788961e+01
2.502928891490624252e+01
3.348542537229725724e+01
1.497449130818841567e+01
-1.544390425050259585e+00
-2.658671159954038643e+01
-2.443298332336558332e+01
1.077079341380892785e+01
1.659469199903508496e+01
-5.045511723893226774e-01
-5.061579317463104744e+00
-7.000409341229931748e+00
-4.200886076303017802e+00
8.148620182147199742e+00
9.650309619144593398e+00
1.087534435740026284e+00
-1.788188998727733070e+00
-2.413812001516374206e+00
-6.218016731262248520e+00
-1.126174900978081261e+01
-6.244179490433519497e+00
9.421685948300510205e+00
1.632494840463177255e+01
1.606413730863933509e+01
6.381778527204805762e+00
-1.746512453661813780e+01
-2.326775802999102538e+01
-1.097612873798547106e+01
5.122783400870370984e-01
1.810480703170341599e+01
1.954630058343191479e+01
1.182594511995506803e+00
-5.986798177504524254e+00
-6.785214815519218234e+00
-1.019312594877045797e+01
-1.135124305414893620e+01
-5.155913846391366739e+00
8.946590326977513996e+00
1.981104307441051304e+01
2.826236321290741316e+01
1.445049486902706626e+01
-2.630066777280443091e+01
-3.855051290495402583e+01
-2.479406116908906199e+01
-4.032413233376197503e+00
3.570467011517060030e+01
3.717460184117652489e+01
-4.136714005452708953e+00
-1.628373825802989217e+01
-9.954938199187333581e+00
-6.272465865165888665e+00
6.483572712312969166e+00
7.769598698418150207e+00
-4.266134195250112171e+00
-3.902151980887992533e+00
5.224788501537823926e+00
4.582680762516908146e+00
-2.674415678232902494e+00
-5.578687467443831594e+00
-6.572219310665427194e+00
-3.141355342809139195e+00
6.803978294394124049e+00
9.380691616979326852e+00
4.945151742947999196e+00
5.676137689046518719e-01
-6.622254312898701478e+00
-8.194874335770714779e+00
-2.918358185506708669e+00
9.683705115907488281e-01
5.554299312524689114e+00
4.925154681584777983e+00
-2.592700738524105208e+00
-4.130288609081691931e+00
-8.817690022545243700e-01
1.586389456704325296e+00
5.555943842073747696e+00
3.829086675682940033e+00
-4.651338261930254347e+00
-3.881443344589428524e+00
5.267425697551615826e+00
5.785049491258233090e+00
-1.321871591648345334e-01
-1.036877075637401546e+01
-2.826973109676627516e+01
-1.936771255169037076e+01
1.867221373664077788e+01
3.814377980661679146e+01
4.499053212576569649e+01
1.924296309365837487e+01
-5.105005105506511143e+01
-5.774853821211220861e+01
-1.870355163305126078e+00
1.970055699899845436e+01
2.622024288387097712e+01
1.496776241808593966e+01
-3.060017501649593896e+01
-2.896277112605017123e+01
1.895776242290488867e+01
2.901095288392287586e+01
1.413388362646185747e+01
1.271689902529859140e+00
-2.309012212656433505e+01
-2.164874094284824579e+01
9.887267298192517373e+00
1.487060893218836100e+01
-2.314066960087455271e-01
-6.243502162241151510e+00
-1.217959962242264105e+01
-8.065724713672814516e+00
1.047185274861932491e+01
1.649861431854964877e+01
1.212203934190027610e+01
3.644451270487730099e+00
-1.444375931292695725e+01
-1.872006860834224184e+01
-8.049643566507613812e+00
1.013167383755438244e+00
1.373372325269564165e+01
1.452304875223041236e+01
1.843654909560875355e-01
-4.929184586111056809e+00
-4.268295354455405644e+00
-5.572733455763180466e+00
-4.917471149943358988e+00
-1.252120753383059615e+00
5.438449395910748940e+00
8.359866145303502805e+00
7.296837363552371336e+00
2.649886346493866007e+00
-7.569273935434454259e+00
-1.192132420351415689e+01
-1.026024636111618449e+01
-2.753067467386610012e+00
1.378626001621625186e+01
1.763556223143778823e+01
8.335877953521931616e+00
1.046102009994281268e+00
-8.886824314178024764e+00
-2.066350084576304269e+01
-3.262091019776324430e+01
-1.819397830632797053e+01
2.631052983606344498e+01
4.699087914937823030e+01
4.793951441054155538e+01
1.857167324759801019e+01
-5.483033164950042959e+01
-6.516213054247450032e+01
-1.200622601850179905e+01
1.455580880309770464e+01
3.492683382310697482e+01
2.802184655528039769e+01
-2.196292506482889806e+01
-2.804199996029359099e+01
4.743980392605461560e+00
1.876188798234690580e+01
2.889754759873526879e+01
1.622747908766410774e+01
-2.911779433469491352e+01
-3.723819713993040637e+01
-1.119544092109829769e+01
4.271383509882696217e+00
2.198045161719977258e+01
2.205240394469341325e+01
-2.949030774905369245e+00
-1.086304180484223103e+01
-6.582308402675831616e+00
-2.333142540754578498e+00
9.329491597440767947e+00
8.312012644595601074e+00
-6.865114955886940429e+00
-9.509365512222277772e+00
-3.015573667913526990e+00
6.720801008593195736e-01
5.813456598221114824e+00
6.199284393685701389e+00
1.106555459030604260e-01
-2.057443066852685298e+00
-1.762598424536538921e+00
-2.980039856824825417e+00
-4.111082251726563719e+00
-1.640692954348233368e+00
4.521681505195921602e+00
7.854165252707057121e+00
8.797431457024147861e+00
4.544120093672192162e+00
-6.770160367545994262e+00
-1.594932856719366931e+01
-2.387799660305833527e+01
-1.281041690238689945e+01
2.107138701400545600e+01
3.342456794869080028e+01
2.680353667025597275e+01
7.662466709959105060e+00
-3.415042104071105200e+01
-3.870676131215177662e+01
-3.698514418540753912e+00
1.083294047671070182e+01
1.638083937693430769e+01
1.446637712893111960e+01
-4.948468937111726085e+00
-9.914425425828044425e+00
-1.912178219644702803e+00
1.779784214541427545e+00
7.046020739538230160e+00
5.567185393418304429e+00
-5.075682270392809059e+00
-7.026359934534331941e+00
-1.891337993471244872e+00
8.845633788898635830e-01
4.314542392893724099e+00
-6.546294867072071089e-01
-1.596168269303582399e+01
-1.370305847132989641e+01
5.484721348089778736e+00
2.390656816756685998e+01
4.712240692108893825e+01
2.666294623525456586e+01
-4.428674010152806773e+01
-6.007704760943362032e+01
-2.707137347270817074e+01
1.273117009688969237e+00
4.517084417192094037e+01
4.593367516727061428e+01
-6.250333975599986935e+00
-2.087016559098451296e+01
-9.751434911639440983e+00
-6.968127782453604979e+00
2.186231562947222873e+00
5.613515263018344470e+00
3.462782390926854026e-01
3.789977453387861628e-01
2.739840388671926696e+00
1.162548339757248472e+00
-2.900565231623046358e+00
-3.415355448223545753e+00
-8.282819998606095746e-01
3.976547654264446785e-01
1.309245777166202496e+00
2.339444356632716548e+00
2.856374858498978320e+00
1.216078493764614299e+00
-2.941341549637503050e+00
-4.046307980159483009e+00
-2.221380788334031298e+00
-2.290896214665351094e-01
3.123336684023167553e+00
3.564472661145291710e+00
5.537531170622851384e-01
-9.034047912904223931e-01
-1.744361116847403137e+00
-1.361342783439318360e+00
1.153933787819927170e+00
1.496060729430428005e+00
-1.325951217736819343e-01
-1.283379562746861602e+00
-2.755731941431561527e+00
-1.665812821850926939e+00
2.524001963330961384e+00
3.965207446569134486e+00
3.135254761277818769e+00
8.633235154114925480e-01
-4.110083333638089975e+00
-6.167317158552746648e+00
-5.193734834426601665e+00
-1.958421967052506263e+00
5.043979152693387924e+00
1.133584148093204291e+01
1.710419536342507385e+01
9.380960784119009688e+00
-1.424979842980594924e+01
-2.741975805735067340e+01
-3.242467162344332365e+01
-1.558037607772130073e+01
3.050370570558518679e+01
4.650890918685662001e+01
3.428059059820315468e+01
9.128215222606623769e+00
-4.263280760454109242e+01
-4.762402217520548930e+01
-1.714452280917072358e+00
1.785738894926211273e+01
2.546769917604953193e+01
8.203613393873220971e+00
-4.855835192358615160e+01
-4.004788585023487713e+01
3.321512814523826762e+01
5.542186466668866274e+01
4.309550033995369489e+01
1.411983909394839287e+01
-5.277615642460436618e+01
-6.554966966146571394e+01
-2.107748547297793351e+01
6.435681201480280222e+00
3.599431229999726867e+01
4.319478851498490002e+01
1.567586661824576311e+01
-5.471414845251192816e+00
-2.904427167573679824e+01
-2.766334571083492477e+01
7.439311237305997082e+00
1.677736759836446367e+01
6.510140268464438940e+00
-3.045707851951289680e+00
-2.258268598809292271e+01
-1.671761951670161750e+01
1.808018018688465745e+01
2.710715035173124932e+01
1.618769480239220826e+01
3.402153939444997999e+00
-2.126140316913805250e+01
-2.587300693356301906e+01
-7.512477027862670909e+00
3.981742613926359642e+00
1.570713605825642389e+01
1.531281609161696622e+01
-2.666963387058272961e+00
-7.991146588818311081e+00
-3.805118760906927466e+00
-2.032427215026348044e+00
2.544013961426352388e+00
3.073285448703232170e+00
-1.666362263337038963e+00
5.921649177008340148e-01
8.731423781447990251e+00
6.483885149932944181e+00
-5.074599163601925866e+00
-1.468432281625209868e+01
-2.519098821210891970e+01
-1.495517184056126858e+01
1.983799430572971190e+01
3.634346011738139737e+01
3.827091646581832407e+01
1.554246911409354226e+01
-4.261609527026024580e+01
-5.280127907261768883e+01
-1.523170145722082758e+01
7.550871623080901429e+00
3.190294038016121192e+01
3.017050063972363461e+01
-8.732010643955964824e+00
-1.834688033822039799e+01
-5.167037908108210509e+00
2.048153766458728597e+00
1.478241737704828118e+01
1.091171373656680466e+01
-1.366411945020131569e+01
-1.707038997863890728e+01
-3.018080864915192230e+00
2.357077266407840543e+00
5.815501161446012368e+00
8.897308572917136615e+00
8.108783268891679441e+00
2.158536032497604396e+00
-1.033559385970649735e+01
-1.060451044902722906e+01
1.972175353212263005e+00
5.526762421033012629e+00
3.367775045220850139e+00
-3.201231350997424396e-01
-9.329738730344816489e+00
-7.128599646016856362e+00
7.148819184356631773e+00
1.062915124930900923e+01
5.918425807163550267e+00
8.576162777621670896e-01
-8.641440270171647953e+00
-9.173140535085112290e+00
6.318767482802335467e-01
3.783076279293751565e+00
2.887960963320371555e+00
1.586155969271261235e+00
-2.967416454051531538e+00
-3.146814523646059847e+00
1.351986782031326495e+00
2.818285804965425800e+00
2.641802338872011546e+00
9.420796205390001843e-01
-3.626656611327716551e+00
-3.373312806999027913e+00
1.823714549524971140e+00
2.464586455917172181e+00
-2.619183433552124685e-01
-1.045488649350380328e+00
-1.322874239425604337e+00
-6.479149434643400873e-01
1.751363885550135446e+00
1.632326658836789068e+00
-9.422824679025869621e-01
-1.150303591314534302e+00
3.848531690135278405e-01
4.094664965634877696e-01
-4.102879026166306176e-01
-4.324117844277647338e-01
-5.006167169960475810e-02
3.971871510968397190e-01
1.141762814064693821e+00
6.897925202299627356e-01
-1.093344905365722930e+00
-1.105748765277746459e+00
4.863939708895599345e-01
9.454014084385187200e-01
7.593188464626352552e-01
-4.615850980113983537e-01
-3.255286678279017298e+00
-2.003789230618639561e+00
3.477389110854688603e+00
3.399561223756296879e+00
-1.587197098974311604e+00
-2.079063792365152263e+00
5.231249702160926107e-01
9.645581316585231102e-01
5.752968027654651317e-01
4.974393714549844581e-01
6.747113373815175064e-02
-1.093219575805460142e+00
-3.020217699322721661e+00
-1.642580579599953072e+00
3.301613240153808082e+00
3.286843245521784418e+00
-1.273831642110760276e+00
-2.160879566821578557e+00
-6.740381270922719548e-01
4.319141756260718723e-01
2.458655335551546806e+00
1.557245944144439509e+00
-2.759253179802267031e+00
-1.857438122011790593e+00
3.852966349625402742e+00
3.486436132139592914e+00
-1.909868284839395969e+00
-4.806297584627874819e+00
-6.905383405817103082e+00
-4.079741869995435977e+00
5.286463747726923401e+00
8.635667075325729414e+00
6.677250428477738531e+00
1.674032115691809874e+00
-9.187513772541134216e+00
-6.010812107289542183e+00
1.231535949851226519e+01
1.275878135821874615e+01
-1.990583881068631156e+00
-1.666140857056634772e+01
-3.736981628696401003e+01
-2.208496014149551456e+01
3.444217187109951084e+01
4.701838913650572493e+01
2.138652065990283901e+01
-7.387232250883155604e-01
-3.546355352310444431e+01
-3.664990466221891552e+01
3.240348040164359844e+00
1.531372278407348908e+01
8.989855123831155481e+00
8.760835514391358103e+00
3.525912466637842968e+00
-1.361304804789005729e+00
-4.371784015998845696e+00
-9.057009966898833753e+00
-1.391817253450905056e+01
-7.018692368629776190e+00
1.279820919887479924e+01
1.968081908858230378e+01
1.504789736181666626e+01
4.366848436064783456e+00
-1.819467412188005895e+01
-2.228255756717000580e+01
-6.498630181381565230e+00
3.395052185102102271e+00
1.379737300880247375e+01
1.249263638975167368e+01
-5.295049221146773455e+00
-9.044809021054170728e+00
-1.473961972649347363e+00
2.640977398586414004e+00
8.577863659586626000e+00
5.634894183800122747e+00
-8.552637230303744786e+00
-9.434588768913338086e+00
1.405758759342420339e+00
4.656112586352604055e+00
4.208950641688481653e+00
2.196969150482338762e+00
-4.434777872740853333e+00
-3.462529956704098577e+00
5.407364068943917523e+00
-7.315381493631785137e-01
-2.077843683736155000e+01
-1.631378467132620713e+01
1.082767963683766510e+01
2.770664634974928831e+01
4.072257684261811761e+01
2.044051553122745091e+01
-4.185112725212237450e+01
-5.217981640728692128e+01
-1.381038552309586365e+01
8.353147178614880985e+00
3.174875952398458523e+01
2.717126808147462569e+01
-1.681104712603464080e+01
-2.321043180394690708e+01
1.980909734885190954e+00
1.206794936330120649e+01
1.991407766300201843e+01
1.146906740285399628e+01
-2.076146764537269362e+01
-2.477789723914927222e+01
-2.854797298331702482e+00
6.190999138664669665e+00
1.132014875345954685e+01
1.012618224046390658e+01
-3.529935324663762142e+00
-6.412531408226640472e+00
1.053920853255403689e-01
6.459478126374240681e-02
-2.720019333564411390e+00
-1.627294224062257211e+00
1.656578476464316996e+00
3.611656487288664064e+00
4.948215340535806028e+00
2.587718887196285955e+00
-4.447355142146021123e+00
-5.343695691567589279e+00
-3.773672324416298962e-01
1.678569474800720940e+00
2.754355108196432589e+00
-2.157364098646910033e+00
-1.494673067285365953e+01
-1.236447830186897257e+01
5.587513518366262311e+00
2.118226492491697854e+01
3.903398589469457391e+01
2.143482500009980996e+01
-3.784158479251718887e+01
-4.625651064761387232e+01
-8.209581931386114917e+00
1.162816378197292622e+01
2.978327528136093960e+01
1.604028706440560370e+01
-4.164312350701703025e+01
-3.748435423013317802e+01
2.481449242188717719e+01
4.269310575095315130e+01
3.262634694014576553e+01
9.590591796687059301e+00
-4.443907358599980029e+01
-4.588993931115486191e+01
8.522299716341471765e+00
2.181552649770908303e+01
8.513048910892067056e+00
3.440176510291755196e+00
-8.610587477394332723e+00
-9.128811804390835505e+00
5.562245037780189527e+00
7.727349050854687817e+00
1.105626067672499824e+00
-1.266389930573852851e+00
-3.531415049167808462e+00
-2.211437384310520837e+00
4.520629659926025390e+00
4.613200974458939285e+00
-1.346327404330025290e+00
-5.710038447679170126e+00
-1.065497026259774671e+01
-6.040142654762991725e+00
1.011069554722816477e+01
1.386741824321107863e+01
6.640771792511510618e+00
1.287182213753244042e-01
-1.028718544686692837e+01
-1.143574983078955043e+01
-1.246368166627481511e+00
3.173756993137454518e+00
4.729862023544290750e+00
5.053358093119874717e+00
1.261770944194154254e+00
-9.101715641417319480e-01
-1.924519404939906586e+00
-2.711153719829313413e+00
-2.151963633657766550e+00
-2.758550880698811270e-01
3.269587152337798397e+00
1.672782728263984220e+00
-5.523082130956194824e+00
-5.566256361015365250e+00
6.992398835538893298e-01
6.358023645389454082e+00
1.377576673613176794e+01
7.479139797701486181e+00
-1.475554740030940337e+01
-1.451089477896378988e+01
6.664123058305730929e+00
1.073659442371523021e+01
3.591139699137153141e+00
-5.593830077171257464e+00
-2.326581358267957711e+01
-1.486780687724351147e+01
2.232737107167177726e+01
2.705115788790981668e+01
3.957280862261313814e+00
-5.856129619221580818e+00
-1.257941408308283116e+01
-1.342628490836944266e+01
-2.170058942930570556e+00
3.457263730087205555e+00
5.495237758590397092e+00
1.072643985391755805e+01
1.632066315290315117e+01
9.065691170375476560e+00
-1.201466009441377203e+01
-2.720563894358858548e+01
-3.887405383087490662e+01
-2.024334250647823197e+01
3.558250241210119214e+01
5.383654605306975327e+01
3.816419372593328063e+01
8.378787778021628441e+00
-5.207367159075958796e+01
-5.667445824086220085e+01
-2.293667094147547880e-01
1.946859680961244976e+01
1.884326668605343613e+01
1.653581452149092001e+01
-3.382970627044149303e+00
-1.000104017454424543e+01
-3.232789806170133673e+00
-8.864333978164031791e-01
3.199188442165548096e+00
3.670906350748335267e+00
-1.503835946433213833e+00
-3.981273005053341585e+00
-5.281212951084940599e+00
-3.118927476681279565e+00
4.122850091951798746e+00
6.890679335260625926e+00
5.695083838907536666e+00
1.862002906827186610e+00
-6.788509007816293739e+00
-4.786590284346594615e+00
8.612522377918404359e+00
8.912062469906365081e+00
-1.742034795635988065e+00
-1.539443090178975027e+01
-3.684522478397398260e+01
-2.404839443410561017e+01
2.691832365054287735e+01
5.146242311302076189e+01
5.675530103146481764e+01
2.449397568848185003e+01
-6.106840303848741769e+01
-7.695080735554773810e+01
-2.428397591891863883e+01
1.043135422912559918e+01
5.144741259728291283e+01
4.467201819542584218e+01
-2.596660795724267246e+01
-3.600607927535084940e+01
4.128449712378138514e+00
1.685920428772822888e+01
2.245687901901507999e+01
1.259266315329561614e+01
-2.428808353626191163e+01
-2.842200151603780611e+01
-1.653290179788652337e+00
8.166747030227963222e+00
1.130707514652321777e+01
8.887413036393645882e+00
-6.638645712493665307e+00
-8.958886974052388652e+00
1.117798278521476840e+00
4.899333406928415791e+00
7.040013602762550171e+00
4.353259477605061711e+00
-6.119167733854717461e+00
-6.321980269184469314e+00
3.235610610107620300e+00
5.522645717590427772e+00
3.428363047250028828e+00
-8.476499165733169860e+00
-3.390757280400293894e+01
-2.382122388919275124e+01
2.332025333746388185e+01
4.530304656332280899e+01
5.019776673656802046e+01
2.199249215635374100e+01
-5.375285993185815414e+01
-6.731111293628789838e+01
-1.974740591886892105e+01
1.048793421836536588e+01
4.485247693652981837e+01
3.600878038540614057e+01
-3.075049283278696777e+01
-3.633114982008866889e+01
1.083502480884219743e+01
2.609276401959854041e+01
2.867687239882419803e+01
1.441296385456580076e+01
-3.031199067008801151e+01
-3.973439512058239842e+01
-1.513615945786482264e+01
2.458216434365216863e+00
2.593087578786572678e+01
2.763330972936415719e+01
4.907281960873665083e-01
-1.004294557333723503e+01
-1.049339428700235288e+01
-7.912814430310096014e+00
5.686175051455439444e+00
7.983963907063344578e+00
-1.041355231029704509e+00
-3.866061821551702415e+00
-4.597393089268830835e+00
-2.672558675956562713e+00
4.542399110062405043e+00
4.159697499497502449e+00
-3.675927319910818447e+00
-4.573712128261150589e+00
-4.667415343888303703e-01
7.394262818956304883e+00
2.182471553479807014e+01
1.472652951024535461e+01
-1.562679329160921249e+01
-3.129636245691374441e+01
-3.712036991780264117e+01
-1.705221338127488551e+01
3.837179942100335950e+01
5.277214995256849761e+01
2.796672933205468681e+01
2.611599095725241959e+00
-3.928461871271674966e+01
-4.673513223392137661e+01
-1.267645575295669147e+01
8.044436867010533732e+00
2.738879850209272604e+01
2.704939674493678936e+01
-3.108830455338822851e+00
-1.275293689006048936e+01
-7.071707891426207482e+00
-4.498193535852978542e+00
3.774957576902760348e+00
5.106780011993720336e+00
-2.194251721942934275e+00
-2.776690101349637008e+00
8.312514228702073682e-01
7.228361481214446993e-01
-1.125826529898871886e+00
6.454626770405543779e-01
5.379478119077969467e+00
3.523534196573415489e+00
-4.684779538438882618e+00
-6.710009343261302384e+00
-3.838367030841399963e+00
-6.238700721828805973e-01
5.261236014240251890e+00
7.237740529929507893e+00
4.618390711540114602e+00
1.324461012142317928e+00
-4.372329561108246665e+00
-8.388404368006060707e+00
-1.021990342042125555e+01
-4.576933514332230502e+00
1.043927347971135333e+01
1.268340239658157920e+01
2.467171230211424149e+00
-2.721788798800081732e+00
-7.035298075313544786e+00
-1.756247774767052849e+00
1.656844391148507967e+01
1.415467920962668380e+01
-8.249365587801204214e+00
-2.577047632460801196e+01
-4.474725798849151204e+01
-2.583182753556368283e+01
3.842804458166551740e+01
6.488634909187251765e+01
5.998976483057079889e+01
2.278307517187709408e+01
-6.615451652455455189e+01
-8.958637103676662150e+01
-4.649308294887972437e+01
-3.070277724150789922e+00
6.646895216264614703e+01
7.818880886008966513e+01
1.962021433207298671e+01
-1.486792231095781958e+01
-4.505114840008922528e+01
-4.407813496771112938e+01
5.455436929162130077e+00
2.075254806762911741e+01
9.845477837437957902e+00
8.611561373358290084e+00
2.881322551415956834e+00
-2.368474214628984775e+00
-4.265357521694459031e+00
-8.232360388034704712e+00
-1.244406162121775417e+01
-5.948172590967333306e+00
1.203343634327468692e+01
1.834513736063863831e+01
1.420594540882448342e+01
4.696045818261477045e+00
-1.543121731326481516e+01
-2.270460285574841919e+01
-1.621825908509193681e+01
-3.338282525463200034e+00
2.204162322183820066e+01
2.555074162839121854e+01
5.107610881378295886e+00
-4.755749055706407269e+00
-1.104022040516491820e+01
