1.053939057573620630e+01
-1.518597745390386722e+00
-3.898159136385022094e+00
-6.577444171804440742e-01
-2.717181928989560014e+00
-7.112951255767431036e+00
-3.892955091466216544e+00
6.405112188001938378e+00
9.957199742536451126e+00
7.963941298656758150e+00
2.871066745885777483e+00
-8.290555300825475982e+00
-1.251230903178223741e+01
-9.406759504966828445e+00
-2.377063053962164219e+00
1.196285447123044321e+01
1.356145567650192518e+01
1.348431222483905012e+00
-4.236781541379550653e+00
-7.174171123836622144e+00
-4.656202073514370099e+00
7.025030839448602293e+00
6.635664188088634674e+00
-5.290099670243846752e+00
-6.792420987877469507e+00
-1.096801623931101366e+00
6.194311391774733888e-01
1.555646978918630463e+00
4.586655649734584728e+00
8.546826317806100803e+00
4.868534800907644566e+00
-7.040662590327980475e+00
-1.136321950323731222e+01
-9.267757446941583765e+00
-2.567971174286460823e+00
1.229624301985992929e+01
1.263990135313015983e+01
-2.404475819349257470e+00
-6.391353139228033164e+00
-3.298118416658439855e+00
-4.554435380121514276e-01
6.497974004837788087e+00
5.179904185786644355e+00
-5.437719321393182703e+00
-6.738649418045361550e+00
-6.685387254722349182e-01
1.613080688379640248e+00
3.026820945421102582e+00
2.340844032280077425e+00
-2.128299931025115832e+00
-2.258885829674285084e+00
1.613468443142755504e+00
2.174175435282900359e+00
6.815370642728711958e-01
5.652835354228308296e-01
8.271907621411963563e-01
-2.320715639753027304e+00
-8.816928783764574007e+00
-5.219140914547929277e+00
8.782027019497975928e+00
1.028907881543362457e+01
8.981517613854324011e-01
-2.662264513667086163e+00
-4.173859215353938446e+00
-4.184641655303448005e+00
-1.381389213072715672e-01
1.372954837148058438e+00
8.002809132882779952e-01
1.831172436357842326e+00
3.369553109582851924e+00
1.396336109481956633e+00
-4.071356963060112300e+00
-4.898750351517012547e+00
-1.417474214797264986e+00
6.002807010847159841e-01
2.655742065641377714e+00
5.229042970833894799e+00
7.590090339374648387e+00
4.777931763173247859e+00
-3.930620123905367969e+00
-1.283512006459300814e+01
-2.318756987607516251e+01
-1.231857906534653679e+01
2.295823881579207892e+01
2.971973960089659528e+01
1.064227582457053423e+01
-2.243874191115416750e+00
-1.882620233298771950e+01
-1.935106061340362160e+01
1.690807419762378139e+00
8.621230185908906662e+00
6.000634593278755702e+00
1.997062855410065563e+00
-9.710475357684208220e+00
-8.930824831984503831e+00
5.312089826770744594e+00
1.226594151182058390e+01
1.572895703888329066e+01
7.811822490646767925e+00
-1.591228107286335813e+01
-2.280609688833823157e+01
-1.407507566367489105e+01
-2.925468236417258172e+00
1.755467865299979735e+01
2.371049246713729985e+01
1.328634339847133639e+01
1.516830852467068613e+00
-1.763919583203373875e+01
-2.183293571376813702e+01
-8.036328147780482212e+00
2.545875532715995870e+00
1.545424857714105293e+01
1.414579760469759862e+01
-5.735934776794572976e+00
-9.458275887146447403e+00
-3.201090650776473034e-01
2.911158865548777008e+00
5.972603602830528935e+00
4.350480367629043776e+00
-4.568199025808843849e+00
-7.766289766568968744e+00
-6.397453218297426858e+00
-1.918290256930434756e+00
8.397474085353797690e+00
8.880223670895654564e+00
-9.900418799442339823e-01
-3.807476749094485857e+00
-2.350652412273239289e+00
-1.258200266130840905e+00
2.270225262821124801e+00
2.517242303418069760e+00
-9.385611191817466725e-01
-1.663573913142441185e+00
-7.121756280607629552e-01
3.333867708952056863e-02
1.564631804226213285e+00
-1.563884317369387267e-01
-5.556719357495724765e+00
-4.787323993114602771e+00
1.834024010362958368e+00
7.104338617699443859e+00
1.284630080352695103e+01
6.519083436496656780e+00
-1.416537546907053624e+01
-1.478868039933043477e+01
3.450136900500498705e+00
7.866666382890086240e+00
3.970018185030394609e+00
-7.851146280889752527e-01
-1.172021008918486373e+01
-8.428582157756409288e+00
1.050146142458750553e+01
1.345353674929219423e+01
3.462548590217629396e+00
-1.654127535000579741e+00
-7.142517918359252427e+00
-8.978509088829778051e+00
-4.598300166915665343e+00
-8.577568061701952296e-01
3.888050291720549279e+00
9.213551128074188412e+00
1.420634919423173059e+01
6.450469472839284180e+00
-1.589625828257370266e+01
-1.819854740449406449e+01
-1.469561363377725804e+00
5.053425747460392081e+00
7.421749794118553289e+00
7.237458509393663419e+00
-1.378152147887713730e-01
-2.684575474769117509e+00
-1.082937800593643418e+00
-2.535089573574038191e+00
-5.009321810377485917e+00
-2.238552870376461001e+00
5.527853271125951373e+00
5.883595987373900549e+00
-7.376934380777433464e-01
-2.727450456252203281e+00
-2.137833094362516562e+00
-4.422236356803281865e-01
4.316189666740634756e+00
3.075644880146659155e+00
-4.488594441917112654e+00
-5.191906351470732872e+00
-3.163302275088994420e-01
8.178618584605761299e-01
2.065838686322842843e-01
3.857178386639176892e+00
1.085082103403944664e+01
6.656384890103259622e+00
-8.967590166406099073e+00
-1.496835239381899996e+01
-1.343829177943383613e+01
-5.080209445732227103e+00
1.473934159103851371e+01
2.050534922577337227e+01
1.194057163334153593e+01
1.424226106237094891e+00
-1.687742544632352448e+01
-2.044090058021728140e+01
-6.812465112790992094e+00
1.992814199559304722e+00
1.116312660242131116e+01
1.571462153362312186e+01
1.202576179788094102e+01
3.577428409254236996e+00
-1.249805474030902808e+01
-1.964648185823839555e+01
-1.698881859059604338e+01
-4.884521804506044340e+00
2.164619023428620181e+01
2.473910562393483659e+01
3.276461893585940643e+00
-5.982353125651994397e+00
-1.029189360662599562e+01
-1.167534513940487884e+01
-4.210222921611435964e+00
1.288289293481487796e+00
6.183066860072225168e+00
8.446208249298770454e+00
5.882500795696148366e+00
7.830267146017088065e-01
-8.375003101328726274e+00
-7.683866797353679168e+00
3.961689238449079831e+00
6.111195879027516931e+00
1.124360514710387449e+00
-3.689470148979795638e+00
-1.192244495281760130e+01
-7.908009519197795711e+00
1.007823637321896371e+01
1.448472937648481640e+01
7.691946305395200412e+00
6.222745344769335940e-01
-1.189774165866815636e+01
-1.203946735479326513e+01
2.257436331469083513e+00
6.079834315152271351e+00
2.805610014707593081e+00
1.049680987717011238e+00
-3.273912375214902859e+00
-3.050033468524445901e+00
2.697227431750315763e+00
2.372518667963777084e+00
-2.851576563433237066e+00
-3.147819846113997233e+00
-4.625028359870159839e-02
2.931723082421922921e+00
7.363797683513909398e+00
4.083917581622201531e+00
-8.010546376447837957e+00
-7.788587534283532676e+00
3.795311732773204216e+00
5.449883242112919746e+00
3.207137756952519458e-01
-3.218567999229279497e+00
-8.533140016663319116e+00
-5.737184436778258956e+00
6.763060347706918662e+00
1.083623297734166613e+01
8.145521207239371009e+00
2.183300000724086587e+00
-1.075918701503666242e+01
-1.163744519428669832e+01
4.505177580792409375e-01
4.725660858096151884e+00
4.739463943367554499e+00
2.804069569517377847e+00
-4.608925431244486504e+00
-4.042538233180246188e+00
4.688482498938293830e+00
3.591657507539641525e+00
-5.463805765694936589e+00
-4.524885858930221438e+00
4.279814024942558248e+00
4.347023728554509248e+00
-2.120235492827062806e+00
-2.728437845787874405e+00
2.955140388684702746e-01
1.957390001074510444e+00
4.053691626301695550e+00
2.858067837890915897e+00
-2.492931265377506200e+00
-5.791441384095194600e+00
-7.854411339435869444e+00
-3.641630050598350987e+00
8.602814788040076266e+00
1.002683348669816787e+01
1.068793289038415972e+00
-2.743987443902982104e+00
-4.774921044350437960e+00
-3.660162483982043469e+00
3.201639371190581063e+00
3.944437969269326771e+00
-9.413578167182402590e-01
-2.261859763059890671e+00
-2.002588349508835908e+00
-5.779933498917751988e-01
3.440466621606010023e+00
2.418339839185458917e+00
-3.823139771766356887e+00
-3.503208905558114594e+00
2.411239591970903984e+00
3.018249240278620960e+00
-5.673088843908983409e-02
-1.375298961025215760e+00
-2.555667714950117020e+00
-5.270217742631556623e-01
5.705325316270920766e+00
4.158329230508064356e+00
-5.046491336776979253e+00
-4.298295229267259820e+00
4.966624158606121497e+00
5.419608916090503214e+00
-5.925938184753651861e-01
-7.376791200416374927e+00
-1.793938520832295325e+01
-1.115294506358263149e+01
1.514878848840195147e+01
2.494552655052074286e+01
2.155806016850287321e+01
7.897433163579121285e+00
-2.385528331189544105e+01
-3.341867863172085862e+01
-2.013593042623692853e+01
-3.163239108017702250e+00
2.685097469943341153e+01
3.343633256808502097e+01
1.282478787548068766e+01
-2.375309557570020047e+00
-2.076492929046391112e+01
-2.483952714068994183e+01
-8.721761974761916392e+00
2.935595943630067151e+00
1.546554229725704488e+01
1.709117255048670714e+01
2.991307650287548636e+00
-4.430592414610644347e+00
-8.679059786539575327e+00
-8.159825327642321824e+00
1.360131722751768413e+00
4.201272810293962046e+00
1.450270093123235293e+00
7.034938206071760236e-01
-8.444681697286241517e-01
-1.499791768807880343e+00
-5.055908349947606517e-01
1.104508347159899762e+00
4.002257440433829139e+00
2.582686149931560315e+00
-3.603370014681991140e+00
-4.395533803813834517e+00
-5.467689770222553536e-01
1.083090739106215450e+00
2.190228782703184329e+00
1.012302444205390062e+00
-3.625134334531609603e+00
-3.536653495585467155e+00
1.033730462742995737e+00
4.334978478678213953e+00
7.879873164618743431e+00
4.054814458606012195e+00
-8.686832174830742659e+00
-9.311847268419272794e+00
1.394833807843655293e+00
4.053465460597784897e+00
2.055211959873838090e+00
5.841898051714586870e-01
-3.368587908558163591e+00
-3.381352384346354878e+00
1.102133242921203848e+00
3.493063435669113481e+00
5.094887282268964590e+00
2.090700876089897520e+00
-6.993099654194340431e+00
-5.510050967456061599e+00
6.401265843468290306e+00
6.610568213488923206e+00
-2.633617784340744450e+00
-5.361283146396087496e+00
-4.865331929976681735e+00
-1.644800656332565447e+00
6.957672271702749711e+00
5.601872434629875386e+00
-6.067181426912803488e+00
-6.499089320662139180e+00
2.137602957767421596e+00
6.122034754660167444e+00
8.838736192520881829e+00
4.344485882992215942e+00
-9.993836828904024472e+00
-1.268416518761758027e+01
-4.528828531093616938e+00
1.827248186848464684e-01
5.434526868533105848e+00
1.104065099131488559e+01
1.520572250991915730e+01
7.182943374894666277e+00
-1.502676202204068723e+01
-2.134463482984934757e+01
-1.291435694858316552e+01
-2.316258136419266922e+00
1.685468603018054878e+01
2.034485202053682329e+01
5.726421067486432648e+00
-3.561450059177193150e+00
-1.300501918215189612e+01
-1.118040959793392020e+01
6.427783659232455982e+00
9.212448301737225620e+00
-4.468481911034465348e-01
-3.583174469652866456e+00
-5.271882406001100918e+00
-3.058592442619444185e+00
5.848837990041837465e+00
4.413834368634474536e+00
-7.069187606272812729e+00
-7.360600498707066563e+00
1.239405651448478363e+00
9.947182691238378283e+00
2.252300176069281790e+01
1.372746182411236582e+01
-1.946444984186581095e+01
-2.934350052312802148e+01
-1.963679406102381719e+01
-4.523159797407450888e+00
2.566678567843143810e+01
2.946941441336514345e+01
3.979634744071750774e+00
-8.155878145902599741e+00
-1.539982549224627562e+01
-1.173668665035437542e+01
1.046496594411883230e+01
1.219202946883514294e+01
-4.919233159954003121e+00
-7.991107493109343984e+00
-3.307541050665613103e+00
-4.327281060157647241e-01
5.370140042086450016e+00
5.980960080029683823e+00
2.914054185221814919e-01
-1.739405143951488153e+00
-1.780187038649564846e+00
-2.569910424233261548e+00
-2.597330529442543945e+00
-9.097208765064260794e-01
2.607209747078419237e+00
4.133662181705823002e+00
3.678624365820792885e+00
1.101764030699069030e+00
-4.673332909739292162e+00
-5.704624826761462764e+00
-1.827522819458439196e+00
1.876877993130395827e-01
1.918099387284379453e+00
4.082796018816687855e+00
5.762173936221067549e+00
2.168590761417032553e+00
-7.440814210721362620e+00
-7.270929068632193903e+00
2.494019812218911003e+00
4.213867935041499813e+00
3.678926248914426989e-01
2.499714453042959916e-01
1.270056847263798305e+00
1.039216027850437207e+00
5.575308717979041706e-01
-3.091244389773218693e+00
-1.042670413210261771e+01
-6.532286543129161238e+00
9.058360763334345478e+00
1.297389602650006779e+01
7.238354624567728379e+00
1.191815467866773837e+00
-9.589670804305500340e+00
-1.143858649338256228e+01
-2.756040903653149687e+00
2.847065347454150519e+00
8.515096633360201395e+00
6.004280909206853423e+00
-7.488103899947528674e+00
-6.945303659955014197e+00
6.439530566680394585e+00
5.606494567294227238e+00
-6.016057184197407537e+00
-5.805364662777090956e+00
2.870910836468551164e+00
4.060904144757004453e+00
7.106929414263498668e-01
-1.519602179031001921e+00
-5.000297993356259241e+00
-2.066356907034362644e-01
1.421442879480783361e+01
1.024260956333060335e+01
-1.166967483388756399e+01
-1.493484263647703791e+01
-3.332897633525122583e+00
2.624557953122314213e+00
8.962615818478731455e+00
6.232583202169045933e+00
-9.034013640829224201e+00
-9.448016848537907464e+00
3.456167214018953437e+00
9.059388110210583989e+00
1.189372068306457741e+01
5.642419312201295334e+00
-1.361902541511840425e+01
-1.542344550911890799e+01
-4.379457170776923647e-01
4.869669013782305989e+00
5.767242386079581173e+00
5.354653570435666587e+00
-5.057350660861785752e-01
-2.099579402669940809e+00
3.257685179800728359e-01
-1.573451502923763679e+00
-6.260319178589071498e+00
-3.488710398886145203e+00
6.318812518712927151e+00
6.264620361591795472e+00
-2.684437522873126536e+00
-4.485711609278892453e+00
-1.699683376613436048e+00
2.580173332055635704e+00
1.112333108933401959e+01
7.292414913802705456e+00
-1.003179352765756960e+01
-1.350835418724286185e+01
-5.504655400234167217e+00
1.659239300409863782e-01
8.355439264444768810e+00
1.034856465714612561e+01
4.028700778069543631e+00
-8.187053202420395692e-01
-6.617095278834497663e+00
-7.382558212305514900e+00
-1.231571946307731702e+00
2.052365864018795172e+00
4.104877386166644548e+00
3.199186666253046596e+00
-2.569528977971962558e+00
-3.313991060013734113e+00
4.876010659638689293e-01
1.303847523287216426e+00
7.748847295666569934e-01
1.987343156254930965e-01
-1.491900621945933869e+00
9.687353815578304550e-01
7.953786850391534990e+00
6.308134928120657570e+00
-3.680291266897057323e+00
-1.178974596612241932e+01
-2.047981762843108200e+01
-1.109045240777190955e+01
1.977912343214829249e+01
2.709839259446554749e+01
1.329726757001588844e+01
3.550237890244012373e-01
-2.056534625948773254e+01
-2.315298170201255346e+01
-3.457565536378814475e+00
5.299331124256081438e+00
8.931046583125354488e+00
1.168632719864976011e+01
8.173283829234323505e+00
1.293286596143396139e+00
-1.027000653439493227e+01
-1.230219252775640193e+01
-3.524425032553799131e+00
2.331942744208337359e+00
8.512825303413764644e+00
6.355952817537194655e+00
-6.975093382314661028e+00
-7.461915343866290407e+00
3.467539462619157131e+00
6.585040205383135614e+00
5.709330992363939039e+00
2.575943274319092424e+00
-5.922258011072917938e+00
-8.943357212144004365e+00
-6.480593641576336772e+00
-1.804404645696925824e+00
7.653216100475157546e+00
9.838458708488557747e+00
4.057408627897417297e+00
-6.117156684004836364e-01
-6.896045109714268762e+00
-6.286864537443019429e+00
3.052925573280145244e+00
4.850630467407969881e+00
7.422855496509508377e-01
-3.294156269888320665e+00
-1.019410585689518456e+01
-7.057883392857029037e+00
7.521613751941143455e+00
1.345703642883370499e+01
1.296964909200545257e+01
4.991176471064248332e+00
-1.489598419284116559e+01
-1.802424962405282116e+01
-4.160051757775873327e+00
3.627358669815246905e+00
1.094143745110430643e+01
9.652694713470770793e+00
-4.345426522517247037e+00
-6.636704993319373358e+00
9.254759566790259351e-01
4.153186559790513765e-01
-4.403754898192372202e+00
-3.355372470419383468e+00
1.636676192684659359e+00
6.830377368406565175e+00
1.377334541774620824e+01
7.708468491957130020e+00
-1.313957974180763166e+01
-1.856595703648682161e+01
-1.054581514339589887e+01
-1.816737230032402284e+00
1.358158869150713599e+01
1.834467497279829473e+01
1.042395926225879599e+01
1.091239313404521738e+00
-1.424543268702850973e+01
-1.775203387321852233e+01
-7.141661988979840281e+00
1.036810545687105956e+00
1.117969170260215783e+01
1.370792574126332042e+01
5.602228359104173272e+00
-1.195348082184970906e+00
-9.664537635197593346e+00
-1.086478556841026943e+01
-2.361597923756800999e+00
2.069698578391713006e+00
4.772523794924806495e+00
7.120511930737308148e+00
6.836347352952138579e+00
2.684765846491367736e+00
-6.266783026635990517e+00
-1.035154270239611662e+01
-9.557903015565228699e+00
-3.066910726361170791e+00
1.188325565568957032e+01
1.209193891870051907e+01
-3.023337918786872525e+00
-6.556964636619400544e+00
-2.457915305689541530e+00
2.790812491303224618e+00
1.379624839996358254e+01
1.059883484905338236e+01
-8.230014526635933692e+00
-1.909294542913081827e+01
-2.576724841842006697e+01
-1.277682365941752884e+01
2.587589198673140345e+01
3.396550692426824014e+01
1.329620006874746885e+01
-2.464127680161608325e+00
-2.432957814758460202e+01
-2.224347128039553567e+01
1.014103159903627827e+01
1.616454596407184852e+01
1.546174147484085104e+00
-5.912180221512769229e+00
-1.570137534765136600e+01
-1.007209728341312882e+01
1.545772676276163082e+01
1.827330164464378015e+01
1.090778173336920176e+00
-5.145619988915872689e+00
-7.458955073219829757e+00
-5.886874933354500961e+00
4.373344776191505190e+00
5.572353480543350557e+00
-1.711294409973351804e+00
-3.305718256412679690e+00
-2.184162644237021222e+00
-1.038521090354454390e+00
2.163549093369916410e+00
3.612655081664343015e+00
3.183323011205909658e+00
1.025416178545232260e+00
-3.893145260239910144e+00
-4.578186110815715359e+00
-8.621145684026801925e-01
1.178951814580393664e+00
2.931209447912580313e+00
2.803536481091968735e+00
-2.753223998551486140e-01
-8.424079010440259641e-01
6.706991384103820897e-01
-2.089123050635395717e+00
-8.537587077705349969e+00
-5.586614038111667568e+00
6.640810640466093595e+00
1.113708692518199506e+01
9.782619509477644471e+00
3.577833244879197849e+00
-1.108213328488221450e+01
-1.399674364789063929e+01
-4.775344443932952210e+00
1.621318197773004455e+00
9.381297494320300245e+00
8.459196123169219206e+00
-3.972430301103088812e+00
-6.340546018648524296e+00
-6.646393686597373840e-01
2.368999465129843607e+00
6.434886953564351586e+00
4.097728923340398843e+00
-6.405019635496835839e+00
-7.275888717739337430e+00
3.934816929548065056e-01
2.681553903518646642e+00
2.448068422980248293e+00
1.304274124856590333e+00
-2.911461004371915795e+00
-3.021553347392211375e+00
1.063829427093449187e+00
2.192003508533504785e+00
1.593533685253910592e+00
4.465814306212584350e-02
-3.676771638413756982e+00
-4.732940965041454451e-01
1.016899807115010113e+01
8.001947356558471114e+00
-6.267759963348449759e+00
-1.191848166392386688e+01
-1.207499747687223213e+01
-4.856087206438409964e+00
1.399952801958889914e+01
1.520212344807624305e+01
-1.448402938293516851e+00
-7.015969783315917141e+00
-6.662912572113160792e+00
-3.716850237041988692e-01
1.702944761508932459e+01
1.305123834615536360e+01
-1.293341049523747444e+01
-1.974022140025279271e+01
-1.237067275319953730e+01
-2.791972210515184738e+00
1.644460946735672735e+01
1.967194627637080018e+01
4.906650904085209319e+00
-3.092174933414497229e+00
-9.770260967436081856e+00
-1.102185250156271579e+01
-2.670696018034284691e+00
2.789617217691329198e+00
7.357085149690752779e+00
5.253658522014882593e+00
-6.291167533436718529e+00
-6.555123576645692118e+00
3.484458982415409523e+00
6.107946841109185065e+00
4.624059440945979205e+00
1.944336328100543021e+00
-4.763948009786532545e+00
-7.878666024245456256e+00
-7.261283819066668421e+00
-2.726382091937503915e+00
7.833630780954742079e+00
1.104063782017009565e+01
6.778064912754555138e+00
1.018670069239148823e+00
-9.348010065577520677e+00
-1.099752439140325322e+01
-2.660964747095809102e+00
1.731775411468159609e+00
5.068135660942988174e+00
6.223405261443861747e+00
2.876373188089562660e+00
-6.431627026453159424e-01
-5.396316740513661614e+00
-4.525041443747839232e+00
3.180135489479204658e+00
3.989149666554818285e+00
-9.449672815128454806e-01
-2.498250332026159537e+00
-2.872824086214280204e+00
-1.155127538906417506e+00
4.107389135713586548e+00
4.882820965684274483e+00
1.328040109360202781e+00
2.894516192762458529e-01
3.732125534766821406e-01
-4.872984421050143844e+00
-1.497899480193648358e+01
-9.048855473070060995e+00
1.346091675467968685e+01
1.803885270463557333e+01
7.330466074783889674e+00
-1.024878287227634299e+00
-1.336630288835145386e+01
-1.265506346785960368e+01
4.320941389847646974e+00
7.675287587918726118e+00
6.554675812198528240e-01
-8.537700699871288990e-01
-1.607654030428404601e+00
-9.860915023683487490e-01
2.971477732132178584e+00
2.254397620274729785e+00
-2.888367379475392571e+00
-2.087555173221485649e+00
3.707461334372481154e+00
7.736424258677926380e-01
-9.920531684717181165e+00
-7.746436810861656141e+00
6.075403335157685270e+00
1.116186066321370873e+01
1.055450068466237390e+01
3.489084121928796023e+00
-1.415675886266357963e+01
-1.348633530698311311e+01
6.048974131591200454e+00
9.159002717614246336e+00
4.468732862625321989e-01
-3.313576731442981149e+00
-7.652442559387787391e+00
-4.740722591019634002e+00
7.994193021186138282e+00
9.118083667085548072e+00
-1.645692963695505606e-01
-2.908537983507130331e+00
-2.581674546674977311e+00
-2.673572213981402435e+00
-7.087181566385618581e-01
6.098234305043762626e-01
1.276514702735505935e+00
1.786430284333179852e+00
1.542398438181497466e+00
5.353716253176331596e-01
-1.437437913323189598e+00
-1.784587674001999025e+00
-3.850030982366148269e-01
6.522585601826679236e-01
1.897343215255144155e+00
-3.182188972061095744e-01
-6.633373481696176022e+00
-5.149902148303570293e+00
3.988841885683422017e+00
8.141734953739687697e+00
9.236708369934845564e+00
3.728489511932766121e+00
-1.120368468453911426e+01
-1.234841159904415875e+01
1.681200897096040148e-01
4.403215201566109016e+00
4.412817930451617521e+00
4.321975191722946974e+00
7.026260160311710301e-01
-7.303532818108141589e-01
7.624858078327922256e-04
-3.948622685358974760e+00
-1.184906010682565203e+01
-7.319326268424940274e+00
9.820205825391489896e+00
1.492490302476236685e+01
1.019284853797272383e+01
2.006419047334718098e+00
-1.463415769140560663e+01
-1.527474221893198703e+01
1.643102764226766821e+00
6.218544338683064332e+00
2.897827144704668623e+00
3.173874284527244960e+00
2.442974097859004434e+00
-7.967420754447285258e-02
-3.669501394264573335e+00
-4.383702197894638886e+00
-1.835284664699937007e+00
-1.773216744305367576e-01
1.523634513385460743e+00
4.513903913597291151e+00
8.306035045884755164e+00
4.380192383040583337e+00
-8.025768172479677887e+00
-1.109389665267846148e+01
-5.839083503855216684e+00
-5.034392131904357193e-01
8.452909391871143541e+00
1.004212173110896344e+01
2.791571867101824367e+00
-1.268698788360512308e+00
-4.662149093142851086e+00
-5.986254438006068490e+00
-3.226344636122920218e+00
1.637836816083784730e-01
5.255317951785182906e+00
3.832091546933459103e+00
-5.217592349289065901e+00
-5.730878012094057894e+00
1.064569524221604002e+00
6.623042169905634324e+00
1.385108790987058747e+01
8.309020436498528284e+00
-1.228731429483612381e+01
-1.823353959131293678e+01
-1.169489841254388374e+01
-2.336273428550208031e+00
1.584660514949910493e+01
1.809575311078819126e+01
2.474350926619854008e+00
-4.232856827082272844e+00
-7.047755262343062377e+00
-7.008126623142931777e+00
3.453951358637699642e-01
4.059397859163468958e+00
5.027404607720581176e+00
-7.231457578527481500e-01
-1.596142891275120945e+01
-1.165327466685646662e+01
1.253635849747538167e+01
1.922741443583025145e+01
1.278693187788340246e+01
3.517473911757913019e+00
-1.550832974586023383e+01
-2.031140453917440425e+01
-9.281277607140738795e+00
5.402865094491532405e-01
1.473077580995766667e+01
1.541976903413058331e+01
-7.612828775507627377e-01
-6.094147306947325760e+00
-4.407235600311167900e+00
-1.615735005370623423e+00
7.114562903599886745e+00
7.271778806235151826e+00
-1.717418114378971961e+00
-1.072421332205826516e+01
-2.298757862786422734e+01
-1.343833117053722681e+01
2.119305335972001458e+01
3.094456036044673652e+01
1.942705805222375304e+01
4.313103572114188822e+00
-2.439455306529953305e+01
-3.239253249591330786e+01
-1.672428483830856294e+01
-1.042360938767927792e+00
2.307516475736679595e+01
2.855337618261939170e+01
1.090460615133977207e+01
-2.767431512999676713e+00
-1.944585496601904495e+01
-1.943830625798339540e+01
2.702015642065332290e+00
9.644970621178250880e+00
5.861720813662705254e+00
2.041713339497957413e+00
-8.394059892006506374e+00
-7.406947375177770354e+00
6.314151372107320803e+00
8.159103545981272632e+00
1.103969225194721959e+00
-1.890634660479807216e+00
-4.641933088549714093e+00
-3.335261132202242074e+00
4.020344618230091704e+00
3.902510020218076470e+00
-3.049811981153710327e+00
-2.331020940179048040e+00
4.211756926152822267e+00
3.583742145494171805e+00
-2.504486197707012529e+00
-5.544624647034451570e+00
-7.418364357437911671e+00
-4.383312237371522535e+00
5.339820405502152312e+00
1.124955400577596798e+01
1.424380708266669338e+01
6.254922346367049357e+00
-1.590169365842514360e+01
-1.860888997594203431e+01
-2.446254959952876451e+00
4.404634283143795237e+00
8.003481889492025658e+00
6.522312924804614553e+00
-4.709208291501691512e+00
-6.501869655246682811e+00
2.214261289849607517e-01
6.404104780302008137e+00
1.575985383351416580e+01
1.096437634871985267e+01
-1.023245982427766343e+01
-2.176651118198000745e+01
-2.693099542701067506e+01
-1.198031057922803910e+01
2.983579046778347177e+01
3.458652132293546089e+01
3.248668973763121137e+00
-9.953312228628927727e+00
-1.651805029025889127e+01
-1.078770083651562395e+01
1.652971813274191248e+01
1.706084429502625355e+01
-7.814521229960747384e+00
-1.679341146185573663e+01
-1.799018969241429033e+01
-8.450388305853108406e+00
1.916088911104772308e+01
2.434016443403660190e+01
7.557850048383605746e+00
-2.940674554025682674e+00
-1.501313464560677069e+01
-1.305621604850512973e+01
8.005751794081817252e+00
1.182695960963492077e+01
1.580048701609180650e+00
-7.462089024412453142e+00
-2.188800561226126007e+01
-1.387866721264405889e+01
2.010529602096753621e+01
2.632549460923683782e+01
8.775890317533644236e+00
-2.521742193712807723e+00
-1.712278806554856203e+01
-1.674325143362553092e+01
3.661014097475761897e+00
8.472757665108400005e+00
1.596102740278682042e+00
8.373230949994057148e-01
4.889018986824794077e-01
-1.051058361036152800e+00
-2.024186255734057749e+00
-2.590380826405684900e-01
4.758497561604843717e+00
3.748855706413249500e+00
-3.259421909776081261e+00
-4.824573981016650137e+00
-2.334058311020771992e+00
1.069153117738932124e-01
4.497899434982128852e+00
2.515151999482173384e+00
-6.773992451509447399e+00
-6.113878321158213502e+00
3.494925007900140379e+00
8.102164295513800241e+00
1.050263291684192346e+01
5.276124786963913849e+00
-1.050366392148877992e+01
-1.452892460182900969e+01
-7.565532118216760971e+00
-5.040302050463599803e-01
1.122577982635793425e+01
1.271599491165166640e+01
1.946065540536918270e+00
-3.147611084646857016e+00
-5.846148122889129439e+00
-6.099241983002077205e+00
-8.306049689203931496e-01
1.498851980337487344e+00
1.635933524061106148e+00
2.589033717396685752e+00
2.859970323062477782e+00
2.273045749844300745e-01
-5.513166335026578935e+00
-3.166992623481090785e+00
7.609070343463248953e+00
6.291035906584827586e+00
-5.904611194572433774e+00
-6.726411738527610318e+00
1.063790236160313540e+00
3.016088302472063720e+00
2.370693026117757896e+00
-4.201228185890015787e-02
-6.472202046115435259e+00
-4.676927243775063303e+00
5.702816408571667495e+00
7.599266311675181740e+00
2.793885734109836427e+00
-3.432092573950699110e-01
-4.709454560608636875e+00
-6.724839248405293901e+00
-5.241635006396146323e+00
-2.069604931752765165e+00
4.131310289979709616e+00
1.000174242038962014e+01
1.550491768479783516e+01
7.712543262704523173e+00
-1.560853339688566699e+01
-2.138001035520110094e+01
-1.110185096917048675e+01
-1.197033175820737316e+00
1.497204938772702398e+01
1.944499901430390665e+01
9.479260658244381688e+00
-2.896690489255460133e-01
-1.465629590822148209e+01
-1.682837165305911853e+01
-3.829365177949522803e+00
3.273297528257848921e+00
8.502360340040516107e+00
1.082361018454234980e+01
6.647445052875042393e+00
1.180512077860505382e+00
-7.193822865648787257e+00
-1.277186072555912055e+01
-1.459196269735917362e+01
-6.498658765871430987e+00
1.421696220691239176e+01
2.043441265180915067e+01
1.267941590585301093e+01
1.832679586278824102e+00
-1.817506341278647852e+01
-1.786233295762341200e+01
5.422723911769713467e+00
1.107651638171967967e+01
4.429405161584253570e+00
-3.354773934730288065e+00
-1.936371169331879472e+01
-1.371215972143574824e+01
1.601295270423703698e+01
2.334208730495420525e+01
1.293213319009763396e+01
2.054506173916492262e+00
-1.779168866203072596e+01
-2.091584529173817941e+01
-4.459016275759487336e+00
4.146289441492116090e+00
1.052817657692179765e+01
9.849971994619227900e+00
-2.746042182302540269e+00
-6.859047845453860148e+00
-4.258607370586755536e+00
1.274329928057960970e+00
1.384512271856555365e+01
9.706426221399466314e+00
-1.238753413365497735e+01
-1.421509599657108858e+01
9.695723986697586394e-01
5.878483787565230045e+00
6.519755127680875617e+00
1.575300558579752153e+00
-1.347432242529135316e+01
-1.046497186241894184e+01
1.083108268042564148e+01
1.352091516948317818e+01
1.635742107741100737e+00
-3.266327818736868949e+00
-7.013826984853564817e+00
-4.009791804691396955e+00
9.235238784839467030e+00
8.562599914605181439e+00
-5.221087987773960215e+00
-1.022887266484698188e+01
-1.036953326032777056e+01
-4.716910676112918921e+00
1.077656819094163332e+01
1.473866738511500785e+01
7.358176780239507053e+00
1.249849627884087599e-01
-1.148431900336190381e+01
-1.165973204330096458e+01
1.880545821656644412e+00
5.710422354885830387e+00
2.950351691343861660e+00
2.793172536926611382e-01
-6.307076692157672859e+00
-5.304879918256864002e+00
4.204755879074586034e+00
7.902225464489252893e+00
7.883004030311126620e+00
3.574890572840300873e+00
-7.863647384669315343e+00
-1.147672627141982993e+01
-7.409779482292545794e+00
-1.214318976260975180e+00
1.052322021152931875e+01
1.119343521998806246e+01
-5.316319093143977437e-01
-4.526283844081993912e+00
-3.982154586517202777e+00
-2.920007595178477189e+00
2.014910175606919207e+00
2.460471249239718272e+00
-1.806310568624570623e+00
-1.678539613906336048e-01
6.148321532776327203e+00
4.178363667478985022e+00
-5.141737015465831284e+00
-8.251743838695078992e+00
-6.917934017312481920e+00
-2.621295366959048856e+00
7.328260375292606987e+00
1.289543749978324882e+01
1.408451946214282380e+01
6.633545382546716773e+00
-1.258725055446655006e+01
-2.268687346711871200e+01
-2.449627729142258303e+01
-1.029663570088802871e+01
2.595351426604035083e+01
3.534966759344649745e+01
1.843238061790202664e+01
1.163659703451330074e+00
-2.692721005647588584e+01
-3.106245862294511895e+01
-6.320831495266896916e+00
6.609586009352251601e+00
1.562916124605581381e+01
1.641537388812960430e+01
1.832931130080335702e+00
-4.870193254535736926e+00
-6.220610547953936198e+00
-6.870740817723996585e+00
-2.542168297657442899e+00
1.423555849806943829e+00
5.494415859642474587e+00
3.592639073303563357e+00
-5.943217018643209393e+00
-5.919760106756589479e+00
2.800456907430000086e+00
7.181899006753737602e+00
1.014122489594791610e+01
5.521256048643586212e+00
-9.347522619571124736e+00
-1.508897953848606299e+01
-1.282558482399871025e+01
-4.573858120479560085e+00
1.413522437579598545e+01
1.988798075267155951e+01
1.220549532205242294e+01
1.991584970669809440e+00
-1.627202042645958358e+01
-1.979354822823626847e+01
-6.335201160506705342e+00
2.592237226827445173e+00
1.219553698325301561e+01
1.329802469507333207e+01
1.988823975874856043e+00
-3.413587354952662523e+00
-5.590868455682937110e+00
-7.417514608346477800e+00
-5.756095275775162889e+00
-1.618042398031744211e+00
5.751586645386826291e+00
9.707358031483966698e+00
9.856193371989377283e+00
3.830906401303221465e+00
-1.066722780838044393e+01
-1.339202318495959609e+01
-4.253183067082888513e+00
2.146762906234084500e+00
9.934334232107941531e+00
7.172820249287505057e+00
-9.108246204211029706e+00
-9.034997696474110995e+00
5.612134523784845896e+00
9.122636974533907761e+00
6.084661219666888776e+00
2.367236521146810713e+00
-6.108507434555516369e+00
-1.149160225421939785e+01
-1.344155040490603170e+01
-6.140724970135027938e+00
1.322030464772737268e+01
1.998129792011526007e+01
1.485512753989586443e+01
4.018283536960227664e+00
-1.828067340853751332e+01
-2.313351555872986864e+01
-9.078159717932884121e+00
1.508177385428715045e+00
1.500704714098750969e+01
1.760204866450653327e+01
5.295826641655224876e+00
-2.575215250724854688e+00
-9.885777216210227536e+00
-1.214547628185640882e+01
-5.857444873201529845e+00
-1.646432055681003592e-01
7.068582190353294159e+00
1.066266042289472971e+01
8.896587442810201196e+00
2.088227218996751233e+00
-1.206709625071252567e+01
-1.199007490677909260e+01
3.236118097553640549e+00
6.902103842063475270e+00
2.733604098135712590e+00
-3.424949480062648988e-01
-6.738528798382759533e+00
-4.965785784131669267e+00
6.319260712782922340e+00
6.097839924734386408e+00
-4.004963243679838136e+00
-5.184433014052023836e+00
-4.170440671438412905e-01
4.139831058329219715e+00
1.150872743625958883e+01
7.212296220937897573e+00
-1.038129701095879120e+01
-1.414408614664174202e+01
-6.139706315779223544e+00
2.877429738724215369e-01
1.012849155686132008e+01
1.071292104053470062e+01
-2.580676653493610972e-01
-4.151438105175031978e+00
-3.687776027453281369e+00
-3.174450856304074531e+00
5.187286325503541740e-01
1.420534528018009723e+00
-6.327877181233090287e-01
9.227092264445989622e-01
5.136921393932163404e+00
2.909946687231073081e+00
-5.401557036816052815e+00
-5.597198163602626231e+00
1.389734548732400432e+00
2.615668406418206526e+00
2.189763839411792978e-01
-4.389707971593440616e-01
-1.263385622188815116e+00
-1.232837367473089252e+00
2.746979808486074703e-01
2.667784435177371183e+00
6.439417262865501534e+00
4.174855647963906513e+00
-4.745363118535657954e+00
-8.834757835665755010e+00
-9.323210639707330216e+00
-3.436402784161829871e+00
1.160595516379315129e+01
1.340477295307935712e+01
1.962444588489353992e+00
-2.555225905648859985e+00
-4.231501874594239432e+00
-7.348307628341177455e+00
-9.013841723056664534e+00
-3.753773480779280192e+00
9.254749392612987791e+00
1.223937813604835512e+01
5.509940067048641588e+00
-5.219740619891796163e-01
-9.559455891090269830e+00
-8.719135933611520173e+00
4.150249507005335126e+00
6.255427735549705659e+00
-7.633420746783634026e-02
-3.016803527797599749e+00
-6.321086635529904463e+00
-3.987475363121879557e+00
5.887792674395432080e+00
9.549717717166824826e+00
8.180412598779316369e+00
3.213932697114821213e+00
-8.301857275954693804e+00
-1.488721696822453744e+01
-1.658725227870296948e+01
-7.637453910995262163e+00
1.561677372094528593e+01
2.599704886657220726e+01
2.440642387050270301e+01
9.039377963938122207e+00
-2.723671649260416672e+01
-3.684000173628461994e+01
-1.940611237130028499e+01
-1.407723112098089535e+00
2.766791615945001581e+01
3.426679530317434796e+01
1.351586109337146091e+01
-1.851454700951664645e+00
-2.018132656860433016e+01
-2.720678941328529632e+01
-1.725414837162848869e+01
-2.474365523999362271e+00
2.273905572631811722e+01
2.780598191848629241e+01
9.626109183768731370e+00
-2.933147123101059961e+00
-1.699565444550334448e+01
-1.847993552871812994e+01
-2.038047214175590316e+00
6.031078116091392438e+00
9.696031746703090093e+00
7.258048015097242178e+00
-6.331347550605292973e+00
-7.257443875712471737e+00
3.757383022377174697e+00
4.105282692252814059e+00
-2.499396267794269821e+00
-2.633095538525251023e+00
8.242529389610039336e-01
2.226163453602263864e+00
3.288243647849411033e+00
1.730004818212501849e+00
-3.422465318879823304e+00
-5.316982293504256774e+00
-4.364990751837829919e+00
-2.031004119719051371e+00
3.178423579923929321e+00
7.399590747253738776e+00
1.065649500826227047e+01
4.992866620583852111e+00
-1.141253775722779551e+01
-1.337152412007348801e+01
-1.562652370551967707e+00
4.067868483375642441e+00
8.067381805293594610e+00
5.472064768766194298e+00
-7.266338015633792224e+00
-6.770518200595955882e+00
6.157755486794795452e+00
4.335016380144287140e+00
-9.094426402337333570e+00
-8.073109138759166470e+00
4.206160863146992668e+00
1.019827954564086170e+01
1.373623208010745600e+01
6.403579165203778345e+00
-1.555231993362152920e+01
-1.833769226555995147e+01
-2.800824436095820325e+00
3.777020081072625324e+00
7.418422392124246478e+00
9.081029411227820702e+00
4.600450964529312792e+00
-1.048818101668042013e-02
-5.962083334753025099e+00
-7.740720177516831946e+00
-3.972694860441036369e+00
6.364633181733693190e-01
7.878069086117390540e+00
5.886879616898943013e+00
-6.794584636015053469e+00
-6.669180022865817570e+00
4.601847191362243628e+00
5.478929532483407527e+00
-6.730594252821480161e-01
-1.629932803249881434e+00
-3.376759872969750664e-01
-4.836193158895719657e-01
-5.409507862056108785e-01
3.034023434901863547e-01
1.833242169371640529e+00
-1.674410264352833577e-01
-5.957420347224538837e+00
-4.397192097647458553e+00
4.318734082859728929e+00
6.883481255336385551e+00
4.931767438020850491e+00
1.120317719036831861e+00
-7.089733076996147076e+00
-7.271978344241484926e+00
1.225685958454620028e+00
3.353559060796612812e+00
1.306214033911111461e+00
1.468245067190837583e+00
1.553477783891469066e+00
5.540117742886007113e-01
-1.044445844437223547e+00
-3.573617283527228405e+00
-7.178750026831835385e+00
-4.202717447970051978e+00
5.989016837465263698e+00
1.050151428909390283e+01
1.051232216987482992e+01
4.270268020529347730e+00
-1.132418243006690162e+01
-1.594351760060271594e+01
-9.700612010152349640e+00
-1.770531341577013862e+00
1.240201925269427363e+01
1.634687137269236246e+01
8.385802630469171959e+00
4.235668136619716861e-01
-1.168582363506335753e+01
-1.425312362264704547e+01
-4.968984321853179509e+00
1.593754937418509376e+00
8.904528367757253093e+00
8.546380786732555634e+00
-2.353206975119197075e+00
-5.368888397169398807e+00
-2.445750906266110025e+00
2.242103775850992520e+00
1.219619327695166611e+01
8.996933269873359507e+00
-8.515892957565577959e+00
-1.590448648921388042e+01
-1.632509820120212751e+01
-6.664558285444552865e+00
1.840464867178935293e+01
2.295023510214194928e+01
7.040884229919970316e+00
-2.484424311993835843e+00
-1.266634253529739240e+01
-1.375814613134894593e+01
-1.234294081159201806e+00
5.050266970236790165e+00
8.045283412157065328e+00
3.956450803843040820e+00
-1.129025848832885082e+01
-9.954223102176966265e+00
7.566880922058601300e+00
1.117854072090996098e+01
5.156645516157143838e+00
3.603239227938241918e-01
-8.120886668675170839e+00
-7.703895016573137688e+00
3.351129983539929746e+00
5.649060687139701109e+00
1.492448751793323369e+00
-2.981927784314335028e+00
-1.119404741347457310e+01
-7.391143060269768306e+00
9.926443173740070236e+00
1.422730764897920963e+01
7.900878589444037203e+00
1.389987899706008001e+00
-1.024701939887558311e+01
-1.410094455172995609e+01
-8.619826389996498861e+00
-1.473938086494493094e+00
1.082909537323939375e+01
1.460827718673186837e+01
8.365291503388462502e+00
9.824100751458836323e-01
-1.116073168832849127e+01
-1.365600609342335225e+01
-4.660530656750002443e+00
1.866027922094018798e+00
9.416172018941427524e+00
8.700770135043551790e+00
-3.078632977337441901e+00
-5.362070998085925133e+00
-7.646033457707210323e-02
8.536637194782925597e-01
7.450890584969631636e-01
8.446525388805978807e-01
-2.639115750642461178e-01
-9.833306401450191414e-01
-1.454334201788154424e+00
-6.543791784189336713e-01
1.824786286762480003e+00
1.400491456789553446e+00
-1.885534769688311130e+00
-2.093483375194115759e+00
1.440999095787172113e-01
1.917257694683546454e+00
4.235136490736880255e+00
2.145799782419173241e+00
-5.130938417156740705e+00
-5.082005290868642611e+00
1.791859298820277502e+00
2.953231790567645731e+00
3.030024774986357916e-01
5.497805129039661232e-01
1.925500207632539817e+00
1.736424342087961259e+00
6.676818629252193604e-01
-3.753167923657398930e+00
-1.222742408054946672e+01
-7.475420769045639346e+00
1.121890397815365503e+01
1.416975211565132220e+01
3.548668880434935780e+00
-2.502611448221403911e+00
-9.179146034296003620e+00
-7.246739963707058862e+00
6.475102819200087900e+00
7.553130708111035041e+00
-2.360272760129697556e+00
-4.013825167844069952e+00
-1.196531129521909875e+00
8.171485390657606818e-01
4.803838534253160653e+00
3.185016798513793934e-01
-1.378540725738768558e+01
-1.014444329426442515e+01
1.059947395122789437e+01
1.585625282393334778e+01
9.534386443638616981e+00
1.940725509729006593e+00
-1.281341012696486459e+01
-1.501153001478717286e+01
-2.909405630778683527e+00
3.547991946075175651e+00
8.566726035860551036e+00
7.664207071826355744e+00
-2.741133510473142465e+00
-4.587572070327929907e+00
8.763823472709554308e-01
-4.679349230779988877e-01
-5.880031442356459692e+00
-3.728139581995980389e+00
4.726967902505471386e+00
7.779540493033610282e+00
6.897139951723744389e+00
2.772067730126377860e+00
-7.031632390848266745e+00
-1.072816655638998640e+01
-8.231850116339689549e+00
-2.280659821090973871e+00
1.008908490883405129e+01
1.207844055181917753e+01
2.883846047382863542e+00
-2.390461899312780858e+00
-7.227808356775083709e+00
-6.227585313910228848e+00
3.382775349432531886e+00
5.049220220847020713e+00
5.011793666101251044e-03
-1.448654908268075525e+00
-2.067863390009708535e+00
-8.811811759653189746e-01
3.588138136922662369e+00
1.140834255839854317e+00
-8.284745249050033067e+00
-6.346742338277609363e+00
6.012271916762063739e+00
1.009738384857843485e+01
8.593092439843445618e+00
3.510041317311195286e+00
-8.705435883331325897e+00
-1.314900802579225747e+01
-9.625377135069030032e+00
-2.333460676378690479e+00
1.242663038889062044e+01
1.353418715406461992e+01
-2.444088246591553104e-01
-5.318264859593575089e+00
-5.721844867299536119e+00
-1.799587934257103505e+00
1.067811759505113756e+01
9.047853271016043308e+00
-6.893155229250740312e+00
-1.287350440602608970e+01
-1.267841374365277929e+01
-5.625346359470946744e+00
1.300163231584978263e+01
1.847223260474865825e+01
1.094807387227799289e+01
1.414532003262299220e+00
-1.563121041779688625e+01
-1.662930502970078095e+01
7.982789825413632023e-01
6.597039593535587443e+00
5.390645930416182452e+00
2.503625544890783150e+00
-7.206903289861609885e+00
-7.332406852255997087e+00
2.590387392703375369e+00
8.393956232577842513e+00
1.325411894822801706e+01
6.857351390708122274e+00
-1.400267363869962800e+01
-1.668476738806754511e+01
-2.407081688419700605e+00
4.181812581604869017e+00
8.866096396226698317e+00
7.445993277513003328e+00
-4.187639377472410551e+00
-5.455361363630748528e+00
2.504566932035967142e+00
1.037131758910830204e+00
-6.838685337280792531e+00
-4.773922654541736144e+00
5.346583855462044177e+00
8.391833811198935678e+00
6.457993181689221096e+00
2.591525822561508097e+00
-6.032989341742048595e+00
-1.024976252512826491e+01
-9.775101964439993907e+00
-3.113224658515346022e+00
1.249482372108734474e+01
1.279997757013472004e+01
-2.687263681978493857e+00
-6.462980830814082367e+00
-2.655992883557733997e+00
2.667301452456944388e-01
6.777676633706960274e+00
5.599993328749490296e+00
-4.443160060004325729e+00
-8.192822112584789096e+00
-7.719926703176748894e+00
-2.784101682185127213e+00
9.659795885377683078e+00
1.107188376928098172e+01
1.252787599091388371e+00
-2.503119128829345286e+00
-3.594135775785620712e+00
-5.095426986013205983e+00
-4.415713883302665899e+00
-9.534528343820379837e-01
5.811535930631024804e+00
6.404139882110597704e+00
4.338209823378699204e-01
-1.974747772501725063e+00
-2.638227043522418658e+00
-2.685374632405561179e+00
-4.440869869329632236e-01
5.394039061274189528e-01
4.532860283421067948e-01
2.009157551885518700e+00
4.674821042171312335e+00
2.409972315789005393e+00
-4.940757484248683440e+00
-6.552803048059627322e+00
-3.120796359959244093e+00
-5.020639002795592720e-01
3.336011620190689975e+00
6.674944031477361150e+00
8.820803394978385725e+00
4.268024254315060162e+00
-8.334799930439809046e+00
-1.216653735926892388e+01
-7.844043847455395735e+00
-1.244264020158891260e+00
1.133618928967225692e+01
1.134691721909748274e+01
-2.687578593862065102e+00
-5.812373426107877883e+00
-1.337743405699503896e+00
1.031352287423986880e+00
5.345866879345549272e+00
4.789342689423512489e+00
-1.906255209216749957e+00
-7.867851845317130000e+00
-1.483847054482902905e+01
-8.242824328312625681e+00
1.429642507213883995e+01
1.842955467895788857e+01
5.988391253567951544e+00
-2.276281664937470861e+00
-1.271763072438807640e+01
-1.090440044545071530e+01
6.935163876717530762e+00
8.965406085843053319e+00
-2.180290534175747474e+00
-4.794734802058621348e+00
-3.905563839683710015e+00
-1.643093689032741000e+00
5.121085588820123213e+00
6.651269341618029074e+00
2.900255365173427524e+00
5.786576605298212606e-01
-2.238961454197949230e+00
-7.030096459199020487e+00
-1.316323278472543556e+01
-7.098009562279917084e+00
1.241612087011677978e+01
1.720913233616692040e+01
8.924979667006207151e+00
6.730255804165544697e-01
-1.311056149791982328e+01
-1.435165706344538883e+01
-6.072164396869609293e-01
4.957420124038909748e+00
6.169269198228935380e+00
4.018239858591671876e+00
-5.602053051969368092e+00
-5.983947573220222083e+00
2.704239592633267186e+00
5.526324971218063986e+00
5.350447172120246009e+00
2.332935091680637285e+00
-6.075184715237935684e+00
-7.998915384293193931e+00
-3.493887738555595313e+00
1.293540321155772777e-02
4.941837085873420854e+00
6.724901489128511045e+00
4.184742776575869350e+00
8.662052396496184858e-01
-4.708379606984282262e+00
-6.482145639576060603e+00
-3.733410130644852387e+00
2.924023499719798913e-01
7.305238975528310696e+00
5.072327056349383412e+00
-7.568139838546915854e+00
-6.791604454443277206e+00
5.836098666797500556e+00
7.170122170703297826e+00
5.700398350544134685e-01
-1.056188881563850490e+00
-1.033460292719827978e+00
-3.902429640740321393e+00
-8.248508914464013131e+00
-4.308798999928322715e+00
8.300727599615797203e+00
1.128170292002879194e+01
5.775535277938671719e+00
7.899036713910070340e-01
-7.216370412716987204e+00
-1.111357051490664283e+01
-9.606195576925959045e+00
-3.252407233665044473e+00
1.046787862161366256e+01
1.478400561524389722e+01
9.309929658528714569e+00
1.499241654519438471e+00
-1.269321638407381769e+01
-1.461356148074992056e+01
-2.574079673798831180e+00
3.357521301453938012e+00
7.128929801087172891e+00
7.057152445020587805e+00
-3.356287027799222389e-01
-3.232594480147475746e+00
-2.691818227524908291e+00
-2.130223065168984853e+00
6.544478922973597790e-01
1.215313317879978205e+00
-6.572540628366391191e-01
1.349502547610648584e+00
6.618714078864693207e+00
4.307184422298295345e+00
-5.290441792765420814e+00
-9.557880398880270079e+00
-1.010091845156043000e+01
-4.839138750568380942e+00
9.081157608855070507e+00
1.543495379000846057e+01
1.468992377104095581e+01
5.444913205105538445e+00
-1.660123774539556152e+01
-2.000997661452248977e+01
-4.370220410251258514e+00
4.459705863727427833e+00
1.268068270147860943e+01
8.778700014866496204e+00
-1.213526815273981363e+01
-1.243312803146198675e+01
6.022713660504834365e+00
1.132013166735820775e+01
9.450815385042924177e+00
3.321294915238107048e+00
-1.239653368314603021e+01
-1.345215212455839193e+01
7.033723970168578310e-01
4.763537727916625997e+00
2.999469128494304027e+00
3.387954148320534209e+00
2.106837882183481003e+00
-9.084283889158988046e-02
-2.871638649467287419e+00
-2.996965753916994046e+00
9.228988881778382725e-02
1.702299196369449596e+00
2.593324495393332985e+00
5.759468857934325614e-01
-5.433595974955207630e+00
-3.874086416972897240e+00
5.246708130735465048e+00
4.415621486829475195e+00
-4.978642217872525144e+00
-5.313763876042747469e+00
1.099248027380520076e+00
5.761519412147809938e+00
1.149129424584402237e+01
6.520020276459697506e+00
-1.124856137405702938e+01
-1.531352816664962191e+01
-7.316876543462181637e+00
-5.718292928943121689e-01
9.958099129433318097e+00
1.356734946378323770e+01
8.213430911368593712e+00
1.262847331823213626e+00
-1.046480701905857380e+01
-1.332208706265032916e+01
-5.744047337531043240e+00
8.461072345847471254e-01
9.850131740440236428e+00
9.468889352505403423e+00
-2.706900340484183598e+00
-5.491630538464374212e+00
-1.234682138998479672e+00
1.497457508195903841e+00
6.319821268279365079e+00
4.779072238030591002e+00
-4.446120011413480455e+00
-9.326856053465116148e+00
-1.158544111386134290e+01
-5.939557062819629252e+00
1.048838254590673991e+01
1.727087074158979618e+01
1.535016402375724631e+01
5.140910233028227694e+00
-1.837916628123504026e+01
-2.277832122162852002e+01
-7.422926142925844850e+00
2.207049074191244298e+00
1.272400733879755919e+01
1.555334942153717925e+01
6.459766901376616133e+00
-1.198352028916851442e+00
-1.056456740084150603e+01
-1.206313072773066253e+01
-2.945923535973276941e+00
2.546990031617861305e+00
7.060849509874054242e+00
7.609465405185911635e+00
1.522855161497119081e+00
-1.296043210269938184e+00
-2.067332632693403394e+00
-5.485228561478248110e+00
-1.007149228609556069e+01
-5.294020862797546023e+00
9.400401497230726378e+00
1.340602250122217143e+01
7.942112345347379865e+00
1.100731500834564836e+00
-1.134911920260974583e+01
-1.249196617341785576e+01
-6.719382170170252744e-01
3.668734376710938605e+00
3.924446982850416266e+00
3.683895787828013635e+00
-4.102820618486498483e-01
-2.577157608985305881e+00
-2.972889270875244350e+00
1.024265936399441301e+00
1.106357824180822824e+01
7.995130700077244690e+00
-8.482740025044922305e+00
-1.338983398663712698e+01
-9.627144424708282244e+00
-2.580481915289824180e+00
1.254020285488895858e+01
1.458312506652159435e+01
2.457589282240238759e+00
-2.868654635308461209e+00
-5.577137519143334998e+00
-6.521369734240721527e+00
-2.337850885999800177e+00
1.781480998547272376e+00
6.788565780730591470e+00
2.921934985978715371e+00
-1.158309081257836581e+01
-9.233126339047522890e+00
9.098707703049054629e+00
1.266095386942335033e+01
5.427541640354839991e+00
5.848135197334802804e-01
-6.916665243827779364e+00
-1.034719204031556217e+01
-8.009252909529807951e+00
-2.148101776885227743e+00
9.630293765049172450e+00
1.093288522378072258e+01
8.854708443809454765e-01
-3.954903589784736440e+00
-6.874566818892279940e+00
-2.238399407462587920e+00
1.326726439470784769e+01
1.076794192374920911e+01
-9.387761075871029703e+00
-1.474687447564095244e+01
-9.723806167676634971e+00
-2.198209683686430438e+00
1.362790291972784829e+01
1.562758199184906616e+01
2.414890245873760666e+00
-3.020699129382434567e+00
-5.048402197824292337e+00
-8.488937153940357305e+00
-9.940209040046687150e+00
-3.876072016919270613e+00
1.065828444789034535e+01
1.335146644896165569e+01
4.365233652637264150e+00
-2.080421967056124810e+00
-1.008776538452199389e+01
-8.081453281273489608e+00
6.789821316735050516e+00
7.329651078061530711e+00
-4.574231696742041109e+00
-4.829595848273851466e+00
2.616208745757764298e+00
2.649106285394909666e+00
-1.687542302577663023e+00
-9.212705951505035795e-01
3.234030332445809286e+00
2.756646274668077989e+00
-1.357346391031536204e+00
-3.343755219363109710e+00
-4.371986743804751718e+00
-1.411696702253679048e+00
6.846114352727549424e+00
5.366209293957780346e+00
-5.855513406618386263e+00
-5.569030745092747203e+00
4.249904659413833663e+00
3.499693580664700931e+00
-5.050142419276977712e+00
-4.680940048222261396e+00
2.173610885782210289e+00
6.433062502991127474e+00
1.059565683370984068e+01
6.033865947572570221e+00
-9.376678120108453030e+00
-1.542404436094339459e+01
-1.354651927071523332e+01
-4.949576965455724675e+00
1.499888332838492211e+01
2.058590627612615975e+01
1.140207837343108466e+01
1.344968229884016653e+00
-1.539388956101969619e+01
-1.845705216188306608e+01
-5.179150103345555145e+00
3.392624524044167256e+00
1.205986678788267774e+01
1.009219650252048162e+01
-6.662457802971198717e+00
-8.806048311158900077e+00
1.527822267222546104e+00
4.424986284470805664e+00
4.680863120328627502e+00
2.306607502713272417e+00
-5.650405158658947435e+00
-5.376933320449439613e+00
3.088582608488852799e+00
3.948928515509090520e+00
-7.018047139770646758e-01
-3.758975377094399661e+00
-7.733569193772948935e+00
-5.395098277986264179e+00
4.659437379127578716e+00
1.212750051320057665e+01
1.866316144476732575e+01
9.688632956380178740e+00
-1.818097660784983560e+01
-2.511435595926998943e+01
-1.295853850431707954e+01
-6.948159075405171414e-01
1.969597061394108906e+01
2.180389494056672817e+01
2.070449827293916023e+00
-6.068945955261598968e+00
-8.247589274847085150e+00
-9.410341941579879688e+00
-4.056225540601165136e+00
7.590271356947039250e-01
5.799218253714753857e+00
7.311691059127968906e+00
3.618051863127454304e+00
-2.605466107959720223e-01
-5.782881694837248787e+00
-4.483323032824101162e+00
5.009929720672738895e+00
5.883888968797031715e+00
-5.001495368536058583e-01
-6.971838642897052907e+00
-1.667363054452542670e+01
-1.055072473953301682e+01
1.364156389465493469e+01
2.227001471593762361e+01
1.835773301308305250e+01
6.140259769757333785e+00
-2.156103914759141560e+01
-2.620616103413687981e+01
-6.594208313872651495e+00
4.753184180288018368e+00
1.566275453102253223e+01
1.246079061712867997e+01
-1.087105033616696659e+01
-1.352925133432563065e+01
1.775030017570871976e+00
1.046950326337298165e+01
1.965679243759300832e+01
1.146434271462107723e+01
-1.891966013748195152e+01
-2.447517960405359716e+01
-7.797447959739178813e+00
2.503570174982795216e+00
1.498170885157188437e+01
1.398326529875568447e+01
-5.375697709593631579e+00
-1.005284026509759165e+01
-3.433607632727594172e+00
3.339530387028038838e+00
1.624032602867200481e+01
1.077522329517296740e+01
-1.545372502007954729e+01
-1.841883965023970759e+01
-1.557330579640114010e+00
4.737968112414027821e+00
7.628146807936670548e+00
7.063380400998833686e+00
-1.567711363789698220e+00
-3.642791957639774925e+00
2.863839993599009981e-02
-6.922922156807190808e-01
-3.417993470947701784e+00
-1.509283789662861697e+00
4.195361382992266464e+00
3.881553552096769444e+00
-1.965444113561407358e+00
-2.721583645361727033e+00
1.896289524135550131e-01
1.358408347212704814e-01
-1.372629402295358902e+00
-1.590651026422606140e+00
-1.301697068343387498e+00
2.867148960986908968e+00
1.165635615101935585e+01
7.011610419986469722e+00
-1.159227430414986593e+01
-1.398313809119590800e+01
-2.389270800420231655e+00
2.309407034522914959e+00
5.139062996614937262e+00
7.027054183572069235e+00
4.971188705433022825e+00
9.808096720353441933e-01
-5.957961079250029712e+00
-6.080547421243889694e+00
1.465877531126879019e+00
4.281852811595650898e+00
4.272102866372928354e+00
-2.685365139645151000e+00
-1.937024491496185519e+01
-1.354372397438004150e+01
1.545766360041517196e+01
2.312375751144585578e+01
1.417416837706002752e+01
2.721291697551087907e+00
-1.955557310470813803e+01
-2.168440824053174865e+01
-1.043835701295094731e+00
7.008706793636413579e+00
8.641074004526513974e+00
6.317364304324993185e+00
-5.996560267832208524e+00
-7.548455981229688305e+00
1.331750246078790001e+00
5.717203061013422349e+00
9.431610226104689687e+00
5.524270741343540791e+00
-8.745148738057148208e+00
-1.177228888223974756e+01
-4.671700539086346637e+00
9.447528302929011357e-01
9.185233509166328858e+00
7.296037501915567880e+00
-7.003703529682205442e+00
-7.902382358330004131e+00
2.564532820330448271e+00
6.271700843160009420e+00
7.333871552929607240e+00
3.413564970743847571e+00
-8.565099047150264155e+00
-1.049370463335460180e+01
-2.729536093299936184e+00
1.229562813726139625e+00
4.732651282379840119e+00
7.736117795214717319e+00
8.339794017902939061e+00
3.648482957826561623e+00
-7.577737224699475860e+00
-1.305496551646745829e+01
-1.312616237976020805e+01
-5.039937123306110323e+00
1.468280316716810319e+01
1.841909848231702540e+01
6.066554585606153793e+00
-2.130945635640314695e+00
-1.174277329527427938e+01
-1.147765386270561905e+01
2.328709570090444547e+00
6.343389455611673000e+00
3.168231576231320012e+00
1.090063998921866117e+00
-3.936040994207947286e+00
-3.281015885939329024e+00
4.082477892198349778e+00
2.123595402628496664e+00
-7.985398972787666416e+00
-6.790848439434337358e+00
3.925053185324690386e+00
9.701401487056314110e+00
1.354852537944669066e+01
6.642596936756981485e+00
-1.434941317905999547e+01
-1.785015522534158094e+01
-4.848948017955999390e+00
2.612458237713052522e+00
1.041259383146366524e+01
1.049549000656471343e+01
-8.487556225800336751e-01
-4.361653552011107493e+00
-2.167961488195357944e+00
-2.466605701176831200e+00
-2.077448565827716198e+00
-1.097864273577238980e-01
2.942331277567248105e+00
3.021849903727707343e+00
-1.742631741798026102e-01
-1.230725616511086029e+00
-9.246492120407131532e-01
-8.129381430129872799e-01
7.262796311986112474e-03
3.303650086988953460e-01
7.437816495617720347e-02
6.277900689930806521e-01
1.789838025671676380e+00
9.868704423279941462e-01
-1.774497875988294560e+00
-2.895780920335065289e+00
-2.734558856011777284e+00
-1.357068601591588486e+00
2.036459057060041378e+00
4.943813192357234598e+00
7.528528498818764625e+00
3.902233401783202549e+00
-7.113571531820945815e+00
-1.013045496161219816e+01
-5.882151853152919330e+00
-6.657936418790451061e-01
8.717840301250227242e+00
9.276139010594047107e+00
-3.052050934255606252e-01
-3.587915105886692935e+00
-3.129889623659745546e+00
-2.700097568036397888e+00
4.090102110611125164e-01
1.153156359028151279e+00
-6.184162588752866174e-01
9.086347391008192664e-01
4.955246584159193723e+00
2.919147935243724401e+00
-4.904073835754127586e+00
-5.484857657502989703e+00
2.357323744865946757e-01
2.010439087379439105e+00
1.919233810023732056e+00
1.048925458292483626e+00
-2.222400174768947245e+00
-1.958699602812490559e+00
1.926786457079481263e+00
2.345775645274749799e+00
2.099917816008505245e-01
6.142455659257158029e-02
9.016327382864069984e-01
-6.272453053537204726e-01
-4.123246357376649129e+00
-2.270639630594159630e+00
4.924247632821853848e+00
2.213236313382523690e+00
-9.904524700754569366e+00
-8.841084846588412205e+00
3.732252916335420778e+00
1.270573256069058488e+01
2.193508441781502327e+01
1.159271604222423768e+01
-2.248193008288287587e+01
-2.752405009390010449e+01
-5.864331420096789316e+00
4.946010395556960759e+00
1.433406947828844302e+01
1.323663553788989766e+01
-4.551767384097563429e+00
-9.118136925374997759e+00
-3.033387970889086738e+00
1.939626106915960158e+00
1.123604720925459155e+01
7.554517319344534521e+00
-1.120648955833166482e+01
-1.227802831709886533e+01
1.907200358816565577e+00
5.004377666607210173e+00
2.017076698575566152e+00
1.443571596365163856e+00
-4.955237162236457715e-01
-1.453401018915622123e+00
-7.280767757565700382e-01
-3.954549375322788385e-01
2.161330910348661927e-01
1.716359617333745036e-01
-7.926063015131574740e-01
1.321018922504863635e+00
6.542012629835291193e+00
4.704518650032430749e+00
-4.110881148627730575e+00
-9.121357697656964802e+00
-1.202361894957676114e+01
-5.542154730765791015e+00
1.313505458293316508e+01
1.683559518270558542e+01
6.330802489208958939e+00
-6.436273850224818460e-01
-9.321121259496960576e+00
-1.319657265660059764e+01
-9.570677219578659134e+00
-2.029704096819918480e+00
1.218218478062522969e+01
1.522427220677575832e+01
5.949307390195507139e+00
-5.776421575313881451e-01
-8.341974405691031436e+00
-1.092653961818611030e+01
-5.767290198222108977e+00
4.299992406704770120e-01
1.005564691811231448e+01
7.621312848116336802e+00
-8.868565668367603294e+00
-9.749073100100916989e+00
2.656938086070528282e+00
9.340112913686882123e+00
1.525518793678848617e+01
8.178105240729912850e+00
-1.576697706622367434e+01
-2.034058633842300168e+01
-7.226868178622464001e+00
9.912319081322654712e-01
1.102410924523872460e+01
1.468829422890327763e+01
8.551305881357805561e+00
5.495258529093460798e-01
-1.244651050407611770e+01
-1.351133329118077242e+01
-6.174864848081442759e-01
4.413172883248791756e+00
5.098437251651290580e+00
4.205590700880877719e+00
-2.007118560217616032e+00
-3.628455883351168421e+00
-8.335940837839130868e-01
1.333010082298377696e+00
4.862530237066829741e+00
3.015785502051436584e+00
-5.189481804827720701e+00
-5.953069492052505574e+00
-2.150489264262469280e-01
1.668704896238815349e+00
1.925114574972233816e+00
3.487967016294691636e+00
4.978824150558688544e+00
2.994607582742618401e+00
-2.675078672382529277e+00
-8.547320436302905833e+00
-1.540238494514949252e+01
-8.387018199228032600e+00
1.455073438239590189e+01
1.946856070351257983e+01
8.176967954015527340e+00
-9.262420720037840560e-01
-1.434918419194088912e+01
-1.301765064968367547e+01
6.568101115147952918e+00
1.010965140578849741e+01
1.128063724038157467e+00
-4.580717774594282865e+00
-1.285040794476818427e+01
-8.043466444148590355e+00
1.271899264703049681e+01
1.522724554179186107e+01
1.723618449898296490e+00
-3.663666638983663404e+00
-6.643636267429634756e+00
-6.297178729760799953e+00
1.091059674151394265e+00
2.789625936008458762e+00
-3.975471316550438505e-01
2.787443580843161905e-01
2.774314910459870553e+00
7.390515438749590826e-01
-5.153346103562624236e+00
-1.221587760143892476e+00
1.245006072968860167e+01
9.295323581080266351e+00
-9.596551728296581985e+00
-1.446294580213764824e+01
-9.081085634137842533e+00
-2.319529884618176219e+00
1.116011798598208493e+01
1.468083137181564979e+01
6.907211195432052975e+00
9.304319732116872466e-04
-9.984079639034355580e+00
-1.112115790258200576e+01
-1.080464387016230043e+00
4.210908013233338743e+00
7.609061450031066265e+00
3.162922591267851580e+00
-1.247525872633890565e+01
-1.006599465625141399e+01
9.951750196745186017e+00
1.222366587963704987e+01
9.148884324117092515e-01
-3.290635820128310574e+00
-5.833763327996446257e+00
-4.185698621261997765e+00
4.809064579875689027e+00
4.789192176966576397e+00
-3.670080385037215454e+00
-3.539707520446496947e+00
2.813158729779643874e+00
2.922707344668739715e+00
-1.037133485384001519e+00
-1.736526373913644727e+00
-7.896215118335512262e-01
1.618843285407296217e-01
2.186151816232019485e+00
3.985009571241824311e-01
-5.629781898088670467e+00
-4.470646511465286466e+00
3.485536478740931088e+00
6.138629778527080028e+00
5.209044883725365338e+00
1.657107692024595513e+00
-6.852021083620653208e+00
-5.970842737885813101e+00
4.794552860088066026e+00
6.073025250994728452e+00
7.281594267689379951e-02
-5.704139382088986743e+00
-1.464166813196547423e+01
-9.013285724925470532e+00
1.328335142552785619e+01
1.922353067487292577e+01
1.142780123338941145e+01
2.579150407575738324e+00
-1.369685670431582203e+01
-1.889842988506095267e+01
-1.107559325190340971e+01
-7.557152720893089981e-01
1.699062553645578788e+01
1.731480127482261366e+01
-2.395188973024803936e+00
-7.924624690497065416e+00
-3.990580758609622691e+00
-3.215387162234605967e+00
-1.034500783577439187e-01
1.203006100854598026e+00
-3.485868335099033266e-01
2.820496810951828692e+00
9.979960829386072874e+00
6.024352089876627403e+00
-8.938469490631831604e+00
-1.321682150499233721e+01
-8.790660528697600284e+00
-2.525551563212237838e+00
9.837173652530028178e+00
1.474396903830979078e+01
1.121012128773538663e+01
2.794477185119327967e+00
-1.430732193548107389e+01
-1.706230213150891828e+01
-4.315598857976336689e+00
2.986112938031945774e+00
9.636589443697348045e+00
1.079668693979461480e+01
2.874992257655037964e+00
-1.605969480556895146e+00
-4.543543414364934918e+00
-8.552283836823317387e+00
-1.163311794767168195e+01
-5.787653039925427123e+00
1.012625835824499632e+01
1.698721098221534120e+01
1.581580439065789534e+01
5.349011810591353999e+00
-1.927660764213580080e+01
-2.240083812951497322e+01
-3.434530062837430897e+00
5.066430055449402836e+00
9.874395560800349969e+00
1.034705217621235462e+01
1.168291754321076681e+00
-3.636104938871013825e+00
-5.523186700479632449e+00
-4.569786430409134681e+00
2.078176628158833861e+00
2.979225031957254632e+00
-1.505147224687144236e+00
8.092598618186130910e-02
6.042045708138065407e+00
3.972419051946600277e+00
-5.139146221137424142e+00
-7.186631746033577350e+00
-3.714868674767378032e+00
-6.454238107776866240e-01
4.536663567916416007e+00
6.345699804046880388e+00
3.917943280673069406e+00
3.057082311972494915e-01
-6.093786622788566198e+00
-5.741813853768528375e+00
2.246503493070584057e+00
3.730738239004551815e+00
3.642004680502457514e-01
-9.217009889654983468e-01
-2.399583296145334721e+00
-1.442629190133795314e+00
2.945339561897945657e+00
3.089873585095532782e+00
-5.979162087657795555e-01
-1.060276574800786964e+00
5.550619904653016912e-01
-9.219227151424485012e-01
-4.677704696703830933e+00
-3.291743317810154057e+00
2.959545219321017218e+00
4.840119525426348268e+00
3.362281884876555882e+00
4.933081134340724927e-02
-6.970188266215293638e+00
-3.102954402841687553e+00
1.256000223796289994e+01
1.046180192178633028e+01
-7.910698127453550832e+00
-1.318975143568706976e+01
-9.760339484270307508e+00
-2.530348099068420176e+00
1.380711003654246305e+01
1.312189777387676415e+01
-5.828432957807989645e+00
-9.182372513307429429e+00
-1.254652742724546854e+00
2.907668488686323993e+00
8.743914412814486781e+00
5.651987209394599532e+00
-8.779897906789294382e+00
-8.301762260671043947e+00
5.686647851211985127e+00
7.413245942502686425e+00
6.853083931776599025e-01
-6.647995435705390754e+00
-1.890685014242903605e+01
-1.226070649730840501e+01
1.565808070657717721e+01
2.380349500863741596e+01
1.579230592105058051e+01
3.180006854276317796e+00
-2.219537478996577917e+01
-2.369194443772181558e+01
1.217268728566799130e+00
9.012874524889001648e+00
6.567799145011624873e+00
5.244791539103458078e+00
-1.967901503679082786e+00
-4.018344823710587654e+00
-2.618987794584914930e-01
1.895303818291645737e+00
4.838726522892254245e+00
3.553701084761998974e+00
-3.164941697208552451e+00
-8.597634242670817883e+00
-1.403813276106378183e+01
-8.342889907198038912e+00
1.072822724329188127e+01
2.058228614120868727e+01
2.324026011473345221e+01
9.443816106317378001e+00
-2.684698268045033487e+01
-3.259964209540058988e+01
-8.306401091216736532e+00
4.631199774210887021e+00
1.628116126360256288e+01
2.052294363696477220e+01
1.082314069510039545e+01
3.817818810004137697e-01
-1.442377457336145419e+01
-1.990545404166756072e+01
-1.331525595752025026e+01
-2.563709216315134043e+00
1.677830482409500945e+01
2.151880933901903603e+01
9.702334585628085151e+00
-2.664888713917370477e-01
-1.391558389431999032e+01
-1.643109654071663428e+01
-4.364091230273708710e+00
3.763901713864237220e+00
1.191796418067079877e+01
7.688626982844686708e+00
-1.298101663962006214e+01
-1.275008751959626885e+01
6.609795158642654656e+00
1.200802964101572101e+01
9.324428356573974952e+00
2.777195289498899378e+00
-1.321723196723307048e+01
-1.153288109420540408e+01
8.892546078158384049e+00
1.074968418690436955e+01
-1.837534114266401453e+00
-8.327741207080759267e+00
-1.467976413891389242e+01
-8.825677832545743229e+00
1.303456280771269249e+01
1.880399777380997151e+01
1.045991795591924678e+01
8.418942788651910814e-01
-1.643671472681427304e+01
-1.565417014485704250e+01
5.890070772566453172e+00
1.026344129822879836e+01
2.028912150611773324e+00
-1.798427157910919227e+00
-7.389566133681391591e+00
-4.958427428696370320e+00
7.969401383275362072e+00
6.287753644966773692e+00
-8.712914054547422182e+00
-9.186472919302440587e+00
1.534942852058937213e+00
9.088162655419811387e+00
1.797109436207049171e+01
9.760551758703451597e+00
-1.906001543403417386e+01
-2.013116657799992737e+01
4.554065711608897615e+00
1.080657826967773438e+01
6.355676068172260607e+00
-1.608758662698404063e+00
-2.043551021422994296e+01
-1.490724299114284079e+01
1.678376520948249251e+01
2.252367141454918453e+01
7.528033367399183717e+00
-2.068973823050368477e+00
-1.514976340624895279e+01
-1.315924427343540337e+01
8.323258827827533679e+00
1.129138185061509425e+01
-8.451900410173028844e-01
-5.759202632579413006e+00
-9.674204467947612684e+00
-5.378302761719301550e+00
1.074623577116545725e+01
1.090133450069664711e+01
-3.972641248592339913e+00
-6.579936772807523759e+00
-1.212127349303106838e+00
2.606394790775311776e+00
9.153785534870815255e+00
6.740234946447333009e+00
-6.268780434189118012e+00
-1.108209725460164030e+01
-9.782684141364129005e+00
-2.776410543102989070e+00
1.390711839228741198e+01
1.243908027336567379e+01
-7.990298523282848286e+00
-9.840894429183865810e+00
2.659614473723437289e+00
6.350331383914533667e+00
6.937680039164593637e+00
3.983240020063483655e+00
-6.000112486219518537e+00
-1.081490710067107486e+01
-1.105504587944947659e+01
-4.532287493627955577e+00
1.190373925320398385e+01
1.577373365789401483e+01
7.147625820974973898e+00
-4.229686188294339289e-01
-1.166909730197006567e+01
-1.213951411161231952e+01
7.626322910163489954e-01
4.912667534922015911e+00
3.353684267020692111e+00
2.313757914209618960e+00
-1.922195183654414441e+00
-2.819164278848589333e+00
6.509833372461182321e-02
1.946198683745949287e+00
4.247615356068341619e+00
2.822491496708284142e+00
-3.266963768149063974e+00
-5.248101466243922708e+00
-3.851482398785313954e+00
-6.291931156541068493e-01
6.261999899443422279e+00
5.025466160127428417e+00
-4.971113750388248320e+00
-4.889842446335277870e+00
3.620716883873468905e+00
4.991819307135066275e+00
1.940099501587145614e+00
6.221491944111492423e-01
-1.225470681293299835e+00
-6.093011334252870448e+00
-1.367437300778808407e+01
-8.589534032086694637e+00
1.011595267237817097e+01
1.835446258853474077e+01
1.852277116305875992e+01
6.794783292486130222e+00
-2.257471183747809462e+01
-2.457828740849837246e+01
1.176186120630617893e+00
9.607917288508623699e+00
8.671217217767065222e+00
4.922304444169774307e+00
-9.065111657920587263e+00
-8.944334551770708686e+00
5.761680965050471670e+00
8.429667890760647708e+00
3.084698905025875515e+00
-5.652791391964928636e-01
-6.677531645526402215e+00
-6.458705905142285708e+00
1.535803867301759773e+00
2.398837817208652634e+00
-2.302742713498389548e+00
2.187063367468270680e+00
1.416222977979333209e+01
9.174062713432538985e+00
-1.205237300939903378e+01
-1.645227409954217279e+01
-7.150795061756685556e+00
5.674141427609139532e-01
1.266251829994463662e+01
1.235012908747460258e+01
-3.132817361947170642e+00
-6.645485273341834365e+00
-1.407899031174726812e+00
-1.587974275476121466e+00
-2.988228409370182082e+00
-1.534014050061273782e+00
1.462483573072059340e+00
6.601320197896101583e+00
1.453286048324575574e+01
8.821720960493740549e+00
-1.174479613537160283e+01
-2.049144205780508798e+01
-1.994821313282004027e+01
-8.007792881076817082e+00
2.153669108620437100e+01
2.865540201939698761e+01
1.324321169015802369e+01
-5.985154250381383711e-01
-2.140122530691090219e+01
-2.181053105517852231e+01
2.884701318709115281e+00
1.029151806749455567e+01
6.020163068235083514e+00
2.034197399160412090e+00
-8.919736681156187785e+00
-8.256038470810214136e+00
5.418173777349870157e+00
9.564095940035446830e+00
7.540163461400049449e+00
2.439791683521979504e+00
-9.766551494617049300e+00
-1.045204294474875439e+01
1.025348555759402869e+00
4.411567827491917448e+00
3.031856992524725403e+00
1.262215158140501226e+00
-4.206931964841288618e+00
-4.075528812770112808e+00
2.107593297946636746e+00
4.492211676463592873e+00
4.780359104985694607e+00
1.911291928634891280e+00
-5.998001159164666696e+00
-6.143445147679241991e+00
1.499464321756889928e+00
3.167105519962492899e+00
9.646829978612579959e-01
7.737362697738847661e-02
-1.623246269723218393e+00
-1.479164024357905616e+00
1.121805875977767819e+00
1.474010049777238818e+00
9.052885086651578372e-02
-8.647149153622826212e-01
-2.169241898520282152e+00
-8.915306481040022879e-01
3.457810597736813207e+00
2.279027779898536554e+00
-4.246732362820714535e+00
-1.141618596596674529e+00
1.084763183931666752e+01
8.825980270149383244e+00
-5.775936085670828390e+00
-1.360436073791592193e+01
-1.831304195745900287e+01
-8.801899156141269387e+00
1.948685714361926102e+01
2.392392465281598746e+01
5.668976827855940925e+00
-4.190084805517322764e+00
-1.354983355847930859e+01
-1.214909722473141684e+01
5.345466577334168967e+00
8.443991523529822629e+00
-4.326770313689406455e-01
-3.697931878793281335e+00
-6.475121274233765156e+00
-4.592279836163106310e+00
4.506547625467257845e+00
1.049507342170925384e+01
1.470368697179701023e+01
7.721546029767940134e+00
-1.344263716448750934e+01
-2.090008489559064842e+01
-1.606695279155941591e+01
-4.510764973720812421e+00
2.007949355804166203e+01
2.377314529399525966e+01
5.048890513567625860e+00
-4.652662321031058923e+00
-1.219816847458746700e+01
-1.172043051677264813e+01
2.224704116954290267e+00
6.728033887810678237e+00
3.867723825482012323e+00
3.444163095865391266e-01
-8.147928788557948110e+00
-6.421043632995605321e+00
6.609249657115806365e+00
8.037717348689024988e+00
1.908389028789660991e-01
-2.687193763369705835e+00
-4.183775462918568167e+00
-1.142367013647815677e+00
8.821797073751550755e+00
6.938188429399890111e+00
-6.644029013351931745e+00
-1.029079841065414236e+01
-6.850074153132185373e+00
-2.139492352921463780e+00
7.698154802415392517e+00
1.093189382871242543e+01
6.789908187618978630e+00
1.170826806998244818e+00
-8.874256177301369064e+00
-9.256492680407257367e+00
1.412895664963119913e+00
5.170264400303329566e+00
4.778244034366244009e+00
-1.551235938642781864e+00
-1.740575270267434860e+01
-1.283967207216675455e+01
1.280834751133570926e+01
2.059321260744080107e+01
1.512520370278355841e+01
4.177983847459040945e+00
-1.972174348708041336e+01
-2.144589852237775318e+01
7.534528125264194909e-01
8.594750258325507986e+00
8.652444981179625572e+00
4.123653890701365121e+00
-1.157949828545910975e+01
-1.029371151756008551e+01
8.322591420305977650e+00
1.139530105530918647e+01
3.338842762179618617e+00
-8.957565381630375745e-01
-6.465088104290522608e+00
-6.600409452972643365e+00
8.543692305151169286e-01
3.072854512956166850e+00
1.627517988599739951e+00
4.878683901978237980e-01
-2.542317322697378756e+00
-2.379516216686302865e+00
1.433663485129915482e+00
3.587609007296669095e+00
5.122758210516956012e+00
2.702440774098775922e+00
-4.892952132367760498e+00
-8.200496787632197027e+00
-7.830604898013815429e+00
-3.313011087106264796e+00
7.653027773600265427e+00
1.306113695367999661e+01
1.309161329833078291e+01
5.269306546130782642e+00
-1.382250545842648393e+01
-1.995167200620833725e+01
-1.325917986293325868e+01
-3.043227304880028239e+00
1.630435286755134072e+01
2.112476750017293980e+01
9.564485350926023699e+00
-5.813167811306972910e-01
-1.492197039139669812e+01
-1.599327122012999425e+01
-2.863153096374608797e-01
6.274440243315507537e+00
7.666587478716525794e+00
3.973802964049259145e+00
-9.643252415298041669e+00
-8.655513417610993798e+00
6.908259007413724007e+00
9.238914042325953702e+00
2.121179035144330260e+00
-1.206163626682576595e+00
-5.030208815376994380e+00
-4.760592104810021041e+00
1.520801196667358246e+00
2.690261076070684432e+00
-2.117572045437202677e-01
-4.642352124295638371e-01
1.834512377626940915e-01
-2.301157143995020138e-01
-9.698653212230380349e-01
5.049403745472098581e-01
4.243947427631630021e+00
3.019934817698858964e+00
-3.135602754417943228e+00
-4.703684688539261138e+00
-2.713199058646607487e+00
-1.739706177662907749e-01
4.691150079164269293e+00
3.514351807725208054e+00
-4.444403173486879410e+00
-4.569517053926749561e+00
1.953955310456106487e+00
4.345833992622407216e+00
4.889697681655694517e+00
2.207564836307834621e+00
-5.620893205793096925e+00
-6.959483582889714803e+00
-1.987505849521875811e+00
8.685050474671990317e-01
3.817289327016755607e+00
5.078857193467150921e+00
3.355834233178673021e+00
1.094197655499508315e+00
-2.592323837197623604e+00
-5.914972742385441684e+00
-8.568106197695675164e+00
-3.877703154566615851e+00
9.478920553891779122e+00
9.946317713974234920e+00
-2.052181642672248785e+00
-5.165150950511534944e+00
-2.943951451708639588e+00
1.469912208629656991e+00
1.174119723943852556e+01
9.094583738840901432e+00
-7.357662636265393630e+00
-1.442034062200615452e+01
-1.531455638354761817e+01
-6.009538221182138429e+00
1.854338331042763954e+01
1.995628151588320165e+01
-1.859337993387809584e+00
-8.618249539776467572e+00
-6.974781473094676443e+00
-3.409848220569990485e+00
8.358226139992355641e+00
7.331719792387763057e+00
-7.193569166126515313e+00
-6.564491002530925989e+00
6.160788999821798839e+00
6.448471180802223479e+00
-1.959356147717387309e+00
-6.209409953832491169e+00
-9.872629321475049125e+00
-5.440036685638365732e+00
9.605162362913313601e+00
1.339857687399644348e+01
7.068856029531209728e+00
4.832523022079750485e-01
-1.072121415202377648e+01
-1.282983229463823349e+01
-4.097272372897618808e+00
1.092820722708693904e+00
5.904844119403339420e+00
1.075433931104767638e+01
1.353112507815066401e+01
6.212027348627090717e+00
-1.297007724100792636e+01
-2.045603568282076168e+01
-1.717817593229437634e+01
-5.685451811068645611e+00
1.976063306276733655e+01
2.672340433719592312e+01
1.437849179342678063e+01
1.137244487065021570e+00
-2.041754827649303650e+01
-2.540628933748640605e+01
-1.036756755578420020e+01
8.273023411455791010e-01
1.433875964544466086e+01
2.036407914594958868e+01
1.486545462731029943e+01
3.049404710516494532e+00
-1.931964152191866901e+01
-2.142755492526129046e+01
-1.242362345382660882e+00
7.135174199865143230e+00
9.809695366014359763e+00
5.531041305097514460e+00
-1.182761242291846493e+01
-1.165697198720498129e+01
5.629142576696992251e+00
1.285304448456961524e+01
1.529255792575153095e+01
6.984929577547701385e+00
-1.732225408960501412e+01
-2.100817748711110156e+01
-4.730206052291180185e+00
3.421879464172322916e+00
1.022098828934645454e+01
1.241846793924072223e+01
5.626707401230284233e+00
-2.662324814033344422e-01
-7.345415566216709990e+00
-1.092199191186059615e+01
-9.128413313065649959e+00
-2.349017597532330193e+00
1.166217231311991043e+01
1.347150024197695828e+01
2.337596024083205659e+00
-2.885426527969238375e+00
-6.032114191825254323e+00
-6.782078952017250195e+00
-2.030396412722693000e+00
1.156719905044966801e+00
3.736329662050935418e+00
4.132485128058307922e+00
8.879046006909857569e-01
-1.142471251713593761e+00
-2.688451526518667922e+00
-1.713304190513951442e+00
2.872299226138766759e+00
3.034169933733696478e+00
-8.951715329752863992e-01
-2.622475932768693951e+00
-3.515694662140603999e+00
-1.424026990715235641e+00
4.875758483501625662e+00
3.644186614095636934e+00
-5.088574918232936284e+00
-4.822784199444305919e+00
2.917689375235291482e+00
5.407206247669266830e+00
5.100234502048961893e+00
2.414276116465047473e+00
-4.850466896987851051e+00
-8.203345229834942742e+00
-7.794907694010923649e+00
-2.769360120052470453e+00
9.157957962665172147e+00
1.188444959012939961e+01
5.288994230157862297e+00
1.059972525371221108e-01
-7.044187138943633464e+00
-1.037391723499739093e+01
-8.207029450504386148e+00
-2.210768722499789618e+00
9.868556429143682251e+00
1.265986397302626365e+01
5.475389110743881460e+00
-6.822579081344811724e-01
-9.284354473086224857e+00
-1.042225277398497063e+01
-1.998639539985602509e+00
1.839682832471057683e+00
3.454759388328996650e+00
6.552335064952957033e+00
8.985967679102756733e+00
3.922184233336352577e+00
-9.417593318816935621e+00
-1.234418476288205468e+01
-5.395068349307455158e+00
3.566938479822432950e-01
8.675694111091525329e+00
9.967008067748263755e+00
2.256761999114268225e+00
-1.962007580040503685e+00
-5.049602845787864780e+00
