-2.328220233122706162e+01
2.819488760984762976e+00
3.181530864018847282e+01
6.254068927206100881e+01
1.043964058835495763e+02
1.558364754702069206e+02
1.492435376126477422e+02
7.936147238382109492e+01
-2.286562095454923593e+01
-1.763040636748867485e+02
-2.346896015050223809e+02
-1.852817992605421296e+02
-1.145925353497087968e+02
1.593339167443459381e+01
7.795033845633400915e+01
5.653591092493578429e+01
4.587152239503470952e+01
1.288304447619662163e+01
9.150655963424968675e+00
4.687394425203257242e+01
7.467006357673693628e+01
1.071668993865708899e+02
1.024547401839769805e+02
5.069871887274623390e+01
-1.676933710770946817e+01
-1.134262024144557301e+02
-1.473818988532202638e+02
-1.085207538801302434e+02
-5.259635575321571110e+01
4.559863808555192577e+01
9.412497828383176568e+01
8.270911372950212126e+01
7.712572539379699776e+01
5.363468842997454544e+01
1.455445393213243221e+01
-3.542341281692657873e+01
-1.171343845322804214e+02
-2.304885096465366132e+02
-2.397926423555615827e+02
-1.366618263626627368e+02
1.353464067276261673e+01
2.469484298060037588e+02
3.297391399471661089e+02
2.404899515022021319e+02
1.221049255163906082e+02
-8.690563688235553741e+01
-1.775451078009390642e+02
-1.242376979287473091e+02
-7.871338564796565151e+01
1.384098133843238720e+01
5.214837002681753120e+01
1.562643959865212828e+01
-2.417342033236701937e+00
-3.002812844759236555e+01
-3.889729799681580147e+01
-1.685815461753350064e+01
1.370109998216946234e-01
2.198379772465362691e+01
3.225970326157462154e+01
2.538470841860649330e+01
1.754276204372552428e+01
3.062053170726401152e+00
-8.418515664572804980e+00
-1.485489213755013793e+01
-2.598938576761192465e+01
-3.921391880439699662e+01
-3.391064045006952909e+01
-9.110836896415017705e+00
2.753635722266584906e+01
8.170422780970353926e+01
8.904357205073961268e+01
4.406367066512059694e+01
-1.758317656915084015e+01
-1.131628938597686727e+02
-1.356515714219403321e+02
-7.412411465774383146e+01
5.690471370974991672e+00
1.325087145500290262e+02
1.695496582628740612e+02
1.011623124101934650e+02
1.683207155335321303e+01
-1.202347745547881885e+02
-1.641036433862381045e+02
-9.633616314860331897e+01
-1.745288268601427362e+01
1.119919751525389273e+02
1.596912378930264822e+02
1.071520454420425068e+02
5.052068928640895251e+01
-4.618224070226721523e+01
-1.007384728755965710e+02
-9.906440424125388233e+01
-1.105669010823650922e+02
-1.129312456727759297e+02
-8.934059849456608049e+01
-4.417427801011350397e+01
3.303614903283855853e+01
1.466181063328459402e+02
1.854121591775799232e+02
1.431819853759487842e+02
7.746899631384530949e+01
-4.036809625061097506e+01
-9.163308353271892770e+01
-6.457641748383038305e+01
-4.041827760187188545e+01
1.118710754441729804e+01
2.862553898500140548e+01
6.012672415792609248e-01
-1.869674388737360360e+01
-4.603446314745491463e+01
-4.835148366530878405e+01
-1.711387641220852984e+01
1.860787772629643655e+01
6.919868381264531365e+01
7.537012119624014872e+01
2.917384574883466541e+01
-3.232532495419115293e+01
-1.260121112066845939e+02
-1.509808083158793011e+02
-9.643517163678548343e+01
-2.507083751595318688e+01
9.036740211650402443e+01
1.459444438333181324e+02
1.294023781214999360e+02
1.136101078272061073e+02
7.115252249801784501e+01
3.631320152539062462e+01
1.687828169283275059e+01
-2.649300297312467833e+01
-8.504584736708130777e+01
-1.088253833254401997e+02
-9.838271223106409025e+01
-7.115373639625256885e+01
-1.482064661417485496e+01
2.291277481255304949e+01
3.924133303240822812e+01
6.795482575082922949e+01
9.810586997989852875e+01
7.938761111722352837e+01
9.735190877355753614e+00
-9.559943334459833864e+01
-2.508505093772236876e+02
-2.830877884463898795e+02
-1.784427827221962843e+02
-3.221678382756073944e+01
2.015832335003147193e+02
3.093207697337943500e+02
2.691207431764171361e+02
2.224865197456490478e+02
1.136475174148528851e+02
3.501204906668259298e+01
3.002791582329244591e+00
-7.337839247061283743e+01
-1.707548461234925412e+02
-2.081783451859236038e+02
-1.887752478414365385e+02
-1.334358505337847305e+02
-2.229312377311708460e+01
4.431571855473746524e+01
6.138518062886216597e+01
9.494693463443745429e+01
1.216885926675449667e+02
1.077105842484485692e+02
5.453492996586307129e+01
-4.023732824610640790e+01
-1.865742431504744729e+02
-2.266959623707508911e+02
-1.506505399210219878e+02
-4.360187974535760702e+01
1.351957590025372440e+02
2.202036494351077351e+02
1.941705484172395586e+02
1.708276863834318249e+02
1.074443555662582241e+02
5.313481732416605041e+01
1.971857210043442876e+01
-5.173481554042842134e+01
-1.487275948993012662e+02
-1.945562131838125310e+02
-1.901977440003451534e+02
-1.633197461677024762e+02
-9.521903645476758982e+01
-4.475803901743607582e+01
-1.514071828814734033e+01
3.840234927090730110e+01
1.029876000140462367e+02
1.487365704335684313e+02
1.776468858767655377e+02
1.946817809165582389e+02
1.925108514624591862e+02
1.504739095001913256e+02
6.374884680620998978e+01
-6.529527579319662323e+01
-2.453020609749571861e+02
-3.113192114397393766e+02
-2.508544118844304478e+02
-1.514299540028491151e+02
3.098049141018254105e+01
1.190825990469335096e+02
9.574090649218162241e+01
8.406512494426789317e+01
3.920661543423754836e+01
1.934369739905309160e+01
3.865912010023395595e+01
3.290955591255453783e+01
1.784090768080943690e+01
3.143069903170761403e+00
-1.858912562292568893e+01
-4.030195544000075358e+01
-6.204817106545002758e+01
-5.559180491174716821e+01
-1.641698110190187521e+01
4.182524208977621072e+01
1.282297041188404876e+02
1.481189697389133357e+02
9.331023158244467197e+01
1.735243655328013546e+01
-1.050704155983253969e+02
-1.578993889332189156e+02
-1.289702372028760635e+02
-9.540346244172665990e+01
-2.678220365211171128e+01
1.521846108538201747e+01
2.050706155736696346e+01
4.403516376805796995e+01
6.978831413012797213e+01
7.456037620895753548e+01
6.179178043448894897e+01
2.990004735682967407e+01
-2.656697042590914748e+01
-5.031291026448165127e+01
-3.883570980458672040e+01
-2.471127364711640340e+01
5.968640941440441772e+00
2.076453914896648811e+01
1.523958921070205719e+01
1.630717842748330781e+01
1.573993491203009754e+01
1.391378122261337680e+01
1.352651709471587615e+01
7.971727796872674965e+00
-2.164875723987123468e+00
-1.574818864026583398e+01
-3.405787836144970981e+01
-5.738014473239049096e+01
-8.612867633551600477e+01
-8.536111070550191471e+01
-5.185593006051180254e+01
-2.696212231498050116e+00
7.198752384394835246e+01
1.091736396431947611e+02
1.033564795216786081e+02
9.344849289577521745e+01
6.307652863489799699e+01
3.414705689018073542e+01
1.024763812631703708e+01
-3.309388874017312787e+01
-9.095361955742262694e+01
-1.081208003578654200e+02
-8.280941609806691872e+01
-3.797669801917484023e+01
4.075907066524231226e+01
7.685411417324547756e+01
6.426928369595148638e+01
5.228888129960041198e+01
2.171449742795854476e+01
-9.487070601162642447e+00
-3.685791085688121171e+01
-8.489341639734425371e+01
-1.494116521827694157e+02
-1.532881566641441680e+02
-9.287095955512761236e+01
-2.046365413915920417e+00
1.396244363086748876e+02
2.021660263502239729e+02
1.745116736645495337e+02
1.366398392168891860e+02
5.492258379719346806e+01
1.804484295728197019e+00
-1.249303618635649649e+01
-5.100994769854080602e+01
-9.561456159428733770e+01
-1.163337317902719548e+02
-1.169685452177896110e+02
-9.779684069046116690e+01
-5.176651796862012844e+01
-1.818407578490144161e+01
2.673805290446815697e+00
3.647012153235516507e+01
7.497827326417146310e+01
9.319703267989369522e+01
9.105287042189779356e+01
7.440338395609215638e+01
3.641241317730458604e+01
7.799889359444510895e+00
-1.052997401389384180e+01
-3.992120244501165161e+01
-7.374535599962271704e+01
-8.000223052103653743e+01
-5.756801007900205747e+01
-1.667009119713564758e+01
5.156825459579003734e+01
7.756437609305993419e+01
5.639922155266452819e+01
2.949056683815652491e+01
-2.082987816291288041e+01
-4.630721979595259796e+01
-4.065015792411855955e+01
-4.166141563431257566e+01
-3.690983166134198967e+01
-2.775421786014975467e+01
-1.756770127460910302e+01
4.326076323754466380e+00
3.729261074526450415e+01
5.310798470479123523e+01
5.134725776165999633e+01
4.534758696088633911e+01
2.828678702680844737e+01
1.226093084006220657e+01
-1.651166712786613200e+00
-2.508829637571196614e+01
-5.555119729878937562e+01
-6.284368542332819629e+01
-4.565000724233110674e+01
-1.666692687295081043e+01
3.214118179321933866e+01
4.938451963001850231e+01
3.085253392458854549e+01
8.189822577523553804e+00
-3.180510433082760713e+01
-4.107534852618487520e+01
-1.351351278462194472e+01
1.702320499514596719e+01
6.341708787493137578e+01
7.554143799593980191e+01
4.635985618587007906e+01
1.037682080374845484e+01
-4.634891576431811444e+01
-6.896015558247782451e+01
-5.039856409562536044e+01
-2.866974285526226396e+01
1.109899696555790172e+01
3.355084957956485425e+01
3.318403607502764885e+01
3.946415001272088574e+01
4.304451944293642640e+01
2.337118078923489861e+01
-1.898327714888640472e+01
-8.195942724080008190e+01
-1.712188971647935887e+02
-1.834483531576530595e+02
-1.106381199078095534e+02
-7.135896027891563520e+00
1.547756899648719582e+02
2.261170913392647606e+02
1.924728736607507074e+02
1.489440772534038331e+02
5.654915890435767523e+01
-3.249847300879849854e+00
-1.826527159235012476e+01
-6.035820122871720628e+01
-1.088982494316303757e+02
-1.293019770047854706e+02
-1.258567893098856132e+02
-9.901761264730011192e+01
-4.061872506615067380e+01
-4.870009514849701127e+00
6.980875711130733130e+00
2.871673541431740162e+01
4.826029182503028636e+01
6.733696989034807245e+01
8.866293859365964636e+01
1.021720162563327676e+02
1.083060285644432525e+02
8.555578375336278896e+01
2.925830659817970414e+01
-5.093500060208305058e+01
-1.627082216173228915e+02
-1.946745899982776677e+02
-1.372563933692715068e+02
-5.079313727271051704e+01
9.488357293847820984e+01
1.484282927199967617e+02
9.496997889194564380e+01
3.296174202232960937e+01
-7.704422028494440156e+01
-1.091100300680026578e+02
-4.581588897895449719e+01
2.004294306882638921e+01
1.223906204984987767e+02
1.517355246347970024e+02
9.090597863165099568e+01
1.998315595318305071e+01
-9.176130624752030940e+01
-1.362872123764409480e+02
-9.830749845478703719e+01
-5.532002087924955447e+01
2.233417181998128953e+01
6.529074002236218632e+01
6.227219877822904692e+01
7.149051778055964235e+01
7.439690618248751264e+01
4.491886565986239788e+01
-1.438287428264094814e+01
-1.064043970321511097e+02
-2.381560527715905380e+02
-2.550918841435759532e+02
-1.459977194521121646e+02
8.970550183332118621e+00
2.510222224172906920e+02
3.356235395745742380e+02
2.391205535561124123e+02
1.136344064194190366e+02
-1.054211338843144148e+02
-1.989808630303826931e+02
-1.397140199834599059e+02
-8.671105857476847234e+01
1.776863248312896104e+01
6.474331691010526413e+01
3.252160627811033322e+01
2.064437348817500606e+01
-9.527676993709204289e-01
-1.524747949733748342e+01
-1.068749338168571938e+01
-1.958413122670448558e+01
-3.527879689555017251e+01
-2.779743412895145482e+01
1.203320448569959789e+00
4.292735368714119204e+01
1.042455100667008452e+02
1.115821281690859763e+02
5.873703887358911402e+01
-1.361123088001850867e+01
-1.251509770226783900e+02
-1.602086926735748023e+02
-1.069721204904059135e+02
-3.740181242792836969e+01
7.940013430812848583e+01
1.210339190686771786e+02
7.286432905660069537e+01
1.943290584700137558e+01
-7.184596402848735863e+01
-9.673955399969989344e+01
-4.004309880453163828e+01
2.150785353663783539e+01
1.164494571508822531e+02
1.433316723943193836e+02
8.714423841927896319e+01
1.990753667879928557e+01
-8.669407045483987417e+01
-1.293578246343368789e+02
-9.407176123555802860e+01
-5.409648096961351627e+01
1.871690250678878442e+01
5.955142265658270873e+01
5.786731561009830216e+01
6.838607350467299284e+01
7.382751775704922181e+01
4.602467520150417357e+01
-1.289974617168837945e+01
-1.037686958896725287e+02
-2.341585885317534235e+02
-2.519714348817796292e+02
-1.460060283173211815e+02
4.289756094577846568e+00
2.394774283107731776e+02
3.235656808507872029e+02
2.336085668253597305e+02
1.170928915463217095e+02
-8.827242953932282887e+01
-1.780192379593324006e+02
-1.262787244407550560e+02
-8.322025102598399826e+01
4.988924408641763009e+00
4.848875028977720092e+01
2.776449167244571825e+01
2.994336794514521927e+01
3.011302655465743072e+01
2.452616395687244122e+01
2.215074711643920935e+01
4.921070406995271540e+00
-2.610564035617461087e+01
-4.113690174025492041e+01
-4.116231489855707082e+01
-3.976224804811050717e+01
-3.048651237249361401e+01
-2.139519093429402830e+01
-1.349717708531330373e+01
2.237294414273790721e+00
2.419622390814106438e+01
3.582875591231410795e+01
3.700047565352588208e+01
3.468865273493261725e+01
2.481424285176140643e+01
1.006254926036321073e+01
-9.663855496293868086e+00
-3.931625071764791812e+01
-7.889362167045520380e+01
-7.549099502475696966e+01
-2.505668578231626142e+01
4.696922308058625362e+01
1.551313032846632325e+02
1.795205642513107875e+02
1.091342892796850492e+02
1.378619162848209712e+01
-1.386065632671911203e+02
-1.935484209742121209e+02
-1.343417654927868341e+02
-6.203087624989647964e+01
6.440337406894865069e+01
1.229635787753857272e+02
9.688830609629644641e+01
7.890007051756676049e+01
3.662122902867375274e+01
-7.221875108037814073e+00
-4.349655460008838048e+01
-1.098537181417025295e+02
-2.000694417090925299e+02
-2.032491375160335565e+02
-1.145783917150569096e+02
1.762690270624964128e+01
2.225576801901047759e+02
2.914582614627640282e+02
2.061471467726082665e+02
9.159470313878181003e+01
-1.069675246072911960e+02
-1.883428821762706775e+02
-1.288108946806995050e+02
-7.070605329483346679e+01
3.881318757377589890e+01
8.724183423034752138e+01
5.426966446151754297e+01
3.717667003424313066e+01
5.239012770160259791e+00
-1.128492637798281706e+01
-4.277561656230123299e-01
-1.498557136169969439e+00
-4.636773111148279725e+00
-1.295755336075707120e+01
-3.164269538065913778e+01
-5.127662391822613586e+01
-7.426647607206692214e+01
-7.245659405221155680e+01
-4.191682134992314701e+01
1.802068393915038813e+00
6.713447126729163017e+01
1.004999707627815440e+02
9.700900350442842068e+01
8.987253937861063946e+01
6.506641481043300246e+01
3.839925425936203141e+01
1.259839586980365844e+01
-3.196538694542652337e+01
-9.196414049083844588e+01
-1.184017337462740471e+02
-1.097220421741215972e+02
-8.727795948266272319e+01
-3.847182496572020227e+01
-7.987118019325993856e+00
8.387535992305594768e-01
2.054676728067133595e+01
4.061823780078528046e+01
6.385721685534131353e+01
9.353506116218173361e+01
1.202935985587804879e+02
1.453386772399831841e+02
1.293540226050484989e+02
6.650379921907634184e+01
-2.416329330979871415e+01
-1.549969159744852334e+02
-2.131898803496661685e+02
-1.890949977366827568e+02
-1.479348417750764781e+02
-5.981986884983105313e+01
-2.078288715812172782e+00
1.651086710381789402e+01
5.881440308909266435e+01
1.059624744989115612e+02
1.261658756753081860e+02
1.226355055171712536e+02
9.590164660855478473e+01
3.805779188757928466e+01
8.998936226894045376e-01
-1.445338478544830352e+01
-4.055160996468823242e+01
-6.592988713387750010e+01
-7.514750300023327156e+01
-6.916267275929324398e+01
-4.648184896493683027e+01
-2.635658554171930845e+00
2.506615167292083157e+01
3.570747859118658596e+01
5.185329858157278693e+01
6.503519774138923992e+01
5.170814092911210480e+01
1.091143475367482729e+01
-5.300810405124217084e+01
-1.471504399877610467e+02
-1.657005253720615485e+02
-1.006398904835292427e+02
-9.090797332891801474e+00
1.370197074982542915e+02
1.920320185348920461e+02
1.412967141968743192e+02
7.838058990605347276e+01
-3.504088826664552414e+01
-8.947427744992118903e+01
-6.991335960816249440e+01
-6.083119785147246716e+01
-3.338843139576948005e+01
-1.102902190197946908e+01
-2.742347855013973046e+00
2.625404657249864471e+01
6.915849473621565835e+01
7.442195531471394077e+01
4.221034990582398905e+01
-7.933290096475970721e+00
-8.868726105055728226e+01
-1.091755562997338416e+02
-6.178096999854846416e+01
-6.591962866470519877e-01
9.788869539467728487e+01
1.266427193961325628e+02
7.322981440859588531e+01
8.604583887015428090e+00
-9.599657113847199241e+01
-1.312134111464677915e+02
-8.284384332205864609e+01
-2.714732865636914028e+01
6.550472181002847094e+01
9.793557077896305429e+01
5.628539784384580713e+01
1.170224573248593458e+01
-6.231326065642258527e+01
-8.109252745720037581e+01
-3.169773389581281720e+01
2.348343959770571487e+01
1.079587034164656387e+02
1.316548472053004275e+02
8.178843204884853435e+01
2.092004331379880711e+01
-7.600706722688637740e+01
-1.184009600876401009e+02
-9.425262802663145578e+01
-6.807810345414222297e+01
-1.538922937348713660e+01
2.018925599364127166e+01
3.057387566786556476e+01
5.726058917050794150e+01
8.878981126437699345e+01
7.867062892695152243e+01
2.685942982181556005e+01
-5.366373074627025375e+01
-1.751664589571632291e+02
-2.019842301215632574e+02
-1.235075581012197006e+02
-1.531872460682701131e+01
1.583749427007855388e+02
2.247783802438599139e+02
1.657886889222343996e+02
9.434969215424310107e+01
-3.510104679606860856e+01
-9.786898735630242641e+01
-7.623029636719502378e+01
-6.794000094540299983e+01
-4.004138444041593203e+01
-1.834396960519883280e+01
-1.333606928149629667e+01
1.420779085569428091e+01
5.661368089821626626e+01
6.431710588952140029e+01
3.836914086178588690e+01
-3.265545871972233893e+00
-7.240587343063729975e+01
-8.632126423300184115e+01
-3.814518768423857864e+01
2.269745138191721168e+01
1.177172166594726974e+02
1.432152690968754598e+02
8.722645553731740620e+01
1.708849212672622997e+01
-9.521402266436335537e+01
-1.443684039401175596e+02
-1.171590826635950435e+02
-8.753223568803085186e+01
-2.728568620072058337e+01
9.201956600634595418e+00
1.226665799397854428e+01
3.156669274167682815e+01
5.273304320196948680e+01
6.440324944116534311e+01
7.070892311168789490e+01
6.574453720139656809e+01
4.740780000225718283e+01
2.978658618968876937e+01
1.166413915689764380e+01
-1.599824785466019428e+01
-5.096663869087703347e+01
-6.978265409345375758e+01
-7.135105702538064065e+01
-6.558575418170750027e+01
-4.619418918327369283e+01
-2.461998916090706047e+01
-1.185015210184758416e+00
3.544660424509550722e+01
8.333494580796019591e+01
9.277550082415554300e+01
6.071328334588490350e+01
9.699914123909042729e+00
-7.372874806008050541e+01
-1.037025058098227532e+02
-7.287114630243237912e+01
-3.412606273811689306e+01
3.476807988062564192e+01
6.720795742168228060e+01
5.450915746009295049e+01
4.710091485008073420e+01
2.754589287624115812e+01
8.666668046144367921e+00
-4.404211258501659287e+00
-3.208340240509597407e+01
-7.074752819036146434e+01
-7.202453025911754025e+01
-3.436445085490638007e+01
2.184721614930269595e+01
1.091425804386922351e+02
1.311767924206237979e+02
7.952877658143900419e+01
1.094604738189254078e+01
-1.000040418349651219e+02
-1.397277517703531657e+02
-9.549411890548546467e+01
-4.299983847505612289e+01
4.794428880322893605e+01
8.549312980488699054e+01
5.674570481895666063e+01
3.080134617878976400e+01
-1.698078117600607939e+01
-3.972719696007357726e+01
-2.786143977573228980e+01
-2.409517932841435695e+01
-1.533745315979424895e+01
-9.517203656573608228e+00
-1.153452233918971004e+01
-6.965255586222498074e+00
1.256862793348369589e+00
1.199076084799439457e+01
2.726974765469626760e+01
4.539184791615476655e+01
6.688624662555865541e+01
6.503863300946665049e+01
3.701680264836979006e+01
-3.948606297195653703e+00
-6.558635541381782730e+01
-8.593993862651508664e+01
-5.945602094410879346e+01
-2.257663599580899216e+01
4.115229689655096479e+01
7.112000462073918072e+01
6.049691861007349303e+01
5.229368120379744056e+01
3.078361074724448088e+01
-5.365026893046021428e+00
-5.349830341268187794e+01
-1.261617367392051392e+02
-2.242303266980769649e+02
-2.300577889865811017e+02
-1.354335485620668180e+02
2.391222545352244211e+00
2.151935692640297191e+02
3.067621567776318443e+02
2.593294116802955500e+02
1.943310554531688865e+02
6.051148586235262172e+01
-2.126430169792670455e+01
-3.451425310279526570e+01
-8.043951172418277906e+01
-1.284832775306486496e+02
-1.507099059423041751e+02
-1.544689603816292163e+02
-1.291076566962938443e+02
-6.847304509408658646e+01
-2.552205495712310324e+01
4.561418806236940959e-01
4.135122949052722419e+01
8.626721854254687116e+01
1.160441133330163410e+02
1.314806677009274551e+02
1.337195752457780600e+02
1.174539043604445681e+02
8.294537963648069478e+01
2.755176002367768007e+01
-5.459022500919412835e+01
-1.657616918119572631e+02
-2.045889643646906393e+02
-1.637060666303969185e+02
-9.441294240856637998e+01
3.056533996939972653e+01
8.745415768671084322e+01
6.500612112411839405e+01
4.634463856844793384e+01
1.176949289536945997e-01
-1.180733826536009268e+01
2.187485706049505652e+01
4.607077924318014794e+01
7.748353609203931569e+01
7.732217417810944937e+01
3.617356345618470215e+01
-1.441023053070934701e+01
-8.667177610504643326e+01
-1.075668704726706437e+02
-6.813452759497452860e+01
-1.380289865067409671e+01
7.580571225055557250e+01
1.115013549539799556e+02
8.338456148259820111e+01
5.167247268850607611e+01
-7.184068682311699483e+00
-5.425327828358943805e+01
-8.250900154001992348e+01
-1.303924981605484277e+02
-1.880070683474498026e+02
-1.808566985114350132e+02
-1.060976092420414858e+02
8.649927900281806359e+00
1.835337388806580918e+02
2.591969583186505588e+02
2.231045418378353133e+02
1.693648654892076593e+02
5.670517715269593140e+01
-1.433889909598283730e+01
-3.111535044101926673e+01
-7.680058238682684646e+01
-1.264148436578657311e+02
-1.390735858193982608e+02
-1.190902967321971460e+02
-6.640810496867699442e+01
2.914553168357120327e+01
7.407027508809692051e+01
6.436127775347132740e+01
5.452079713987563991e+01
2.209381426722601915e+01
6.883561826337523115e-01
-3.926598844298854196e+00
-2.615741591559988422e+01
-5.785332352675291645e+01
-6.393621559094287932e+01
-4.554050927983950459e+01
-1.352149539046092741e+01
4.057908320819010584e+01
7.007703677087255301e+01
7.189146709442307781e+01
7.575012563939462495e+01
7.023897024528824318e+01
5.507953808661644501e+01
3.193727373755985610e+01
-8.473105060106536968e+00
-6.676070967713857840e+01
-9.739436615656705953e+01
-9.856497660989080600e+01
-9.324081835363271864e+01
-7.000006709719323794e+01
-4.251959670678980530e+01
-1.205773587517199275e+01
3.791381099634027407e+01
1.050644813936853126e+02
1.247423369498775685e+02
9.354565604477751606e+01
4.112116668043901768e+01
-4.967695992779324854e+01
-8.877914253604637906e+01
-6.852680914022737113e+01
-4.704040424054699088e+01
-1.437401558885419206e+00
2.544028930400902055e+01
2.626937268487733235e+01
4.043429958640403754e+01
5.683760910374082442e+01
5.271165159613956774e+01
3.010341006312576084e+01
-8.836889371985980901e+00
-6.962262927583300609e+01
-8.942233645678483356e+01
-6.421533181373041543e+01
-2.897075639760057797e+01
3.239049522574947559e+01
5.880449537224919254e+01
4.352416168272949903e+01
2.926482149240829145e+01
1.719750924602179154e-01
-1.208452582390718888e+01
-1.605860553965245741e+00
3.465682965460095133e+00
1.175921044486871025e+01
1.880881550820139125e+01
2.144708802665985203e+01
2.875078796551076721e+01
3.899092277406252549e+01
1.975308614116493899e+01
-3.088281936564362695e+01
-9.905501016257140634e+01
-1.936111736286293308e+02
-2.018937606596524006e+02
-1.135497209507367273e+02
1.026449111711668216e+01
2.003786090718340063e+02
2.707243844973834825e+02
2.030402069187747998e+02
1.127928738310715175e+02
-4.936542542867925221e+01
-1.253037585605239883e+02
-9.531457099956966772e+01
-7.677238257846548208e+01
-2.839590584057984657e+01
-2.043234678274871818e+00
-1.155275838545441047e+01
1.583354552834189022e+00
2.283545078999449629e+01
2.758145971423991227e+01
2.078890921190802032e+01
3.029159799410361842e+00
-3.038648589060127492e+01
-3.485799549291650834e+01
-8.079832219575422414e+00
2.476458094214958194e+01
7.470312972513387706e+01
8.542940967469543523e+01
5.047346136513465353e+01
5.621295963708802468e+00
-6.443352991479544301e+01
-9.613237415694466392e+01
-8.191403783522271453e+01
-6.512192583200830143e+01
-2.876597258351173991e+01
-4.536628882230688831e+00
2.173940740752775103e+00
2.087629720823602497e+01
4.341758914576885076e+01
5.709664633631278718e+01
6.399289871366244853e+01
6.388328223570854902e+01
5.399010347432899692e+01
3.919312805460582183e+01
1.844345934013251664e+01
-1.334941910238692486e+01
-5.606555304584431809e+01
-7.912666647943989062e+01
-8.079421589101154666e+01
-7.613448732920886641e+01
-5.711680359988564248e+01
-3.537427679053331531e+01
-1.167382767759222695e+01
2.678748118066867434e+01
7.799366002773633966e+01
9.665355561552883046e+01
8.051445666672574930e+01
5.010126388717016965e+01
-6.565727330192184574e+00
-3.741870397795118208e+01
-3.827222716564502747e+01
-4.466058504305100030e+01
-4.378806799634014624e+01
-3.481377433311986636e+01
-2.013653710817802178e+01
1.023247720825341034e+01
5.677797529032137192e+01
6.585019063226616254e+01
3.489719028601123796e+01
-9.498206435975676598e+00
-8.109433626410978491e+01
-9.444002771810427532e+01
-4.124114754423226259e+01
2.613133180403286104e+01
1.303734935059176792e+02
1.586709185340994566e+02
9.803491866523128806e+01
2.126863034929010965e+01
-1.021690722644390803e+02
-1.492643731474325364e+02
-1.049329489361561940e+02
-5.369808674297180318e+01
3.747263607776562111e+01
8.390152923712807365e+01
7.267727022501713918e+01
7.199126237966794406e+01
5.924626109708507471e+01
2.330210880018263353e+01
-3.132599964681129734e+01
-1.180335065057930706e+02
-2.397909725246683479e+02
-2.520113928498105338e+02
-1.450592969806092754e+02
9.061249491324490535e+00
2.488882381663338492e+02
3.376203057091593678e+02
2.530917628538312272e+02
1.416134990085252241e+02
-5.910209592712843119e+01
-1.517915722438024204e+02
-1.116199597949580209e+02
-8.540446894692088620e+01
-2.157940543585528914e+01
4.528212887317504709e+00
-2.549990324144709319e+01
-3.363657769075101100e+01
-4.112985164931566828e+01
-3.945939870184297860e+01
-1.880891694807842285e+01
1.270154213665810605e-01
2.223138103680488342e+01
4.435208179512816429e+01
6.359144287604691925e+01
8.591875364846022478e+01
1.096355144567030919e+02
9.823670630015944027e+01
4.853860072988970842e+01
-2.403618707022111778e+01
-1.300423534830008521e+02
-1.695946100593577057e+02
-1.342480841881348965e+02
-8.115266150469145146e+01
1.618134812223967245e+01
6.389630555422414915e+01
5.178371495661279056e+01
