-3.490056314508615642e+00
-2.711374939925016747e+01
-5.241618719044612362e+01
-7.912589139497485746e+01
-1.130124219792553646e+02
-1.528770488329157899e+02
-1.702655319451066589e+02
-1.631725907358906795e+02
-1.442903927142850762e+02
-1.057384285794494190e+02
-6.556113440297357897e+01
-2.459223462031842899e+01
3.317983312393175765e+01
1.042244536695250616e+02
1.555736515159643432e+02
1.862770193229866607e+02
2.098107198860222127e+02
2.176021382359440679e+02
2.332606020176247341e+02
2.580665270730893326e+02
2.729254064689152983e+02
2.828357115006185722e+02
2.748638436350346979e+02
2.452277157955120117e+02
2.032298043174446320e+02
1.442695886106497767e+02
7.065456012012629117e+01
-1.756403780679211835e+01
-1.261105942047310862e+02
-2.551089329371537247e+02
-3.424088106886386527e+02
-3.832883130838570764e+02
-4.077318748335831629e+02
-3.986906948188028537e+02
-3.942570407397191730e+02
-3.968287978120713433e+02
-3.724911419880841095e+02
-3.290303661134988147e+02
-2.818179402779599627e+02
-2.274660621745246658e+02
-1.633538824908467006e+02
-9.195294460306124051e+01
5.030261744201538932e+00
1.289607165761715635e+02
2.694711287976137442e+02
4.312948162862182926e+02
5.271722520048557499e+02
5.479735736302603755e+02
5.386801189596239965e+02
4.744357136529594072e+02
4.038183733706977705e+02
3.298598907104065461e+02
2.061248310002590927e+02
4.205684146630824216e+01
-6.389848916113179200e+01
-1.091185962115615666e+02
-1.348031534979590731e+02
-1.156255950893975495e+02
-1.216719661778434016e+02
-1.571573221794195661e+02
-1.657420404963419003e+02
-1.625415974775238510e+02
-1.666169022612374704e+02
-1.729281413177352249e+02
-1.826773601457586835e+02
-1.991603013387549481e+02
-1.969094596937434005e+02
-1.752887226027557688e+02
-1.491862639230249101e+02
-1.127737226885300998e+02
-8.150540229359704369e+01
-5.779830750610877033e+01
-2.975540870071289845e+01
-1.601089972166282571e+00
3.224893163316280464e+01
7.318888450907316212e+01
1.150110123076437105e+02
1.592448999326118724e+02
1.848797466005765671e+02
1.889466495040471443e+02
1.823989698263215757e+02
1.588427747649547541e+02
1.292260535063017812e+02
9.396745498547514330e+01
4.164301246525701572e+01
-2.590502358887853163e+01
-6.957807835261083085e+01
-8.748883568343785555e+01
-9.733733050716959667e+01
-8.880795573855790792e+01
-8.810208026629426570e+01
-9.691552941765495177e+01
-9.337299053891057099e+01
-8.307112422410764907e+01
-6.672360673666699427e+01
-4.153269051150702040e+01
-1.079130593853872355e+01
2.629944730803840258e+01
7.589749055848345449e+01
1.382965613997215542e+02
2.115897506162135926e+02
2.975138016942137256e+02
3.362809478374606442e+02
3.222058424141541764e+02
2.850006573000481467e+02
2.077765151187549577e+02
1.249431412328499249e+02
3.848982928327221487e+01
-8.381293853663022730e+01
-2.352648951940371660e+02
-3.316788891044550383e+02
-3.695244886253164509e+02
-3.846650432810399138e+02
-3.548359692765822615e+02
-3.377576143433755078e+02
-3.365787063472148475e+02
-3.033115719799063186e+02
-2.499925663205431192e+02
-2.032834460844038631e+02
-1.594662768754189131e+02
-1.136532118633252111e+02
-7.125925065513253287e+01
-3.932089528169427695e+00
8.970148060423767333e+01
1.915967086295040929e+02
3.083898139112058061e+02
3.834824407717350709e+02
4.098310576943839578e+02
4.191790996309712796e+02
3.951929096074088648e+02
3.664831077637623480e+02
3.352665086272235158e+02
2.726885342868939688e+02
1.843241278480397796e+02
1.178397061221292006e+02
7.332268913626505480e+01
3.121291317747727589e+01
3.184980525914411942e+00
-4.651397022839808670e+01
-1.203928334274660870e+02
-1.911599703379499147e+02
-2.669371796881532077e+02
-3.178230618813262254e+02
-3.378256302152198600e+02
-3.468178189768993320e+02
-3.354069721392453971e+02
-3.143381868725474533e+02
-2.846639355305416075e+02
-2.323235568810032987e+02
-1.590544923648120061e+02
-1.019525968956998270e+02
-6.192820998405888844e+01
-2.184611335066771787e+01
9.044206175334753794e+00
5.659676378560437371e+01
1.229660516833199040e+02
1.877578924733174404e+02
2.569345221888492006e+02
3.003536381787938012e+02
3.126868467307205606e+02
3.123596770895085228e+02
2.900419885222937637e+02
2.583522025520866237e+02
2.181954575746239300e+02
1.546275546988439658e+02
6.973974635483348550e+01
1.231440039644672169e+01
-1.558826116108943793e+01
-3.631393865663663689e+01
-3.719655830610534508e+01
-5.108466943499095692e+01
-8.031400210376469317e+01
-9.784243853431955529e+01
-1.108577485982145276e+02
-1.280553870608374609e+02
-1.469455751318919852e+02
-1.682987738771551562e+02
-1.935460454923924090e+02
-2.108910760901614481e+02
-2.200376011766500142e+02
-2.277737744724035736e+02
-2.313835269337727709e+02
-2.189999205159845417e+02
-1.897444570460784803e+02
-1.469647802933429830e+02
-8.704802220214686770e+01
-1.823568421589603972e+01
5.978507021783330089e+01
1.546796389210939253e+02
2.652679644221245212e+02
3.324423040738169561e+02
3.516119237616863984e+02
3.501931391132935687e+02
3.117417842240615187e+02
2.730554115059932201e+02
2.360285548690509643e+02
1.677048522111125521e+02
7.534651525303050335e+01
1.311445433602528432e+01
-1.843945884679072122e+01
-4.062332711724509693e+01
-3.977672503841255036e+01
-5.654588555276227879e+01
-9.328014820886012615e+01
-1.182952197638185794e+02
-1.404521518875728248e+02
-1.565253363515759588e+02
-1.624496722880364530e+02
-1.658260860233555434e+02
-1.646205578109370151e+02
-1.526517501986914453e+02
-1.300701947726385015e+02
-9.775357239564208101e+01
-5.404919158881924801e+01
-2.107281371027870165e+01
-4.115830789630461339e-01
2.000437912252862915e+01
3.437958866186616547e+01
5.569501768278779252e+01
8.529689512595641077e+01
1.119083078011318122e+02
1.385139311384296548e+02
1.466814806082693963e+02
1.331120500614358093e+02
1.084921113745512713e+02
6.700286384753114532e+01
1.657829984398196643e+01
-4.243525554167022307e+01
-1.194964293729338465e+02
-2.134216041175814951e+02
-2.631411330040434677e+02
-2.643334112935605162e+02
-2.454562942458848340e+02
-1.897753767533664302e+02
-1.355700802394343327e+02
-8.502671367016350246e+01
-4.361898955929904176e+00
9.867820711179001592e+01
1.682515683342933812e+02
2.035760134207970395e+02
2.262552353401108292e+02
2.220336736041486461e+02
2.324566473745811948e+02
2.596990041619565659e+02
2.709761479729364169e+02
2.751613852132724674e+02
2.620323854906932866e+02
2.264939335804965879e+02
1.792441153751331342e+02
1.160165340138283483e+02
3.404429250399274309e+01
-6.662172532547737092e+01
-1.890026108507754543e+02
-3.343533294879284199e+02
-4.145013155845456367e+02
-4.219323708678984985e+02
-3.997039774068296651e+02
-3.232670751695525837e+02
-2.449716137966394740e+02
-1.679470202889224879e+02
-4.437679646949639789e+01
1.153088383969713959e+02
2.113484846817794960e+02
2.408046870568884117e+02
2.445429636879858890e+02
1.966079838185797826e+02
1.678973387569336069e+02
1.622427179187128843e+02
1.221025451789864178e+02
6.244883826610477939e+01
1.969978360965187392e+01
-9.834706987347411555e+00
-3.346936126246073684e+01
-4.314908409514695364e+01
-7.511537368765569056e+01
-1.307277826591841574e+02
-1.855796023661349636e+02
-2.477377495384490089e+02
-2.737784972572669062e+02
-2.570437168539434651e+02
-2.238544087960347326e+02
-1.613029822572220269e+02
-8.836770298063298412e+01
-6.723370477527478073e+00
1.047655344238169874e+02
2.425852073542248206e+02
3.185342274519029502e+02
3.273863012679883013e+02
3.090152038521068789e+02
2.396215744924321029e+02
1.761257430283706071e+02
1.217666151796542522e+02
2.742677200580184405e+01
-9.521747966979482669e+01
-1.672394009983660510e+02
-1.874955729495638366e+02
-1.858548456523157881e+02
-1.420448905646765354e+02
-1.149324996423600993e+02
-1.073475892065420396e+02
-7.264248055696079120e+01
-2.322311913170772613e+01
1.354825466845869641e+01
4.074516522848460909e+01
6.303291778772496912e+01
7.439242613435038720e+01
1.030138465553657880e+02
1.498170493150987284e+02
1.959926685874294208e+02
2.477663581533336981e+02
2.692661470018888394e+02
2.551122340167668767e+02
2.267003445350774200e+02
1.733803414513324412e+02
1.110770236980970225e+02
4.111449711536037199e+01
-5.409440426849099026e+01
-1.716240242436900587e+02
-2.521867380643499814e+02
-2.928878160092979215e+02
-3.203245857503604270e+02
-3.188050719769923376e+02
-3.276672331591661305e+02
-3.493441874988873792e+02
-3.507517141675319294e+02
-3.401938194348255706e+02
-3.137664320931290263e+02
-2.666277592492540975e+02
-2.058798352509755887e+02
-1.287782228386039094e+02
-2.869737267151725746e+01
9.483886615668075137e+01
2.417703406739130969e+02
4.143486947055243377e+02
5.160986937512037684e+02
5.383792012186611373e+02
5.289305982558267942e+02
4.607581064084200193e+02
3.904394964877783423e+02
3.214073140093465213e+02
2.015274235649395962e+02
4.203289804427151921e+01
-6.069182764059372914e+01
-1.047971705714166717e+02
-1.292044519725448026e+02
-1.092897738509252292e+02
-1.153218034918139239e+02
-1.513310914877964990e+02
-1.615183501173785316e+02
-1.610330353033180018e+02
-1.671222339949030129e+02
-1.747220168309136454e+02
-1.859623413410297701e+02
-2.037130663203576546e+02
-2.036789609226124753e+02
-1.853610693696610383e+02
-1.627398512190671340e+02
-1.302812464486269448e+02
-1.003021678242705121e+02
-7.481601502125329262e+01
-4.362590721309484820e+01
-1.003379917319371195e+01
2.991482589583071672e+01
7.751380784637876786e+01
1.282055553435033346e+02
1.832171510497347526e+02
2.181157198684826142e+02
2.298662347151258416e+02
2.308895734313219066e+02
2.139305313549749883e+02
1.924049921474737914e+02
1.669033592593632989e+02
1.240598864922981051e+02
6.626811818526776676e+01
2.613632219603235285e+01
4.660953214072483419e+00
-1.243642962631206927e+01
-1.679281676002664270e+01
-3.136642387200183890e+01
-5.771330146200516253e+01
-7.738628956600641118e+01
-9.543454706528453357e+01
-1.107704281031721933e+02
-1.210544883726953742e+02
-1.302525736016609699e+02
-1.373655530091846515e+02
-1.384097219021634828e+02
-1.334109331898507662e+02
-1.232116917512393286e+02
-1.067491354251273492e+02
-8.897810777132906424e+01
-7.004014307511386050e+01
-4.653065133153499033e+01
-1.952202313221807728e+01
1.395550128670059387e+01
5.454526247837461028e+01
1.000880823326911582e+02
1.515130185165778300e+02
1.768982986081826709e+02
1.729114752747923376e+02
1.553491481490399337e+02
1.150178439811461004e+02
7.010377553286235752e+01
2.151690821045464475e+01
-4.812967352561023660e+01
-1.354240336496066845e+02
-1.851685113661377784e+02
-1.945748547126327708e+02
-1.878235813669234062e+02
-1.501605068664238161e+02
-1.185243536621319151e+02
-9.496254984066563054e+01
-4.826206267846767162e+01
1.393088128598354558e+01
6.275794002970095420e+01
9.955620900919457483e+01
1.330961655994999262e+02
1.565898711607637779e+02
1.951573522613226146e+02
2.500365556691301663e+02
3.032284052289771239e+02
3.603261070536017314e+02
3.777619016970859320e+02
3.492452519222224510e+02
2.992210313471236987e+02
2.146439601726773105e+02
1.160915688884033017e+02
4.814957083567505514e+00
-1.414206014529016784e+02
-3.190134588153008508e+02
-4.291284623302150294e+02
-4.657227492784072638e+02
-4.737736674515232380e+02
-4.265521518799005776e+02
-3.877735517017687243e+02
-3.611004786000834201e+02
-2.914632131958301215e+02
-1.919398727263869944e+02
-1.171466473908205899e+02
-6.487260285757142242e+01
-1.745339015195380128e+01
1.225588226361472977e+01
7.086186892560931483e+01
1.608908817623301388e+02
2.487955601969688928e+02
3.450564670385215322e+02
3.940753723022725694e+02
3.868051556708941803e+02
3.569437410698722601e+02
2.876735481151259819e+02
2.028672798273200044e+02
1.044346014508142986e+02
-3.491627337936679965e+01
-2.109770802425744591e+02
-3.130344326997902158e+02
-3.348662523074822275e+02
-3.268971271052544694e+02
-2.594939264050474890e+02
-2.046619107452406467e+02
-1.667816897155201445e+02
-8.432910866117259729e+01
2.767889728269487293e+01
1.015690636677190923e+02
1.388815297510585935e+02
1.619450725592204492e+02
1.542473542791418026e+02
1.712805040049691740e+02
2.156782038916579154e+02
2.460998148210208853e+02
2.746111973565899120e+02
2.779930862054439444e+02
2.492524131343591876e+02
2.076864525177568623e+02
1.453296841377976989e+02
6.496211824761130060e+01
-3.257734640401415049e+01
-1.562672336017391785e+02
-3.061392318184090300e+02
-3.896790416839571662e+02
-3.998641022952390358e+02
-3.810757120548457806e+02
-3.079063209290753207e+02
-2.366930446486329060e+02
-1.708803475156159095e+02
-6.008706203914502453e+01
8.426105337037071763e+01
1.711350828593083975e+02
1.986341316503363430e+02
2.027083074133369109e+02
1.598932363362104354e+02
1.365235371352151788e+02
1.360496525172025031e+02
1.054063387505948981e+02
5.864252767635981201e+01
2.607462848726965632e+01
4.097149430878655352e+00
-1.224785537538286384e+01
-1.636990277497933022e+01
-3.975626144923205629e+01
-8.344691697079866799e+01
-1.265804486221462071e+02
-1.761391268337253280e+02
-1.988373335218653608e+02
-1.894224489262256270e+02
-1.686783120343580720e+02
-1.267252244599483930e+02
-7.755736556684158245e+01
-2.257359843232459085e+01
5.409460714719983088e+01
1.498086097913115964e+02
2.069298981993375151e+02
2.224112615586351183e+02
2.221511962128593041e+02
1.907749974101939756e+02
1.660166786115516118e+02
1.501220105717980857e+02
1.109915805257017922e+02
5.648822234014414079e+01
1.872815376796021525e+01
-3.406558865514160317e+00
-2.004955393705856537e+01
-2.350364466491128468e+01
-4.090719113208784563e+01
-7.355992211715236806e+01
-1.016331593163420450e+02
-1.310918137392970095e+02
-1.477570399247718456e+02
-1.480645485914055826e+02
-1.429012502414352355e+02
-1.276488010875941370e+02
-1.054914656034309814e+02
-7.701539507415026264e+01
-3.632923078095506497e+01
1.615764054713693554e+01
4.785353177566517502e+01
5.679719554278162263e+01
5.847290910207865267e+01
4.418745458286919359e+01
3.458985958133048655e+01
3.110429820409263613e+01
1.597546519883846372e+01
-6.414940926099085061e+00
-1.122608794833275780e+01
1.678923749003740307e+00
2.345842922076927906e+01
6.045568166918558006e+01
9.374424164913752122e+01
1.225178777914743051e+02
1.616392096205290443e+02
2.071567162497620700e+02
2.244216208536155932e+02
2.117491680098728182e+02
1.827650621945811338e+02
1.280020358534165723e+02
7.133907973292008364e+01
1.358231819399252061e+01
-6.562504914626020991e+01
-1.616504349205916640e+02
-2.267438085658803288e+02
-2.590258646824465245e+02
-2.782407593915545476e+02
-2.717307328197969127e+02
-2.729435701792218083e+02
-2.835593999864943839e+02
-2.759340432053720633e+02
-2.569879966595743781e+02
-2.297583829312748662e+02
-1.908213903909399392e+02
-1.430804274818142403e+02
-8.605260514642468195e+01
-1.036185360394958899e+01
8.457473351030246533e+01
1.951574602100450875e+02
3.240026631891502120e+02
4.028224774067276712e+02
4.250963660519585687e+02
4.253286803145297199e+02
3.843016549983448726e+02
3.411635594526118780e+02
2.983701069142679216e+02
2.193384923875945560e+02
1.118100552330978701e+02
3.970855451696584737e+01
3.871772008576238377e+00
-2.142959188454849340e+01
-2.006431057312430610e+01
-3.925669485826427518e+01
-8.185203097603266542e+01
-1.108416893096740097e+02
-1.365545769211320533e+02
-1.674706330168535544e+02
-2.000948761287873765e+02
-2.375757237456528230e+02
-2.810996941766700843e+02
-3.164945452623966275e+02
-3.437013204635154580e+02
-3.704859092167084214e+02
-3.936899705064424211e+02
-3.836992373235237324e+02
-3.378416115216559774e+02
-2.674372339567937615e+02
-1.636682595560822904e+02
-4.529401923610528513e+01
8.772862105981796788e+01
2.531312967098282058e+02
4.479029647559621594e+02
5.630305228302520391e+02
5.905556758886302759e+02
5.804959294889979446e+02
5.027184320598913700e+02
4.259113162212152588e+02
3.536345987464317773e+02
2.249632176699923889e+02
5.355353990636294270e+01
-5.778874351828368106e+01
-1.076330767139244955e+02
-1.363496435773677149e+02
-1.177885187076251725e+02
-1.284739913232043307e+02
-1.726361911093355275e+02
-1.900937855065324698e+02
-1.973449839626305788e+02
-2.040035398952130095e+02
-2.037680375601400442e+02
-2.032960751506000179e+02
-2.031368644885411925e+02
-1.822318096237571581e+02
-1.403057096272347053e+02
-8.758481164244722095e+01
-1.907813189314705937e+01
2.753670747116347428e+01
4.836980471808918480e+01
6.533778128679816177e+01
6.813015022232174545e+01
7.644507605420501761e+01
9.240354594436104207e+01
9.739350488952506169e+01
9.576454483943227558e+01
9.194396505172110778e+01
8.374069188406598130e+01
7.182768802831328969e+01
5.646756244486144283e+01
3.047021186580362695e+01
-6.666542293823625620e+00
-5.159756622184168151e+01
-1.062713861057856377e+02
-1.375654032626726178e+02
-1.422655707825296361e+02
-1.376992021896982124e+02
-1.146076917160553705e+02
-9.175332031582756542e+01
-7.050337379766760648e+01
-3.336446169885275026e+01
1.584288801493990384e+01
5.338762317454892070e+01
7.949621764184742290e+01
1.031052920242588584e+02
1.184259794166524671e+02
1.439466772095128988e+02
1.807880858741807799e+02
2.150056366236163399e+02
2.507272266638471763e+02
2.597486738354566000e+02
2.376579733225593145e+02
2.005957392368285070e+02
1.399790072891198349e+02
6.857854774476072635e+01
-1.285798283273015663e+01
-1.186436769569635601e+02
-2.466349986824075984e+02
-3.210250466313534616e+02
-3.367721746384985408e+02
-3.287345983482176166e+02
-2.762446218758209397e+02
-2.274109994097576646e+02
-1.849521883276320011e+02
-1.067701498940876803e+02
-2.637212624465536948e+00
6.480938782766207851e+01
9.524218869065110482e+01
1.121988140355211669e+02
9.988124362708082060e+01
1.060296977662177511e+02
1.331407983212738770e+02
1.441323225469479041e+02
1.492869092742335795e+02
1.412565998332574679e+02
1.148541366179605632e+02
8.049768345560082139e+01
3.471130332762618309e+01
-2.790143654045373722e+01
-1.071923070334776043e+02
-2.041086183398127218e+02
-3.203382019276393180e+02
-3.764969431103148736e+02
-3.656354679459288377e+02
-3.268876965909378214e+02
-2.381099904359446384e+02
-1.458652172068742061e+02
-5.298352121309689267e+01
8.334952653344502949e+01
2.538735165168832282e+02
3.601037505611776055e+02
3.985108761242863693e+02
4.100510457440271921e+02
3.688529060023553825e+02
3.436580585527256630e+02
3.381223855886614160e+02
2.957098920322250137e+02
2.307944331659768977e+02
1.798899112134540701e+02
1.392491534681384735e+02
1.009390412211208883e+02
7.291781579825787674e+01
1.892346413594447796e+01
-6.263714707818887462e+01
-1.475556376124369820e+02
-2.440627717393505520e+02
-3.150589419735910042e+02
-3.546968408617163391e+02
-3.865998677802822954e+02
-3.998281433523387136e+02
-4.100594591349953930e+02
-4.190311282771299943e+02
-4.091665020334367568e+02
-3.835453130244980571e+02
-3.447113609858477048e+02
-2.898284844110659719e+02
-2.190758614721974311e+02
-1.317101815525343795e+02
-2.120320980559808177e+01
1.136211112789239053e+02
2.710637635918356523e+02
4.534875083038504613e+02
5.641840121370264569e+02
5.941236274265171460e+02
5.911830601766289419e+02
5.280996556974095029e+02
4.613716669005186191e+02
3.942910754267499556e+02
2.744020394424467213e+02
1.127897040785049114e+02
3.306879446431533864e+00
-5.263858386386466037e+01
-9.302481418856436335e+01
-9.410028529880672465e+01
-1.249892581378788776e+02
-1.898575622962376599e+02
-2.343855475290582433e+02
-2.736709788832581580e+02
-2.959802025959571097e+02
-2.936583871195289248e+02
-2.825552196192408587e+02
-2.573367752817812288e+02
-2.109979550574754512e+02
-1.438730464019607780e+02
-5.394977424654727827e+01
6.100027334261947232e+01
1.334254658356388461e+02
1.581930900153135156e+02
1.696376379359244879e+02
1.495042246520480376e+02
1.381979505915538482e+02
1.388692133814621457e+02
1.156810614902899630e+02
7.724493711163046328e+01
4.754491478346508160e+01
2.404531659196539550e+01
9.112773694357416687e-01
-1.677466803606121459e+01
-5.218656837855639452e+01
-1.065657205798111278e+02
-1.645787987162773049e+02
-2.316274530361944528e+02
-2.625089649476087175e+02
-2.514037824872175975e+02
-2.236774650737235675e+02
-1.661803163330910138e+02
-1.015014656553443615e+02
-3.131965178016485396e+01
6.744184971670799200e+01
1.904642384154821855e+02
2.664906995770587628e+02
2.921247413521584235e+02
2.986742118708475573e+02
2.672215646041659625e+02
2.454464925181888191e+02
2.361004202403047714e+02
1.990902002691841233e+02
1.443733842123315299e+02
1.024572527870241458e+02
7.103208412252199366e+01
4.207667449796725379e+01
2.247060219554368388e+01
-1.615419559347157019e+01
-7.515211896310793804e+01
-1.349780195348367613e+02
-2.020400045362477499e+02
-2.464726704335677141e+02
-2.634319684178404941e+02
-2.716920585758057314e+02
-2.623331686494499877e+02
-2.478905563173032931e+02
-2.296149994162944097e+02
-1.932085005037563405e+02
-1.410214860072707665e+02
-9.991697676688768581e+01
-7.004413041504179205e+01
-3.975319098786615513e+01
-1.557962315761767869e+01
2.215221870305800422e+01
7.500382512978995919e+01
1.279352209034408787e+02
1.855119076151574973e+02
2.283850603697933366e+02
2.530165066214665046e+02
2.718353516301073114e+02
2.788811178161393514e+02
2.818767235522778378e+02
2.815441774510596815e+02
2.685619377041295479e+02
2.442762238315049217e+02
2.164262719259307346e+02
1.839928117585387213e+02
1.437195379975251797e+02
9.692455496012776450e+01
3.622079446711110506e+01
-3.936139387013201940e+01
-1.255141179508666625e+02
-2.243601625488041407e+02
-2.975788760972156410e+02
-3.412717771730574441e+02
-3.753466146973073023e+02
-3.889687736216577605e+02
-4.038389862681729028e+02
-4.214210831628672622e+02
-4.212857743191343616e+02
-4.077588846991274636e+02
-3.746929663705270173e+02
-3.182545246201381701e+02
-2.436541358754666931e+02
-1.477149459237467966e+02
-2.806573269623477884e+01
1.160629895931273410e+02
2.871697148523603573e+02
4.867623015656746475e+02
6.057412858850467501e+02
6.344736915200955991e+02
6.261665183970956150e+02
5.502437135768541339e+02
4.714508861379758287e+02
3.935078393010517175e+02
2.569618209916030764e+02
7.458468325762436280e+01
-4.570820963858128749e+01
-1.020441437861419729e+02
-1.379534671274375626e+02
-1.259655787425601119e+02
-1.452135300480288436e+02
-2.003095804343715827e+02
-2.287083780649859079e+02
-2.475543623471005787e+02
-2.601106041809413227e+02
-2.591444828999565289e+02
-2.547581978510903298e+02
-2.455712868800059141e+02
-2.136854250521655274e+02
-1.589743322353627661e+02
-8.829666975194223255e+01
2.801807458296812214e+00
6.184980735345811098e+01
8.406712430854128115e+01
9.811799635205666448e+01
8.970091158703944245e+01
8.809411040458111586e+01
9.598179933038538536e+01
8.650488095606043260e+01
6.599116876593126335e+01
5.589408761851703389e+01
5.461400431125142063e+01
5.606863020478925819e+01
6.503339945125074451e+01
6.229626177499376638e+01
4.682218260082458272e+01
3.188267855245408455e+01
1.307965923321365231e+01
-1.811409910760085840e+00
-1.082039127137171164e+01
-2.092603422406576996e+01
-2.974250123023369241e+01
-3.872527484375716256e+01
-4.853200398522299963e+01
-5.637390039327964786e+01
-6.263784559277782193e+01
-6.001608511980727201e+01
-4.722441245248575825e+01
-2.785091800795095196e+01
5.012451479562256562e-01
3.426002865707182821e+01
7.347652659849819656e+01
1.222892478181067020e+02
1.802607704392562198e+02
2.078945901184450804e+02
2.020399732964479540e+02
1.812495275189054382e+02
1.345277429843099810e+02
8.610258566132793590e+01
3.726021466953215366e+01
-3.384387471739174913e+01
-1.224287766771240058e+02
-1.825959417639664650e+02
-2.129676190642115046e+02
-2.323726533696777210e+02
-2.288580772191612027e+02
-2.350824356392779464e+02
-2.528126970609779391e+02
-2.555423442730768500e+02
-2.501693558159447264e+02
-2.336944739695916837e+02
-2.023830872300752048e+02
-1.621103006331233871e+02
-1.108261851200883115e+02
-4.315145201281934106e+01
4.115918129428159489e+01
1.418016051483992896e+02
2.604888637647788983e+02
3.374726417048216831e+02
3.675058703560980007e+02
3.804712439507529211e+02
3.597573868645498578e+02
3.404108684417109885e+02
3.247128345209862914e+02
2.805583346771845186e+02
2.150184605649247089e+02
1.622124141821342675e+02
1.207769479463068478e+02
7.874536319769089232e+01
4.401214493514713411e+01
-1.207461026255633563e+01
-9.138378620988476086e+01
-1.734575306615577404e+02
-2.649364302234372417e+02
-3.242048012593443786e+02
-3.451091498046793618e+02
-3.521487843025438451e+02
-3.329583847765177325e+02
-3.068409674965728868e+02
-2.753258337073505118e+02
-2.175824657919674223e+02
-1.371891934175463064e+02
-7.622089986432085595e+01
-3.527173824850068229e+01
3.883251430442957286e+00
3.080461184355236526e+01
7.595181169633733020e+01
1.415951836761068989e+02
2.040433095413604860e+02
2.702232783387416362e+02
3.007743515495468500e+02
2.890492319613726409e+02
2.584409306887664002e+02
1.968348448037622234e+02
1.212261151923102176e+02
3.271619039125646111e+01
-8.840849032567483334e+01
-2.393350151723327031e+02
-3.232366336188118225e+02
-3.340261564396856784e+02
-3.163154556297531599e+02
-2.439126779839693882e+02
-1.787624314935447956e+02
-1.245468113760217932e+02
-2.757664416264409368e+01
9.938913716865577896e+01
1.836752109204272188e+02
2.254272350854296860e+02
2.509168650706184280e+02
2.419419043141857628e+02
2.549797673599616132e+02
2.928445305164290744e+02
3.121013735509231992e+02
3.249023554664080393e+02
3.173036121272712080e+02
2.827363552253912644e+02
2.360004817226207763e+02
1.715174294652415767e+02
8.600157523560250183e+01
-2.021422230041519441e+01
-1.511041004509919219e+02
-3.080662880845252971e+02
-4.113344574824395750e+02
-4.545959677040737574e+02
-4.772236724024472210e+02
-4.573410540837165854e+02
-4.427949770262754328e+02
-4.367964640736617525e+02
-3.963880268460794127e+02
-3.314053280672312667e+02
-2.711000906861367525e+02
-2.121808587183881514e+02
-1.467580289524572095e+02
-8.080672370347318179e+01
1.434152293992337945e+01
1.405960880103843351e+02
2.794675898736852560e+02
4.379152679059534421e+02
5.367857213676762740e+02
5.667978636380266835e+02
5.706434405942442254e+02
5.255224281406765385e+02
4.732580913868279708e+02
4.167099107778669236e+02
3.145942046626850583e+02
1.749849077936836466e+02
7.819963529554063086e+01
2.565217366962168555e+01
-1.625465034967086808e+01
-2.725331177651215597e+01
-6.558375319340923681e+01
-1.350483435207601701e+02
-1.897708150844607644e+02
-2.426153797194756123e+02
-2.891260707616521586e+02
-3.234769282629828240e+02
-3.566870329618919300e+02
-3.859086653629354373e+02
-4.023438338372983480e+02
-4.062882514669954617e+02
-3.990657775818090158e+02
-3.783804304782901227e+02
-3.415795756023001672e+02
-2.874659563232751793e+02
-2.149028128118119128e+02
-1.222399978396882290e+02
-1.064044960065510637e+01
1.210914650219589532e+02
2.757640250209673241e+02
4.540976286854369164e+02
5.597607381202257102e+02
5.840920545786494813e+02
5.735561422917875234e+02
5.009853052193935810e+02
4.238448007552925105e+02
3.452008096402258843e+02
2.121243388589492724e+02
3.579889022578279878e+01
-8.025777798889188830e+01
-1.337301088296966327e+02
-1.671101266319521130e+02
-1.538754144152205754e+02
-1.689841234487332429e+02
-2.168476999568753740e+02
-2.377246736584025371e+02
-2.478051354036619500e+02
-2.458976038634606027e+02
-2.245445597388352894e+02
-1.951983251426101731e+02
-1.551946901454650458e+02
-8.981529504404944930e+01
1.102303485496985314e+00
1.135018784353235048e+02
2.513130822349735354e+02
3.258192518430670930e+02
3.289986054104663253e+02
3.062586393001834608e+02
2.329729807336476028e+02
1.601501388601389522e+02
9.137375361409465313e+01
-2.039872939479967329e+01
-1.647785213855942743e+02
-2.512275126260196885e+02
-2.775430766030821701e+02
-2.801334501306652101e+02
-2.355948151279972933e+02
-2.089367811565200839e+02
-2.036226760906502591e+02
-1.672835497094849302e+02
-1.136781617556633108e+02
-7.562957852234703182e+01
-4.982089446526310894e+01
-2.989188123468112224e+01
-2.314363274206433374e+01
3.174025157748821435e+00
5.020618141987724670e+01
9.583389536119322827e+01
1.472917970971669206e+02
1.848978100437375645e+02
2.045952805735194033e+02
2.209405379561756604e+02
2.279255806933844895e+02
2.314023003755646357e+02
2.324463505809468984e+02
2.227583094811248543e+02
2.034638506763121200e+02
1.803124381190170595e+02
1.522574197728396541e+02
1.169306506478890952e+02
7.515729328421157618e+01
2.125611678685872619e+01
-4.560000729783092055e+01
-1.223429361249278600e+02
-2.106855651290911169e+02
-2.727974780362332581e+02
-3.049383661950471378e+02
-3.264669433288948426e+02
-3.267010640001211073e+02
-3.273115271160083921e+02
-3.296991828830274471e+02
-3.135750391682279883e+02
-2.832420524937190294e+02
-2.483254232684109581e+02
-2.066386057618891243e+02
-1.560018734440433832e+02
-9.784387599043637351e+01
-2.077945772921131962e+01
7.626097411287047123e+01
1.870417430163211634e+02
3.146615242362144045e+02
3.976487398637146953e+02
4.297419317019460436e+02
4.425302857060116821e+02
4.185794964625350190e+02
3.925330556974977299e+02
3.665936865628541454e+02
3.079566295206777795e+02
2.234252037663248700e+02
1.565110926594396688e+02
1.064650425450140858e+02
5.651208848689526576e+01
1.702645931406821944e+01
-4.650557289033481823e+01
-1.364635855407554175e+02
-2.273830112720053194e+02
-3.272119068922403358e+02
-3.868478478250394801e+02
-3.987303416862511085e+02
-3.917411814459500761e+02
-3.511220354123803986e+02
-2.992351155666231648e+02
-2.377253938825654700e+02
-1.419565143780058065e+02
-1.592978283939098638e+01
6.692690793983663866e+01
1.036140686072835138e+02
1.270415856302400783e+02
1.180883425105706550e+02
1.265367634808246891e+02
1.557066188481548465e+02
1.645889579172483081e+02
1.639521605461812612e+02
1.584111909270161220e+02
1.432226802095867981e+02
1.233696088891034321e+02
9.845051340609498425e+01
5.527257871361442199e+01
-6.570415350848191061e+00
-8.155658165624761580e+01
-1.730713830231199779e+02
-2.225796641714871384e+02
-2.244556524286340959e+02
-2.092192817244813625e+02
-1.605262895204025142e+02
-1.113663052272607388e+02
-6.412256954529846098e+01
1.202520068114514906e+01
1.103806217318873024e+02
1.704184455494684585e+02
1.906322664459440546e+02
1.955587791722291797e+02
1.695648128291735759e+02
1.559643750505831576e+02
1.571187531300928697e+02
1.381224665919955896e+02
1.081700121329065354e+02
8.505245981082794060e+01
6.615440955462675277e+01
4.918370461645203306e+01
3.783029263044661406e+01
1.264885242848320956e+01
-2.702145126692395749e+01
-6.869533914904602057e+01
-1.167538318828373036e+02
-1.511170383693434474e+02
-1.687420842307474516e+02
-1.823798300226754066e+02
-1.861716794607583267e+02
-1.887077021133785024e+02
-1.909703818950509913e+02
-1.834867552484738269e+02
-1.679841399050438042e+02
-1.486312456247530065e+02
-1.242281079128772348e+02
-9.364920804527481835e+01
-5.734407674231009366e+01
-1.025650851111138628e+01
4.824872867750056571e+01
1.156780823759565209e+02
1.935359589216748191e+02
2.419685435789265568e+02
2.570608287134732564e+02
2.589243770018883879e+02
2.362772680988093441e+02
2.119739072346019668e+02
1.873982187778761386e+02
1.410972224555862908e+02
7.754910093672570781e+01
3.265535749335248283e+01
6.706491226668883421e+00
-1.472561498316457751e+01
-2.267556625982665608e+01
-4.399637872593574173e+01
-8.037593372489102705e+01
-1.110127642624484423e+02
-1.418545831123169307e+02
-1.589164571172540832e+02
-1.583890067500186660e+02
-1.509848481959269293e+02
-1.319815611810331006e+02
-1.042677899912006581e+02
-6.827969426705048761e+01
-1.807515783956368693e+01
4.611498087530598156e+01
8.621337785918140639e+01
9.981711997254292612e+01
1.052132124590568054e+02
9.221322478215456897e+01
8.481088543219826192e+01
8.468838286869326737e+01
7.113332445490968325e+01
4.924038154750210339e+01
2.819843316139008493e+01
6.121641494330437361e+00
-1.806999388283162489e+01
-4.274919512506225772e+01
-7.866786806835585821e+01
-1.263945752585670022e+02
-1.795525638132570805e+02
-2.407533211401450330e+02
-2.671165743414580902e+02
-2.539539839996786554e+02
-2.234962404791544088e+02
-1.634397835485501389e+02
-9.716870852740937892e+01
-2.609812756454173055e+01
7.248430318317059573e+01
1.941105345438825225e+02
2.704648296025875425e+02
2.982781368410890650e+02
3.073115778468901453e+02
2.793798819760766605e+02
2.604171130099090874e+02
2.529842977643986899e+02
2.184457434957663793e+02
1.663440544276075741e+02
1.238314401055524030e+02
8.841657890806055775e+01
5.334238722489383377e+01
2.455401376816407222e+01
-2.408453725739642692e+01
-9.388432225864472969e+01
-1.672652913360826119e+02
-2.502294654229974356e+02
-2.976808481974896949e+02
-3.035257578744433999e+02
-2.934619671110499439e+02
-2.542752072917982389e+02
-2.078483203390375422e+02
-1.558311721269253667e+02
-7.539895602238769357e+01
2.932131468265863816e+01
9.353646467113907192e+01
1.145553025291667097e+02
1.208532508182925085e+02
9.544686822388565872e+01
8.232015734546243380e+01
8.418450554002377828e+01
6.461339719628760747e+01
3.297041897735439164e+01
1.756395350949586387e+01
1.654669708228634306e+01
2.275533456168034263e+01
4.277684923184459365e+01
5.079079292686513725e+01
4.580022974828207083e+01
4.603280823983686076e+01
4.585042889883874295e+01
4.029272448158349107e+01
3.070481075356121181e+01
1.534987590092770127e+01
-6.835592829765962719e+00
-2.843251024295766527e+01
-4.970948444438420921e+01
-7.533926016362740086e+01
-1.039221275544872327e+02
-1.132599206948757455e+02
-1.015936097529789208e+02
-7.840904519353588853e+01
-3.738318829136169796e+01
7.249908667935860862e+00
5.504925215624923851e+01
1.188738540387614648e+02
1.960906558111827849e+02
2.326480385817048955e+02
2.250703634354727285e+02
1.973424185908909294e+02
1.346553964359794406e+02
7.199222959213614104e+01
1.108131234681812316e+01
-7.859445381704081512e+01
-1.900507365057227389e+02
-2.548065249330055053e+02
-2.703172966337929211e+02
-2.645897782463036378e+02
-2.195091919531365932e+02
-1.830888440862835580e+02
-1.576847929374193882e+02
-1.036589416196350300e+02
-3.092077485154106498e+01
1.397996886263451266e+01
3.161958956395139353e+01
3.758235106916411894e+01
2.027704909793003551e+01
1.732852641986157494e+01
3.040028300593179011e+01
3.098659654109011896e+01
2.713150986778542872e+01
3.964272194894396506e+01
6.732373768347491705e+01
1.059288989738417541e+02
1.605502786089809604e+02
2.118075347107134405e+02
2.593630513321811577e+02
3.172612146534847284e+02
3.815485677223686025e+02
4.011907828408270689e+02
3.726072605432505611e+02
3.170528130924203083e+02
2.201640920488490849e+02
1.151366997006984008e+02
2.997888624680367542e+00
-1.458290620450545134e+02
-3.251441854885811722e+02
-4.412195568858913930e+02
-4.891275562018954588e+02
-5.095686252487668639e+02
-4.773237873901284729e+02
-4.552741375252527973e+02
-4.467082916673069803e+02
-3.982760791360606163e+02
-3.228545702863224278e+02
-2.565590691927329203e+02
-1.956251885841003002e+02
-1.309782433608267525e+02
-7.026840081094206880e+01
2.211248299535620987e+01
1.481872124475860346e+02
2.845677688766485289e+02
4.396450203698014434e+02
5.285959097934472766e+02
5.410022660743705956e+02
5.231715100850174167e+02
4.505014493410229761e+02
3.666873512843121716e+02
2.747162904003202470e+02
1.306700600825375034e+02
-5.713317191654309113e+01
-1.751625867684669799e+02
-2.191801546186745213e+02
-2.383745413889584199e+02
-2.031369603508319699e+02
-1.916612660774043491e+02
-2.087232527874210746e+02
-1.901311789823842844e+02
-1.525912654457420388e+02
-1.199818697335034443e+02
-8.648772542370763006e+01
-5.187518797200927878e+01
-2.027555881139218386e+01
3.883439222908532429e+01
1.265733442664659094e+02
2.250838942963819704e+02
3.415448851010497151e+02
3.994013264910151406e+02
3.899058837867736429e+02
3.547271603870053127e+02
2.720038026634255175e+02
1.819478354706124890e+02
8.752556690761346658e+01
-5.076728887228384224e+01
-2.250218672398028730e+02
-3.376976057911147109e+02
-3.851976258572471465e+02
-4.090875413429469063e+02
-3.838474427857289584e+02
-3.768031334121271243e+02
-3.918331964542648507e+02
-3.735370294202364789e+02
-3.361510706448921155e+02
-2.946608431483372783e+02
-2.433538419561626540e+02
-1.844036966111920890e+02
-1.196379570293039905e+02
-2.568465941986094236e+01
9.847215612976746968e+01
2.405870042746929016e+02
4.064561455429684429e+02
5.043599526881797601e+02
5.247723792406123948e+02
5.156424003238834075e+02
4.509901352999850133e+02
3.814184852413795852e+02
3.103416769170288489e+02
1.894392928501199833e+02
2.869583750526983579e+01
-7.585788496952426385e+01
-1.220509880203660913e+02
-1.495310135597139833e+02
-1.337222754675685792e+02
-1.436438624909353621e+02
-1.834142969545510482e+02
-1.979152380084866252e+02
-2.020678223973750960e+02
-1.976716942882978287e+02
-1.781378907543659125e+02
-1.526682568256548507e+02
-1.196436468866917124e+02
-6.384952538068712613e+01
1.492342349267075718e+01
1.113492146442503383e+02
2.293447564237471283e+02
2.945178874385260315e+02
2.999596897524697283e+02
2.841983179791733960e+02
2.265548105186331327e+02
1.693101544897131419e+02
1.155209085898007828e+02
2.596644356236927464e+01
-9.072848469481188260e+01
-1.707361250395724710e+02
-2.134376281657132779e+02
-2.437682846850280498e+02
-2.456263194677475212e+02
-2.665170052703506940e+02
-3.091185097521789658e+02
-3.362538893036462468e+02
-3.582196436905654195e+02
-3.533354303499708067e+02
-3.149284030748099212e+02
-2.601521315288035794e+02
-1.813537133470110518e+02
-8.141856923518673739e+01
3.921233937605519770e+01
1.894515218344199354e+02
3.695068555221185420e+02
4.783536959867116707e+02
5.081937587690277951e+02
5.076520604194583939e+02
4.489343916213649663e+02
3.935603614955953162e+02
3.453023643245018093e+02
2.490866821836723943e+02
1.173882145853350210e+02
2.709547381467578475e+01
-2.205005873819927942e+01
-5.879064716730778883e+01
-6.407304011478112216e+01
-9.747269016589017099e+01
-1.623359536919970765e+02
-2.131776316347570059e+02
-2.630728918030484920e+02
-2.885973274505651034e+02
-2.821816542549492510e+02
-2.639210447873465455e+02
-2.255923103948113351e+02
-1.692304955624414333e+02
-9.564835410629916623e+01
4.073862948877417622e+00
1.301976966812388525e+02
2.048918098706412820e+02
2.227607757422607335e+02
2.215817513049018430e+02
1.803280217852761211e+02
1.470401997845912376e+02
1.250281448033248068e+02
7.216005479459755634e+01
-1.493565563590948830e+00
-5.270785180929502900e+01
-8.296569968594995714e+01
-1.062856303552013912e+02
-1.123583397906292163e+02
-1.373059423499844627e+02
-1.829705139583353173e+02
-2.229598265336802854e+02
-2.652744141882392341e+02
-2.803418563958091454e+02
-2.623566902832325809e+02
-2.309015031813735845e+02
-1.767469118103934704e+02
-1.103550369651840128e+02
-3.276941308602016534e+01
6.975811533681333287e+01
1.955349687061889767e+02
2.794962848413824759e+02
3.177910986587234561e+02
3.406363264179681778e+02
3.306020362246879927e+02
3.294343245856025533e+02
3.397951288572587032e+02
3.258226661239937130e+02
2.962616506944723938e+02
2.605640376175434199e+02
2.147449055406415823e+02
1.598189114190007558e+02
9.667351982301748592e+01
1.018848969905843482e+01
-1.005848341224752289e+02
-2.281695643565572311e+02
-3.765411072958584668e+02
-4.587550693015827505e+02
-4.660740510341537401e+02
-4.427959972066881846e+02
-3.642718305021660399e+02
-2.795261506085395808e+02
-1.915810326188236274e+02
-5.400581316605008908e+01
1.236260131724306888e+02
2.320979835445716333e+02
2.676039225083163160e+02
2.762309285467159725e+02
2.294507142706362686e+02
2.034519535752840227e+02
2.025694342988045378e+02
1.644257871373145008e+02
1.051492462111996105e+02
5.520375812944155314e+01
9.611348324627071449e+00
-3.542639131085025639e+01
-7.384532979442089129e+01
-1.397086479258998679e+02
-2.343592807356208141e+02
-3.364255986013548068e+02
-4.537574995344412514e+02
-5.041090500801419125e+02
-4.775536110731418376e+02
-4.187333358854112362e+02
-3.038535657068405271e+02
-1.753157198567058970e+02
-3.598936910374518305e+01
1.566602060587356959e+02
3.945655321357664889e+02
5.366386937620275148e+02
5.755651587144736823e+02
5.735273590017425249e+02
4.927746231041131750e+02
4.268587785184744234e+02
3.809991442977587326e+02
2.757922445356315393e+02
1.305684902404615002e+02
3.089183154325147385e+01
-2.545701684156965428e+01
-6.660458411590063577e+01
-7.180167324365265813e+01
-1.119554031002728749e+02
-1.905285984104659178e+02
-2.550859516816634311e+02
-3.211568581451472824e+02
-3.529660903100643168e+02
-3.411270181523660767e+02
-3.133517157231974011e+02
-2.578101027648582999e+02
-1.818358204737757262e+02
-8.678462199265074162e+01
4.212232811145830169e+01
2.041183784489745108e+02
2.952837241293968304e+02
3.085710767664590435e+02
2.935002646947024232e+02
2.219398981686504442e+02
1.585694973650594761e+02
1.075801570620653820e+02
1.230274588629509580e+01
-1.138416675355986314e+02
-1.865776459958302667e+02
-2.052923583341837741e+02
-2.012477260094910605e+02
-1.530355947355498074e+02
-1.244232491257293418e+02
-1.185127132025220220e+02
-8.536554970580343138e+01
-3.852766727363771082e+01
-9.830293126136769644e+00
3.601254638699609156e+00
7.632560974943621623e+00
-5.052361583425464708e+00
-2.998685877897839802e+00
1.463764450902736414e+01
2.617407169212306783e+01
3.835411962104033989e+01
5.595511659798928150e+01
7.726661843321625156e+01
1.048576812114588108e+02
1.396685870920512400e+02
1.733145206923106798e+02
2.061112389228600250e+02
2.430909536340569730e+02
2.826410626734659672e+02
2.929165361482479852e+02
2.711470426921765693e+02
2.311439451165545051e+02
1.637346478171049284e+02
8.875577029817225139e+01
6.767595048422240467e+00
-1.005380867322652989e+02
-2.295793167629475988e+02
-3.185627953981327778e+02
-3.641991275875951715e+02
-3.937524875938246964e+02
-3.906408272579991490e+02
-3.961217857298613580e+02
-4.124874917279285569e+02
-4.047615362352853481e+02
-3.814707277930666578e+02
-3.458675795334195300e+02
-2.934363180897603911e+02
-2.278959918028664049e+02
-1.483592431106547167e+02
-4.329556170551022376e+01
8.815165158735446482e+01
2.419263896511385781e+02
4.213775498338962961e+02
5.334776863300508012e+02
5.694620712092494159e+02
5.762206681269030923e+02
5.276190659253884405e+02
4.772945143742538221e+02
4.286231550864056317e+02
3.316836987799366057e+02
1.971188893863420901e+02
9.960337147031214045e+01
3.903405264918024642e+01
-1.373610726155063588e+01
-4.031266687123591197e+01
-9.790006541696405407e+01
-1.900828337652210962e+02
-2.732629104963243662e+02
-3.602102259133734492e+02
-4.076108992557783495e+02
-4.062150485406153280e+02
-3.853756674486758129e+02
-3.312662671300208217e+02
-2.581313999339880638e+02
-1.673665064219979115e+02
-3.894234200729834328e+01
1.250439365910348357e+02
2.245803941548616649e+02
2.537353043697792145e+02
2.594147456711606878e+02
2.148904071307885602e+02
1.842288959932006094e+02
1.716759848481503639e+02
1.222902008293815896e+02
4.959410295922935319e+01
-2.437419085922446271e+00
-3.679431590604896485e+01
-6.553347551725634901e+01
-7.863384966573131862e+01
-1.159646279077908275e+02
-1.794366046823683973e+02
-2.412410072021295662e+02
-3.103369515645143224e+02
-3.396132224679819842e+02
-3.216112605055998301e+02
-2.850181820210461865e+02
-2.157192645458616198e+02
-1.341040494027962779e+02
-4.193156650582582756e+01
8.378699344948888950e+01
2.393398817252662241e+02
3.399521514535661595e+02
3.811537166600337514e+02
4.012355963184748475e+02
3.776196315695513590e+02
3.659265816508308831e+02
3.695485271282008171e+02
3.412868920125351337e+02
2.927941930269011550e+02
2.458933013991829171e+02
1.963820152201431597e+02
1.413528256620547836e+02
8.477227447996013154e+01
1.370758032943966143e+00
-1.102000544333583605e+02
-2.348001587746914822e+02
-3.785517813775884406e+02
-4.635923063783710063e+02
-4.812106142355646057e+02
-4.729062484113759410e+02
-4.164054070473500246e+02
-3.534888958928561919e+02
-2.870034719528538858e+02
-1.762243818515702003e+02
-2.928812148856079034e+01
6.572386274714079946e+01
1.064066352847591475e+02
1.298387700582597972e+02
1.133633424140366230e+02
1.193946904374356137e+02
1.517338659555357196e+02
1.601328270424398852e+02
1.580670292776572410e+02
1.563528412132002643e+02
1.498575469617975102e+02
1.425447637345673684e+02
1.355515256742831696e+02
1.097257188782292303e+02
6.462109826865507500e+01
1.008316057599595972e+01
-5.845356433786606232e+01
-1.012414506599181152e+02
-1.140496018280083064e+02
-1.193624376993348335e+02
-1.061327379976032574e+02
-9.531137799894099771e+01
-8.887182028004689016e+01
-6.679251492744900531e+01
-3.351162484937500352e+01
-5.919433472863163459e+00
1.724426574811790758e+01
4.125620740776574280e+01
6.243241389625799798e+01
9.576228120981174641e+01
1.422269322731676482e+02
1.915964087940997445e+02
2.474158840910329502e+02
2.707074403033762451e+02
2.566541715773657870e+02
2.262634249142326723e+02
1.681708728593665683e+02
1.025630533872789840e+02
3.071227483583629692e+01
-6.772419315990906341e+01
-1.889703021869685813e+02
-2.698938989591570135e+02
-3.074954912796451936e+02
-3.295963475113124446e+02
-3.194523113437600728e+02
-3.194247491982602014e+02
-3.319966740741887179e+02
-3.216233565148867797e+02
-2.971843729658086772e+02
-2.653743573200360970e+02
-2.220822669901945972e+02
-1.697763773502014715e+02
-1.086539708756014164e+02
-2.526206620848611806e+01
8.116773129235134832e+01
2.045441924719756344e+02
3.484462325070260249e+02
4.393244723880581546e+02
4.699748609202903822e+02
4.781433044049213663e+02
4.431230501963752886e+02
4.065720428174171275e+02
3.712336791320208818e+02
2.979818768079643405e+02
1.950963285491974091e+02
1.194696220151426331e+02
7.082209610973769998e+01
2.702130313694169672e+01
1.982249781327498184e+00
-4.816201053026101420e+01
-1.262168075160941498e+02
-1.989733452022256586e+02
-2.762882798572751994e+02
-3.318554722834724089e+02
-3.593949280458655835e+02
-3.783017376852448592e+02
-3.800589203294278491e+02
-3.718032508742286950e+02
-3.545678220589408056e+02
-3.168559902775048158e+02
-2.596853594786524582e+02
-2.085723537776580372e+02
-1.635437967635408825e+02
-1.124123721807092693e+02
-6.114909429394090523e+01
8.717234869588375901e+00
9.910259454299369963e+01
1.962718555873921389e+02
3.048148395636282544e+02
3.771982707036403326e+02
4.073794025909026573e+02
4.212379666128119879e+02
4.048582815281695844e+02
3.828996615898914229e+02
3.569511456405289209e+02
3.021255579985489703e+02
2.230501267187435985e+02
1.584226457488603046e+02
1.079517809657558445e+02
5.562851606457029163e+01
1.071555694346954013e+01
-5.653938423022206194e+01
-1.484236276797006440e+02
-2.427722910542195223e+02
-3.465348805056030415e+02
-4.039049030852175406e+02
-4.069843950107326123e+02
-3.870961996104938976e+02
-3.276127720479489653e+02
-2.556287225668175722e+02
-1.728798276618054217e+02
-5.066630960528877381e+01
1.061344231143118577e+02
2.012966844010122713e+02
2.301112733818153799e+02
2.356984672930513511e+02
1.925725661030506899e+02
1.648512742610424198e+02
1.564877535584302279e+02
1.136303033731498431e+02
4.981827403461673498e+01
5.053323303238180131e+00
-2.376141588303083196e+01
-4.670826372900415180e+01
-5.473855937865585020e+01
-8.515111919655353745e+01
-1.395973368905961820e+02
-1.923212361870520226e+02
-2.516684208508392260e+02
-2.777920237215388966e+02
-2.641956695013011540e+02
-2.357113642175334292e+02
-1.803874768475983217e+02
-1.148892722030467013e+02
-4.078811173224531217e+01
6.105933059129602469e+01
1.875985522289621485e+02
2.710068782631168460e+02
3.078630637639074052e+02
3.287791149615292738e+02
3.157739863708977737e+02
3.135280341661830903e+02
3.248215880829297362e+02
3.119288121032293475e+02
2.842684732612572702e+02
2.518652195518183134e+02
2.106596525463147316e+02
1.619276702170238309e+02
1.067329320255558684e+02
2.921740652297084040e+01
-7.147309990587949358e+01
-1.872932072410568480e+02
-3.223049503637788575e+02
-4.067657271008167754e+02
-4.335942099084692245e+02
-4.390495001424226302e+02
-4.034327201874036177e+02
-3.656597573304157436e+02
-3.283548352331903288e+02
-2.546368110374026799e+02
-1.522250536974218562e+02
-7.802777918413224256e+01
-3.207211602956002139e+01
8.127608585895741200e+00
2.853916124884543137e+01
7.240617639845004305e+01
1.424880174979344076e+02
2.057258374605295046e+02
2.717851326978293969e+02
3.093913633959021467e+02
3.116840870067964033e+02
3.001751472034098924e+02
2.648307954487025881e+02
2.155726854102758523e+02
1.534230458755372695e+02
6.404298635586765442e+01
-5.113659925440872911e+01
-1.228095162782548897e+02
-1.470043012688520321e+02
-1.563055551349848713e+02
-1.322796763099137820e+02
-1.195000268339204581e+02
-1.210062828523499547e+02
-9.878078355343045303e+01
-6.230931715235651325e+01
-3.628636159896646518e+01
-1.813073464626921805e+01
-2.345536219098509179e+00
5.738208790065639775e+00
3.029924913592189029e+01
7.244778936200958697e+01
1.160586443023050265e+02
1.666478149820574686e+02
1.915015651676710604e+02
1.859227372096639783e+02
1.694342222199397838e+02
1.324364279009082281e+02
8.999813463174187689e+01
4.346012806115640359e+01
-2.330227818060663836e+01
-1.073953692233423993e+02
-1.651337535633520588e+02
-1.948355425997625616e+02
-2.156335221206625476e+02
-2.161406728489342868e+02
-2.261329682574942979e+02
-2.474747849628544998e+02
-2.556380253209366060e+02
-2.569966583131198945e+02
-2.450482025000571866e+02
-2.159584876996333094e+02
-1.769385643749615156e+02
-1.250116491715392328e+02
-5.747541791403306632e+01
2.579801611838474074e+01
1.266435358943014222e+02
2.462185171506364441e+02
3.246081308972325701e+02
3.568263437922809658e+02
3.724785229011457091e+02
3.550013168656941502e+02
3.401258192701874918e+02
3.301651769564221013e+02
2.927590861670439040e+02
2.351649852214102339e+02
1.851718901938905617e+02
1.408010430260832209e+02
9.322707181431317736e+01
4.854822149407059584e+01
-1.826582395955510307e+01
-1.088820597196548903e+02
-2.062572956053118958e+02
-3.163343699950508494e+02
-3.803666207416188740e+02
-3.909886177490154182e+02
-3.803528865243945347e+02
-3.313492876607945163e+02
-2.741057209371252270e+02
-2.106523620430138521e+02
-1.105374441992457832e+02
2.054470089469852212e+01
1.049433076694417935e+02
1.398735042023359938e+02
1.590331886723336083e+02
1.422413697874779359e+02
1.431666136671368292e+02
1.651553106696610200e+02
1.643244606950783862e+02
1.522040191319605071e+02
1.357096946338701855e+02
1.099636660331478168e+02
7.934329451300472158e+01
4.398902968741996489e+01
-1.147707918373712488e+01
-8.755330419796396768e+01
-1.771887211740475436e+02
-2.842524241050148817e+02
-3.375630312349187534e+02
-3.300438853229562710e+02
-2.984797121673025799e+02
-2.228156093650004266e+02
-1.429025555228899407e+02
-6.140574820900403097e+01
5.932426422715833070e+01
2.113776911275963357e+02
3.021847650664923322e+02
3.281528639605639910e+02
3.283190318424244651e+02
2.783009531898038063e+02
2.419613986988293846e+02
2.227616404803607111e+02
1.678624947362652335e+02
9.060617760666781351e+01
3.660788096065015651e+01
3.497737397916538704e+00
-2.160486311054440023e+01
-2.795781017557115078e+01
-5.604120420463991792e+01
-1.076202001599215805e+02
-1.537781573057236528e+02
-2.034154296482255972e+02
-2.266254519259699407e+02
-2.173693337382979394e+02
-1.960429538538952841e+02
-1.533150964054729855e+02
-9.912443824660377345e+01
-3.462013851382272378e+01
5.374683359214956369e+01
1.643547945991458619e+02
2.260237241717246093e+02
2.342528891995110598e+02
2.221505765760942381e+02
1.705004029571925344e+02
1.244264704313163605e+02
8.670136813449525448e+01
1.813216612405636141e+01
-7.195004389903664332e+01
-1.264723270294688433e+02
-1.451135570804086115e+02
-1.488956672636650183e+02
-1.233477008701723037e+02
-1.119350565269887312e+02
-1.167652583468128427e+02
-1.039151520792759271e+02
-8.263157999161646217e+01
-6.503279404536564812e+01
-4.821343763408675187e+01
-3.268302114311439510e+01
-2.066434700486722775e+01
3.749824408529764064e+00
4.091972044433858002e+01
8.134733515178180596e+01
1.286239510056281290e+02
1.518263309997111037e+02
1.471698708273873990e+02
1.319364648371473834e+02
9.723043021864006619e+01
5.857362386184942693e+01
1.716778037433134685e+01
-4.266512161044865792e+01
-1.179051221851062223e+02
-1.600153832130066291e+02
-1.666236494398845025e+02
-1.589496137735412731e+02
-1.240595462254145502e+02
-9.433694821395172880e+01
-7.158656481586294262e+01
-2.846207636489608817e+01
2.832576510642678969e+01
6.743509389030026568e+01
8.940654466579898951e+01
1.047404198926699905e+02
1.057184053529339707e+02
1.178019406156509490e+02
1.421824766588701721e+02
1.597346477279129147e+02
1.759622605537239224e+02
1.763351364564439336e+02
1.571823038982784055e+02
1.291076784210839890e+02
8.728310020936386593e+01
3.510629458793739133e+01
-2.701863442436928153e+01
-1.053817045897981188e+02
-1.996681168376755693e+02
-2.511723514819122443e+02
-2.554194639503891437e+02
