-2.134553086757766138e+01
-1.697376724408069748e+01
-1.124292514161734857e+01
-4.040606613485237197e+00
3.621434721779126065e+00
1.207708744601734985e+01
1.751175995091739424e+01
1.944437354109688698e+01
1.991750328244280155e+01
1.781148726705808727e+01
1.510139601861169822e+01
1.190323991789278324e+01
6.214186471802777945e+00
-1.602786560292849272e+00
-8.402167496085162668e+00
-1.421009553315679774e+01
-2.034246733583868050e+01
-2.604988452776856889e+01
-3.375683707498983210e+01
-4.365609596190014940e+01
-5.394967292609735665e+01
-6.520860987524345376e+01
-6.901654564076318366e+01
-6.433696414912080286e+01
-5.553833132915485038e+01
-4.014263769150493033e+01
-2.258115469368549810e+01
-3.075412533342062993e+00
2.285138596968601021e+01
5.440367195423429081e+01
8.482862784976018133e+01
1.142240421741179119e+02
1.454262910902515387e+02
1.768507475636810398e+02
2.137896459438145200e+02
2.566847283174682843e+02
3.016722100288017714e+02
3.500191508078958122e+02
3.800416090933764508e+02
3.891658893978391802e+02
3.885117811836893793e+02
3.717268314688873261e+02
3.504290965081643208e+02
3.251947554364422786e+02
2.844311597899479125e+02
2.302430616908051775e+02
1.797717785657600018e+02
1.327541382452646985e+02
8.205800169261814858e+01
3.170814558255615978e+01
-3.177873162206237723e+01
-1.095093734668901391e+02
-1.916434104202474771e+02
-2.813992714508412973e+02
-3.489102679137922678e+02
-3.902261231721477088e+02
-4.218012213517843065e+02
-4.348396736650909133e+02
-4.444068909081239553e+02
-4.514746084451859929e+02
-4.405447853088369357e+02
-4.144011808427246706e+02
-3.984862772137599904e+02
-3.927004272206849009e+02
-3.863312648526497810e+02
-3.854899779266498285e+02
-3.708205043965601817e+02
-3.408039833934555531e+02
-3.099324019331797899e+02
-2.736783679503581652e+02
-2.415938733032682251e+02
-2.160785443350028174e+02
-1.892568072793258409e+02
-1.641599258326656354e+02
-1.384758540482143587e+02
-1.115948696166863385e+02
-8.739633318516888494e+01
-6.542217355579374782e+01
-3.308072033633978037e+01
1.012433218854047468e+01
5.839914511077608950e+01
1.149864089589649581e+02
1.715997886158720291e+02
2.276320668253163717e+02
2.899326748617648377e+02
3.566832149741687772e+02
4.053598789282532380e+02
4.345021115318145917e+02
4.534125609485514019e+02
4.558088820752909669e+02
4.562959375897419250e+02
4.553383964828079797e+02
4.399803772555237060e+02
4.129644419035255396e+02
3.878958405426316176e+02
3.641233550394742338e+02
3.366825625896358929e+02
3.086366906112061201e+02
2.681689138266317514e+02
2.143863229390899789e+02
1.554859169482068637e+02
8.862567662666451440e+01
3.670853432667198746e+01
2.731139836155573875e+00
-2.626763761003035924e+01
-4.361388661366736841e+01
-6.078686093859236195e+01
-7.866258806174106155e+01
-8.552628388974240181e+01
-8.358738844329209883e+01
-9.253140943830784693e+01
-1.123962642056998646e+02
-1.350188959584043005e+02
-1.652087487825786525e+02
-1.882178493269505850e+02
-2.029812361938506911e+02
-2.207365361174425971e+02
-2.381140282033952644e+02
-2.493509668374978219e+02
-2.550381328747627947e+02
-2.554058848439369456e+02
-2.490420612739610817e+02
-2.418300382188857043e+02
-2.336618438430957383e+02
-2.203202577925657977e+02
-2.028963280183005509e+02
-1.812800529088413555e+02
-1.548934805288449184e+02
-1.244196874759614104e+02
-8.961866575283249858e+01
-4.917078415707084105e+01
-2.968504577606093431e+00
4.865710894540075770e+01
1.061148196680959046e+02
1.469119344103210096e+02
1.688783833613158265e+02
1.829669438211089130e+02
1.827716460674634789e+02
1.812852196232813640e+02
1.791664990110663496e+02
1.641712681399064024e+02
1.387678111320912535e+02
1.193080258612085629e+02
1.054757023483888503e+02
9.084611749005655668e+01
7.928171858331224087e+01
5.769673377636137701e+01
2.512891302727802412e+01
-8.862845834100706810e+00
-4.733940116257285524e+01
-7.467702203504080671e+01
-8.837398526545771915e+01
-9.806036212948934860e+01
-9.905523973268350346e+01
-9.822859542641100461e+01
-9.620631000262866905e+01
-8.532506909182211530e+01
-6.686636048812462718e+01
-5.571990773406861308e+01
-5.202663358282061523e+01
-4.932913753009674451e+01
-5.128214430905534016e+01
-4.704063598634336785e+01
-3.576639006772667528e+01
-2.581497280117807591e+01
-1.469190590602875268e+01
-7.144222833716009191e+00
-4.545004828745714320e+00
-2.847941949830254060e+00
-3.637569301491322626e+00
-6.096739645795318907e+00
-9.972274689877176357e+00
-1.714116316382996885e+01
-2.749569695575624095e+01
-3.437942677265654368e+01
-3.756105594333363484e+01
-4.024524102511309565e+01
-4.075627014863604103e+01
-4.350888888723602577e+01
-4.889082082754408987e+01
-5.333478571804364066e+01
-5.785702228593904550e+01
-5.721838957585145380e+01
-5.047558281037373717e+01
-4.080763257816832379e+01
-2.657969793365698052e+01
-9.973864785353370621e+00
8.868590780817806163e+00
3.256144685509289616e+01
6.075578308178047138e+01
8.823443442845285745e+01
1.149886709928783404e+02
1.433997676743321108e+02
1.722271601887111387e+02
2.053388361073094757e+02
2.430935051006099741e+02
2.826015550608178728e+02
3.247989529932708024e+02
3.499652589441599844e+02
3.558097157256306673e+02
3.522781384358936521e+02
3.335945984019559205e+02
3.104649172694470280e+02
2.833836263128503674e+02
2.417298155442211680e+02
1.874321166925070656e+02
1.358839177903127506e+02
8.681072805051057628e+01
3.381776923217390163e+01
-1.949954701304612570e+01
-8.533765591624059255e+01
-1.647092403428442253e+02
-2.487635371150136336e+02
-3.404256727989546221e+02
-4.043089206826699638e+02
-4.360010291527864865e+02
-4.543234179259104053e+02
-4.488971988813879079e+02
-4.381751108353009840e+02
-4.232179750240924250e+02
-3.853856829893391023e+02
-3.280675099123965310e+02
-2.802878299504019424e+02
-2.417830392724400781e+02
-2.004324548308869112e+02
-1.631422122200157787e+02
-1.074844857075176350e+02
-3.167471163041972559e+01
4.768139423247706787e+01
1.358709790278184357e+02
1.996781943284999556e+02
2.341197950287272533e+02
2.587509793529638955e+02
2.636608273236245168e+02
2.643169570302496254e+02
2.619195563381558713e+02
2.397536423819737479e+02
2.006696291613097287e+02
1.751342722489946766e+02
1.632719658357719652e+02
1.519698140110954796e+02
1.486332504075563747e+02
1.306783913567176967e+02
9.632867468749596185e+01
6.276521930619530565e+01
2.474382544444392451e+01
-4.883658184745925723e+00
-2.304368479736437436e+01
-3.964203977223466069e+01
-5.057865951459708498e+01
-5.939248139319781927e+01
-6.674889359424891211e+01
-6.713562216666325355e+01
-6.116967520625843946e+01
-6.484538088154350532e+01
-7.864407648174699261e+01
-9.514386272887553275e+01
-1.183738722358450559e+02
-1.374993919021872841e+02
-1.516416871988495529e+02
-1.695065769141581598e+02
-1.886326451630891938e+02
-1.993810438730848205e+02
-2.017594154467609542e+02
-1.985247342251735745e+02
-1.871459467534820647e+02
-1.751797355035738235e+02
-1.627347097396393849e+02
-1.437816288422525020e+02
-1.197668374426202291e+02
-9.417174939541052936e+01
-6.649198435170256971e+01
-3.592313192839036873e+01
-3.138616471455917711e+00
3.571618903087519925e+01
8.090299900157290836e+01
1.300595488031671039e+02
1.841431042211515603e+02
2.223033000694944405e+02
2.422888050078341848e+02
2.546537625567060275e+02
2.533911157399926992e+02
2.500321462681460218e+02
2.451971240943932742e+02
2.277085777502965982e+02
1.997306681504691426e+02
1.771341138274573836e+02
1.596774238518756590e+02
1.409566038977101243e+02
1.247297758521853552e+02
9.847996117536661131e+01
6.125321273060126970e+01
2.224050064078395650e+01
-2.149728791149047424e+01
-5.413765462421157793e+01
-7.319188980765247265e+01
-8.829426863288517779e+01
-9.471033159041854788e+01
-9.951996597681437606e+01
-1.033418983307924890e+02
-9.835667350026623978e+01
-8.588209318162731165e+01
-8.087029162459403153e+01
-8.344516327730015348e+01
-8.713828024729988897e+01
-9.561271173885423025e+01
-9.793251252810745200e+01
-9.325098088438468835e+01
-8.997096624958948041e+01
-8.557287861778578986e+01
-8.039852571721500851e+01
-7.536611434087319594e+01
-6.846476701693867994e+01
-5.999124091064789610e+01
-5.165159880226301681e+01
-4.326841169362884187e+01
-3.427185289281098335e+01
-2.499467882864778545e+01
-1.191359332943308758e+01
5.312412049270026415e+00
2.477031487540799404e+01
4.743150054518013548e+01
7.148111956353064045e+01
9.676501312466419336e+01
1.250340862902799302e+02
1.559158317186041245e+02
1.759085391767201259e+02
1.838944541329317417e+02
1.859766111857919668e+02
1.783381685353187720e+02
1.691888560553200591e+02
1.588587639897769463e+02
1.398069419165224758e+02
1.135746369986064082e+02
8.917547844402288604e+01
6.631444872192300011e+01
4.153871239020630668e+01
1.692594843027607254e+01
-1.501668178233026474e+01
-5.485836253931973516e+01
-9.726800312402052384e+01
-1.440294229397339052e+02
-1.763009194789329399e+02
-1.916900157651227801e+02
-2.003950125639279349e+02
-1.968936498146500753e+02
-1.908703459367774542e+02
-1.829253757827081870e+02
-1.632208939918458270e+02
-1.335513680438635618e+02
-1.095355949326240648e+02
-9.107046546310060364e+01
-7.163258266665511087e+01
-5.495897256730365399e+01
-2.906967339871741274e+01
6.973172688096422434e+00
4.424455640449162530e+01
8.555200083138116440e+01
1.149534362655805353e+02
1.299467199126524974e+02
1.401063194179185416e+02
1.406443367811107805e+02
1.387507482240676779e+02
1.350077261524425296e+02
1.214725252005717664e+02
9.945785627970175824e+01
8.393025178999693026e+01
7.497589133381356419e+01
6.608967231664028930e+01
6.091318683543375556e+01
4.842220186474735755e+01
2.773664820155506305e+01
7.263957614398890428e+00
-1.555979227071493298e+01
-3.345717895776562756e+01
-4.482163521745046353e+01
-5.496189192999786144e+01
-6.158301664794046104e+01
-6.698806251106380216e+01
-7.152165720482913969e+01
-7.193596383720839071e+01
-6.863421178809473133e+01
-7.017488964306161847e+01
-7.677298034567307639e+01
-8.449636439524890363e+01
-9.548413440934913865e+01
-1.038364718257752060e+02
-1.090720985464530060e+02
-1.158755521513342472e+02
-1.228966405860846578e+02
-1.263187794998311091e+02
-1.262720400262471969e+02
-1.235686820739116314e+02
-1.172329371622778922e+02
-1.105291713735557693e+02
-1.034708912458998782e+02
-9.355816516054355247e+01
-8.141291247249127139e+01
-6.791325870664665842e+01
-5.280309364115843351e+01
-3.603258149087005080e+01
-1.772565378658592650e+01
3.401903883909445536e+00
2.743736714560446188e+01
5.369404742400861608e+01
8.250586264771533251e+01
1.046255363140555090e+02
1.191029137861070950e+02
1.305607940990881275e+02
1.363524263144937549e+02
1.416872136876193053e+02
1.468459148166160446e+02
1.468474906376352465e+02
1.426800746058407015e+02
1.412544986170927359e+02
1.424602306853718972e+02
1.435468594539730702e+02
1.461538106338193757e+02
1.448100289326865209e+02
1.391101666176541585e+02
1.330737559564606727e+02
1.254228448204922444e+02
1.165611571664428681e+02
1.069111697891318897e+02
9.531574783755793590e+01
8.195129185090658552e+01
6.746063883511490644e+01
5.170514921370403982e+01
3.450196111537401578e+01
1.594176314606526823e+01
-5.820219398230003449e+00
-3.097986245836784747e+01
-5.862309870036349935e+01
-8.928127827910641656e+01
-1.220239469604881180e+02
-1.568107774390133500e+02
-1.945907422672247264e+02
-2.352017512867677453e+02
-2.605462679414524700e+02
-2.689335957093737761e+02
-2.687634473669021986e+02
-2.548480817821292987e+02
-2.378515960850473903e+02
-2.181932466662325680e+02
-1.858372922902369737e+02
-1.427450083603172288e+02
-1.016130171820779680e+02
-6.206867858492977774e+01
-1.908299801453488698e+01
2.441958466676461015e+01
7.886876525289099504e+01
1.450991418269333337e+02
2.156773092666193747e+02
2.931075956772634754e+02
3.454548091756460622e+02
3.688116852397477601e+02
3.800723460349494189e+02
3.698971460129910156e+02
3.550642797067013134e+02
3.365370880576988952e+02
2.974667923533032194e+02
2.409491571119365290e+02
1.929056572482680565e+02
1.530843097352536404e+02
1.107133802131395868e+02
7.195988599031097976e+01
1.674942060536036337e+01
-5.650264993105881928e+01
-1.329417311808549869e+02
-2.172945006423780967e+02
-2.774782341359741622e+02
-3.087890714332559696e+02
-3.298220765451625311e+02
-3.310191703385985988e+02
-3.275635260508332181e+02
-3.205705980144189198e+02
-2.937780416618724075e+02
-2.499709123594966798e+02
-2.180770803009081362e+02
-1.981484375958506803e+02
-1.777645658481480666e+02
-1.639257999331220788e+02
-1.350403843658000085e+02
-8.939390490096829467e+01
-4.332556747044184675e+01
8.200151075074618490e+00
4.712081765236736430e+01
6.994103312854593923e+01
8.887069117461028611e+01
9.833390233432716343e+01
1.050772022012344706e+02
1.098818692656559080e+02
1.042984228139517882e+02
8.954023431703951985e+01
8.504818719653682990e+01
9.117925642275760367e+01
9.918981884076711708e+01
1.138970351116926736e+02
1.215743863874155863e+02
1.211181432442192403e+02
1.232754077092800031e+02
1.248909712112996857e+02
1.234193672119432534e+02
1.197653883305103477e+02
1.128240906074680652e+02
1.021380310146038823e+02
9.161519843140078478e+01
8.112837673475431188e+01
6.834335214375315104e+01
5.402337357348164204e+01
3.574316992287820938e+01
1.302726196990762730e+01
-1.247206685995457853e+01
-4.150167608640519745e+01
-7.340464195816308290e+01
-1.080973225242127285e+02
-1.465951519557644929e+02
-1.888048804693797535e+02
-2.160919767066218924e+02
-2.267663980625318061e+02
-2.295585745259837154e+02
-2.191675923208331653e+02
-2.065997268214508722e+02
-1.923377833652839399e+02
-1.661036093456632727e+02
-1.299606280709357975e+02
-9.686986522325277349e+01
-6.647902417765436667e+01
-3.372983025811170421e+01
-1.634238287535804357e+00
4.040394377213235799e+01
9.319382320466932867e+01
1.491247047569407584e+02
2.107108452540770145e+02
2.521133797281788702e+02
2.700072661187280119e+02
2.784188592222213288e+02
2.697573023505750598e+02
2.572238147711989882e+02
2.416326443546389271e+02
2.095069098952109243e+02
1.632806783655897220e+02
1.244905196707605057e+02
9.299547090328618992e+01
5.976444497345633522e+01
2.994550864156337866e+01
-1.297004916822158194e+01
-7.028721290439774805e+01
-1.297146071776566032e+02
-1.951291068341996322e+02
-2.398605499162054286e+02
-2.599842513153637356e+02
-2.709041694946311623e+02
-2.646585563884037811e+02
-2.538605299524658392e+02
-2.394114308668460467e+02
-2.077677587010309708e+02
-1.612242331926495069e+02
-1.237986668672604509e+02
-9.551132438403341496e+01
-6.601942789969454850e+01
-4.111814604923976901e+01
-2.837843696942340621e+00
5.026859675034519626e+01
1.046432137510056180e+02
1.644939401872141502e+02
2.056409866611020050e+02
2.242557816435111420e+02
2.348044590845416053e+02
2.299979205324126497e+02
2.207233534082409960e+02
2.078292207095108779e+02
1.792319249187549985e+02
1.368927099412868245e+02
1.035785116641630310e+02
7.939806200130180969e+01
5.440812928315838093e+01
3.412895849327850328e+01
1.748709710790633309e+00
-4.410112282641043180e+01
-9.064455529865274741e+01
-1.418127881617726018e+02
-1.772080438395975648e+02
-1.934491219797083090e+02
-2.030140274503259263e+02
-1.997131862921152958e+02
-1.924264481556954820e+02
-1.818851936782194514e+02
-1.580021258750714708e+02
-1.223642422797077387e+02
-9.473082154648452047e+01
-7.524261442502732677e+01
-5.519388735026089421e+01
-3.938895287306431214e+01
-1.335251949815245887e+01
2.410285156469798196e+01
6.192981362717018357e+01
1.035112108772500932e+02
1.333167539699164763e+02
1.486304752956327206e+02
1.592389770163901517e+02
1.603963112770253474e+02
1.585696594285518017e+02
1.543404387925550054e+02
1.401413969222364244e+02
1.171224796974720874e+02
1.008706092464634878e+02
9.154837197957242267e+01
8.222769864061073974e+01
7.671690023845000894e+01
6.372108257960311306e+01
4.231217518633666685e+01
2.116909177065286229e+01
-2.339837807722561891e+00
-1.938599525186494077e+01
-2.816777868920279104e+01
-3.476704490629381183e+01
-3.642484653196108724e+01
-3.627685151706677402e+01
-3.469681904409127071e+01
-2.759081010324710803e+01
-1.550397793431367077e+01
-8.259134330717078143e+00
-6.046153960262774518e+00
-4.390432374606771049e+00
-5.722372176663756527e+00
-3.136432371506196581e+00
3.939491686535547377e+00
1.009951065053752473e+01
1.694030978393215037e+01
1.989949027003479642e+01
1.792677201707718737e+01
1.432297306599187081e+01
7.621462785020735708e+00
-7.852190343579820153e-01
-1.071186039302259374e+01
-2.421431173362444511e+01
-4.107508216519794075e+01
-5.585203992084318969e+01
-6.842960637536207003e+01
-8.135750964848274691e+01
-9.329447487894456970e+01
-1.080288628402469300e+02
-1.258961242725790441e+02
-1.439327261406019147e+02
-1.630267745632872902e+02
-1.740851548665021085e+02
-1.758618774648268470e+02
-1.732662369136271252e+02
-1.635810186568808717e+02
-1.513612616147715073e+02
-1.368470029773226599e+02
-1.152676608178572764e+02
-8.742286190202749196e+01
-6.106506061952135411e+01
-3.612005244537934345e+01
-9.251066229997848112e+00
1.771450651547757715e+01
5.075560821517586163e+01
9.038560199322914457e+01
1.322087995473931130e+02
1.776599749191753403e+02
2.087904235745706103e+02
2.233605468956035907e+02
2.308741991132455098e+02
2.260594713817346531e+02
2.182927290900146886e+02
2.080973989529656194e+02
1.859961200896779587e+02
1.537016709327747606e+02
1.259225335480301453e+02
1.025129744625820365e+02
7.731819540111153799e+01
5.382953740067648596e+01
2.065625778163904513e+01
-2.311745636288736705e+01
-6.907832507630531893e+01
-1.199198583956765276e+02
-1.563085642825411981e+02
-1.754708368940497394e+02
-1.885040377889044976e+02
-1.896648613157294676e+02
-1.882376766416364262e+02
-1.848903776288912582e+02
-1.697750920559542749e+02
-1.446013445520014216e+02
-1.266225143315057551e+02
-1.158555920531948829e+02
-1.049275556189196266e+02
-9.801145256395496119e+01
-8.218969141136430778e+01
-5.644358485850748508e+01
-3.053666899731420514e+01
-1.458462995326690548e+00
2.246207044578876122e+01
3.939048441627788577e+01
5.547164159703663699e+01
6.809204366192875568e+01
7.987028021450801418e+01
9.122601829402854889e+01
9.847554273466930397e+01
1.020939429428889582e+02
1.119192864268659093e+02
1.282203345708482516e+02
1.465016447464661269e+02
1.692375262242321980e+02
1.896886695606023636e+02
2.073229007718390449e+02
2.275302871334868371e+02
2.487839753649156762e+02
2.598790789066325146e+02
2.602801502198384469e+02
2.541408820697165254e+02
2.383675926668356624e+02
2.206413144860873672e+02
2.011296970025103690e+02
1.731985243682462965e+02
1.382745712894123926e+02
1.022929660915641108e+02
6.482360939632359020e+01
2.381900101962609995e+01
-1.944507849010333089e+01
-7.046366989347519905e+01
-1.296693566640843471e+02
-1.934070257246684434e+02
-2.630311341374508061e+02
-3.118913551355865366e+02
-3.370108016143485656e+02
-3.519577904641056421e+02
-3.490117257388556027e+02
-3.427603206672438318e+02
-3.339739701144575861e+02
-3.083805700402622847e+02
-2.686905931095770370e+02
-2.355211670917613560e+02
-2.085690683395947076e+02
-1.794282533909621407e+02
-1.529731777200823331e+02
-1.129799478807029089e+02
-5.818485447573234381e+01
-4.916314560593519900e-01
6.392558375371787349e+01
1.110522533790214084e+02
1.373148717081120367e+02
1.568647065306199977e+02
1.625545389158905891e+02
1.655964458892057110e+02
1.668765893492061139e+02
1.543247341098078778e+02
1.300227349054981119e+02
1.159169022533847055e+02
1.121057736449992603e+02
1.091761124650672343e+02
1.124720721449989753e+02
1.057405314933568263e+02
8.771838312891732414e+01
7.079220386717527447e+01
5.119957510341719598e+01
3.504740549600357724e+01
2.423770486998701656e+01
1.312949759036398767e+01
3.768282651765989311e+00
-4.569916767530889601e+00
-1.228913429447205630e+01
-1.715542527940374384e+01
-1.927843298108668435e+01
-2.789089209167368466e+01
-4.339711302700216322e+01
-6.136855752820346055e+01
-8.417698058117684923e+01
-1.058754257970302604e+02
-1.259798048751908937e+02
-1.494276344900544302e+02
-1.748906285831797902e+02
-1.910488910689342390e+02
-1.973435506953765923e+02
-1.981538960443747044e+02
-1.903729537845411812e+02
-1.816775477077998460e+02
-1.722895687265296374e+02
-1.555889111371066349e+02
-1.330329447654518447e+02
-1.108094345739534248e+02
-8.853819118331749394e+01
-6.410063104849855620e+01
-3.886601475641220560e+01
-7.250869758933276898e+00
3.115083483815470800e+01
7.253672670240577247e+01
1.182514873165067684e+02
1.534665025177716586e+02
1.763735739963296680e+02
1.949787498537908732e+02
2.049737673355747916e+02
2.140966502244947662e+02
2.228511446344047329e+02
2.234946589048029466e+02
2.174916966064162978e+02
2.169652012361494258e+02
2.218478125463292656e+02
2.271500373756053648e+02
2.357905892044431937e+02
2.384836443747539647e+02
2.345342116646549186e+02
2.308971109123326642e+02
2.254192369491205454e+02
2.174049903533863244e+02
2.074752799154059630e+02
1.943469991360403526e+02
1.779478782577903928e+02
1.602203484646965421e+02
1.409914776545149664e+02
1.192068458718573254e+02
9.520127608275535636e+01
6.678491130058392855e+01
3.361933892591267181e+01
-3.070511657161741681e+00
-4.395093309002856330e+01
-8.817835063353093972e+01
-1.357176284729953295e+02
-1.876139734271247619e+02
-2.437487592727940751e+02
-2.852108933051430881e+02
-3.102779825528413085e+02
-3.277940336262553274e+02
-3.323725649886690121e+02
-3.352099192681192790e+02
-3.367900604542720657e+02
-3.266583405738030592e+02
-3.069100993112820674e+02
-2.908058873121125885e+02
-2.779929462561982518e+02
-2.632848282674876259e+02
-2.497655872200715237e+02
-2.266067293988300548e+02
-1.929803528317769121e+02
-1.566698516855993262e+02
-1.151061273100751094e+02
-8.184488829609733784e+01
-5.896319321447560924e+01
-3.813406095418908137e+01
-2.337238701536741914e+01
-8.540916729341040181e+00
6.944373165478130439e+00
1.641839209971530877e+01
2.106643943591862111e+01
3.369077147753641555e+01
5.444089678706252755e+01
7.785776347683699328e+01
1.071133038435014981e+02
1.329200140673275712e+02
1.546053032361246835e+02
1.793880781084930618e+02
2.051663684193795518e+02
2.228404624039223734e+02
2.322705539780737070e+02
2.362011962805413816e+02
2.321838517920018603e+02
2.271241875394927092e+02
2.211005946428157927e+02
2.084529012099341401e+02
1.904692388933410712e+02
1.709608398359664534e+02
1.494692589307345827e+02
1.249017151438866904e+02
9.801346265527772061e+01
6.482589443083936942e+01
2.503236201617004753e+01
-1.888552860505169662e+01
-6.792942800203704223e+01
-1.037294257475254113e+02
-1.242833851251474329e+02
-1.390283268070662075e+02
-1.426827238790507977e+02
-1.453571714108738320e+02
-1.476373466897172761e+02
-1.397267317411501608e+02
-1.235464390992855783e+02
-1.133044520145139273e+02
-1.088356045603251658e+02
-1.044233837634553055e+02
-1.034622366824301309e+02
-9.485010388993475772e+01
-7.776777356685610698e+01
-6.044102730132344448e+01
-4.028873684423112422e+01
-2.330879517449495708e+01
-1.091805637115985839e+01
1.627905722073430983e+00
1.244427435483831346e+01
2.315090321011346219e+01
3.410630623198599665e+01
4.280578374011260934e+01
4.956404418404748924e+01
6.184753330731653875e+01
7.991760577763159290e+01
1.003585714854150552e+02
1.250784801159417157e+02
1.490934313075854902e+02
1.720317655170801174e+02
1.979676709898675426e+02
2.257971532869881628e+02
2.428166213740338435e+02
2.482155039753883443e+02
2.471753493799735679e+02
2.361500744410884636e+02
2.234121843151280871e+02
2.092080899817721047e+02
1.862042238013171414e+02
1.559455322818945433e+02
1.260090473601946570e+02
9.600836071479525913e+01
6.317980297166885606e+01
2.921673321971544368e+01
-1.251301259738681892e+01
-6.251994921244880032e+01
-1.162337610045430836e+02
-1.752591708017412770e+02
-2.198760494301771189e+02
-2.477102351952683819e+02
-2.692622635394400845e+02
-2.787965857181488332e+02
-2.867079476916954377e+02
-2.936337843019012439e+02
-2.892069204224083023e+02
-2.753781352162362737e+02
-2.681283188907234489e+02
-2.673338904887486933e+02
-2.664130516277328411e+02
-2.691939840169725358e+02
-2.633581824085458152e+02
-2.479675942134055902e+02
-2.321973694114050772e+02
-2.131747732247326326e+02
-1.950897561129294502e+02
-1.792678197930685258e+02
-1.615881882930243592e+02
-1.434268028696207011e+02
-1.243946672306432504e+02
-1.041406114293993426e+02
-8.408433410111958040e+01
-6.412577152075444076e+01
-3.767579969091613634e+01
-4.381526516968738960e+00
3.265765918159385706e+01
7.517840227942365061e+01
1.190641816406293572e+02
1.640278682513768729e+02
2.136043251632264912e+02
2.669178743936228102e+02
3.057701542693238821e+02
3.287677057290203493e+02
3.438607262455626028e+02
3.459235994415217306e+02
3.463024480934773237e+02
3.454096403763617218e+02
3.329539152460050673e+02
3.110606450109911520e+02
2.915077533524172964e+02
2.738495766368341719e+02
2.536364517796190512e+02
2.335604396132464444e+02
2.036814643071452338e+02
1.632420714541433995e+02
1.192495671840973444e+02
6.932652618996596061e+01
3.070165777207932933e+01
5.724770727494618683e+00
-1.552514867347429472e+01
-2.800176416189414397e+01
-4.014441436826385257e+01
-5.262076970691651212e+01
-5.668659694830964213e+01
-5.395972312206158961e+01
-5.958121626587905695e+01
-7.360816584620495462e+01
-8.970521098279731120e+01
-1.115778581859377994e+02
-1.279554397095648994e+02
-1.380152873222013170e+02
-1.503712842918461661e+02
-1.624472533802708085e+02
-1.711175277289091525e+02
-1.769714784723972514e+02
-1.795885342596315013e+02
-1.782655529825641736e+02
-1.767725699895073888e+02
-1.750056573351355382e+02
-1.704520975266329401e+02
-1.638200172155827374e+02
-1.540845193054920230e+02
-1.408337880468991159e+02
-1.249820123201586739e+02
-1.061332677994396647e+02
-8.405309236029471265e+01
-5.872924542289010219e+01
-2.987130842965541078e+01
2.641627424726443962e+00
2.698621962592260815e+01
4.209652608991954992e+01
5.367971015411778524e+01
5.840160724127515834e+01
6.322080347560316937e+01
6.850514203739187735e+01
6.780287799173871122e+01
6.245986659218058179e+01
6.088728436613127570e+01
6.292417920551547184e+01
6.533651079859816946e+01
7.012282310040325228e+01
7.054071897793183155e+01
6.612071545200377898e+01
6.180869193226924097e+01
5.604507689369646073e+01
5.158730515524509741e+01
4.919661588540812858e+01
4.641273824563761963e+01
4.411896194180951625e+01
4.183810656474810941e+01
3.936915632934785947e+01
3.773903650411669730e+01
3.684547406146134563e+01
3.285825081009628690e+01
2.560383459286340013e+01
