-2.591204762663213046e+01
-1.100021288558349930e+01
4.282087687421481270e+00
1.959624816197353780e+01
4.106635273822188026e+01
6.732240963702035685e+01
8.077345808241445013e+01
8.053115442914929645e+01
7.405212384762322131e+01
5.659581028455975371e+01
4.001987059044264328e+01
2.489361062329316354e+01
1.150787246090051230e+00
-2.880924051307110645e+01
-5.163829321277614071e+01
-6.739375241673428718e+01
-8.088591985317209776e+01
-8.878497583357244594e+01
-1.015954422575238709e+02
-1.198525209341458293e+02
-1.355360294122384630e+02
-1.509215011952554732e+02
-1.524071554147078302e+02
-1.376638222285827169e+02
-1.146173723006340168e+02
-7.904139771838644890e+01
-3.666342815211524453e+01
1.221952230433102748e+01
7.442561813841990670e+01
1.490737608258515365e+02
1.959958015995770495e+02
2.124550914176340086e+02
2.171234948191128353e+02
1.990449797947580066e+02
1.835642163227767298e+02
1.721573506050777667e+02
1.425970592904831165e+02
1.000485143844198745e+02
6.720670007921825118e+01
4.318141818504816598e+01
2.040907390464296967e+01
4.212310614632079009e+00
-2.464957867753368959e+01
-6.728570781803175294e+01
-1.098626848902888469e+02
-1.567458887619004031e+02
-1.865516020910867212e+02
-1.957359825643692659e+02
-1.975359550832644686e+02
-1.854904863955943313e+02
-1.686259335384231690e+02
-1.477395093897658285e+02
-1.124421008316986814e+02
-6.435582797439245439e+01
-3.106929371424797637e+01
-1.346746214605484049e+01
8.048677180578795998e-01
4.694994583607977390e+00
1.723004974370607201e+01
3.977397033911909574e+01
5.696172900187472266e+01
7.300684411436202481e+01
9.163474029037891455e+01
1.113812230057470742e+02
1.334065963841993039e+02
1.582348948094942784e+02
1.799459907234072773e+02
1.984877760892916569e+02
2.171141066969942699e+02
2.344923038375758892e+02
2.314197590378917369e+02
2.060709243272777371e+02
1.663488021178074803e+02
1.065735338746753769e+02
3.847006062004340521e+01
-3.785948518332962465e+01
-1.336027042434110683e+02
-2.468225709678362705e+02
-3.172237172505048761e+02
-3.406311596084109397e+02
-3.445702474049193142e+02
-3.124769248707576708e+02
-2.827332108937602584e+02
-2.573780879324983175e+02
-2.026709172647000230e+02
-1.263148685734810499e+02
-7.096965622845931421e+01
-3.604128000390464592e+01
-6.016943641331662818e+00
8.708445662886528993e+00
4.223572170216694133e+01
9.652869137732251659e+01
1.460859761785948479e+02
1.984978510331988559e+02
2.338999517060373989e+02
2.475077883248522426e+02
2.540464604198126892e+02
2.470754143464456831e+02
2.317703815907164824e+02
2.089046180694114128e+02
1.698892623924429870e+02
1.154380088118287091e+02
7.337545877731243138e+01
4.459705528248141349e+01
1.584984352331419188e+01
-5.875440398117712348e+00
-3.941278607093103403e+01
-8.639314034907090445e+01
-1.317364880591974554e+02
-1.797865974401358073e+02
-2.122850141295462834e+02
-2.256712915610659422e+02
-2.316194446154952971e+02
-2.243744754268788029e+02
-2.109540222398687490e+02
-1.919116847543715210e+02
-1.583796667303599008e+02
-1.114662981960399719e+02
-7.612954288629816801e+01
-5.310643920665168594e+01
-3.085363387756176934e+01
-1.566087794694637481e+01
9.736069421579777838e+00
4.673371429102860475e+01
8.157453161028936961e+01
1.181962674496353713e+02
1.502304972324569690e+02
1.754695505416466972e+02
1.997089761571152167e+02
2.206795055063814459e+02
2.388258981809915724e+02
2.544251581373276565e+02
2.650833053902183565e+02
2.707323817189295028e+02
2.574296420334424056e+02
2.230418472327588404e+02
1.737240164150022963e+02
1.049756894594769818e+02
2.386981322920182436e+01
-6.980254136492177963e+01
-1.840128658625369553e+02
-3.179222316269266457e+02
-3.984379354271152351e+02
-4.198054590015409531e+02
-4.163902032383513188e+02
-3.678891553102299667e+02
-3.193351182436970248e+02
-2.731667852127454239e+02
-1.889372099525225508e+02
-7.558235857880272590e+01
-3.573864533616060157e-01
3.596126837918167496e+01
5.984368081825262209e+01
5.427966577164568918e+01
6.951799376609099568e+01
1.084247478520615005e+02
1.316909969906409117e+02
1.502293767680318410e+02
1.688871904327756113e+02
1.834836440478638906e+02
1.992115039615551666e+02
2.160836167933906893e+02
2.212976067711440464e+02
2.148085098089898111e+02
2.025626697788624995e+02
1.815530185270131653e+02
1.563877655094022145e+02
1.274934915601700851e+02
9.011431916852318125e+01
4.515937419936396680e+01
-8.904978449755574843e+00
-7.303361426920255894e+01
-1.460612059425109805e+02
-2.288011274264625285e+02
-2.803361063093230428e+02
-2.966351366221840067e+02
-2.977651855439369797e+02
-2.720432469566500799e+02
-2.433812786401689721e+02
-2.130254525046834146e+02
-1.585432566791102715e+02
-8.451192691697133341e+01
-3.251900237790835746e+01
-3.215421664361310938e+00
2.053492895539665497e+01
2.823899394240659788e+01
5.047213590031778807e+01
8.917775794558970404e+01
1.203856759532039717e+02
1.508378964698615619e+02
1.732422509522109522e+02
1.840534508356012395e+02
1.913643603965510636e+02
1.922489580055363092e+02
1.849323800396260822e+02
1.696720007286435248e+02
1.444351055494914817e+02
1.085263887854255387e+02
7.912193350708241724e+01
5.703432791843003002e+01
3.320539635903639919e+01
1.195616432337257251e+01
-1.760549306755772392e+01
-5.664186688427503924e+01
-9.625534488180734627e+01
-1.390520134259481040e+02
-1.696145124315437442e+02
-1.853978375146793951e+02
-1.955473251708637008e+02
-1.953444993926495954e+02
-1.917369642180416918e+02
-1.851990940155752412e+02
-1.679123189892533787e+02
-1.410758018073826747e+02
-1.157744238136982631e+02
-9.165996195566374638e+01
-6.390943373273040606e+01
-3.499487995207005753e+01
3.957867225496466190e+00
5.382235310433482312e+01
1.083745387081821576e+02
1.698495654553606187e+02
2.107091140870355161e+02
2.276862741834464714e+02
2.354902287310581244e+02
2.261436235679319964e+02
2.143321998837211027e+02
2.009969454758604570e+02
1.716331842352622630e+02
1.290404536329729126e+02
9.391203546809302338e+01
6.594589740590370752e+01
3.680117120242408646e+01
1.138517648357582601e+01
-2.651794682412979398e+01
-7.813398592724637126e+01
-1.315161186624434890e+02
-1.904603771889918846e+02
-2.276371921606510682e+02
-2.391009826576575961e+02
-2.405053205035355575e+02
-2.237133953409807816e+02
-2.017759204145653769e+02
-1.756085490472783874e+02
-1.312947946625601787e+02
-7.121394357605750258e+01
-2.970448886501271701e+01
-7.793197233432819004e+00
9.639886722360277105e+00
1.381600416795068753e+01
2.872208062260337869e+01
5.601778629910617724e+01
7.641361572873934449e+01
9.520079245997065698e+01
1.146822405449627951e+02
1.327738598174042011e+02
1.520338209069950608e+02
1.724267182639786142e+02
1.878453690252857200e+02
1.982632591819282197e+02
2.064642631207317436e+02
2.110036760218214908e+02
2.008214738786422799e+02
1.747355817442384591e+02
1.366542167725944239e+02
8.313408396066716932e+01
2.099736996253744081e+01
-4.997473259531254541e+01
-1.365689160219712335e+02
-2.378517000266318178e+02
-3.000995303722978633e+02
-3.191654974238859950e+02
-3.200895283616224560e+02
-2.879588549054625446e+02
-2.561659932812746661e+02
-2.264816780400998368e+02
-1.690363535471571197e+02
-9.045388434667017918e+01
-3.583696941949497017e+01
-5.301916051910824379e+00
1.854309934297499041e+01
2.445528462534453240e+01
4.693872289850762769e+01
8.800998672198848283e+01
1.211436033528432148e+02
1.539287337555163901e+02
1.774123104132617641e+02
1.876472517868929515e+02
1.941235056465652065e+02
1.934023944393586021e+02
1.840019714573671195e+02
1.662911050601223906e+02
1.376367467092696302e+02
9.740403613174756003e+01
6.511049956416779594e+01
4.168080117059983536e+01
1.696783305871465330e+01
-4.095437497629382584e+00
-3.390229695076363470e+01
-7.372108895155025721e+01
-1.133868041060364931e+02
-1.558288388671589360e+02
-1.815073072206972711e+02
-1.872863365990837963e+02
-1.844486279336045982e+02
-1.670162488648894339e+02
-1.439667709853530368e+02
-1.158380607044062174e+02
-7.261646508357155483e+01
-1.582336394856432982e+01
2.139902864133209448e+01
3.755808763252524329e+01
4.771538431295851268e+01
4.319575760505690454e+01
4.625547024075599722e+01
5.839731793783963099e+01
6.116357709997667769e+01
5.936052424805354377e+01
6.089714439459113748e+01
6.421609068490440109e+01
6.878981639769999390e+01
7.611723568105034587e+01
7.690966915936800774e+01
7.084616026198439442e+01
6.361214340559588010e+01
5.307106538149174924e+01
4.315862210246466901e+01
3.464271275160736252e+01
2.398609598223232453e+01
1.226924418590430754e+01
-1.522188521099826719e+00
-1.783408680562446236e+01
-3.531360268835364025e+01
-5.431084924976097739e+01
-6.761747856277511914e+01
-7.433192406387460949e+01
-7.811593109870064211e+01
-7.682468191647168965e+01
-7.444809500754428200e+01
-7.116010786469010441e+01
-6.299608847160366309e+01
-5.066860335419606542e+01
-3.851720769652642673e+01
-2.628996697282637385e+01
-1.224684929700515390e+01
2.683890898361153354e+00
2.226077142344968252e+01
4.684132561953276763e+01
7.390186007788737754e+01
1.043989697017337477e+02
1.168640095796894229e+02
1.089407141965752857e+02
9.146668692268768552e+01
5.823059641318366175e+01
2.110809401615937375e+01
-1.928685800161805020e+01
-7.450540063926112566e+01
-1.423381527024481557e+02
-1.767009163445729030e+02
-1.748046659951002937e+02
-1.571773066193811985e+02
-1.113020333662793746e+02
-6.712677945349005881e+01
-2.622999859024485758e+01
3.729589550506760531e+01
1.173856929801727489e+02
1.641444651821739740e+02
1.761778324209396374e+02
1.732341170601867475e+02
1.422645075024836956e+02
1.191764829881403500e+02
1.057037985429394382e+02
7.269795648336395288e+01
2.762773171667994276e+01
-1.015758207956663384e+00
-1.414345506099027361e+01
-2.032526213304947404e+01
-1.262080161261999223e+01
-1.532442563577450301e+01
-2.942624062291594100e+01
-3.703149748038737954e+01
-4.336398104479950888e+01
-5.287213221064909163e+01
-6.401498707345174921e+01
-7.834172047633465752e+01
-9.662205838429838423e+01
-1.116682207682687107e+02
-1.235433826439350753e+02
-1.364142778241786402e+02
-1.487633680788019035e+02
-1.483190124071359719e+02
-1.341252263837972123e+02
-1.107844147197523483e+02
-7.471018887351742421e+01
-3.404584329712839974e+01
1.116777352206276674e+01
6.835827485838943574e+01
1.361457616047856618e+02
1.815319409326953064e+02
2.024165628210205057e+02
2.136850245634933856e+02
2.063443945925021126e+02
2.018249674565512919e+02
2.012858766603021650e+02
1.861548783398634157e+02
1.607839633664136159e+02
1.349328992533313283e+02
1.069277904591303638e+02
7.477778742284684199e+01
4.026339585526977771e+01
-7.456997847030112148e+00
-6.911975734716337172e+01
-1.382197808465347748e+02
-2.174691827717531396e+02
-2.656584722351040568e+02
-2.783003635791233705e+02
-2.769726848975677740e+02
-2.498930200419555092e+02
-2.195907312129270679e+02
-1.875161441801120077e+02
-1.318965004944589907e+02
-5.710066453697376687e+01
-7.370678345335614168e+00
1.629352135238107024e+01
3.237555957257646355e+01
2.958640904257291027e+01
3.970167824571633020e+01
6.469658468961821995e+01
7.925640953412737133e+01
9.030324594567852614e+01
1.057579482743326622e+02
1.233678412624580432e+02
1.441376922590228276e+02
1.694282299736191817e+02
1.882807738273715472e+02
2.005218495242913264e+02
2.125451125083981196e+02
2.218958367503392424e+02
2.147040294796559010e+02
1.899289663767613376e+02
1.521200452903419489e+02
9.714526692898775195e+01
3.442638985075042513e+01
-3.619410199798630856e+01
-1.233867262447095925e+02
-2.256788395760010530e+02
-2.909954302638948889e+02
-3.155778102768766189e+02
-3.233336959101742423e+02
-2.998931970745235276e+02
-2.782273692741381979e+02
-2.600731933252590693e+02
-2.162906394873950831e+02
-1.534660661089277767e+02
-1.041609193568631184e+02
-6.738247680947819163e+01
-3.165407276253994340e+01
-4.672339703402446531e+00
4.061235896163600501e+01
1.058622113422243700e+02
1.714558076021910438e+02
2.435612333811928067e+02
2.855088790557526295e+02
2.916101855323125278e+02
2.835927576996352855e+02
2.504379508838083268e+02
2.086209262697639133e+02
1.593912347390474622e+02
8.447322249789117166e+01
-1.318328766406702890e+01
-7.436302644296013398e+01
-9.636164124107513373e+01
-1.058256841907678023e+02
-8.719602615165031523e+01
-8.010704334858168352e+01
-8.712070767188758680e+01
-7.520820049296844445e+01
-5.284204612572348481e+01
-4.228470139678530870e+01
-4.150532506343610351e+01
-4.559966744188172072e+01
-5.954426867229054920e+01
-6.193335789422756932e+01
-5.193167666388077919e+01
-4.415020167389186412e+01
-3.383604983736681504e+01
-2.330675784987058918e+01
-1.415354426739042992e+01
-1.769584950388868538e+00
1.297980133746901288e+01
2.788593721668153691e+01
4.344806301560385009e+01
6.006140670477356736e+01
7.739152414328073348e+01
8.289684585630870117e+01
7.522962454317223546e+01
6.001927574045755165e+01
3.354033132412349971e+01
3.298668099489250771e+00
-3.053950025702875593e+01
-7.519143760205524529e+01
-1.293694367475199556e+02
-1.567547438059942237e+02
-1.548930895100536418e+02
-1.402740116280273810e+02
-1.029398560419571425e+02
-6.609286342231727929e+01
-3.095839740162746168e+01
2.280484024350974437e+01
9.053610606470674327e+01
1.337174294852706566e+02
1.513800793628574581e+02
1.588405152355400958e+02
1.460950296172891854e+02
1.410191245170212824e+02
1.450319338097171169e+02
1.356682496010291743e+02
1.187905433436713594e+02
1.019409603609441177e+02
8.299788591791958936e+01
6.223114917615796315e+01
4.084551895619814132e+01
8.470090081470736720e+00
-3.529735461558124143e+01
-8.459439942466102025e+01
-1.419030760561836075e+02
-1.802294646781263623e+02
-1.965833397146487869e+02
-2.056636197061526161e+02
-1.998138856370635779e+02
-1.933843320115960580e+02
-1.874742941413236395e+02
-1.681521017849024986e+02
-1.382871467688990776e+02
-1.128045180444409823e+02
-9.101644191490397873e+01
-6.746779605043798256e+01
-4.552681031675567880e+01
-1.266489526288387424e+01
3.204960670542599388e+01
7.981499831932353572e+01
1.336189430335049906e+02
1.756755411272475556e+02
2.034299344802139444e+02
2.275399391849889241e+02
2.427897606594863191e+02
2.575625504088461071e+02
2.726209620065641843e+02
2.791189513047199853e+02
2.786944689953880925e+02
2.623124139645333344e+02
2.275286511558954032e+02
1.793341951224734316e+02
1.143876803824862947e+02
3.527620968742726149e+01
-5.835088932996057309e+01
-1.712684138050708498e+02
-3.035952524211489276e+02
-3.856503096198434832e+02
-4.116855985801477118e+02
-4.151416364143371993e+02
-3.766257546040745297e+02
-3.383790262383652134e+02
-3.028126397518294084e+02
-2.316937901868786867e+02
-1.334288000454047562e+02
-6.250343265962336403e+01
-1.869800307656918648e+01
1.878726642245330325e+01
3.653584498576829986e+01
7.679822319739426462e+01
1.421207571618745078e+02
2.004201987827840412e+02
2.610904909040299913e+02
2.955971712089302628e+02
2.974710482968399106e+02
2.867308145661750132e+02
2.541689180060145929e+02
2.082965966311627710e+02
1.500609272829833003e+02
6.658769554662487167e+01
-4.094225357197957038e+01
-1.066833873643596036e+02
-1.267553351020319781e+02
-1.322186683912722174e+02
-1.055179009830673209e+02
-8.877573719962639132e+01
-8.485676270407921606e+01
-5.769297465405217196e+01
-1.622338949519815188e+01
3.018124775898495038e+00
1.166662457218786475e+00
-1.036475153204840005e+01
-4.042152303915376166e+01
-5.852502280791320288e+01
-6.332661185188240438e+01
-7.734250768881371130e+01
-9.397162285821394789e+01
-9.709782791678811975e+01
-8.755651058948998866e+01
-6.826354530537521725e+01
-3.516749714808245386e+01
-3.250307258060360915e+00
2.739956062522263736e+01
6.783838482427262306e+01
1.151341552528765249e+02
1.389658866408980487e+02
1.376401927148044706e+02
1.235220484208321921e+02
8.827135704861457555e+01
5.258528456229969805e+01
1.723097959164633153e+01
-3.555466067592978874e+01
-1.017357058884804815e+02
-1.387748115879469140e+02
-1.449431651279404321e+02
-1.378718984742103260e+02
-1.062624180305688100e+02
-7.976140320929670224e+01
-5.984662832016304890e+01
-2.193164143880824213e+01
2.786831682553131984e+01
6.366686384687095313e+01
8.614606308545754132e+01
1.036088875217854763e+02
1.097504510796726862e+02
1.262042714086777409e+02
1.539635479517766612e+02
1.770215115920292703e+02
2.000802859415057924e+02
2.038245385746024567e+02
1.844999096621430112e+02
1.544336861832380521e+02
1.075472986641592428e+02
5.082192226622659348e+01
-1.520266346630987542e+01
-9.969064206957021668e+01
-2.015971939957823338e+02
-2.652614168611237915e+02
-2.869060374336858104e+02
-2.925416148864985075e+02
-2.670171014595471206e+02
-2.453319750306542915e+02
-2.295759725674482468e+02
-1.890621204904980459e+02
-1.309522531069086995e+02
-8.807761695950136982e+01
-5.938341835263795332e+01
-3.377173036216540680e+01
-1.904498280391667109e+01
1.216941673138895297e+01
6.140308885631652203e+01
1.087214730963961529e+02
1.602717535375457487e+02
1.984209017454236346e+02
2.193339827679553480e+02
2.357486793251034101e+02
2.421214652119479638e+02
2.438050226050078777e+02
2.415881668315726927e+02
2.277204615765558628e+02
2.031017151550854010e+02
1.752128278635682079e+02
1.431974736636778118e+02
1.036441939393687619e+02
5.785499632242295576e+01
-8.967812413473605915e-01
-7.355805460445628796e+01
-1.561392948139129544e+02
-2.505984310239529975e+02
-3.080808013306753992e+02
-3.235979504070291455e+02
-3.218337319029444643e+02
-2.888586408535859960e+02
-2.524440483715219727e+02
-2.142042100388748054e+02
-1.478107115093982316e+02
-5.862984270117988217e+01
2.384232242939585689e+00
3.424321649876711149e+01
5.803978093992902387e+01
6.082987765046415518e+01
7.963079383745646567e+01
1.167463550150205123e+02
1.428934134965975602e+02
1.661683960312591921e+02
1.781393006051493728e+02
1.744410267023959022e+02
1.645648207059375352e+02
1.450033445531009022e+02
1.132018850429791570e+02
6.936086538627648679e+01
1.119243797875514623e+01
-6.230311719526395819e+01
-1.053955854598094106e+02
-1.145811215817034849e+02
-1.126576823486441583e+02
-8.718143207979454701e+01
-6.567813480330781317e+01
-5.012294570445894948e+01
-1.600874724005576510e+01
3.090547862284366687e+01
5.512253715958610911e+01
5.649327117163461054e+01
4.811486545182724939e+01
2.102012907614206938e+01
2.160519939796401445e+00
-7.134110333668314041e+00
-2.787374295407508740e+01
-5.430877050529718275e+01
-6.595702334408461809e+01
-6.326812364446837478e+01
-5.196147564789622209e+01
-2.686766705611430694e+01
-5.235904420025188521e+00
1.248028996527235002e+01
3.935002848866277958e+01
7.185520544586697156e+01
8.557445627847003777e+01
7.963566291087042259e+01
6.319247024951580727e+01
2.967190311404418779e+01
-3.244491350622251691e+00
-3.495587469741499120e+01
-8.009849787770917828e+01
-1.351747345301411656e+02
-1.623412102637152543e+02
-1.597891144107192929e+02
-1.431614107369051681e+02
-1.022517608223886896e+02
-6.302231232354696999e+01
-2.663270517399728021e+01
2.883012751045428246e+01
9.814134695500663952e+01
1.418163252194158872e+02
1.589093839810545887e+02
1.647786146744733458e+02
1.491404194088051725e+02
1.408778665082712962e+02
1.413669173989704007e+02
1.273624654647023817e+02
1.048920679407774372e+02
8.526198986466259555e+01
6.661128565366365706e+01
4.752108298622852800e+01
3.023531411353416587e+01
1.940996127463027854e+00
-3.788487320629405986e+01
-8.124204653699194978e+01
-1.310991692446816899e+02
-1.637045775941614352e+02
-1.760846990858367178e+02
-1.817002370939734703e+02
-1.737094195460281583e+02
-1.639871157754754165e+02
-1.534956473739561602e+02
-1.302183880550510935e+02
-9.648626685739164088e+01
-7.002049097368923469e+01
-5.064531029300816556e+01
-3.122804493235111067e+01
-1.601647534851949217e+01
8.630725178557721478e+00
4.370550996225707507e+01
7.902313335820377915e+01
1.177352136091389241e+02
1.461481751623356047e+02
1.618364006400385335e+02
1.735489625064969914e+02
1.771037089855318811e+02
1.780557637209657287e+02
1.769363008566052144e+02
1.671557539533883414e+02
1.497059359752505543e+02
1.302487184500797355e+02
1.081070590879603799e+02
8.093945963819540168e+01
4.975387815574563177e+01
9.252116696478402957e+00
-4.122478996418034569e+01
-9.850651002407050782e+01
-1.640835718859307235e+02
-2.066415593854700603e+02
-2.229476186064223100e+02
-2.290155752758364258e+02
-2.159274510933883278e+02
-2.013641701245128957e+02
-1.864063758838414344e+02
-1.542665369316226531e+02
-1.083864484924657319e+02
-7.258701276137728087e+01
-4.661997457256827460e+01
-2.112045164532977282e+01
-1.828609022315556221e+00
2.985627174623558133e+01
7.521545895517031965e+01
1.203716106378291784e+02
1.695848936739000408e+02
1.960335343488702051e+02
1.955495180452725492e+02
1.838175674881113650e+02
1.527411239287139892e+02
1.144977399790664805e+02
6.993466325098775371e+01
5.552225514754361768e+00
-7.650967277242526166e+01
-1.264001871447656669e+02
-1.415185021571072070e+02
-1.444622623505924537e+02
-1.219808116056542389e+02
-1.069145335316511733e+02
-1.013107734130982891e+02
-7.739908324585640287e+01
-4.209860619150743588e+01
-1.209944609018413608e+01
1.463621524631493465e+01
4.153704633857792317e+01
6.511441512400971021e+01
1.023748704472392461e+02
1.541355283469801520e+02
2.093321639532935876e+02
2.719058119594456571e+02
2.968995978573211687e+02
2.788652131694068430e+02
2.419081351279676539e+02
1.729625263192567672e+02
9.535838233325364399e+01
1.056185540685007496e+01
-1.048619974688957939e+02
-2.465406480184613827e+02
-3.306552059079075434e+02
-3.525958470661387878e+02
-3.495707142510735821e+02
-2.990484923307404301e+02
-2.561632357711866916e+02
-2.239732147173781414e+02
-1.553825980275835832e+02
-6.172961455120601215e+01
1.477300365653768210e+00
3.513880339656255103e+01
5.831336837881898560e+01
5.737164183739725587e+01
7.717892020710390000e+01
1.199718047358937980e+02
1.520850002869854620e+02
1.832972226549497634e+02
1.968493387126165146e+02
1.872452724639216513e+02
1.691585997667828849e+02
1.367100394538963144e+02
9.097002806010921461e+01
3.256217204373184870e+01
-4.468384308014623230e+01
-1.410174116542117702e+02
-1.942175541070228917e+02
-1.997255503796951928e+02
-1.876577214566727321e+02
-1.410578346494280026e+02
-9.794695764860489362e+01
-6.081297388122241898e+01
4.071109088702513645e+00
8.886406589015741986e+01
1.374736755182162256e+02
1.490080921365323263e+02
1.450152848843784170e+02
1.110967976213278519e+02
8.867559231341201098e+01
7.981173526696140641e+01
5.158658199983304371e+01
1.275325438669356437e+01
-1.059255458003990391e+01
-1.991924932511398083e+01
-2.168113802578837834e+01
-9.651421340922190950e+00
-7.566322312595382016e+00
-1.619719644596850472e+01
-1.853087656964489582e+01
-1.963326725845887566e+01
-2.495693728795244937e+01
-3.321166353524798609e+01
-4.538018477225656255e+01
-6.259156036988481731e+01
-7.725155635075566352e+01
-8.943896593255304595e+01
-1.038875145311092751e+02
-1.190493561231295985e+02
-1.213208984535920365e+02
-1.097516649181363846e+02
-8.961458654565400650e+01
-5.702011427256599063e+01
-2.111718114659567647e+01
1.793426105093880807e+01
6.828233468309318255e+01
1.282850021965387839e+02
1.648687212157586544e+02
1.759727836454869703e+02
1.762977899270071589e+02
1.568211555336074525e+02
1.391267485784767075e+02
1.243225379676178051e+02
9.371213381806859388e+01
5.164731711239799949e+01
2.290949404060738459e+01
7.333643179483619434e+00
-4.119451714354081417e+00
-5.317126415154662666e+00
-1.578241840328075440e+01
-3.657242165576516868e+01
-5.286992033242230349e+01
-6.895135733210076978e+01
-8.388072123180063500e+01
-9.588957219223281925e+01
-1.084082959720446127e+02
-1.207153329268813167e+02
-1.296306487659480808e+02
-1.352970710298540098e+02
-1.385294560617426214e+02
-1.385671973492256370e+02
-1.300232885107566574e+02
-1.121447671351127724e+02
-8.672342849715700197e+01
-5.196695386823049034e+01
-1.103355242279898363e+01
3.630553105807587144e+01
9.345906591937841768e+01
1.601042140895682451e+02
2.010364250901260732e+02
2.134154021619018522e+02
2.138490694314264715e+02
1.925289747147649280e+02
1.710784635271973002e+02
1.506609542043830174e+02
1.117877253134697355e+02
5.873555932889682651e+01
2.211404783278155151e+01
2.095414193727764385e+00
-1.327005283167837035e+01
-1.632420050898867458e+01
-3.027259764261232533e+01
-5.648291603358598678e+01
-7.702307436905702787e+01
-9.698967502706918253e+01
-1.123708560844042665e+02
-1.206891733140384417e+02
-1.273684650444589437e+02
-1.306622192527626964e+02
-1.283873071722015595e+02
-1.207316236855320426e+02
-1.070228829063160987e+02
-8.660582675720743850e+01
-6.770188420207125546e+01
-5.060349255851537720e+01
-3.066157899670018949e+01
-9.842298739019829767e+00
1.705253035576713216e+01
5.072830910599407872e+01
8.711180697530186023e+01
1.275549442652557417e+02
1.521871625892335942e+02
1.586231489122862115e+02
1.572517283931226189e+02
1.422656340524193297e+02
1.243650767533306549e+02
1.041461560212138835e+02
7.099938517249731262e+01
2.690948276598461320e+01
-2.599088852822565521e+00
-1.671814669458503388e+01
-2.649321847433538579e+01
-2.534338492208805960e+01
-3.116324386397824853e+01
-4.510509216878845962e+01
-5.270161306053624628e+01
-5.784178191713560580e+01
-6.574470885571368228e+01
-7.515713274861369086e+01
-8.625767640598080277e+01
-9.999403201594545010e+01
-1.096895146915228167e+02
-1.151898790626928957e+02
-1.204872101804572964e+02
-1.240736599260969086e+02
-1.200541713820951202e+02
-1.080756065313384795e+02
-8.970584467477407031e+01
-6.318055113868996386e+01
-3.278315511676666461e+01
1.627787000863963662e+00
4.391179497151023270e+01
9.342545403587620001e+01
1.316267692682964707e+02
1.573302353273339520e+02
1.790371426888536632e+02
1.917114167591437308e+02
2.074278116212723830e+02
2.268890404137151506e+02
2.396816019635114117e+02
2.482925510902128394e+02
2.386579605322672819e+02
2.078575447650030128e+02
1.639696197034653551e+02
1.023263252145404749e+02
2.808253021479337974e+01
-5.875986537690887701e+01
-1.653437329450847812e+02
-2.911707828887650180e+02
-3.663318255277350204e+02
-3.853519828558501104e+02
-3.813413162168137092e+02
-3.349364813872809350e+02
-2.890170896153121021e+02
-2.459965720155077520e+02
-1.673817404179116295e+02
-6.173400397994087996e+01
7.767484966932372004e+00
4.043213252775395006e+01
6.098233857809955083e+01
5.343849515296174957e+01
6.506127985689020932e+01
9.851029353669007094e+01
1.168189074720668259e+02
1.302316333610243930e+02
1.459660610511107848e+02
1.603523897143003865e+02
1.770040380604454526e+02
1.966974140205911681e+02
2.058399473952896130e+02
2.043209492842320287e+02
1.992004075151959626e+02
1.873616862459086860e+02
1.688792609011851198e+02
1.439601742483496025e+02
1.099867773247864591e+02
6.668525729086303500e+01
1.550766219039397242e+01
-4.427805385424647255e+01
-1.139916003122705064e+02
-1.937912808134259706e+02
-2.467813908480954126e+02
-2.696586499119466680e+02
-2.801707346125314189e+02
-2.679098199772419093e+02
-2.551113656371043703e+02
-2.429586252950758194e+02
-2.110669170178555305e+02
-1.637763844181444028e+02
-1.231858997590379516e+02
-8.837718693328336883e+01
-5.132860954698911371e+01
-1.709434918092538069e+01
3.301084555186275082e+01
1.003219073383039301e+02
1.716407052549881200e+02
2.513832116531895906e+02
2.947657607980456760e+02
2.960535020154264885e+02
2.796096034408138848e+02
2.323018007239998894e+02
1.769922544529621860e+02
1.151202384408443180e+02
2.337637732168868610e+01
-9.400359892746780588e+01
-1.641356769650910223e+02
-1.835795815594473481e+02
-1.845758391251992521e+02
-1.478249429193467961e+02
-1.222343586407122586e+02
-1.107238646924475773e+02
-7.231373227425429207e+01
-1.729338268585081551e+01
1.909848322925223130e+01
3.873644951083765875e+01
5.156783477737432975e+01
4.931960180696412266e+01
6.318408945073532124e+01
9.453238148086312265e+01
1.210996440600808342e+02
1.497523335363226238e+02
1.606240088158822061e+02
1.493984961224888082e+02
1.303202741248861685e+02
9.713253549920320040e+01
5.569384233921120853e+01
6.839147192988086488e+00
-5.811004133653436554e+01
-1.382139200233755787e+02
-1.879412541387335125e+02
-2.044673974810356185e+02
-2.090646717964063726e+02
-1.894862175931096431e+02
-1.745848498593424267e+02
-1.661876045187773343e+02
-1.393043918051172056e+02
-9.994161449796507668e+01
-7.066483833856509023e+01
-5.029086006786038610e+01
-3.195336316983518188e+01
-2.088201680888609957e+01
2.662105665095335638e+00
3.971015438289947497e+01
7.625872407653132257e+01
1.167553733469794537e+02
1.471278004523913978e+02
1.645802926507564337e+02
1.789876658363793354e+02
1.860258566050904960e+02
1.904538894149040686e+02
1.929390695120610530e+02
1.871910300493952377e+02
1.740799999014788852e+02
1.551469100327695969e+02
1.293114581759332680e+02
9.608710319392197619e+01
5.528025722408278853e+01
4.109510150147597685e+00
-5.800812559558102066e+01
-1.302635099128780496e+02
-2.136955992996045950e+02
-2.653723213711571702e+02
-2.812668284604441169e+02
-2.826255214453495910e+02
-2.573339177475002089e+02
-2.304837754257037545e+02
-2.035279198540129642e+02
-1.531568283993144064e+02
-8.428668987191193196e+01
-3.642485435145508177e+01
-9.964757669523454098e+00
1.095549603916495407e+01
1.642694734428900460e+01
3.591993959852403862e+01
7.125139095464791694e+01
9.950276914813869666e+01
1.271688406794707902e+02
1.504081850304867203e+02
1.661791127348872976e+02
1.808037347903964474e+02
1.924183566765420039e+02
1.975320710265141599e+02
1.963575497242088090e+02
1.887208442710681595e+02
1.736595921300000498e+02
1.532085542868341292e+02
1.269892540422069374e+02
9.296873259627892594e+01
5.124883748942154682e+01
2.546220111915982187e-01
-6.070607198280765715e+01
-1.311371466464361788e+02
-2.118197568682523979e+02
-2.628124166174135894e+02
-2.803419748770568276e+02
-2.840274502810991066e+02
-2.625592476242034081e+02
-2.393993129827466930e+02
-2.158465727712061550e+02
-1.700898812657811163e+02
-1.066913626984090087e+02
-6.086224791390539224e+01
-3.276540023839227445e+01
-8.324871762010145559e+00
3.720410844565437802e+00
2.999907702894294559e+01
7.221207884593316351e+01
1.098954377472690993e+02
1.489864836188762354e+02
1.785102030849265304e+02
1.950564566519378218e+02
2.079690081642028190e+02
2.134567526424802395e+02
2.128375306857120108e+02
2.065510563153929411e+02
1.903336495940198745e+02
1.641928003815350792e+02
1.379266591975705580e+02
1.113712967676505059e+02
7.943911742656014496e+01
4.426398576386676353e+01
-1.340897017262565605e+00
-5.833407462892514417e+01
-1.216684692871886426e+02
-1.932906980160789487e+02
-2.386888132065278114e+02
-2.540478681890116377e+02
-2.571887036789106560e+02
-2.381706731418020411e+02
-2.160981866398291800e+02
-1.920956646253916915e+02
-1.476891919363501415e+02
-8.652452937728507720e+01
-4.107507545197245236e+01
-1.162810365740218899e+01
1.522150106407273107e+01
3.140556637292485220e+01
6.108567449104120328e+01
1.058973445139804284e+02
1.471770178412669168e+02
1.903482928582154159e+02
2.106490228578129518e+02
2.034593719774314309e+02
1.842220622848777225e+02
1.451896652474218001e+02
9.606266895202202249e+01
3.754375157113616979e+01
-4.242932033368165889e+01
-1.423304815030134591e+02
-1.974132789986213368e+02
-2.034968720362499539e+02
-1.906661867135585453e+02
-1.413866146374063248e+02
-9.678453118233822750e+01
-5.934615579830543197e+01
6.700154239749167573e+00
9.287941689048024330e+01
1.422621474128795853e+02
1.540829491861004783e+02
1.498459443314245618e+02
1.149560791545200829e+02
9.190164997559841709e+01
8.273376074523264379e+01
5.382915207443582517e+01
1.415334085473348580e+01
-9.456289623228334662e+00
-1.846888726357697763e+01
-1.954387210057227975e+01
-6.257992347702909797e+00
-2.982199942789088620e+00
-1.049875703927156856e+01
-1.130277748974231855e+01
-1.058492699030888851e+01
-1.724380035662223420e+01
-3.027749319119980242e+01
-4.913331097183512952e+01
-7.591986697963227471e+01
-1.009241565685923661e+02
-1.241477687865044999e+02
-1.522698692684948583e+02
-1.833490725165635240e+02
-1.923645542623995084e+02
-1.775087993252939498e+02
-1.492011986161593597e+02
-1.003698139534069895e+02
-4.730524394376388386e+01
9.507109013752732096e+00
8.461932694915785191e+01
1.750043977516061773e+02
2.320699047139706295e+02
2.531507099679083979e+02
2.594602137870899696e+02
2.378810705833151076e+02
2.207931010510144176e+02
2.098807101790106344e+02
1.775343396411179810e+02
1.303595323579080798e+02
9.322135557852224963e+01
6.477306783216657493e+01
3.736223279199569447e+01
1.671744398187341574e+01
-1.916169831420724634e+01
-7.148278246054152874e+01
-1.247574768276307111e+02
-1.839930479520628808e+02
-2.236662799106925092e+02
-2.397132649622168685e+02
-2.478236198973269495e+02
-2.403595831563404204e+02
-2.283686286129204746e+02
-2.128495132255384874e+02
-1.813740019490052475e+02
-1.359825417890045003e+02
-1.006866028124649830e+02
-7.567835239401226488e+01
-5.050286041098446077e+01
-3.102831616163068418e+01
2.845281445997009939e-01
4.482042117775888812e+01
8.912293592495727523e+01
1.372507013759931453e+02
1.771016304527563818e+02
2.060308099021885084e+02
2.326916119444827586e+02
2.532554723672111265e+02
2.716310022565969007e+02
2.883446063381937279e+02
2.979250246613102604e+02
3.010304896150944955e+02
2.845702846027515989e+02
2.460606124450774246e+02
1.917007563205273755e+02
1.170674768773394447e+02
2.791448498981689852e+01
-7.606259701018878161e+01
-2.021898964737072788e+02
-3.499832980755737708e+02
-4.386788353843129471e+02
-4.617579513946446355e+02
-4.575033679285788253e+02
-4.034422573214520185e+02
-3.489487855706898358e+02
-2.967355768013952684e+02
-2.022598689828045906e+02
-7.531123443785075722e+01
9.314015460601588359e+00
5.071362030140257815e+01
7.843304878551552406e+01
7.355057430243397221e+01
9.182911367150423132e+01
1.364696982453752696e+02
1.638149371945797839e+02
1.859809899358672567e+02
2.028363009490413731e+02
2.091686451716260251e+02
2.133221529942285031e+02
2.137034065371359759e+02
1.992587408839575858e+02
1.700443373857247309e+02
1.296075511952229249e+02
7.516910605375089460e+01
3.547662399111806053e+01
1.290248021800933031e+01
-8.650209450220071261e+00
-2.154264803455931343e+01
-4.199309829729148902e+01
-7.172410869845849390e+01
-9.626269266447295081e+01
-1.193032061188761617e+02
-1.363786352207593211e+02
-1.451523537343689725e+02
-1.502141622095475384e+02
-1.496197322722053684e+02
-1.425032375774189859e+02
-1.288476773928847479e+02
-1.070487314306073472e+02
-7.659906110652231348e+01
-5.137839887501421998e+01
-3.207488269710066220e+01
-1.139424198541252053e+01
7.148670410649978990e+00
3.245699839628754546e+01
6.545862517360170330e+01
9.888033762918234970e+01
1.348404399769070494e+02
1.534413990684551550e+02
1.518441050252780826e+02
1.409160626811267036e+02
1.146681419253144298e+02
8.293280373464718025e+01
4.622661395921907257e+01
-5.879264895273051295e+00
-7.167885432701669401e+01
-1.095667736160154533e+02
-1.171915255243349065e+02
-1.134221832540335271e+02
-8.710125204592652892e+01
-6.543199156198477340e+01
-5.004003503345111881e+01
-1.769931479047572509e+01
2.593003732738396039e+01
5.241773843750426920e+01
6.205485850753713351e+01
6.463364975365561804e+01
5.308629542910916399e+01
5.003347650549737580e+01
5.653498581785229504e+01
5.538884323946427912e+01
5.145416479040392943e+01
4.732311367035908489e+01
4.125336428550890133e+01
3.535623382107517187e+01
2.980656943874507903e+01
1.864827788189951363e+01
1.880585138587349547e+00
-1.754241164010797860e+01
-4.098112777045468391e+01
-5.951945914523811609e+01
-7.218626347492656237e+01
-8.428538452459378050e+01
-9.336839315933703176e+01
-1.039091228270253566e+02
-1.164159562555963703e+02
-1.265694734629125264e+02
-1.353583531945604079e+02
-1.337456999180880928e+02
-1.201759800215439213e+02
-9.948882243822984606e+01
-6.880370771639474015e+01
-3.221010345592792135e+01
1.022680993250187242e+01
6.331381877133747338e+01
1.264929638655197266e+02
1.693738113444825899e+02
1.898564431396121392e+02
2.021719472334859802e+02
1.980301601028320704e+02
1.966082516571565577e+02
1.990505771812657656e+02
1.885474544980958740e+02
1.690236645250782033e+02
1.470242726243225206e+02
1.207949709940409804e+02
8.960509471945810844e+01
5.439686790012153494e+01
6.721195008733034548e+00
-5.404004230281539378e+01
-1.232938583737084457e+02
-2.032486418015481320e+02
-2.554483281189688455e+02
-2.759331139611782646e+02
-2.846659250265946639e+02
-2.707487743528940882e+02
-2.556505364244533496e+02
-2.407877024649083637e+02
-2.057633887176060341e+02
-1.548117507743723991e+02
-1.149379069858248670e+02
-8.567544344532119283e+01
-5.663056600605806068e+01
-3.424348014021772002e+01
2.885051818376245691e+00
5.622398511389857134e+01
1.099750302564571882e+02
1.690611137980443743e+02
2.147456749864593348e+02
2.435402714517695699e+02
2.678715886203859782e+02
2.819955884220248663e+02
2.930682306329006224e+02
3.018782168241660884e+02
2.996247262396130395e+02
2.875964050512411632e+02
2.629732884255110434e+02
2.237656486509161482e+02
1.716724978795000709e+02
1.050015244071588398e+02
2.264952737213171474e+01
-7.607678324216711019e+01
-1.927244962548896865e+02
-3.282358160585165479e+02
-4.119052597884106603e+02
-4.374585913421985310e+02
-4.393646655945624389e+02
-3.977868158225774096e+02
-3.547621037698488067e+02
-3.126919751999198525e+02
-2.329788065713150047e+02
-1.239081153248833260e+02
-4.651400374577088570e+01
-1.079052359316211351e+00
3.644799625608943217e+01
5.086603854133567637e+01
8.839722307270906754e+01
1.518686152775444214e+02
2.056686107182348167e+02
2.600209657016363280e+02
2.912867186115162781e+02
2.929962271726503786e+02
2.833831854469272571e+02
2.544685637918726115e+02
2.110043766635859299e+02
1.537502922199675481e+02
7.273914533035490138e+01
-3.165471258470572025e+01
-9.591667212342198923e+01
-1.160587668980808616e+02
-1.225984682658664440e+02
-9.855449407538522166e+01
-8.395824043361665190e+01
-8.162910217488703779e+01
-5.703487080053510283e+01
-1.868617964018902811e+01
-2.811240381499005458e+00
-8.428249170904219767e+00
-2.398581420293986710e+01
-5.829701138739518029e+01
-8.149193251847943031e+01
-9.223436322896193928e+01
-1.127283603627706015e+02
-1.365171938597715098e+02
-1.417974773949670748e+02
-1.288144696471905775e+02
-1.032653583099848333e+02
-5.945844900426401836e+01
-1.557137517323664255e+01
2.816028893497593444e+01
8.587638425230564110e+01
1.540567024059488404e+02
1.915197695438502024e+02
1.959777424980171929e+02
1.846066277530674711e+02
1.461465156233999494e+02
1.084759588868708704e+02
7.275931335052952420e+01
1.511229520132761905e+01
-5.895092899876011217e+01
-1.029609352029225704e+02
-1.156412499924006880e+02
-1.155606775910800224e+02
-9.060325127267361722e+01
-7.436691724035925688e+01
-6.855403019911528872e+01
-4.601556836462185629e+01
-1.380275020983783030e+01
8.868657500753272416e+00
2.354258904872068570e+01
3.465484325722653125e+01
3.782365663175941251e+01
5.138569961693144705e+01
7.604563579852442956e+01
9.914836220481662110e+01
1.247393548815275608e+02
1.351105625412091626e+02
1.272262162256648708e+02
1.123303541168522912e+02
8.506375733017405594e+01
5.244894229079368841e+01
1.516916214402149166e+01
-3.515674458853742124e+01
-9.727683685450050177e+01
-1.378407844408853862e+02
-1.550232243926370757e+02
-1.640338263602344284e+02
-1.559768704825744976e+02
-1.525508556422560105e+02
-1.551016446312502808e+02
-1.451393635920481415e+02
-1.272107459430733485e+02
-1.084464656707974370e+02
-8.704479257257197844e+01
-6.251221008924340339e+01
-3.598131676482771013e+01
1.633616246528498905e+00
5.084326556970836464e+01
1.065155943243062069e+02
1.709121964997199257e+02
2.093609097981858156e+02
2.181654852053386264e+02
2.154851476300393927e+02
1.914512891423014480e+02
1.650886998675230473e+02
1.376551473908279490e+02
9.086575489720289056e+01
2.844275510097179449e+01
-1.207693346377878640e+01
-2.978202346313421955e+01
-4.030567939533135302e+01
-3.402814244743694871e+01
-3.780170380887082615e+01
-5.325070806144780278e+01
-5.888115209819398643e+01
-6.050292349234908329e+01
-6.767349833186342778e+01
-7.873080386813634846e+01
-9.311745315975548465e+01
-1.127785163008170315e+02
-1.267219931438376364e+02
-1.346928646200747153e+02
-1.436576201948061851e+02
-1.511915145993440603e+02
-1.468761719261212306e+02
-1.302003106683462192e+02
-1.041994096629391890e+02
-6.585796868040287677e+01
-2.283620758981488663e+01
2.496858752497304579e+01
8.424425105233677868e+01
1.537259709564302170e+02
1.988868758056489412e+02
2.173339363965975224e+02
2.247211846553370549e+02
2.115439919248443914e+02
1.999318887138204275e+02
1.910264593111031388e+02
1.653984397039901637e+02
1.274743597097309049e+02
9.611101196727241813e+01
7.037198007180421655e+01
4.397582914052897962e+01
2.123932339217467202e+01
-1.423387940177473254e+01
-6.347598276306464982e+01
-1.149585140952146389e+02
-1.724879930844115847e+02
-2.092069005587634081e+02
-2.213327664886282946e+02
-2.243330469001222980e+02
-2.102778054209027232e+02
-1.920114633002847597e+02
-1.705016807914953745e+02
-1.321686053868830584e+02
-7.940743766341475407e+01
-4.128481005985533869e+01
-1.839082269726403851e+01
1.855277566564209835e+00
1.214167945121063319e+01
3.325046415748848716e+01
6.665531371327278976e+01
9.596228020826963245e+01
1.258223223845166387e+02
1.471382523433683218e+02
1.570917054779018827e+02
1.632110806345924345e+02
1.623239223158047935e+02
1.556802371281088995e+02
1.435831774483023082e+02
1.223618131114977103e+02
9.201617551369473347e+01
6.642072246194148022e+01
4.598697525953577525e+01
2.377126780816094254e+01
3.188635884506955342e+00
-2.511169646547993750e+01
-6.207491413119056034e+01
-1.003348486188459248e+02
-1.421403616053992778e+02
-1.691696780496002930e+02
-1.787950444322210615e+02
-1.812864892605437319e+02
-1.711623036023845259e+02
-1.573878384856500361e+02
-1.405217955088915858e+02
-1.110747629923598367e+02
-7.065336026916708079e+01
-4.192902080847431279e+01
-2.551334308355575686e+01
-1.141349702193060978e+01
-5.388300073011317082e+00
8.543234589256284650e+00
3.151881815792164687e+01
5.079180069066227077e+01
6.992054800287354510e+01
9.163863303871426069e+01
1.147307783204403364e+02
1.403992701058725174e+02
1.690058446644710841e+02
1.958782805648801855e+02
2.210235907169742973e+02
2.469797228942159677e+02
2.727168932850643728e+02
2.737563067021877714e+02
2.477038192017371045e+02
2.051844049164798207e+02
1.390068134622127332e+02
6.378736737589414929e+01
-2.019818483422285027e+01
-1.269361523269748346e+02
-2.539363766804536056e+02
-3.353131894194797269e+02
-3.667784295413146651e+02
-3.782002165285079514e+02
-3.515962509460028400e+02
-3.293901403329617779e+02
-3.138804951680463091e+02
-2.681284208553484518e+02
-2.007253380963263396e+02
-1.461689121807608558e+02
-1.026456890314015880e+02
-5.907002673311357199e+01
-2.334651449755733310e+01
3.475490513720883001e+01
1.170331606488827987e+02
2.022416718508006852e+02
2.973425215503513641e+02
3.503808072714336390e+02
3.540975219385685477e+02
3.380672790639159757e+02
2.869288604758818337e+02
2.256673510411868051e+02
1.560622205306393369e+02
5.171741420000775946e+01
-8.276158150397684210e+01
-1.653067279863337262e+02
-1.921724315918003754e+02
-1.998400799654225466e+02
-1.666772611332731060e+02
-1.477977821157331846e+02
-1.466062318373174946e+02
-1.171005694840142581e+02
-7.096479184601750489e+01
-3.492618456126044180e+01
-5.641803719031162956e+00
2.188196485306471217e+01
4.202495112270550237e+01
8.231489192136810118e+01
1.439355500238838772e+02
2.089384342937337351e+02
2.836207017886804351e+02
3.174320807738975532e+02
3.037765086234919636e+02
2.711620740217918524e+02
2.048596218744490614e+02
1.297736521632605786e+02
4.776691054413233672e+01
-6.682421707894894780e+01
-2.092649061419431860e+02
-2.995353354075695620e+02
-3.338175187359328788e+02
-3.473696432385663684e+02
-3.189611609092337403e+02
-3.020961724546434652e+02
-2.998960478067818372e+02
-2.673840380134274710e+02
-2.157547297182890986e+02
-1.707630750565300843e+02
-1.289617273017724131e+02
-8.534457807742178659e+01
-4.517548561124052497e+01
1.849000391080932815e+01
1.069871415533891081e+02
2.030675711489583080e+02
3.130395566175587874e+02
3.723268770962758936e+02
3.730996139604378072e+02
3.505608766603360209e+02
2.860298596754017808e+02
2.128451459961140984e+02
1.333066295379151995e+02
1.401260373619030020e+01
-1.386633104227446722e+02
-2.294008740268712927e+02
-2.540247945100751110e+02
-2.540810033194492519e+02
-2.044116213799296418e+02
-1.695799337963329947e+02
-1.533545189152812611e+02
-1.019278971564808529e+02
-2.887886663919286434e+01
2.263821720623772293e+01
5.536928765365637162e+01
8.085354736583742863e+01
8.910525687806169515e+01
1.193070701098925497e+02
1.731626956871807295e+02
2.231062238417517278e+02
2.778125503773544551e+02
2.984026288281338566e+02
2.781618032403521852e+02
2.416008138715513383e+02
1.768973177152614369e+02
9.956495205910015045e+01
1.103004521933946869e+01
-1.072509449482119805e+02
-2.525618518361381462e+02
-3.385898612930434979e+02
-3.600417659685163017e+02
-3.565005303429793457e+02
-3.046655871882874180e+02
-2.597920339129408944e+02
-2.251471308809072411e+02
-1.529071504566871056e+02
-5.445318740831715587e+01
1.175841174052160731e+01
4.649515571167734862e+01
7.020764951956479649e+01
6.850434017116732832e+01
8.810037050233377443e+01
1.313727374214780355e+02
1.630930906058264895e+02
1.934435867254532582e+02
2.036177174597069097e+02
1.877064163040101903e+02
1.616069614654009854e+02
1.187742747133555525e+02
6.105339801835545899e+01
-1.090751787819713670e+01
-1.043053009083407261e+02
-2.192941750860510126e+02
-2.805531171871541005e+02
-2.824077710842379361e+02
-2.611284688923090016e+02
-1.960741110165113810e+02
-1.331476914543736996e+02
-7.522312057125803619e+01
1.865630597209933228e+01
1.391301320780805781e+02
2.114552927288555395e+02
2.339655947032731547e+02
2.361372418950263636e+02
1.986403696180678367e+02
1.757427007276805568e+02
1.702040033672687116e+02
1.384479344653933026e+02
9.190880051758733771e+01
5.783470283919933763e+01
3.344521674920501653e+01
1.343869819623638406e+01
3.859160146923645840e+00
-2.259392031780216570e+01
-6.689978586980305408e+01
-1.106710411356660728e+02
-1.599597377348824239e+02
-1.877430263963590846e+02
-1.895741414129908833e+02
-1.825851250950080669e+02
-1.586953903475834409e+02
-1.289051330807888860e+02
-9.434301431750398592e+01
-4.222899320149546298e+01
2.539224920233601424e+01
6.628971622136155872e+01
7.848625147265283886e+01
8.097291185148111481e+01
6.262704457416538162e+01
5.147982169971785993e+01
4.931343110172214494e+01
3.264163892434651615e+01
7.421113076311704582e+00
-1.599963434569456222e+00
5.011623371576337860e+00
1.951545830256406688e+01
4.801325153767717069e+01
7.012301518959203861e+01
8.502772640162962148e+01
1.080180642243243341e+02
1.347606787966227557e+02
1.432864421217417714e+02
1.331176392862480498e+02
1.115762344120724237e+02
7.277658422561938778e+01
3.333705447060145133e+01
-6.355018324440903754e+00
-5.983877298019663016e+01
-1.238922783032496113e+02
-1.661931269191678666e+02
-1.853598503952087810e+02
-1.946550929372916698e+02
-1.854338467799303487e+02
-1.802915851682397772e+02
-1.802833073179620555e+02
-1.665953184067975030e+02
-1.438384766650685265e+02
-1.226907940390344436e+02
-1.016479578136797812e+02
-7.853171511093465540e+01
-5.546969229730880357e+01
-2.104895052358394736e+01
2.537251679956471051e+01
7.662142760874868941e+01
1.354317282533905882e+02
1.790962930803742381e+02
2.048528415268389438e+02
2.255446142482500136e+02
2.346692322570034435e+02
2.438279174961335229e+02
2.539847674738957153e+02
2.535908030845573080e+02
2.449648914437361782e+02
2.242306023417867209e+02
1.891135962769268986e+02
1.426281996188350547e+02
8.280596741096560720e+01
8.561850268513479634e+00
-8.059689821927538844e+01
-1.864091906372973710e+02
-3.097302058452614233e+02
-3.821458346950544183e+02
-3.976126887585732561e+02
-3.894188689671018437e+02
-3.383770985089043393e+02
-2.851257865959087212e+02
-2.319719216254547121e+02
-1.415893622229921789e+02
-2.197784989089962693e+01
5.424857959749534331e+01
8.542578833969351138e+01
1.011824672547593451e+02
8.286590655617985135e+01
8.296700670573240188e+01
1.044917517040613006e+02
1.054881313826292768e+02
9.723040443162570057e+01
9.982010933798422059e+01
1.101172683162582047e+02
1.262521432332921307e+02
1.524032775569717728e+02
1.661505333453047513e+02
1.668999925764246939e+02
1.690457201419818887e+02
1.676286735877708338e+02
1.560035138029926429e+02
1.346715245868095678e+02
1.029947355156938045e+02
5.909967938651870867e+01
1.028210839942308752e+01
-4.393155676160296252e+01
-1.090832741998853948e+02
-1.840515872598488443e+02
-2.321316967208766187e+02
-2.504835280970426652e+02
-2.558509416292911851e+02
-2.379816944849856100e+02
-2.200583521554532069e+02
-2.031898896734377047e+02
-1.666719486660216489e+02
-1.150424473748917791e+02
-7.555602765918767716e+01
-4.784474049720375177e+01
-2.164386229642589754e+01
-3.547064927431237802e+00
2.817152956130755825e+01
7.488620696290011836e+01
1.204345117025734169e+02
1.697325331016842256e+02
2.013683832567051866e+02
2.114677557704505375e+02
2.136311727518892098e+02
2.012639762445971598e+02
1.828288348349555577e+02
1.590756027784085802e+02
1.197155841173955650e+02
6.618983079027862004e+01
2.717804196560633656e+01
3.600232903916372074e+00
-1.760997076371151238e+01
-2.915509880023830647e+01
-5.076173575987505160e+01
-8.392425396312182784e+01
-1.127649309131299447e+02
-1.417040059297360131e+02
-1.594446977611999898e+02
-1.629565220184338727e+02
-1.606092642951992104e+02
-1.485679784493919442e+02
-1.294675103995542429e+02
-1.036021653786443721e+02
-6.597690231150342299e+01
-1.680871291387272848e+01
1.457435799634674112e+01
2.641852064842282743e+01
3.283066751888704715e+01
2.601919463511867292e+01
2.465548993944453926e+01
3.009724863468657929e+01
2.638685904360824352e+01
1.753942462069522890e+01
2.256384224983172615e+01
4.128925879276767574e+01
6.742187371567261778e+01
1.057375797982384853e+02
1.412115951315607845e+02
1.732464936021642359e+02
2.133944663399882415e+02
2.585055684855187224e+02
2.719201734067632401e+02
2.512839616509046152e+02
2.116506448040093744e+02
1.427904235269889455e+02
6.880957549257119865e+01
-9.527184784053050137e+00
-1.134769033803933382e+02
-2.384945429973917612e+02
-3.185260734801900639e+02
-3.501126999744694217e+02
-3.617878489137811471e+02
-3.357630640697513513e+02
-3.164219636222841245e+02
-3.060389153121106460e+02
-2.669475031273315722e+02
-2.082095977341911350e+02
-1.599832420182825672e+02
-1.200712550349651337e+02
-7.984604289327205606e+01
-4.604970818851008829e+01
9.168903423348155002e+00
8.735445111596099821e+01
1.694242405529565474e+02
2.618037004398535714e+02
3.227352256333705895e+02
3.462991435287666491e+02
3.569482775370514673e+02
3.423961392592121342e+02
3.223152152199308489e+02
2.983155028435592726e+02
2.495208380045861816e+02
1.796582252546254779e+02
1.249322830446735679e+02
8.540862103855417331e+01
4.578422974120345401e+01
1.485672910181369133e+01
-3.437011080070645619e+01
-1.039505583250858649e+02
-1.733723547409147159e+02
-2.488698669068608353e+02
-2.967516729122024230e+02
-3.114415081869523760e+02
-3.132987253774626311e+02
-2.920670206268511606e+02
-2.624123686092298726e+02
-2.254539347196470658e+02
-1.644597329145052811e+02
-8.199127983465297120e+01
-2.339875980485956930e+01
9.834727675071537334e+00
3.812552534155464912e+01
4.988002312489593493e+01
7.639820754829840155e+01
1.199529828583404480e+02
1.552857438597946214e+02
1.893466053647177318e+02
2.052914286487202276e+02
1.983638692967375903e+02
1.812393425088216645e+02
1.481008067825637795e+02
1.023878147335995550e+02
4.447640000288156159e+01
-3.298243760454128193e+01
-1.298326573661110217e+02
-1.857406407631631282e+02
-1.964529908532078366e+02
-1.909533734345521623e+02
-1.528543048642036695e+02
-1.195742453592696819e+02
-9.355949583969304229e+01
-4.191120145589105306e+01
2.761089762741658404e+01
7.452493541882016359e+01
9.936176204687524205e+01
1.163574455422051273e+02
1.155584435693817369e+02
1.291608051470981877e+02
1.588226720110524184e+02
1.802451257189107707e+02
2.004534435086640372e+02
2.032015164324866987e+02
1.840785627274743206e+02
1.555860399700322887e+02
1.122574323488526744e+02
5.725157523412842409e+01
-8.917416170415425114e+00
-9.302753855475050671e+01
-1.948479075523780466e+02
-2.569486949654598789e+02
-2.751660568194874941e+02
-2.769351185926108769e+02
-2.465718321380341820e+02
-2.194576139185278976e+02
-1.977996706691863551e+02
-1.502525935411487694e+02
-8.406014563052383437e+01
-3.749415375446629639e+01
-9.927115423769567570e+00
1.225891678191849365e+01
1.974607180035844323e+01
4.319222133616661097e+01
8.429064219349015730e+01
1.201173901527168510e+02
1.574567293333663542e+02
1.775687749550666865e+02
1.760362196853988905e+02
