-2.066489186603395645e+00
-5.750271735768387771e+01
-8.987075677978728550e+01
-9.640027454736019763e+01
-1.009942810923650569e+02
-9.325071287539665832e+01
-7.144117486263864691e+01
-3.603810752268250184e+01
2.117205037646719035e+01
1.017290021930132866e+02
1.395169891022856064e+02
1.308928668375772304e+02
1.095796357272882915e+02
5.848043878167378296e+01
1.925482520592776581e+01
-4.260370649063901283e+00
-4.697563205146947496e+01
-9.938721892403080460e+01
-1.163114834127416941e+02
-9.730142431108882306e+01
-5.682492960595685361e+01
1.700556329773455388e+01
5.345014995155737125e+01
4.796624901990576717e+01
4.522345856406754194e+01
2.791653351223238744e+01
1.653532368787661966e+01
1.565050798470081261e+01
1.377618713089546088e+00
-2.117881490571052439e+01
-2.748122723145331392e+01
-1.858761372970016623e+01
-2.646353841905189519e+00
2.602379107805384706e+01
2.876415266589726016e+01
2.499527700928476648e+00
-2.956531976347708834e+01
-7.738729947302876155e+01
-8.889243598424778270e+01
-5.802649157531373447e+01
-1.779780286878293083e+01
4.600995606636470114e+01
8.282587102058649009e+01
8.656452771478770103e+01
9.356827318743965805e+01
9.056407125128545488e+01
6.895708460814195462e+01
3.021523883080178408e+01
-3.281189532510323659e+01
-1.230465521985693300e+02
-1.510183898339276425e+02
-1.111245937916929307e+02
-4.924512320714435276e+01
5.807607223387058326e+01
1.024926756044481522e+02
7.360779794680134103e+01
4.341109510118633352e+01
-1.595478978684378291e+01
-4.410720693176165241e+01
-3.098705983191674562e+01
-2.841377609622875866e+01
-2.031406326213504698e+01
-1.351685980741710047e+01
-1.364278023907974990e+01
-4.570111806420015022e+00
1.097720349814031060e+01
2.256681039116713450e+01
3.183872442557525062e+01
4.177662486140427944e+01
5.056894773153074851e+01
4.355950263868950856e+01
1.911957684769382482e+01
-1.724056581198938076e+01
-7.008049847179763958e+01
-8.352728276181801448e+01
-5.295830362905251576e+01
-9.217886974744864403e+00
6.263131789477213829e+01
8.679731883433329642e+01
5.555154245979753114e+01
1.788308989800265181e+01
-4.616375689986043795e+01
-7.404587024589204702e+01
-5.730953535813903699e+01
-4.250575969080346539e+01
-1.296456773150792685e+01
1.501259593132140413e+00
-5.349160717050752467e+00
-5.531418274906583221e+00
-7.327101222953427140e+00
6.274701154370097456e+00
3.987081892860685173e+01
7.883107170198439917e+01
1.286658887063874772e+02
1.264463809409525794e+02
6.494220834562140965e+01
-2.134606528240353640e+01
-1.504038361408335049e+02
-1.922915570783294186e+02
-1.345390873286279430e+02
-5.489330657659974833e+01
8.140662193248896017e+01
1.365324782881544081e+02
9.486997363071698430e+01
5.188671176803223517e+01
-2.859029306126556236e+01
-6.582312237083051798e+01
-4.604906781427401796e+01
-3.776117476600587963e+01
-1.915817345010114536e+01
-6.479090038030183685e+00
-7.556787929526135095e+00
3.010465364479708139e+00
1.981395797095412448e+01
2.773019189243590432e+01
2.888857036616419549e+01
2.629396459486730109e+01
1.697563617002402481e+01
5.894228490594882963e+00
-7.192435527191731737e+00
-2.717022489870045732e+01
-5.342419680107570912e+01
-5.233210215876372473e+01
-2.146520750941400024e+01
2.343127646241713080e+01
9.158910296193387524e+01
1.073497741104258125e+02
6.388230489457664163e+01
5.318232874284297473e+00
-8.851121345473288216e+01
-1.172985694831035772e+02
-7.014689362751848023e+01
-1.201549956864266733e+01
8.385623400821961582e+01
1.193412375625338342e+02
8.186648961723902573e+01
4.072330310338768555e+01
-3.044362790542216146e+01
-7.573929139498450525e+01
-8.556746370525645773e+01
-1.087229876471559749e+02
-1.302759818764603494e+02
-1.172068751302443843e+02
-7.085892471420005734e+01
5.298848745846172825e+00
1.200998097585227384e+02
1.739783134678742726e+02
1.606882121779440240e+02
1.360998276793222033e+02
7.485632160905244348e+01
2.634121473208575637e+01
-3.426758842342366940e+00
-5.976266045141510119e+01
-1.312008666983971636e+02
-1.454572694940457609e+02
-1.009970164530575403e+02
-2.377108786159237397e+01
1.052448510028085735e+02
1.563884443062983394e+02
1.199488020089329723e+02
7.486389178386859555e+01
-1.180522228908925797e+01
-7.425130479006337225e+01
-1.027728972658975266e+02
-1.564148411233123568e+02
-2.187624189402988861e+02
-2.067627583393498583e+02
-1.186349606878934395e+02
1.903977230391013364e+01
2.286120666169593676e+02
3.131644729529007805e+02
2.577949208262537582e+02
1.766264311080141738e+02
1.865313768590528909e+01
-6.896633146573489626e+01
-6.882216762548958400e+01
-9.461173188560782421e+01
-1.091423070073648773e+02
-1.085454569335232407e+02
-1.023287906014190014e+02
-6.260575134572833633e+01
1.086843835317126583e+01
4.526232907582181042e+01
4.061027005925839006e+01
3.337160156615555451e+01
6.883618880998358058e+00
6.819587785941512159e+00
3.861444445800616876e+01
6.704805198845521375e+01
1.036504910558941646e+02
1.029768748770352289e+02
5.728794588301390434e+01
-2.958816862436182582e+00
-9.126993908872366035e+01
-1.364411304692806652e+02
-1.306519574005957338e+02
-1.197525791383738323e+02
-8.463390317681819397e+01
-4.941900815358328458e+01
-1.820439677217259344e+01
3.709596033909259916e+01
1.111434463270670960e+02
1.405976775209291532e+02
1.235904491988109157e+02
8.681825786369559239e+01
1.393604736990428528e+01
-2.760698053814859065e+01
-3.278158870076219245e+01
-4.835009563800016252e+01
-5.807396925095488882e+01
-5.291476039746936522e+01
-3.557725245484488852e+01
2.602365956197953523e+00
6.425763372044998789e+01
8.766455494881361687e+01
7.027959971319837962e+01
4.466625244278447582e+01
-4.481308183243270626e+00
-4.418801687982932691e+01
-7.076439426740363103e+01
-1.129770787260506921e+02
-1.631296311035004010e+02
-1.553900654317257874e+02
-8.649876303607236139e+01
1.819982717625205026e+01
1.767914400039603890e+02
2.349026777685384388e+02
1.799934059597200928e+02
1.018888874674404690e+02
-3.982322049197166791e+01
-1.070259297641803187e+02
-8.391085788069059959e+01
-7.084132091913205898e+01
-3.221646041659852244e+01
-4.665683015231231856e+00
8.966829173305782552e-01
3.104389388334463717e+01
7.569947331366348919e+01
8.564989139643209626e+01
6.265528305497161199e+01
2.272908059851248908e+01
-4.575606750005107415e+01
-8.317602129405835854e+01
-8.544853710814071235e+01
-9.112158508643192079e+01
-8.563097696300808082e+01
-6.550995518050000044e+01
-3.272924218896078941e+01
2.304656475123955772e+01
1.034005317872973961e+02
1.333058358848605280e+02
1.087535899210696329e+02
6.769921887340727551e+01
-9.226736550106991785e+00
-4.963607068632996544e+01
-4.665377555838193047e+01
-5.161813494911488931e+01
-4.646149309508204084e+01
-3.314102394192416767e+01
-1.564982713521100344e+01
2.160315946831711997e+01
7.822701648524183327e+01
9.060782561491446074e+01
5.616803824721289118e+01
5.638057767863812408e+00
-7.716571445132937868e+01
-1.081720583165215288e+02
-7.944889233531628747e+01
-4.490978646198552582e+01
1.727710702749316951e+01
4.453291272545349244e+01
2.809714336976243487e+01
1.602318220890355249e+01
-8.303000462920955727e+00
-9.463355257874411564e+00
1.979952574108061469e+01
4.909872035617777897e+01
8.862445132871920350e+01
9.379749332238429815e+01
5.764421596853747332e+01
9.709008430328704975e+00
-6.299059002931936391e+01
-1.016411514151762816e+02
-9.961987821787934649e+01
-9.637304965476158713e+01
-7.626991085112376823e+01
-4.759914768659047013e+01
-1.306851123341950327e+01
4.471655266894166658e+01
1.243942599544561034e+02
1.414288809706794154e+02
9.110106812108884355e+01
1.330658760159503373e+01
-1.143344472003554557e+02
-1.597587790293183900e+02
-1.111538628569642952e+02
-5.104282162382686749e+01
5.486256078243639678e+01
1.088804310589531354e+02
9.788816414950939304e+01
9.725656473784475509e+01
8.141389904037737324e+01
5.603339472617859940e+01
2.767021658413944962e+01
-2.735248609782491513e+01
-1.073168062665732094e+02
-1.344710598723827673e+02
-1.061777644179464630e+02
-5.891889971321900532e+01
2.696131029940472601e+01
6.722654658390366933e+01
5.429611667564456923e+01
4.532318329606732732e+01
1.912313494271161929e+01
1.907486669453112738e+00
-1.184810444013234543e-02
-1.643164835134141910e+01
-4.043504138678368776e+01
-4.618237232807852877e+01
-3.514366977759344479e+01
-1.451432310449971297e+01
2.169891350935444763e+01
3.963898898214466016e+01
3.715147019734147449e+01
3.560937822575917977e+01
2.675474135422850352e+01
1.239735556368224501e+01
-6.085227375839920683e+00
-3.635589286099597217e+01
-7.828952349866338523e+01
-7.818915068507827471e+01
-3.254418307826674095e+01
3.287151159651638466e+01
1.324875944214268486e+02
1.533529141336289001e+02
8.499680187530667297e+01
-6.298121190390525648e+00
-1.507266795662764594e+02
-1.913921975967293179e+02
-1.112399423536876242e+02
-1.068024364455963493e+01
1.523358832534825353e+02
2.060324650265897048e+02
1.293060492563823232e+02
3.947564534460124719e+01
-1.097082678224578416e+02
-1.688696533999081453e+02
-1.170457979999950169e+02
-6.425766905195391132e+01
2.993350362612222071e+01
7.374787126942446491e+01
5.087946385825636497e+01
3.880201142343850762e+01
1.228449873664427727e+01
-6.831963581182764145e+00
-9.689772001284946867e+00
-2.743379242342787450e+01
-5.324708411771334937e+01
-5.903589277560288906e+01
-4.635657747124761130e+01
-2.328561651653640041e+01
1.665851571458522784e+01
4.741540298254129482e+01
6.766028935256377963e+01
9.553890463665054256e+01
1.251455321329191577e+02
1.123230206338507458e+02
5.419119453332780267e+01
-3.304400171422263099e+01
-1.620252661522942788e+02
-2.052798901082569500e+02
-1.524803712697165565e+02
-7.588490259270808735e+01
5.816352963749028504e+01
1.147146840726122150e+02
7.926326709567626949e+01
4.504344864491639555e+01
-2.295797653667386840e+01
-3.796018777366849406e+01
1.450699909443218694e+01
6.434203586505817896e+01
1.353339303415652921e+02
1.498464086921176488e+02
9.444155033945692423e+01
2.539091041276353877e+01
-7.987844244767448743e+01
-1.490861241880385819e+02
-1.724870204064644668e+02
-2.042117135997484070e+02
-2.250206764943334861e+02
-1.894547371040281689e+02
-9.660987520577108967e+01
4.842286244738380674e+01
2.592820602121912543e+02
3.426083353139419501e+02
2.848898013519567485e+02
1.915069188191144178e+02
1.194492531371889754e+01
-8.442489908680563815e+01
-8.001666967559368970e+01
-9.931775237819670110e+01
-9.988716974179267538e+01
-9.570113059721478521e+01
-9.813180108049208172e+01
-6.645031114448066489e+01
-4.921627100870020755e+00
3.127790950544729398e+01
4.494738147592681798e+01
6.060705291600616818e+01
6.669109682493318303e+01
6.212083036951744930e+01
4.720131582785709412e+01
1.321583750567994464e+01
-4.139369568418371159e+01
-5.663023157146367481e+01
-2.963987328782373609e+01
8.591386324877460012e+00
7.327341103771200892e+01
7.164757091952336054e+01
-5.726817595557299967e+00
-1.019701146673003080e+02
-2.419529272795469126e+02
-2.676573775373973945e+02
-1.614691193629664667e+02
-1.937992859075719210e+01
2.019928293889265092e+02
3.026807306235979809e+02
2.607052433279256434e+02
2.088080602825997687e+02
9.397478143063054290e+01
1.395097647009621866e+01
-1.518383536463715977e+01
-8.502949621010552050e+01
-1.708418557946266390e+02
-1.985127484584133981e+02
-1.712773683680611896e+02
-1.054184313092678451e+02
1.748594255741811665e+01
8.158700665163286203e+01
8.074692826610173313e+01
8.722640116103708863e+01
7.328727681597764843e+01
5.743242851454424169e+01
4.575020053182421975e+01
6.965656695720207736e+00
-5.474954036786582634e+01
-6.983395275627557908e+01
-3.724820012072164843e+01
1.199747081534487059e+01
9.502418000225152639e+01
9.710820708632405740e+01
7.547744672515699804e+00
-1.046744244456868529e+02
-2.699808346484721824e+02
-3.025170664380436278e+02
-1.816301950674278771e+02
-2.118914550974053412e+01
2.296409115208590492e+02
3.385812007548112774e+02
2.796986958717444054e+02
2.073913244422458604e+02
5.989055714896047533e+01
-3.145444529815351942e+01
-4.620029921417227570e+01
-9.933248540075457811e+01
-1.569940881753515498e+02
-1.646766615500846171e+02
-1.287999567384356965e+02
-4.856390345661121444e+01
8.931232893698748398e+01
1.434789077974699296e+02
1.068902793974962577e+02
5.966827079607568152e+01
-3.302935903263396966e+01
-8.117493821892217909e+01
-7.320452344756556329e+01
-8.098938917091560086e+01
-8.166084255515004031e+01
-7.091032896346173686e+01
-5.489646423852655488e+01
-1.748965195420385044e+01
4.171941559109374253e+01
8.965797164680118669e+01
1.274000813097503055e+02
1.719844974172223715e+02
2.165117492929011291e+02
1.941730703000310427e+02
9.898952806943513849e+01
-4.308572565732026760e+01
-2.518642415884634147e+02
-3.290698455102566413e+02
-2.585819188507113608e+02
-1.531362870495695745e+02
3.960892019641048734e+01
1.320032985948653561e+02
1.036766162217758307e+02
8.919784465881770075e+01
4.052816521109349424e+01
1.712810356085621422e+01
3.456114447244232935e+01
2.535186401651660404e+01
5.914171709930748477e+00
-6.139780727539288385e+00
-1.786257557238415217e+01
-2.533753221669244482e+01
-2.648442453213268166e+01
-2.205039546968538744e+01
-1.015079641663596810e+01
1.116738838420490509e+01
4.306600409670134155e+01
5.372961215792314249e+01
4.118101557337324437e+01
2.224183731582290946e+01
-1.136238480019041575e+01
-3.377691146141700784e+01
-4.242820008757264816e+01
-5.684248809963071380e+01
-7.068414834961109250e+01
-6.124288362717017264e+01
-2.793099587583549237e+01
2.359954265294165054e+01
9.976917440628417921e+01
1.175442421944292448e+02
7.048008360218712198e+01
4.023210720014610331e+00
-1.038392523267346377e+02
-1.405803737714032025e+02
-9.471026682197896207e+01
-3.874536110192411087e+01
5.698088425776464305e+01
1.041178958014087783e+02
9.066202832777565845e+01
8.369795651614265353e+01
5.984625747381906535e+01
3.416123382167980793e+01
1.313926834766169449e+01
-2.973597937071914288e+01
-9.033795376096803409e+01
-1.089500934665777550e+02
-8.421741566182821259e+01
-4.185572081922710908e+01
3.321519404284606480e+01
6.582438527085916746e+01
4.967812574347568244e+01
3.374757142894293338e+01
-9.255811628595012053e-01
-1.833316460929712477e+01
-1.212292337595649983e+01
-1.504059709767907016e+01
-1.759716764594681848e+01
-1.418427543284628634e+01
-7.713429010757894666e+00
6.602217449535478622e+00
2.960581282203964903e+01
3.927698011100076769e+01
3.503991239908526012e+01
2.827630828735629009e+01
1.368618593391673954e+01
7.371058817089307880e+00
1.113428422881500524e+01
1.289770212149739592e+01
1.672306947460657511e+01
-4.599060638978469839e+00
-5.486065605127575395e+01
-1.180718420219453435e+02
-2.022012561520401448e+02
-2.071106523349601503e+02
-1.227229352597455971e+02
-3.391771962454177114e+00
1.787812301878795154e+02
2.647437585425541897e+02
2.392402422076628454e+02
2.026716193704684770e+02
1.133032602609585098e+02
4.380600350357499906e+01
5.341674813141903400e+00
-7.239356428617961114e+01
-1.717887521618293931e+02
-2.105699549430839852e+02
-1.894478162464453987e+02
-1.345834806123829992e+02
-2.516774195258224012e+01
3.988510204723685604e+01
5.488478206785828917e+01
8.598347276423199048e+01
1.099334440455180157e+02
1.091895538030737356e+02
8.699641438728566811e+01
3.327366344693338363e+01
-5.716071732424942553e+01
-8.950345277889014994e+01
-5.963243935410479679e+01
-1.857609738773803087e+01
5.714037950174182612e+01
7.175097881442371772e+01
1.465094985268248173e+01
-4.902826369066439582e+01
-1.444358949487380812e+02
-1.645802621139134772e+02
-9.499510437604021718e+01
-7.199096472572000138e+00
1.285763135330293494e+02
1.858704826899198963e+02
1.492322386462093391e+02
1.043715225438101015e+02
1.716564477296219238e+01
-3.340863864106963632e+01
-3.533236527163478513e+01
-5.527730876555409623e+01
-7.264935583986948586e+01
-7.669109086800895625e+01
-7.271399149844286569e+01
-4.938095510434489199e+01
-4.587028690464451941e+00
1.602869155507427479e+01
1.190742777411919384e+01
7.380143325346326222e+00
-8.083112774073526907e+00
4.822126981829992332e+00
5.094081144510793280e+01
1.032080888378032597e+02
1.721511461019353817e+02
1.728678517099596377e+02
9.524790998893175242e+01
-1.191748692534260634e+01
-1.727232098674188592e+02
-2.425282416815281579e+02
-2.069542246902526301e+02
-1.561168854921377260e+02
-5.159402485460571341e+01
1.102604794301031355e+01
1.918046103186702211e+01
5.138823595480476314e+01
8.349883089821497606e+01
1.049150366951008380e+02
1.222373952908185686e+02
1.215608502579044625e+02
1.011327007508963902e+02
7.044014033170061850e+01
2.586006026254474932e+01
-3.975910398983909744e+01
-1.266370849181549971e+02
-1.550519555498802333e+02
-1.190975011520413034e+02
-5.796750994030636406e+01
5.004291486683388968e+01
1.038242077875993061e+02
9.461663042214138386e+01
9.002626164161563338e+01
6.462931682679690937e+01
1.584535481219950981e+01
-5.251478223832913983e+01
-1.603764159145352437e+02
-3.095109580709354304e+02
-3.241343124819427999e+02
-1.925815003669546286e+02
-1.119385918791280243e+00
2.972927170785870317e+02
4.202640170141633575e+02
3.418748886782090040e+02
2.378157381852363699e+02
3.427459580869975753e+01
-7.823266114515877234e+01
-7.406313234368309395e+01
-1.065960738061084214e+02
-1.269048475266870071e+02
-1.350395465417002470e+02
-1.449802691182531476e+02
-1.176636291519677116e+02
-5.480551811032981391e+01
-1.046404630908017452e+01
1.914126619667915463e+01
6.019315741397318220e+01
1.022878292320497877e+02
1.194803612518945499e+02
1.106909000748742358e+02
8.056691996578155113e+01
2.120868195945972445e+01
-1.422568655873117294e+01
-2.351498481072604463e+01
-4.006145825282847284e+01
-5.147644401368935263e+01
-6.231952919843123340e+01
-7.526939457608594353e+01
-7.834479600994897908e+01
-7.255038421543231664e+01
-5.821350253972233446e+01
-3.270049007105536987e+01
4.177866185394520926e+00
5.380499496056653186e+01
9.345464692865496659e+01
1.217508579557010933e+02
1.514119056985620659e+02
1.766457178828362942e+02
1.540904538490590596e+02
7.948658189549296083e+01
-3.197370827252549930e+01
-1.935956547359381830e+02
-2.620302587873672451e+02
-2.260417638238970994e+02
-1.664644332738841115e+02
-4.557943334769206700e+01
2.667961428008330671e+01
3.833317661658659148e+01
7.451927022767078768e+01
1.080417612086902466e+02
1.209402225142518574e+02
1.192053076638308227e+02
8.993947045331680101e+01
2.893866133012274844e+01
-1.043372931335318832e+01
-2.842786418588321240e+01
-5.547049067994171878e+01
-8.004854690699372100e+01
-8.644352563655823474e+01
-7.502459257141228477e+01
-4.433085644208730258e+01
1.051985111109060611e+01
3.408512871575241121e+01
2.383581152733396635e+01
1.138823481352278577e+01
-1.678581795492957340e+01
-1.229600054481039351e+01
3.088247328458103524e+01
7.867425656565227143e+01
1.439706433885474155e+02
1.488145298772028866e+02
8.324498881499228276e+01
-5.261319819680855048e+00
-1.387909192942045706e+02
-1.957950746039702778e+02
-1.634890889411649653e+02
-1.190621810681943913e+02
-3.006096227174865376e+01
2.284430912275347225e+01
2.877770925358899845e+01
5.399739211582834031e+01
7.796636840917850009e+01
8.708652879549602233e+01
8.634599597940623994e+01
6.595605764539324412e+01
2.299186323296784451e+01
-4.183433029459192376e+00
-1.580777774077726150e+01
-3.358916928910466027e+01
-4.926239938314215294e+01
-5.990500271365963414e+01
-6.660739480977150606e+01
-6.440438057368288582e+01
-5.220614505883035150e+01
-3.756923377945747688e+01
-1.930614877596491752e+01
7.850958113025928498e+00
4.305032502701767783e+01
7.396599773495596253e+01
1.003769562751078297e+02
1.280347597979323098e+02
1.539058565346568059e+02
1.381287952800181813e+02
7.647494258087644425e+01
-1.511683465613933208e+01
-1.487477200397891011e+02
-2.164904585608614980e+02
-2.098575542797279638e+02
-1.916436979529555913e+02
-1.337293916714494628e+02
-7.731477008767015491e+01
-2.784141691708916611e+01
5.877723879802017137e+01
1.737027403393267946e+02
2.243331370130103153e+02
2.082222586815181842e+02
1.637483717264696281e+02
6.706345730033056896e+01
3.865855418249058317e+00
-1.996307253592375375e+01
-6.673758247666245325e+01
-1.165558889160309235e+02
-1.333432054681381373e+02
-1.192589331452444270e+02
-7.612377032697528989e+01
5.686253322621094952e+00
5.211077602208857940e+01
6.040505511619555534e+01
7.549852715675594084e+01
8.010176380131838414e+01
5.428697012738589223e+01
-1.370755769354172315e+00
-9.147415236339560352e+01
-2.225587426354403249e+02
-2.478064762133411421e+02
-1.570982745443878059e+02
-2.704728128117211838e+01
1.811482384817875015e+02
2.791627241985603405e+02
2.486989089704121056e+02
2.131539658649779199e+02
1.237090388471497704e+02
5.353722033496534749e+01
1.612760575334035451e+01
-6.447504228549257732e+01
-1.700990250321371207e+02
-2.174770094595739351e+02
-2.083770735977950039e+02
-1.691439533183334163e+02
-7.928575326527941058e+01
-1.636338652605953214e+01
1.584965773097373898e+01
7.293980210431800515e+01
1.376450263909967759e+02
1.568778258204459632e+02
1.307602232880674933e+02
7.152365973847889791e+01
-3.520086942746661407e+01
-8.767225642812920228e+01
-8.017384299210604581e+01
-7.490209528266522909e+01
-4.709723009385991332e+01
-1.232920023643957563e+01
2.472289123114635601e+01
9.190172197010838318e+01
1.861724482520334050e+02
2.002000855243999524e+02
1.288068000877296697e+02
2.173581654504742033e+01
-1.491181477206751254e+02
-2.330389662694499577e+02
-2.168160685013061197e+02
-1.969217637708457858e+02
-1.347331536798918989e+02
-7.538281270211226115e+01
-2.796389998415600786e+01
6.157765177506036025e+01
1.827259233979823136e+02
2.329552650580547777e+02
2.104715900219480034e+02
1.570960992568024039e+02
4.684396746746198659e+01
-2.065101403229626342e+01
-3.829522867199357705e+01
-7.674739157912858900e+01
-1.124593539805905493e+02
-1.259468364475415711e+02
-1.212841058808814125e+02
-8.932513422830894001e+01
-2.489905109072199352e+01
1.413108307077892789e+01
2.713865291742137842e+01
4.758724412907383794e+01
6.255758265279471431e+01
7.400014160406058750e+01
8.411298817771532299e+01
8.183599093258575863e+01
6.723762337990982019e+01
5.040391037493115789e+01
2.940821457003696793e+01
-1.527752062194883909e+00
-4.126292768206305794e+01
-8.101970504968120679e+01
-1.209546025577950275e+02
-1.650406184156040297e+02
-2.112592924376305064e+02
-1.920412456097648430e+02
-1.004028282145980739e+02
3.378818857962744460e+01
2.305024452169920721e+02
3.093933802339853401e+02
2.552238755462564939e+02
1.721689343271904420e+02
1.255019346635358168e+01
-7.398923836604728876e+01
-7.069420982703466905e+01
-9.008885238187606603e+01
-9.438251196893718031e+01
-9.056159966131004069e+01
-8.861075401845717181e+01
-5.484572232636191558e+01
8.283137534750268927e+00
4.232591399248387631e+01
4.886582009782674874e+01
5.529228979205547034e+01
4.880583841413974255e+01
4.033404330420100337e+01
3.146374082710062581e+01
6.635570681312844776e+00
-3.236800939460423621e+01
-4.119858592704576949e+01
-1.856978564573668322e+01
1.493407245144324236e+01
7.046003956518882205e+01
6.423970038030248020e+01
-1.171139624877286245e+01
-1.081803067493052168e+02
-2.476592630809473974e+02
-2.713865356508011359e+02
-1.624000734399312478e+02
-1.513196280630402235e+01
2.139071776493925086e+02
3.182690083181690852e+02
2.757767457593205336e+02
2.224196062895658201e+02
1.035901612011791428e+02
2.176752123804119066e+01
-6.487545366940189240e+00
-7.638470275907897644e+01
-1.620212995756166663e+02
-1.995051647628109777e+02
-1.934535760892798919e+02
-1.544703279171807822e+02
-6.715194902944638500e+01
-6.598506035938190628e+00
2.505569108906398412e+01
7.812301636610597200e+01
1.361902407003776148e+02
1.501278638233229401e+02
1.195441955219917105e+02
5.535424899421330025e+01
-5.608927313617299859e+01
-1.048135103723476647e+02
-8.423608325358681270e+01
-5.985896842847372312e+01
-4.424731123160306367e+00
2.724747067188818050e+01
2.697489725808750904e+01
4.349069870046395181e+01
6.300832841153034281e+01
6.048085589884985325e+01
3.877195680228845731e+01
-8.167495035833196582e-01
-6.418378031254208338e+01
-8.757787831888092001e+01
-6.730401076018453921e+01
-3.916687182882016316e+01
1.288141210160203798e+01
3.781105669145033943e+01
2.964044719230223990e+01
2.618116449223833797e+01
1.432603338592380560e+01
3.187117252284423774e+00
-3.433223951082574388e+00
-2.054686689315917647e+01
-4.557524727502013207e+01
-5.127400733625496088e+01
-3.740766149160101861e+01
-1.516753263951251540e+01
2.219581591984940516e+01
4.767920379869336500e+01
5.922161122731660043e+01
7.561236811020118864e+01
9.033974554162209358e+01
7.948314456659180394e+01
4.204655237460161743e+01
-1.596083500509618425e+01
-1.015034411062440114e+02
-1.363586928595911161e+02
-1.148058873824944186e+02
-8.068918547928552698e+01
-1.361934187653909589e+01
2.281720221688109262e+01
2.165860193276234469e+01
3.078495985427819903e+01
3.424101602623439788e+01
3.893245739593017163e+01
4.959168186304128767e+01
5.022134404532427965e+01
4.307858355444866305e+01
2.851380633676320642e+01
3.577070300827623228e+00
-3.068371662549002110e+01
-7.564094096506231324e+01
-8.550894622778875487e+01
-5.619917677967898584e+01
-1.108072800541441971e+01
6.256334904106880401e+01
8.872475817691139355e+01
6.046028853599698749e+01
2.527832280728914682e+01
-3.664421437020066463e+01
-5.909520640620375076e+01
-3.354719693225264621e+01
-8.175995711330465099e+00
3.459930350576128433e+01
5.332847170349371879e+01
4.063955242412539803e+01
3.078055661158711587e+01
1.224438812484097561e+01
-1.552487074448270299e+01
-4.987179807601058457e+01
-1.002252658879690728e+02
-1.667267206434582363e+02
-1.683598865265680047e+02
-9.939117835158387493e+01
1.323367717835357116e+00
1.557919282186713019e+02
2.248128710020501728e+02
1.959654330885795730e+02
1.550209261513748800e+02
6.565749469299456109e+01
6.852168100365816805e+00
-1.047369187926871703e+01
-5.492445564789013446e+01
-1.068320179421338025e+02
-1.286670256833705537e+02
-1.241064522694474306e+02
-9.585865552184500871e+01
-3.485895567591897048e+01
6.987387450699292124e+00
2.857810096863321192e+01
6.344142030541588895e+01
1.002451241164369975e+02
9.989444365796354930e+01
6.126401607016547501e+01
-5.792029204885254856e+00
-1.123977939585956989e+02
-1.453077377002180128e+02
-9.649513418970749967e+01
-3.040087063747636265e+01
8.220029034323235351e+01
1.304166485639378834e+02
1.017804624672971983e+02
7.389571006303219747e+01
1.785265336659303870e+01
-1.475752853090761008e+01
-1.389998614125308407e+01
