-5.358084165456631354e+00
-1.096399709321703284e+02
-1.615082799690372610e+02
-1.548023815424234897e+02
-1.388983194786055151e+02
-9.157290255977363813e+01
-4.527363924642023107e+01
-4.243996885467105074e+00
6.623821070279801404e+01
1.592399037287944452e+02
1.792113403465228885e+02
1.219158279681556962e+02
2.819092749341550430e+01
-1.273193370095024335e+02
-1.823072985496644378e+02
-1.232580746161785328e+02
-5.000180241299544548e+01
7.929297398942965458e+01
1.419194623308019914e+02
1.217009572264708055e+02
1.121934459216205511e+02
8.127678226032560360e+01
5.304126587129791659e+01
3.716771986313564469e+01
-4.112413505521320900e+00
-6.387994429846687439e+01
-1.179121148906459808e+02
-1.699270525721126432e+02
-2.268515016021216582e+02
-2.844005427080634263e+02
-2.628298673449323815e+02
-1.536030614078142662e+02
9.225359308906945444e+00
2.496028716877887064e+02
3.801581160146524212e+02
3.860950819582178042e+02
3.791086383490451226e+02
3.107568563469451988e+02
2.117732981658972164e+02
8.836947593889300379e+01
-1.161325801070278061e+02
-3.976245207025505124e+02
-5.122519300178165622e+02
-4.481971683192195428e+02
-3.215510954638546650e+02
-6.887556506950198809e+01
7.588304765532633667e+01
9.277795535995670662e+01
1.493931036027482548e+02
1.888429683828920247e+02
2.022900503633043741e+02
2.025102011199657852e+02
1.485786369800367481e+02
3.847165970104393296e+01
-3.002447835766152551e+01
-5.890002156828671076e+01
-9.952632592312788518e+01
-1.309672470526263623e+02
-1.229100537535381648e+02
-7.480734975372600104e+01
1.545818065403222619e+01
1.578895967036692127e+02
2.044609970119424247e+02
1.462605159909225563e+02
6.428010944554871742e+01
-7.932230610764376877e+01
-1.619714022630169268e+02
-1.703055406838760746e+02
-1.950556262275452184e+02
-2.052696434207787775e+02
-1.691134783769528269e+02
-9.051418728348050990e+01
4.069642423105365481e+01
2.336860135984099145e+02
3.209995024097377723e+02
2.933030355461648924e+02
2.400115815641069901e+02
1.184164885076374389e+02
3.600109651632615737e+01
4.143265310716616412e+00
-6.527869369173069458e+01
-1.466363274758778630e+02
-2.064642478254475861e+02
-2.509165591844724759e+02
-2.766614734846255601e+02
-2.762921016843141615e+02
-2.228298245828653137e+02
-1.086210381593990633e+02
6.148711092108424481e+01
2.992753735837169984e+02
4.080353688418060187e+02
3.732298621716096818e+02
3.009819355737096203e+02
1.392428329267995650e+02
2.372631832405961205e+01
-3.215971479733124028e+01
-1.390073556144667748e+02
-2.648476328412277780e+02
-2.986662576989731974e+02
-2.412337604901429700e+02
-1.210113219423012509e+02
9.126826858761887706e+01
1.863711270783911971e+02
1.514270477153468448e+02
1.134609137163610910e+02
2.081421008744246848e+01
-3.299265918163180800e+01
-3.272769865228673325e+01
-6.557066473355027370e+01
-1.079295948449780269e+02
-1.083072369726404247e+02
-7.172140231639357921e+01
-4.737863818639727498e+00
1.046480668868801160e+02
1.494982180846823780e+02
1.235778895451827140e+02
8.869765570778372421e+01
1.819479773448074411e+01
-2.095123571929936901e+01
-1.998715620792308556e+01
-3.310510728587649254e+01
-4.331386035815884838e+01
-5.074752798139354582e+01
-6.054025979172624261e+01
-5.923008094494835518e+01
-4.761555719177451351e+01
-3.104841873790077855e+01
-6.991893443199388436e+00
2.707566852260381651e+01
7.132147468583134753e+01
8.607750802528350675e+01
6.818065281714635262e+01
3.719050922984085616e+01
-1.781217992399832895e+01
-4.194731169198199439e+01
-3.044803863328078464e+01
-1.925971113954331670e+01
5.540955766843663532e+00
1.263949602508745329e+01
-3.118284676913268605e+00
-1.537756602156603236e+01
-3.251582215482849847e+01
-3.376666364172242396e+01
-1.460888625749926817e+01
8.436951937053978057e+00
4.169345408701324374e+01
4.966157825216374277e+01
2.786341404823103929e+01
-1.374780930229096754e+00
-4.798383060826694191e+01
-6.356664246330795009e+01
-4.274372075598434151e+01
-1.716053629351517884e+01
2.612365965745489760e+01
4.795686878603404324e+01
4.305310559285811678e+01
4.102843136161831694e+01
3.152042162915424939e+01
1.985276987398996695e+01
8.734541572670305953e+00
-1.296673994212519609e+01
-4.383401075429404159e+01
-5.236584392515219832e+01
-3.751221596554498916e+01
-1.343809847805330548e+01
2.790610204736086786e+01
4.503932116600126534e+01
3.435449153564363201e+01
2.262498404049048517e+01
-7.255307636485314182e-01
-1.858057074242436357e+01
-2.786003177001227371e+01
-4.553763398673176965e+01
-6.728513169485738388e+01
-6.657390950043129862e+01
-4.282823607471556215e+01
-5.320426534836422583e+00
5.297008677410970279e+01
8.199407892888824279e+01
7.802738631081467702e+01
7.127323296885826664e+01
4.898882387342174383e+01
2.616237666243277360e+01
5.376818170849616330e+00
-3.135720841092491895e+01
-8.079669187985898304e+01
-9.083566681010699995e+01
-5.919262766152980504e+01
-8.567598897590171347e+00
7.478126009407621666e+01
1.053906125873385236e+02
7.603326329886391477e+01
3.956168385527409015e+01
-2.606631162813573255e+01
-6.720137471803394646e+01
-7.638757349358697013e+01
-9.776169611452124286e+01
-1.175671131224749786e+02
-1.035006145424457458e+02
-5.643911065260309101e+01
1.939960124288738896e+01
1.327827083418786458e+02
1.827024619710981312e+02
1.625377773008814302e+02
1.287395786181788822e+02
5.538905701248646096e+01
9.553456972850224105e+00
-1.103037215068915833e+00
-3.079015289497207419e+01
-6.308075608319131078e+01
-9.605276621852426899e+01
-1.350054429727339311e+02
-1.682870051334594734e+02
-1.964252141947013968e+02
-1.736092913365527863e+02
-9.239756333367391505e+01
2.584193276384504401e+01
1.959904169062206449e+02
2.746274367991035206e+02
2.498213150364455544e+02
2.039640651278640462e+02
9.915272399619287569e+01
2.313200395156324873e+01
-1.410221119599421868e+01
-8.743807047250837172e+01
-1.759934296411806827e+02
-1.973179279708123488e+02
-1.515789977741683572e+02
-6.215216431342630443e+01
9.256832174042989436e+01
1.598366904308080905e+02
1.296830237195720485e+02
9.482118829182640241e+01
1.722090265067770076e+01
-4.687860360053238651e+01
-8.780901556693771681e+01
-1.640621439979244371e+02
-2.621055307920714768e+02
-2.633804369620237935e+02
-1.639414091067743868e+02
-1.017986307521061207e+01
2.292854202136140032e+02
3.423112209556875882e+02
3.121168430490101855e+02
2.678610471379603837e+02
1.551551707686965926e+02
6.516279610395378086e+01
1.173540637148502164e+01
-9.474903538242246270e+01
-2.325245362435701395e+02
-2.817736230623006008e+02
-2.422723542801898589e+02
-1.552021992927819838e+02
9.963942277068202458e+00
9.815976789557177540e+01
9.928388800888359356e+01
1.148794957436469844e+02
1.075090700297831603e+02
7.979713561469395700e+01
3.870409412841240027e+01
-4.731135270431233408e+01
-1.785113834964304544e+02
-2.125563724776536390e+02
-1.434792007144205854e+02
-4.123638225018129333e+01
1.303223170553316379e+02
2.104249150443533836e+02
1.837757985626003006e+02
1.580292461751765813e+02
9.207120112561440806e+01
4.018377718104219554e+01
1.402438229987947338e+01
-4.639746238727506977e+01
-1.272603992876627359e+02
-1.609529038767133216e+02
-1.489380571118563239e+02
-1.133038174276795047e+02
-3.754143957401613108e+01
1.016734795746985753e+01
2.595180573703775906e+01
5.712782524576648058e+01
8.797646742544202425e+01
9.062122950051785608e+01
6.633290560031733207e+01
1.613922777284371080e+01
-6.767823722165431377e+01
-1.016803411952581371e+02
-8.133366818536261178e+01
-5.405611931312083129e+01
9.263444084930623212e-01
4.484135481050813610e+01
7.244278609846287509e+01
1.197277044521890019e+02
1.774801327754057354e+02
1.727956780604762344e+02
1.027783371208841174e+02
-4.929978428102595345e+00
-1.700265144339157644e+02
-2.416135840978814997e+02
-2.077662053328750744e+02
-1.581319183988404404e+02
-5.368081386141236777e+01
1.200550870247816704e+01
2.693590918607482010e+01
6.899163663178403283e+01
1.148738890938833208e+02
1.255004572741532485e+02
1.048729094366151458e+02
5.338851131390077143e+01
-3.867312802083856127e+01
-8.191538571638926669e+01
-7.238479494052963048e+01
-6.214453957688325403e+01
-2.964910657976174235e+01
1.545848851666174140e+00
2.686970367284483174e+01
7.532621786762761928e+01
1.416722029439616222e+02
1.488505610356907880e+02
9.387146151571160146e+01
9.991671738927976776e+00
-1.229446843498155886e+02
-1.843888873711371446e+02
-1.642294185480733972e+02
-1.376807611111879623e+02
-7.380279533487286869e+01
-2.457942170545380378e+01
1.634509946917790169e+00
5.574151575132483316e+01
1.250455462402919125e+02
1.531897682742129518e+02
1.410381300160607623e+02
1.060422862402234756e+02
3.408591991495639917e+01
-7.719842184458238776e+00
-1.557911346744109160e+01
-3.434258939587289206e+01
-4.827077957957109788e+01
-7.200380100239456738e+01
-1.104884008818654735e+02
-1.445244163449337975e+02
-1.783428207728042878e+02
-1.633266070755227020e+02
-9.172200277714708250e+01
1.069482933728698626e+01
1.591468344053532462e+02
2.403553261536987122e+02
2.444629005549905401e+02
2.396022867726933896e+02
1.960634002832347278e+02
1.327097341771337824e+02
5.321212512927286298e+01
-7.739581609868842804e+01
-2.566906484211395991e+02
-3.301221989783084609e+02
-2.900476663362290992e+02
-2.101643994282593439e+02
-5.020004473096973641e+01
4.182576082757693570e+01
5.330789917588014504e+01
9.042786618678859156e+01
1.172241406146985128e+02
1.363127816288728127e+02
1.566820950694330463e+02
1.486609608886186606e+02
1.134018008878973944e+02
7.333317863410982795e+01
2.350469162506546184e+01
-4.773921127292761923e+01
-1.380721268485262101e+02
-1.797765460902060681e+02
-1.680552259954958174e+02
-1.344685166007651844e+02
-6.041122621900647971e+01
-6.869808102076317979e+00
2.185003070329811692e+01
7.193120420085837452e+01
1.294064834092096135e+02
1.383351830815780374e+02
9.776039188376583411e+01
2.358392206482647424e+01
-9.945021413573505242e+01
-1.437729812342467426e+02
-1.005343175035742576e+02
-4.470026651523340888e+01
5.617166004135437163e+01
1.074172063007553106e+02
9.715693905449320766e+01
9.775430717896237809e+01
8.479930148452004346e+01
6.396627581408201024e+01
4.168599630710072290e+01
-4.584323204906151084e+00
-7.302723777119356896e+01
-1.251880779435308995e+02
-1.621048418210243653e+02
-2.016425591232807051e+02
-2.353529172173905692e+02
-2.112179035106871368e+02
-1.241279704013720675e+02
8.533572400255494017e+00
2.028835013950690325e+02
3.163062985785398382e+02
3.386691944535989478e+02
3.535203604419608610e+02
3.243846243237067597e+02
2.445370719055469522e+02
1.154713286243009378e+02
-9.141915835246507527e+01
-3.817928233881029882e+02
-5.102040627655417779e+02
-4.625781538243054456e+02
-3.638254577196181003e+02
-1.501309137816518557e+02
-8.956333743664959712e+00
4.237906632497238490e+01
1.493454951775549375e+02
2.673470220972648690e+02
3.199766934258990432e+02
3.139772556006552122e+02
2.514039897221853437e+02
1.128125025935016197e+02
1.879352480261108482e+01
-2.844298197566306641e+01
-1.058820667210229942e+02
-1.872278529327543311e+02
-2.251882279637427189e+02
-2.214087121153596911e+02
-1.784087104098024383e+02
-8.289985846620393772e+01
-1.441629677716065672e+01
2.565121943238605340e+01
8.896641752569841799e+01
1.583371422015576968e+02
1.773179966426949932e+02
1.447335836001418556e+02
7.435896886148915996e+01
-4.969539157824355868e+01
-1.050279598657049718e+02
-8.428901398038205173e+01
-6.109106952794165579e+01
-5.187854138126233750e+00
2.774894067608314430e+01
2.891183741632390181e+01
4.984479642246005682e+01
7.659243386165371703e+01
7.784319672775335164e+01
5.647999637120592098e+01
1.681795325257844453e+01
-4.848676311144853912e+01
-9.820450701442381103e+01
-1.309358570108556989e+02
-1.731800316652227991e+02
-2.156296928646187610e+02
-2.001568409700686857e+02
-1.228448890537186600e+02
-3.710357011217489287e+00
1.741669117735876853e+02
2.818381134633156080e+02
3.102412961990145845e+02
3.368601257222417757e+02
3.290796104353502756e+02
2.602397532022644100e+02
1.303305560932766696e+02
-7.618708472024616185e+01
-3.699030332674907982e+02
-5.022400971088172241e+02
-4.580144422226226197e+02
-3.676689172081689776e+02
-1.666730640676345558e+02
-2.915274518269779591e+01
2.785138107384883810e+01
1.438224083898328729e+02
2.774837960082869586e+02
3.333022217991352250e+02
3.162769025213408440e+02
2.403988210913979628e+02
8.124099413678547421e+01
-2.016374941415142530e+01
-5.907247583535671964e+01
-1.263557387331053405e+02
-1.901926578800841412e+02
-2.030881870765005885e+02
-1.672975028585410939e+02
-8.061183865185115849e+01
7.070726194576141665e+01
1.384827912818370805e+02
1.158145052374267863e+02
8.751300154143392263e+01
1.740595700389654610e+01
-2.847524789572323911e+01
-4.047224513045885175e+01
-8.007141666505293642e+01
-1.312197430321150478e+02
-1.312580299326798468e+02
-8.139822772035699927e+01
5.472620207352445476e-01
1.303828640777448982e+02
1.905870284146159293e+02
1.730205496439048432e+02
1.479050277248021530e+02
8.556095994285428219e+01
3.953971569889620241e+01
1.776550549931882017e+01
-3.029201018572295823e+01
-9.164604842357118741e+01
-1.434410963698075250e+02
-1.897389542692244220e+02
-2.320294490707213981e+02
-2.657687637430542509e+02
-2.354111950842762724e+02
-1.332529430736305756e+02
1.895625640771265452e+01
2.391740654319114867e+02
3.611670103842192248e+02
3.723147335371506870e+02
3.691750463961755031e+02
3.086474084573912364e+02
2.157958636354637747e+02
9.514529379390668851e+01
-1.029611434548110651e+02
-3.760002749664170096e+02
-4.887232458128202097e+02
-4.292087835104983924e+02
-3.106621986069662285e+02
-7.177802985819437254e+01
7.104710894793861087e+01
9.927135589254598358e+01
1.702688198006894424e+02
2.317330745979955111e+02
2.301043104761869529e+02
1.733650193807559674e+02
4.554353624563010072e+01
-1.678936852651668517e+02
-2.504385860983425971e+02
-1.922112478069096255e+02
-1.117289441566056354e+02
4.455694995944400461e+01
1.362294385668618588e+02
1.465582164417418198e+02
1.874332817317627189e+02
2.238730080902765280e+02
1.980984949732486484e+02
1.148531915488697877e+02
-2.615746415166035987e+01
-2.400881896841474088e+02
-3.284779232784908345e+02
-2.794065029935411530e+02
-2.020683803399130909e+02
-4.588670579797598492e+01
4.401344087410240036e+01
5.143334079464848685e+01
8.876551254281596925e+01
1.199248082241627600e+02
1.298236471186968402e+02
1.271359129660120431e+02
9.052477870093080980e+01
1.684547600269586098e+01
-2.732510768498818265e+01
-4.251868355276453570e+01
-6.481378313400379909e+01
-7.968144350120614661e+01
-7.183348497544719180e+01
-4.156290706970955284e+01
1.538472574884191424e+01
1.042404891370460689e+02
1.316317752775659926e+02
9.211195068868808278e+01
3.583024066173898348e+01
-6.113018546098038541e+01
-1.101376274858189248e+02
-1.018815308161451725e+02
-9.903366405372923964e+01
-7.895292623886555816e+01
-5.144176618224375375e+01
-2.176209819652993360e+01
3.342225269906636242e+01
1.118018684722585903e+02
1.396709063284898207e+02
1.144348199010176188e+02
7.020397969102572233e+01
-1.178841427131832731e+01
-5.256676916886883077e+01
-4.524869424455570055e+01
-4.383988207933067116e+01
-2.866599119241554661e+01
-2.629994215247745259e+01
-4.310072070983607517e+01
-5.051311582912384068e+01
-5.577957543423038089e+01
-5.133554229344423447e+01
-3.280904636785253103e+01
-9.172192458750465960e+00
2.293547204181944466e+01
6.165282559977310939e+01
1.063872003950342560e+02
1.613971144447353936e+02
2.264149837058309913e+02
2.162713093365716190e+02
1.232151104265249302e+02
-1.276318594319612387e+01
-2.158903514152810601e+02
-3.133984905219780899e+02
-2.904514895406978212e+02
-2.512567879851301029e+02
-1.506914500657679241e+02
-6.825877172712182528e+01
-1.497930591130731948e+01
8.589460027876214099e+01
2.157335786111118523e+02
2.747676289067614448e+02
2.631411734589752882e+02
2.149630453769249527e+02
1.049605585794565599e+02
2.830058944216145989e+01
-1.005283856736736325e+01
-7.857926290368793332e+01
-1.559420688322237822e+02
-1.977054839268175215e+02
-2.061229807147129520e+02
-1.863243267820992628e+02
-1.266665839021503501e+02
-6.973099137786226720e+01
-1.480391535133280634e+01
7.015041418574955401e+01
1.774180088559552928e+02
2.211967868908532751e+02
1.972818738270192682e+02
1.416135281471962628e+02
3.105042601080066333e+01
-3.330177668918656764e+01
-4.433810497899558101e+01
-7.143942342702362680e+01
-9.037556823666234607e+01
-9.202368743181746424e+01
-8.077632895044457939e+01
-4.168539138900291618e+01
2.795823836317111954e+01
5.998239855621289252e+01
5.290952804006278853e+01
4.297010946475371895e+01
1.403697596540057191e+01
-1.336320081448187835e+01
-3.621222256745998891e+01
-7.768073352998575842e+01
-1.334116315433366253e+02
-1.410840676359796078e+02
-9.816424879736881337e+01
-3.150256345189407980e+01
7.527844187677854393e+01
1.517031130194370974e+02
1.924365870469998470e+02
2.457954542496033810e+02
2.946787154005495495e+02
2.627978284254188566e+02
1.458658116258227437e+02
-3.417057036623547361e+01
-2.997008566179731588e+02
-4.247271465684838745e+02
-3.927925998929934508e+02
-3.327758259120452635e+02
-1.861409133425857192e+02
-7.240105829234697410e+01
-5.896748099811730093e+00
1.209519587722863605e+02
2.801806405162772080e+02
3.529469028307839267e+02
3.406109281011209191e+02
2.792613250259508959e+02
1.387388664921583086e+02
4.057357169107031325e+01
-9.732175682234302627e+00
-9.804627158857590530e+01
-1.973385791166496119e+02
-2.570444775558052015e+02
-2.803961483970378481e+02
-2.712373595307788605e+02
-2.163685053675198446e+02
-1.448993761423799640e+02
-5.352587801459669947e+01
8.526367332382618258e+01
2.686205634288099873e+02
3.518669691599203588e+02
3.263617648930143105e+02
2.609597657760316451e+02
1.170727477180416685e+02
1.788486982996367303e+01
-2.699998176610790068e+01
-1.111014752687606091e+02
-2.057612189466725283e+02
-2.419735076631741038e+02
-2.221031614155860154e+02
-1.570648177179980109e+02
-2.864003538619700961e+01
4.418217739025762825e+01
5.637177545443833537e+01
8.234159741448644354e+01
9.431588506156234075e+01
9.284540027960814257e+01
8.280434146598493328e+01
4.177490470803236633e+01
-3.089356097693609371e+01
-6.657198589737848238e+01
-6.463662411874865654e+01
-6.014334901956134161e+01
-3.710808871987908475e+01
-3.715588149250208971e+00
3.849519431999228658e+01
1.067684927513881661e+02
2.004390839518871701e+02
2.123752742653086898e+02
1.359407159811048871e+02
2.258403485218796547e+01
-1.562902771664983561e+02
-2.475475940177387599e+02
-2.375963223119830445e+02
-2.246312039443011201e+02
-1.693329150562643690e+02
-1.069239837420501118e+02
-4.554633971805559156e+01
6.484549976620252210e+01
2.166796603608894429e+02
2.759138841457640297e+02
2.381075238307000177e+02
1.627842401595135868e+02
1.555952504124360658e+01
-6.796350449761534662e+01
-7.693150602325404463e+01
-1.064011802675725988e+02
-1.234799254332328502e+02
-1.081909780708660094e+02
-6.590489476070628427e+01
2.022514242783193694e+01
1.559914443527714241e+02
1.976479705182978250e+02
1.381847260210893751e+02
5.275463940160443599e+01
-9.499287920863150703e+01
-1.675243271103897769e+02
-1.506394865275343875e+02
-1.408246538345210581e+02
-1.029740565427613603e+02
-6.120671830353501264e+01
-2.441717792783118313e+01
4.779982187628736057e+01
1.493742096886080617e+02
1.848431123204854600e+02
1.518524705717527468e+02
9.211200189069452904e+01
-1.850668380268296787e+01
-7.078633028596664190e+01
-5.564515064784934140e+01
-4.622488367519691366e+01
-1.532322835429702579e+01
-7.402733626755227725e+00
-3.164134164286854656e+01
-4.481505448666366931e+01
-5.894014968747717376e+01
-5.284111179060342067e+01
-1.947927096349360809e+01
2.190143999209842818e+01
7.872656772940580083e+01
9.717579044766456775e+01
7.086566211109229130e+01
3.203139038607508837e+01
-3.441739259092194203e+01
-6.248693877827855658e+01
-4.523502194428938594e+01
-2.737923828903535295e+01
8.269569689122555189e+00
2.074190618688938770e+01
3.389792470803619118e+00
-1.002078058842612407e+01
-3.051667743418645173e+01
-3.857111633678841400e+01
-2.928965838212535644e+01
-2.087272218285130876e+01
-7.427621112161692629e+00
1.345281281469151224e+01
4.049278859496140370e+01
7.764486759201699329e+01
1.255351086633559845e+02
1.232264779455121300e+02
6.585463555970012806e+01
-1.706801201098218002e+01
-1.423563886645742116e+02
-1.832325676279505444e+02
-1.281757957733547073e+02
-5.237894179350620050e+01
7.780651508351952828e+01
1.316297052368311427e+02
9.424376098173755167e+01
5.672131376020013960e+01
-1.518962121073230875e+01
-5.655806049093124699e+01
-5.535123989662879040e+01
-7.095747696435566354e+01
-8.597418360630580025e+01
-7.675988056556460037e+01
-4.707474259473097078e+01
5.782717138770607335e+00
8.738353687931851255e+01
1.244255103615530089e+02
1.131263140950143651e+02
9.377592314098286863e+01
4.804200178007803856e+01
1.648178914677633244e+01
3.951203207884421253e+00
-2.445762262468869963e+01
-5.902575158882269335e+01
-7.926853336782727411e+01
-8.711092496438065780e+01
-8.504031746275710191e+01
-6.821276880332865744e+01
-4.317312853086993130e+01
-8.619254885094237650e+00
4.332175021351554278e+01
1.125883608291799476e+02
1.294602704416349468e+02
8.899607420009036218e+01
2.506169242500999772e+01
-8.125104271884431739e+01
-1.197221000920972358e+02
-8.051026078010133347e+01
-3.285895187340667434e+01
5.179016096016568582e+01
8.520802625690467380e+01
5.561446944966231598e+01
2.892532229526455012e+01
-1.824855824420347972e+01
-3.812281730716639316e+01
-2.115551887905664685e+01
-9.294511102772389677e+00
1.092339153431874443e+01
1.713434085243192229e+01
3.377573724584229886e+00
-8.650683327501432984e+00
-2.577584218541796446e+01
-2.784491254838265206e+01
-1.085957061338158525e+01
9.911100073946695233e+00
4.051949498138945671e+01
4.648732861530687188e+01
2.361493092017290252e+01
-6.478613812521001769e+00
-5.336409734008859118e+01
-6.602928613268257152e+01
-3.880589541068428616e+01
-4.198526908803508206e+00
5.156056667490086198e+01
6.902199968329175306e+01
4.105430675784347727e+01
7.636810125553475714e+00
-4.723890082394851930e+01
-6.817504028687247342e+01
-4.770399176533226893e+01
-2.568996240464399250e+01
1.283852705018748885e+01
3.445097726796273463e+01
3.339728090951111028e+01
3.817083418252168059e+01
3.972859238994087150e+01
2.945921008181748846e+01
9.053362736260369914e+00
-2.484824488976023460e+01
-7.446063286701910044e+01
-7.883217343467754290e+01
-3.381762596787517339e+01
2.941296898289606787e+01
1.270247912146989222e+02
1.531036323599398088e+02
9.740726707303558385e+01
2.426892561886250022e+01
-9.452122804222473462e+01
-1.490538982831382668e+02
-1.265154833296585650e+02
-1.033221929587793966e+02
-5.047386216738579634e+01
-1.095361717423973325e+01
6.490663957527700312e+00
4.667889621741341699e+01
9.850238023110976826e+01
1.156873593350093614e+02
9.931528478773843460e+01
6.300731106046450236e+01
-4.719413598564650592e+00
-3.724514590375354572e+01
-3.038797803527750929e+01
-2.626358705292507523e+01
-8.647611524192381438e+00
-1.719839809121226892e+01
-5.837574596715863606e+01
-1.002769792661360526e+02
-1.536897259005187664e+02
-1.548820869694651492e+02
-9.478752296225658824e+01
-1.222167778785235015e+01
1.113866139279847687e+02
1.895153257814309313e+02
2.133704998403578372e+02
2.408107269886814663e+02
2.493404699253378851e+02
2.040426009629323971e+02
1.043315356414882871e+02
-5.264019104756420830e+01
-2.783369231773717161e+02
-3.800314690357329823e+02
-3.452509471802797520e+02
-2.776564797208093296e+02
-1.272263721637439886e+02
-2.387274662050539575e+01
1.903377396393855392e+01
1.070223701144035147e+02
2.091596759140070105e+02
2.591487153004528068e+02
2.615338544615266869e+02
2.243521886069962648e+02
1.309879411307749706e+02
5.832275750306659035e+01
7.258993158665870027e+00
-7.510462857798944469e+01
-1.728795963464210104e+02
-2.277579987556306946e+02
-2.394861286823582702e+02
-2.244609455602328012e+02
-1.671255449629222483e+02
-1.031345593405070815e+02
-3.187689447433206880e+01
7.879472917699931145e+01
2.232439061953202497e+02
2.849063631699788175e+02
2.576223294611091319e+02
1.940755840632466231e+02
6.319282840623379371e+01
-1.799597959470679598e+01
-4.066004544989173297e+01
-8.868128568149721502e+01
-1.342322151926246931e+02
-1.537994925871036003e+02
-1.522343317323943666e+02
-1.189268178500248325e+02
-4.767056860593529422e+01
-2.113052660281150352e+00
1.748952877093619307e+01
4.854538034359692489e+01
7.717625814872707224e+01
9.196782694884036857e+01
9.431999565879320357e+01
7.894905618868347119e+01
4.226675382719692209e+01
1.193896648826353157e+01
-1.265204407073167125e+01
-4.900871107670515414e+01
-9.168317010529214883e+01
-9.397483209904898160e+01
-5.291160863714514306e+01
1.331707766304679552e+01
1.178951552970406595e+02
1.510794054276668135e+02
1.041233254302879914e+02
4.135408559003722218e+01
-6.579779069696365923e+01
-1.247635244303121738e+02
-1.246524117112057581e+02
-1.339070767885951909e+02
-1.286879548051632867e+02
-9.909811523971764302e+01
-4.923565922283033558e+01
3.587951030615579384e+01
1.593270762349764595e+02
2.141018906704159974e+02
1.949631305598811366e+02
1.567738877516688945e+02
7.229381592450535265e+01
1.749754111310201310e+01
-1.698874080997159197e-01
-4.055327281832512654e+01
-8.549066094814169503e+01
-1.303100724978358471e+02
-1.806303365484137373e+02
-2.249391702435559353e+02
-2.631091588903871070e+02
-2.345403839395277998e+02
-1.299490978110127060e+02
2.305188653241157226e+01
2.439335745589199576e+02
3.629526764804078311e+02
3.664173778293659325e+02
3.537234449638996807e+02
2.805356493304154810e+02
1.852418025559912280e+02
7.378146579486408996e+01
-1.109392251595576226e+02
-3.626721045842916737e+02
-4.699598924535949891e+02
-4.232284925513290545e+02
-3.210958193090028203e+02
-1.086013694043793834e+02
2.309018948332111876e+01
5.840264715007088370e+01
1.372920446757960633e+02
2.141421301994205919e+02
2.543619765810328204e+02
2.669487493495644799e+02
2.328010483981069569e+02
1.432748672224281279e+02
7.020604473427013659e+01
1.111021911914887106e+01
-7.844480403994234052e+01
-1.846801692204548146e+02
-2.414988443957157926e+02
-2.468268007539812459e+02
-2.225507105385064790e+02
-1.505509062898663899e+02
-7.995869756085031099e+01
-1.154595823579247238e+01
9.562489255070678951e+01
2.323680023011208675e+02
2.800054720555019685e+02
2.325397382915884066e+02
1.405713884178088620e+02
-2.785143458420328244e+01
-1.111245107192605559e+02
-9.690738549188777995e+01
