3.057258713130156735e+00
4.564323535715733016e+00
6.450359057431389154e+00
8.748157370607630767e+00
1.116174586948900860e+01
1.378716954662785277e+01
1.554165836736260076e+01
1.628695726907115571e+01
1.660323143836787807e+01
1.617179287439491731e+01
1.555060925785214820e+01
1.477186793843089418e+01
1.326704776889591564e+01
1.113796915370786778e+01
9.281170625869627600e+00
7.688882349193256971e+00
5.984343050472539893e+00
4.380714627210264389e+00
2.186618572925343784e+00
-6.536641253613395541e-01
-3.628298233061532763e+00
-6.900667161419948847e+00
-9.491495382709041806e+00
-1.125204034868437120e+01
-1.276484537592935276e+01
-1.373763803899862346e+01
-1.462236232988826501e+01
-1.545554329622520839e+01
-1.574670700480583463e+01
-1.557963181999545021e+01
-1.586291606015706535e+01
-1.660185140388581004e+01
-1.740523796332665896e+01
-1.849475653408619991e+01
-1.920027590027919473e+01
-1.946967007272268191e+01
-1.981496946611793319e+01
-2.008121671699002420e+01
-1.985256210661377807e+01
-1.913917159501621157e+01
-1.802089114132141390e+01
-1.638786558302038898e+01
-1.459283982671064805e+01
-1.263235163367886926e+01
-1.022938767258618320e+01
-7.447434569513768921e+00
-4.383922697245707489e+00
-1.007162502147781025e+00
2.695541890556814479e+00
6.713298333917885330e+00
1.119433379796631733e+01
1.615271525893141913e+01
2.151444674665970069e+01
2.732104613040060315e+01
3.131235032879570213e+01
3.325927019854675137e+01
3.425778479167094304e+01
3.365744971413760567e+01
3.274830336828056687e+01
3.158930347632626834e+01
2.894695803155814673e+01
2.506016639667067736e+01
2.158831234122968112e+01
1.849487802513550605e+01
1.511447496935726598e+01
1.183462364893810914e+01
7.320586057014105918e+00
1.467513380842113024e+00
-4.759154978187395635e+00
-1.167672592694183997e+01
-1.657357083528102493e+01
-1.908533833122713830e+01
-2.072526352898918134e+01
-2.069465025413007808e+01
-2.034486116390008092e+01
-1.976752978706630870e+01
-1.756478204498626283e+01
-1.398762959488932722e+01
-1.136730509030610925e+01
-9.698708352820633039e+00
-7.999263640772856121e+00
-6.830930360933140655e+00
-4.429557895837730186e+00
-6.579851391936868410e-01
3.157419078842231830e+00
7.427766560116614514e+00
1.026526792707343994e+01
1.134403151728523973e+01
1.185454184502681052e+01
1.122241228785058986e+01
1.023632299142857960e+01
8.969082490258369234e+00
6.503430843945047890e+00
2.981466860202415692e+00
2.787621135837450304e-01
-1.584742565312988960e+00
-3.438860228117876616e+00
-4.824555879822796989e+00
-7.100215882756987895e+00
-1.037589882159745791e+01
-1.360611125858169501e+01
-1.710624058103579870e+01
-1.936490391033331449e+01
-2.011796383257674847e+01
-2.030520402511775657e+01
-1.946292065233018320e+01
-1.822314796302158868e+01
-1.663815683138923518e+01
-1.396643797412792232e+01
-1.031758253430291283e+01
-7.192478757154111335e+00
-4.602355272215200799e+00
-1.876301462378008100e+00
6.219427146537099826e-01
3.988558492712687809e+00
8.316756412293322853e+00
1.277156527804275044e+01
1.761120615790215993e+01
2.099049890091357895e+01
2.263667004980915110e+01
2.360675270703932682e+01
2.334784789349467360e+01
2.273633067311451228e+01
2.183127016184799629e+01
1.969010541171582318e+01
1.647010242189439211e+01
1.383747454978663960e+01
1.179152851896320087e+01
9.611478621124719623e+00
7.697737306911800914e+00
4.799193248749269003e+00
8.130541388751700849e-01
-3.320712899015034303e+00
-7.896793773752041723e+00
-1.115336851530855711e+01
-1.281800583889947909e+01
-1.393739990688401775e+01
-1.398286223331747635e+01
-1.376111435956945606e+01
-1.333497713669665430e+01
-1.182066140226427464e+01
-9.365181833567921998e+00
-7.612913242586356155e+00
-6.571739715358877021e+00
-5.528347742603446413e+00
-4.882208436688058484e+00
-3.417846474477387098e+00
-1.038093009430160585e+00
1.332162519608734108e+00
3.975989756830068167e+00
5.793600729116967329e+00
6.578057110755040959e+00
7.054440314258138223e+00
6.883632065058783667e+00
6.490893305736564756e+00
5.920623309260003353e+00
4.650547252697855960e+00
2.756015326703146417e+00
1.393562208462089336e+00
5.806277473067178452e-01
-2.024765773475575292e-01
-6.711501671720491169e-01
-1.650362582638107201e+00
-3.207804811405436940e+00
-4.703107600403750865e+00
-6.327469731607725301e+00
-7.400895809899692424e+00
-7.785779316564443775e+00
-7.940683568312801199e+00
-7.652223988735498139e+00
-7.166149784150763757e+00
-6.508461086735575662e+00
-5.359676543845967700e+00
-3.760914998501213358e+00
-2.456307985034603902e+00
-1.457407770209044884e+00
-4.232898094472143380e-01
4.637535632522958862e-01
1.732526372711876039e+00
3.428670070548708981e+00
5.142890417328370489e+00
6.999157539833485764e+00
8.297572244540514674e+00
8.923993231264654824e+00
9.297960213983659017e+00
9.206774620502864437e+00
8.961670274382854018e+00
8.585903081585142260e+00
7.729071960267901886e+00
6.445963426240743033e+00
5.407074534365674978e+00
4.615366871037976715e+00
3.775061795365729722e+00
3.048155934199350714e+00
1.939355668490230222e+00
4.071723944703251608e-01
-1.173169041166430393e+00
-2.918303118301899257e+00
-4.154472318688837262e+00
-4.775415836884878473e+00
-5.184098495664165362e+00
-5.177611604940046242e+00
-5.060890985136076381e+00
-4.857837116122185606e+00
-4.231299833529462262e+00
-3.236479474386511956e+00
-2.509774327416159689e+00
-2.054621810860523201e+00
-1.593633816693388550e+00
-1.281417622897250030e+00
-6.486111942935786079e-01
3.426345230928088403e-01
1.334969031131785444e+00
2.437850883827606729e+00
3.078276814842925369e+00
3.161114679909851954e+00
3.035884578859354921e+00
2.528478915367319946e+00
1.888162458568383162e+00
1.135039689452801204e+00
-1.460585519509516317e-02
-1.516542795457596959e+00
-2.817147800232778110e+00
-3.912933441267125723e+00
-5.048311920311483014e+00
-6.088995615321226573e+00
-7.441399215547182422e+00
-9.139221674905193993e+00
-1.087306214700708651e+01
-1.273821093106427327e+01
-1.394227170865902110e+01
-1.437271952139392006e+01
-1.447142209508266220e+01
-1.400161446998199999e+01
-1.334947042093806502e+01
-1.253857629614259217e+01
-1.115950190802825226e+01
-9.281077525055929200e+00
-7.596886597098682081e+00
-6.103720281082361865e+00
-4.502795056919859817e+00
-2.959406238649566312e+00
-9.462846817657295517e-01
1.580595572205220289e+00
4.228878217574019160e+00
7.123706428064425111e+00
9.459037225233082324e+00
1.111515356421324263e+01
1.256462060925899671e+01
1.356727338350289003e+01
1.450202679189512445e+01
1.539806789672152654e+01
1.584844889735549600e+01
1.592325562681181417e+01
1.636149213620516463e+01
1.716629540968796519e+01
1.802047887720175723e+01
1.910387176264773146e+01
1.986852893668232056e+01
2.027171091937572456e+01
2.073061062132721233e+01
2.111823913813886833e+01
2.098713002682761442e+01
2.033395375731308619e+01
1.927366045980850373e+01
1.768472199006331280e+01
1.591617028216639618e+01
1.396673762030853361e+01
1.155024423561373759e+01
8.728905526638140344e+00
5.659538560627402681e+00
2.313369126051298963e+00
-1.352382373357532863e+00
-5.311644163791721773e+00
-9.749844586186963369e+00
-1.468453382819475017e+01
-2.001070013699413153e+01
-2.577840095053513991e+01
-2.984819215125787650e+01
-3.199973377444451117e+01
-3.327861312321816456e+01
-3.306847176355031337e+01
-3.258312274206252113e+01
-3.187937385208308427e+01
-2.979278338736401111e+01
-2.654830078389430170e+01
-2.373178815164863664e+01
-2.131048982326859687e+01
-1.864676969842558307e+01
-1.611186870340020505e+01
-1.243514359124126933e+01
-7.517022291169248582e+00
-2.279024793134193594e+00
3.580422190192253940e+00
7.873069296009463258e+00
1.029155096062184427e+01
1.209171592279913021e+01
1.262708309309100052e+01
1.295772069989276254e+01
1.316245606110421740e+01
1.212762351889355372e+01
1.005141015991236664e+01
8.871435441578508829e+00
8.591154689228911678e+00
8.389250803148430080e+00
8.736230158061323081e+00
8.183518302078709894e+00
6.619942742558481363e+00
5.144342264775215945e+00
3.421393790322684314e+00
2.252155943303505659e+00
1.831206114438773014e+00
1.535319471343408182e+00
1.620781110286266813e+00
1.874823826157524520e+00
2.255704296756905425e+00
3.103927339059655566e+00
4.382791870784210175e+00
5.089550550799646800e+00
5.193728840980100792e+00
5.162175503928053466e+00
4.742368372013690880e+00
4.612305269702630106e+00
4.827410962628040814e+00
4.842730331669546473e+00
4.812502882266818105e+00
4.687304625758182297e+00
4.399577482609169365e+00
4.082120369873254440e+00
3.703291843818476536e+00
3.163880520237781990e+00
2.469801949501454708e+00
1.637373354288321536e+00
6.423404628361215618e-01
-2.644680372567725923e-01
-1.066214048885985699e+00
-1.904392121743575084e+00
-2.714662374655389065e+00
-3.641452538133010730e+00
-4.701881597874389307e+00
-5.771807261691857427e+00
-6.885801242895253971e+00
-7.613469257930599809e+00
-7.896163905694426610e+00
-7.960237643394403761e+00
-7.676304092125211476e+00
-7.264169525365137936e+00
-6.733512981654937946e+00
-5.854899858831783988e+00
-4.665990012380780705e+00
-3.534031374561593442e+00
-2.454338790653290747e+00
-1.267792941387097194e+00
-6.017520780997230589e-02
1.454453805665534061e+00
3.301488265387255705e+00
5.272693275736921592e+00
7.437445410442257376e+00
8.952076775141634357e+00
9.712024346541424435e+00
1.016622713440676584e+01
1.006760320852736257e+01
9.857936396165319692e+00
9.563004372171304723e+00
8.738102562941815421e+00
7.464817308773250559e+00
6.437222159139549760e+00
5.649631956977377634e+00
4.813034656878389939e+00
4.093043410632199119e+00
2.954315953973370323e+00
1.354805912136174628e+00
-3.080854319296248978e-01
-2.160104733343769290e+00
-3.668787199231394514e+00
-4.741412414238620698e+00
-5.722284508629437383e+00
-6.450264327570216949e+00
-7.144561458604385074e+00
-7.828229720301330907e+00
-8.246104620860748469e+00
-8.439197536429158930e+00
-8.947252293317175642e+00
-9.778642427496448519e+00
-1.069633167094034043e+01
-1.183410898048216886e+01
-1.280633096241822244e+01
-1.358344772536853640e+01
-1.446653165733394708e+01
-1.536760984585835743e+01
-1.577453178522197952e+01
-1.566756960168456203e+01
-1.522255149281953024e+01
-1.429849869870120216e+01
-1.325818615846741366e+01
-1.210700372240319211e+01
-1.053565494356220533e+01
-8.610736234336449968e+00
-6.583128639607688903e+00
-4.430055307359647365e+00
-2.067764364200101568e+00
4.518606422176548176e-01
3.371756775487354751e+00
6.711898866906206962e+00
1.031559845056895774e+01
1.424393405030603432e+01
1.715450383332068895e+01
1.890089831924921882e+01
2.016192915765650895e+01
2.054991513303873774e+01
2.080699698876296111e+01
2.097228863035005020e+01
2.032485082329304049e+01
1.900329600646143646e+01
1.803725279300832085e+01
1.741116368021359051e+01
1.670790333373950887e+01
1.617109289477592426e+01
1.498892308288605690e+01
1.309896082176729593e+01
1.109693618120202885e+01
8.791863859996972508e+00
6.878842438669768633e+00
5.484864848004622040e+00
4.139266973147243789e+00
3.052384377734080445e+00
1.953760023110347799e+00
8.092262616972129008e-01
-5.734562087744748959e-02
-6.983574277655528739e-01
-1.847287380492162789e+00
-3.520169525464031057e+00
-5.394832657957640443e+00
-7.655583782621413036e+00
-9.788578808276827914e+00
-1.175633605404547133e+01
-1.396692495025133418e+01
-1.630519554363414159e+01
-1.787688314530157641e+01
-1.863710133709905037e+01
-1.892283397241243748e+01
-1.848681839465857024e+01
-1.793889279642526091e+01
-1.729334521330678598e+01
-1.602214864808066608e+01
-1.423893052296211081e+01
-1.243188121591200002e+01
-1.056847771285793769e+01
-8.478623685433865020e+00
-6.268541131940071232e+00
-3.492471387196781851e+00
-1.158656283189818947e-01
3.561779383487217565e+00
7.649594367787194926e+00
1.054469361015933337e+01
1.206184044433246783e+01
1.303905589784082864e+01
1.301198533680564395e+01
1.284215775890686828e+01
1.258015616180584395e+01
1.137691886680701359e+01
9.394401210220827636e+00
7.904074857345170457e+00
6.893147862799096970e+00
5.842225650308324525e+00
5.054947616035432745e+00
3.543834690543991695e+00
1.234018850276454415e+00
-1.142074497572511449e+00
-3.815008350617508537e+00
-5.648924103911519445e+00
-6.456229990792123452e+00
-6.941857313797489049e+00
-6.763106082624150694e+00
-6.410106868715172546e+00
-5.927126395312702023e+00
-4.758272031790208523e+00
-2.993404485020919381e+00
-1.732657859537487077e+00
-9.864986284566366059e-01
-2.733991838188606360e-01
1.372552175026270360e-01
1.045870658278627907e+00
2.515895237232889325e+00
3.931733466957739065e+00
5.478518338902467200e+00
6.505151836078691296e+00
6.880302070202433562e+00
7.044795305551112996e+00
6.794833384441968605e+00
6.364782568635119375e+00
5.780247992004577284e+00
4.736680708103373050e+00
3.273756674381687937e+00
2.101251500521193805e+00
1.230532107371651307e+00
3.371096069601715595e-01
-4.048489275812635624e-01
-1.498911381416985877e+00
-2.988150171648209508e+00
-4.482057414574519782e+00
-6.098360823378784268e+00
-7.242009313335311838e+00
-7.811249321583464855e+00
-8.171654782860530375e+00
-8.141184910657381479e+00
-7.974606736128475148e+00
-7.692268830825881309e+00
-6.999854744449724109e+00
-5.941823749829738155e+00
-5.104863432364800779e+00
-4.493029984114395248e+00
-3.845274099223724207e+00
-3.303788093754562727e+00
-2.438865705577546006e+00
-1.214274390668795833e+00
4.291565654800721941e-02
1.433796146315504005e+00
2.423542830012215266e+00
2.924607894289470877e+00
3.263076516246188330e+00
3.277087829916342177e+00
3.202189814481625429e+00
3.057829642123581326e+00
2.578791958656602379e+00
1.807550167460210799e+00
1.261476673737716103e+00
9.444885928203569092e-01
6.295878973078926633e-01
4.428419540339015303e-01
5.396584200075049687e-03
-7.133900628728006010e-01
-1.423845905454767635e+00
-2.214189307511323701e+00
-2.574309415570951387e+00
-2.422101912097843091e+00
-2.061629605222007555e+00
-1.338215189692666396e+00
-4.797446421598799970e-01
4.969585630675268928e-01
1.847413112365953403e+00
3.531464442515962254e+00
5.067623610994028027e+00
6.454388043651749562e+00
7.903756414392890228e+00
9.299674969694079252e+00
1.099904617026931497e+01
1.303186365672881841e+01
1.512847775231992031e+01
1.737309606325161937e+01
1.877768833994184661e+01
1.921426102486418941e+01
1.920837441438402848e+01
1.846762471432206354e+01
1.749970840453975995e+01
1.633177159743385332e+01
1.444300842256883044e+01
1.192437167319549651e+01
9.594644203274016903e+00
7.445017983868168265e+00
5.128441611001862910e+00
2.838214261582301390e+00
-6.022439694593828552e-02
-3.619780506773024875e+00
-7.373844633957700623e+00
-1.147381388759587217e+01
-1.468715308963740362e+01
-1.684478220911413970e+01
-1.863977665521441551e+01
-1.970799176727938118e+01
-2.065839278959502678e+01
-2.153277084437498701e+01
-2.169703445310600287e+01
-2.126395792952697050e+01
-2.130945040752227726e+01
-2.183248616764388572e+01
-2.237754316387109554e+01
-2.320438228814301951e+01
-2.350182982233708984e+01
-2.320661228725469272e+01
-2.292988867122513597e+01
-2.248270334004962834e+01
-2.170439738703072408e+01
-2.063932972493846307e+01
-1.922114188080928443e+01
-1.741450820260721244e+01
-1.544576958297684754e+01
-1.330148758116841634e+01
-1.083456610146513199e+01
-8.084116865163768040e+00
-4.924305680215949721e+00
-1.322573693786745386e+00
2.640835013750916005e+00
7.009757161831623229e+00
1.176613682768746827e+01
1.691208736811341495e+01
2.250084558546418378e+01
2.853604409588703206e+01
3.276107757828353328e+01
3.496078476660417067e+01
3.620191750903429551e+01
3.583822260378093461e+01
3.518718480032647733e+01
3.430541286108028487e+01
3.194986386770962739e+01
2.836501236176353302e+01
2.515985294298346275e+01
2.229307151573352286e+01
1.912740814594609162e+01
1.603665359185295713e+01
1.171193269763521805e+01
6.050904293241819332e+00
-5.681245760895015096e-03
-6.769612862445060664e+00
-1.170318424027344584e+01
-1.446361474545934556e+01
-1.647955451964015339e+01
-1.700447576532406657e+01
-1.729673717995107651e+01
-1.744539885866720752e+01
-1.614769086096321260e+01
-1.363923658299056285e+01
-1.211658369435036775e+01
-1.157857298234112164e+01
-1.110090789620859475e+01
-1.121527555927329800e+01
-1.026704942629656436e+01
-8.129618904129841894e+00
-6.052565482714182821e+00
-3.652245591482534692e+00
-1.854573367318142818e+00
-8.810276598430365480e-01
-1.321380641715913518e-02
4.542076594973773473e-01
7.730099192050927659e-01
9.925445352385452447e-01
7.186571747088403850e-01
-3.948988046440522065e-03
-2.427202823636687157e-02
6.932751731022275266e-01
1.615562097280674569e+00
3.033192718675264299e+00
4.168667022557332125e+00
4.959665186368957812e+00
6.032717539004240237e+00
7.211866729778620311e+00
8.003242532018109756e+00
8.428678420322754050e+00
8.594715596714815220e+00
8.378031924851525147e+00
8.209319001115877867e+00
8.093488103716776294e+00
7.707667579035207162e+00
7.136662396957788701e+00
6.489547610293799451e+00
5.735501950354132461e+00
4.875818722696738661e+00
3.927574933193847428e+00
2.731628552697360046e+00
1.280283730623106075e+00
-3.381838943925532526e-01
-2.162968440879175613e+00
-3.617191557188308870e+00
-4.639399905234955490e+00
-5.532957933918694948e+00
-6.133895266305662730e+00
-6.757733940220666646e+00
-7.425771687605782212e+00
-7.834694034156271414e+00
-8.046462734379019821e+00
-8.504084944345095209e+00
-9.204327455734095054e+00
-9.972166667860189904e+00
-1.091496119218827587e+01
-1.169045096123725536e+01
-1.227535273847464836e+01
-1.292686511554217255e+01
-1.356703670361099867e+01
-1.377661824597712581e+01
-1.353913127505283853e+01
-1.299341873680853965e+01
-1.202308983207302795e+01
-1.092749400233251578e+01
-9.709282344069123383e+00
-8.112251618569093381e+00
-6.190226462955235931e+00
-4.149134977516674816e+00
-1.969068234547121987e+00
4.203335070958790221e-01
2.977379943509762761e+00
5.904050820324505011e+00
9.218027143337216955e+00
1.279096946947211677e+01
1.667453680475793831e+01
1.931390428624272104e+01
2.054327821305465562e+01
2.113356916876693248e+01
2.063545238603766663e+01
1.991892481079980826e+01
1.902606718593525059e+01
1.711520669722576216e+01
1.434727874001741910e+01
1.189447916088751889e+01
9.734898912543776817e+00
7.393830881601371807e+00
5.146397269174985745e+00
2.059177804036270487e+00
-1.941269514640901361e+00
-6.175729384536187361e+00
-1.086556406381708051e+01
-1.419447461664697308e+01
-1.591445542205041974e+01
-1.704519085031317616e+01
-1.705047594744807782e+01
-1.682761172171700181e+01
-1.643799659071923713e+01
-1.494770658133671759e+01
-1.252286776792872303e+01
-1.073771055169901700e+01
-9.589658759961395162e+00
-8.412669269455154364e+00
-7.586300077154707111e+00
-5.921689669549533797e+00
-3.325840792452222416e+00
-6.931821088163843125e-01
2.253556767448343212e+00
4.541994266260559243e+00
5.983358209843908426e+00
7.240065368941159818e+00
8.012408783824808367e+00
8.660576923390717496e+00
9.227992085411313994e+00
9.262325037353933865e+00
8.829113146959210567e+00
8.978717712687362962e+00
9.731644688962203915e+00
1.061628114492594932e+01
1.189366685052295658e+01
1.282478214966442565e+01
1.335098305170214594e+01
1.405292596710126141e+01
1.476147096692359106e+01
1.501773069771691915e+01
1.483831832753710955e+01
1.431544287780692670e+01
1.333146420097688001e+01
1.228266912070255579e+01
1.116940452074513246e+01
9.688370094337196647e+00
7.914384827498594177e+00
5.948614042020635040e+00
3.759011381052719702e+00
1.341076726247112605e+00
-1.292087848485037771e+00
-4.294357080414405559e+00
-7.676834458310408671e+00
-1.135928058552102371e+01
-1.538236438307917453e+01
-1.827725195757285093e+01
-1.989393359983465004e+01
-2.095612164928298071e+01
-2.104227045191993994e+01
-2.098463382845192271e+01
-2.082472675544904561e+01
-1.976651230371718526e+01
-1.796598257187615388e+01
-1.651060433712765629e+01
-1.537971352304589168e+01
-1.413887113454744693e+01
-1.304404043314629114e+01
-1.122748287359342179e+01
-8.622952154401067659e+00
-5.863006384926563896e+00
-2.743142632652308066e+00
-3.726350920580062676e-01
1.076437618430998278e+00
2.279279677203472687e+00
2.905243317571150730e+00
3.454682447256000266e+00
3.972158022272628486e+00
3.909465256082779394e+00
3.360848443703039923e+00
3.370778467989187455e+00
3.948664193852904347e+00
4.645127352405297394e+00
5.716834197317391286e+00
6.400929762202147266e+00
6.639553882393934181e+00
7.020565397299330712e+00
7.369120177976121511e+00
7.620134313932072523e+00
7.829560486504511196e+00
7.900197531729591383e+00
7.827637841413086939e+00
7.783735716219248424e+00
7.758952587504772680e+00
7.664746345772241121e+00
7.534605902375521858e+00
7.188500543041304702e+00
6.601703586087635856e+00
5.882329720311132881e+00
4.978404400523325890e+00
3.964399843472031559e+00
2.847552983127223936e+00
1.544356343347009330e+00
6.885799410941868814e-02
-1.082742915807407336e+00
-1.874470401672272857e+00
-2.532604289791303476e+00
-2.919970709009633847e+00
-3.345491296393424907e+00
-3.824598900924013112e+00
-4.081553667715670741e+00
-4.177190387120432113e+00
-4.435059553867347404e+00
-4.846460750929423966e+00
-5.293695325087048431e+00
-5.853316741444731797e+00
-6.259159153945513587e+00
-6.494044278807798776e+00
-6.751508989771530800e+00
-6.970476263751592683e+00
-6.948844229626833346e+00
-6.684518458052690626e+00
-6.226288512133555386e+00
-5.518435145056709068e+00
-4.720384568302887551e+00
-3.830368850405686754e+00
-2.716803124722986240e+00
-1.407328352830683027e+00
2.318343782701598466e-02
1.588282866930656123e+00
3.310255906311677432e+00
5.176834130851366567e+00
7.276096876200688790e+00
9.616992983792068017e+00
1.215002743598916446e+01
1.489937209884407032e+01
1.663046317601894941e+01
1.721652783587625990e+01
1.725688527166169095e+01
1.639544766842022838e+01
1.533443977218832543e+01
1.410547257169640822e+01
1.203479286455289099e+01
9.251838321540109433e+00
6.667526760671893982e+00
4.261750584548026133e+00
1.667632584677356533e+00
-9.023774201878808077e-01
-4.180827372957501176e+00
-8.225872770813010604e+00
-1.250816529680830236e+01
-1.720226579747005502e+01
-2.039682537503680848e+01
-2.184873217992283756e+01
-2.258692223439410895e+01
-2.205009718748777559e+01
-2.122281982721967708e+01
-2.016398134461761416e+01
-1.787247496141755931e+01
-1.452942474755701596e+01
-1.171867013555910653e+01
-9.428201948963454981e+00
-6.994684444497506703e+00
-4.795961845563533998e+00
-1.613975531688498943e+00
2.647928336072935096e+00
7.085010803296106552e+00
1.198384196976859251e+01
1.537449539886360661e+01
1.696809780992873939e+01
1.790315857138534028e+01
1.759226627175013746e+01
1.696870615314871245e+01
1.609985428448541711e+01
1.398563190939198186e+01
1.079651149149750466e+01
8.306311035996532866e+00
6.517180088250932535e+00
4.666572171184384388e+00
3.183038529372041570e+00
7.405271715820722633e-01
-2.767012439481967512e+00
-6.337835795742179812e+00
-1.028187235681990508e+01
-1.292661401335059246e+01
-1.400032316038202218e+01
-1.451726436064832093e+01
-1.397158093922280209e+01
-1.310140006337248764e+01
-1.196643156942072572e+01
-9.736555248594148892e+00
-6.544329082698808975e+00
-3.988494830719758522e+00
-2.078918040982320914e+00
-1.140854537498630084e-01
1.517662932762322558e+00
3.991269155629089127e+00
7.402674455775204443e+00
1.085659867507124332e+01
1.462759194339528612e+01
1.717404163249626592e+01
1.824692869298064934e+01
1.877205843918252270e+01
1.828254564371962942e+01
1.746442945730997209e+01
1.637049633064721377e+01
1.423123022803603632e+01
1.116864831180815720e+01
8.648095244356808209e+00
6.676389298554897600e+00
4.609564483060416329e+00
2.802212088789543643e+00
1.726361898446305831e-01
-3.368739111792839136e+00
-7.001184853236375183e+00
-1.097866942036552373e+01
-1.384141682843679000e+01
-1.535772950434545336e+01
-1.640097389360629165e+01
-1.653077385125979504e+01
-1.640482753878857025e+01
-1.607419857125083240e+01
-1.480871571603450221e+01
-1.272672646479088954e+01
-1.120794987416128841e+01
-1.025926394203239411e+01
-9.277742452857747679e+00
-8.598028098397522356e+00
-7.201742314759531638e+00
-5.005973277065131732e+00
-2.784884407603253731e+00
-3.003727909272982388e-01
1.599613453114062001e+00
2.750070551218704473e+00
3.725599523005458824e+00
4.264141479939848267e+00
4.681699467136269277e+00
5.015060002823723551e+00
4.867582037300535625e+00
4.296077802312831651e+00
4.219711130678030386e+00
4.655835794029769659e+00
5.190791674466142425e+00
6.052552781803465898e+00
6.593008257970020658e+00
6.760137404383510074e+00
7.061953890049925242e+00
7.349618335920485634e+00
7.401682592555564710e+00
7.250689151125166099e+00
6.892051447014456933e+00
6.274842464361027439e+00
5.641894589497469248e+00
4.989366910753838091e+00
4.151132365792118861e+00
3.173729660063167479e+00
2.015266906000953373e+00
6.511602313325948188e-01
-8.699918408045550500e-01
-2.566827737811528287e+00
-4.467833715307497400e+00
-6.574059548362979122e+00
-8.891211525006390559e+00
-1.142933019428814490e+01
-1.308651149923844237e+01
-1.375671152129328156e+01
-1.396740680645338806e+01
-1.340352930050350899e+01
-1.270358205352967218e+01
-1.189679676239279260e+01
-1.037975857810033453e+01
-8.271786188610064983e+00
-6.361742498620289510e+00
-4.630822448567140093e+00
-2.767091514121108098e+00
-9.546671123195267228e-01
1.444843831621363428e+00
4.480579941860512783e+00
7.691546393954777905e+00
1.122906782575257978e+01
1.366774499541295462e+01
1.482000766825455784e+01
1.546907787759454855e+01
1.519539720413611583e+01
1.471826803928834160e+01
1.408369117899902179e+01
1.255202576857447205e+01
1.025600919276426737e+01
8.400469587848625963e+00
6.979598851276527682e+00
5.486345902520865181e+00
4.209550558847495516e+00
2.230532887584613544e+00
-5.231477111596473106e-01
-3.365058141995623586e+00
-6.510477445830051835e+00
-8.728683750723154944e+00
-9.826403938689603379e+00
-1.054148656388585437e+01
-1.050404505102978980e+01
-1.026957966938169875e+01
-9.882560032827264251e+00
-8.729103197507223300e+00
-6.910317561811839759e+00
-5.581372277185924879e+00
-4.748542982102605059e+00
-3.909298461405109837e+00
-3.344439551344625450e+00
-2.202309439922045975e+00
-4.146061603337281576e-01
1.369836860033143200e+00
3.349362481419948523e+00
4.749786745788115994e+00
5.425534580501774506e+00
5.886264189091044763e+00
5.893192099235843529e+00
5.746139289919313775e+00
5.476163344658876220e+00
4.715236268755920612e+00
3.516375869772791596e+00
2.693156632028443020e+00
2.257668940452979278e+00
