3.031542107964081652e+02
3.281166040525372409e+02
3.534202116752864526e+02
3.789738342746766762e+02
4.059453774381170206e+02
4.340157706312271557e+02
4.546607946191631981e+02
4.671447397124665031e+02
4.752349893271009478e+02
4.764919986172099584e+02
4.760891412912579881e+02
4.741913628473548670e+02
4.659906771220698829e+02
4.524263948623889746e+02
4.392034172502898741e+02
4.261024935275829648e+02
4.108838575676762161e+02
3.948366973127509709e+02
3.731571953586096697e+02
3.454472867503906741e+02
3.150666968982035314e+02
2.808449187330916743e+02
2.490334695251553967e+02
2.205331314237546394e+02
1.914847268950217938e+02
1.637059498443756524e+02
1.342623363476470786e+02
1.028465566069704664e+02
7.252908883612606417e+01
4.271050767387204417e+01
7.502467427312152992e+00
-3.319514527002890247e+01
-7.693986216763173047e+01
-1.252180152834628615e+02
-1.738072222220014282e+02
-2.224394888757830699e+02
-2.744587654507895991e+02
-3.289394028665758469e+02
-3.712960611693488886e+02
-4.004259590323947577e+02
-4.225103592254060345e+02
-4.334193539615516215e+02
-4.423362222519715488e+02
-4.495353615329174204e+02
-4.466776260397895157e+02
-4.354492487389147755e+02
-4.251326229048829077e+02
-4.153164418801750912e+02
-4.024650779726666201e+02
-3.886634856705561560e+02
-3.659505370723010174e+02
-3.336844036066045192e+02
-2.973899960030633451e+02
-2.551308828894104010e+02
-2.180952046508849946e+02
-1.878516766072950475e+02
-1.576189240324778780e+02
-1.306454515209285887e+02
-1.015888499506451979e+02
-6.992033533834569425e+01
-4.118171203610894082e+01
-1.429145120302351302e+01
2.105485325953350895e+01
6.500322397010799591e+01
1.132911851617061529e+02
1.685058378072490939e+02
2.231944357237643430e+02
2.768754547106160544e+02
3.354107954690031193e+02
3.971559599269701835e+02
4.449784900911090517e+02
4.778004982433958503e+02
5.024878125982534129e+02
5.142470529235342838e+02
5.243321455147163306e+02
5.330455492858629896e+02
5.304246110847053615e+02
5.185552425177157829e+02
5.076421718301410806e+02
4.971424943499312121e+02
4.833224697591948598e+02
4.684489232029545747e+02
4.435356737146992145e+02
4.078774385642425386e+02
3.676331913543737642e+02
3.206161730907982701e+02
2.806902180788422356e+02
2.497317697143551527e+02
2.195005887355175105e+02
1.940101711297455154e+02
1.665015963680180278e+02
1.363411772035605338e+02
1.104576676425210309e+02
8.748999456598690472e+01
5.498063644686706652e+01
1.278705433890392840e+01
-3.396549704003623305e+01
-8.839063956366295827e+01
-1.414006916495838198e+02
-1.924037621210067357e+02
-2.485044421548000741e+02
-3.076884354322918398e+02
-3.531450485437936777e+02
-3.839623957105167733e+02
-4.065881442529500305e+02
-4.163538683639038709e+02
-4.246215847846942211e+02
-4.316663874909802985e+02
-4.275898755488365168e+02
-4.145050597489447455e+02
-4.019323684322827717e+02
-3.892906955643082370e+02
-3.732009481354592140e+02
-3.557538074980774354e+02
-3.283783936540647233e+02
-2.904095156076202215e+02
-2.476538614245365579e+02
-1.980197635439027124e+02
-1.556499137037427545e+02
-1.224066374780642121e+02
-8.998580445056120425e+01
-6.246894171736355617e+01
-3.285566119318261258e+01
-5.076354689843953771e-01
2.746756285931289909e+01
5.247990634832837031e+01
8.703759575724396313e+01
1.312662882150619339e+02
1.800485540732170193e+02
2.365056692298079781e+02
2.914695629970793220e+02
3.443458551797360201e+02
4.022833816824668816e+02
4.632487648077616882e+02
5.103493007840098699e+02
5.426660862125221456e+02
5.666691117394814228e+02
5.776643459903353914e+02
5.870691559972250388e+02
5.951556734615351161e+02
5.919722556909538298e+02
5.796391046698812488e+02
5.677234474025785858e+02
5.556380131719394058e+02
5.399820053538129514e+02
5.228538242324763132e+02
4.956341056332361177e+02
4.576506938235672806e+02
4.147375399124022692e+02
3.647885541902653586e+02
3.220597212627905037e+02
2.884241360041445432e+02
2.555107978606762913e+02
2.274316348758497384e+02
1.971218358176553522e+02
1.639355033409665623e+02
1.350376064287330848e+02
1.090030756215767411e+02
7.322403197313295209e+01
2.757171305123969063e+01
-2.280043025421158021e+01
-8.104041483705346138e+01
-1.379102690912220055e+02
-1.928136994928954664e+02
-2.529582249547512447e+02
-3.162970232974029159e+02
-3.655485497859395991e+02
-3.997625955990382067e+02
-4.255834493703119392e+02
-4.382073860743816454e+02
-4.492921216705682923e+02
-4.591194569960117633e+02
-4.575189661043160640e+02
-4.466562744649160663e+02
-4.363621823886239781e+02
-4.260414802296615449e+02
-4.121930549499825815e+02
-3.969765371366929685e+02
-3.715544008464392505e+02
-3.352384287283452977e+02
-2.940187838712579946e+02
-2.457378660858411195e+02
-2.049448343868470488e+02
-1.735566978037761601e+02
-1.430256278118108639e+02
-1.175503319394734945e+02
-8.993112813200529843e+01
-5.951010796900918365e+01
-3.359759862834616229e+01
-1.074277111814773988e+01
2.193315346019180367e+01
6.456125849792995552e+01
1.118726792580402076e+02
1.670821127936550852e+02
2.207532758356415172e+02
2.722751982468039955e+02
3.290083440003144801e+02
3.888606574041409090e+02
4.350115766089983254e+02
4.665748062564108523e+02
4.899463298051310289e+02
5.004606492523937504e+02
5.095471418030131758e+02
5.174761724387545883e+02
5.143187192726744570e+02
5.022009892828177158e+02
4.905651485454079648e+02
4.788207476745895406e+02
4.636351361122826802e+02
4.470770828144938491e+02
4.206104875436482757e+02
3.835738501211899916e+02
3.417373940666410590e+02
2.930165594029962222e+02
2.516972983666895516e+02
2.196506691246445939e+02
1.885092546792992607e+02
1.623935936794006238e+02
1.342112212411978760e+02
1.033192168427064672e+02
7.690541465883219985e+01
5.354142928734226103e+01
2.063134737204415714e+01
-2.194769707090395983e+01
-6.904785993860602389e+01
-1.238111656693515812e+02
-1.769961783634346091e+02
-2.280041330037624050e+02
-2.840370208814524631e+02
-3.430447930731652377e+02
-3.888723244932886018e+02
-4.206818445619817908e+02
-4.445862348399436428e+02
-4.561072765055754985e+02
-4.662526586492676302e+02
-4.752789081696772655e+02
-4.736369441450868862e+02
-4.633744211882402055e+02
-4.535113677311015294e+02
-4.434751084698609702e+02
-4.300914988818620373e+02
-4.153336379157918259e+02
-3.910259917554420213e+02
-3.565349259710174579e+02
-3.173786337158778679e+02
-2.715593288520689725e+02
-2.328560800588538768e+02
-2.030677891784934559e+02
-1.741327128589989286e+02
-1.500233914863027564e+02
-1.238873961280773273e+02
-9.510459945755130207e+01
-7.061133813667170500e+01
-4.902691812559631757e+01
-1.822026013285508839e+01
2.192601158382862536e+01
6.645799399887995662e+01
1.184018537245640204e+02
1.688542297133823809e+02
2.172392715386190503e+02
2.704950637816575636e+02
3.266470422774148687e+02
3.704924065292106548e+02
4.012614276957924062e+02
4.246751611674509377e+02
4.365246868896285832e+02
4.472089833657138342e+02
4.569686424102778801e+02
4.568038341030762695e+02
4.486511611089349572e+02
4.409438551800448636e+02
4.331389657772338069e+02
4.222841419638209004e+02
4.102224222202449937e+02
3.892899449850928022e+02
3.588951979023296417e+02
3.242056256443323150e+02
2.833490243604714465e+02
2.493579855069828000e+02
2.239296687260744818e+02
1.994530414297821324e+02
1.796852235859047369e+02
1.581358418881206092e+02
1.342210248990560046e+02
1.145065441342593999e+02
9.768597314776025087e+01
7.231079632863497864e+01
3.827388949088461345e+01
2.495462868725430994e-01
-4.461629757088462611e+01
-8.791339484730734455e+01
-1.290965211101204773e+02
-1.747144006342932130e+02
-2.229003766343856512e+02
-2.593727886128381783e+02
-2.834103667355118432e+02
-3.003777091887999973e+02
-3.063204034120989263e+02
-3.110124473539568157e+02
-3.146774156169587968e+02
-3.088567764288365538e+02
-2.953693967776507634e+02
-2.821234563658565548e+02
-2.686059905086454478e+02
-2.520486431444961966e+02
-2.341776769699811496e+02
-2.077981217391748601e+02
-1.723531609301353171e+02
-1.326893747402984332e+02
-8.704758315304161442e+01
-4.768487516384347202e+01
-1.619456599582776235e+01
1.458160999624230669e+01
4.111166668499597421e+01
6.950515934705222776e+01
1.003128316333864802e+02
1.273594255212467772e+02
1.518761167826519056e+02
1.846284622712343264e+02
2.257184773687570498e+02
2.707539269246461231e+02
3.224198019413005909e+02
3.728094675470638890e+02
4.214120576210654576e+02
4.743867874612217292e+02
5.299801076737543326e+02
5.724010697666210490e+02
6.007297910363666915e+02
6.211170034138881419e+02
6.291574291043633593e+02
6.353954363489926891e+02
6.400883111905964142e+02
6.339766630757995927e+02
6.190116825537205614e+02
6.043255658460396944e+02
5.893835278837406122e+02
5.708898294847780335e+02
5.508537158468722055e+02
5.211156212080750265e+02
4.810317771760759342e+02
4.361441331654692135e+02
3.844577141022870705e+02
3.391184178798912967e+02
3.018677794344695258e+02
2.649446471709387083e+02
2.321421594225226102e+02
1.969753885651944927e+02
1.588414636974575274e+02
1.243318918861013742e+02
9.213524530709528904e+01
5.054665711453526455e+01
-5.638850377889861321e-01
-5.640790774362012883e+01
-1.199129734121371627e+02
-1.825255846170885832e+02
-2.436966889276823451e+02
-3.101140097673485911e+02
-3.798861800208812269e+02
-4.343493967759847010e+02
-4.723560825516790942e+02
-5.013096827469785239e+02
-5.159911497043158306e+02
-5.287278604062505565e+02
-5.398377159330515269e+02
-5.384334715470611172e+02
-5.267964513548405421e+02
-5.159401205199296783e+02
-5.052574137703043675e+02
-4.907324538589784311e+02
-4.748024623611408970e+02
-4.477191871958497131e+02
-4.087139299948742632e+02
-3.644445311218920551e+02
-3.125333105318976550e+02
-2.682705596643302215e+02
-2.337077931509113284e+02
-1.997785593552570163e+02
-1.709028345822077881e+02
-1.395897863542159598e+02
-1.051383259677787549e+02
-7.519945964751052259e+01
-4.826124000549893367e+01
-1.062870697857288427e+01
3.785443701598367028e+01
9.156776293938344224e+01
1.539361037250121171e+02
2.149647282302130691e+02
2.740074951663169713e+02
3.388808228434579632e+02
4.073724185203224692e+02
4.605435662674514674e+02
4.973477554910251683e+02
5.250913561390102586e+02
5.385110297748732364e+02
5.503661619837988610e+02
5.609712572086981481e+02
5.591919075387050952e+02
5.474013017388796243e+02
5.364018523735647932e+02
5.255476199491013176e+02
5.109907749009514646e+02
4.951086407901301527e+02
4.682082502261813488e+02
4.295378222858029744e+02
3.856773953909640227e+02
3.342636948614083394e+02
2.911769392510975081e+02
2.585165175624219955e+02
2.269489070912021589e+02
2.010601745495935688e+02
1.730058520277021898e+02
1.420704033495221950e+02
1.162309388881749470e+02
9.390919994610433719e+01
6.103876063510578831e+01
1.747815272339752113e+01
-3.101108899414291997e+01
-8.793814950681728249e+01
-1.429947022793746498e+02
-1.955101404042706008e+02
-2.535210475012869722e+02
-3.147396820842571969e+02
-3.621267493816453111e+02
-3.948489009189031549e+02
-4.192650324414285024e+02
-4.306656181579670601e+02
-4.407671056414859549e+02
-4.498363216798824169e+02
-4.477645560516177170e+02
-4.367360677426945585e+02
-4.261028251731524392e+02
-4.152475961117083330e+02
-4.009201859948547053e+02
-3.851599246759110429e+02
-3.594297569353390145e+02
-3.230732105123341285e+02
-2.818339629866186442e+02
-2.336259672565899166e+02
-1.931321177280643155e+02
-1.622562611576388178e+02
-1.324409660715173516e+02
-1.079172803871149995e+02
-8.135652440160056642e+01
-5.210265521128700783e+01
-2.755935838874040300e+01
-6.251751875477722820e+00
2.468346326089070786e+01
6.536320046870311273e+01
1.105397978515089932e+02
1.634188139848672279e+02
2.145425043076118072e+02
2.632977782348091296e+02
3.170450407687439451e+02
3.736845754700144653e+02
4.177400920084607492e+02
4.484591796175637910e+02
4.716003684279098138e+02
4.828859374789517460e+02
4.929710518034627853e+02
5.020947505715307102e+02
5.010675170060829373e+02
4.918742992875357345e+02
4.829906524500379419e+02
4.738522321492933997e+02
4.615151034274777544e+02
4.478250749853318098e+02
4.250336556640620529e+02
3.925435805518419556e+02
3.555621927003647329e+02
3.121944830892600180e+02
2.758291684229064913e+02
2.481979945751063212e+02
2.215020013453186607e+02
1.995976186399215067e+02
1.757933325024246471e+02
1.494900405511048405e+02
1.274408321115226528e+02
1.082979758860814457e+02
8.034044869881849138e+01
4.346140535929971804e+01
2.438870520288585197e+00
-4.564878635797013828e+01
-9.218339408004136715e+01
-1.366077277512395938e+02
-1.856301142448031385e+02
-2.373382170778897660e+02
-2.775340679151360064e+02
-3.055232129266241827e+02
-3.265992174612380836e+02
-3.368370455799068850e+02
-3.460026285850538557e+02
-3.543167573272100412e+02
-3.533532014930644323e+02
-3.449316519762348321e+02
-3.368463360411525400e+02
-3.285819697212191386e+02
-3.174284128841181314e+02
-3.050846451274193782e+02
-2.844336524599232803e+02
-2.549273186491397212e+02
-2.213524207986141334e+02
-1.819692153907352576e+02
-1.490480040323083415e+02
-1.241781585827190213e+02
-1.002106273441806934e+02
-8.068069914809916554e+01
-5.946018531718089406e+01
-3.600071316434035396e+01
-1.649057232632447878e+01
3.037984978527472624e-01
2.512866947149300856e+01
5.808166381403054146e+01
9.478000812387888629e+01
1.379018575973547343e+02
1.795455440945960106e+02
2.191992682505703556e+02
2.630126378705784873e+02
3.092316622773287804e+02
3.452223569001162105e+02
3.703867982510834054e+02
3.893981221942143520e+02
3.987688350933325410e+02
4.072321581273844799e+02
4.149823924232478589e+02
4.145057844781497352e+02
4.074310484731342399e+02
4.006278988887802370e+02
3.936319160171165663e+02
3.840705025713298255e+02
3.734380630481706476e+02
3.554356424906360417e+02
3.295797527724851648e+02
3.000984615522701802e+02
2.654516237484782550e+02
2.366241010799049604e+02
2.150329140951059514e+02
1.942910297264388078e+02
1.775621878926826298e+02
1.593482491560835115e+02
1.391597835960177463e+02
1.225417613249330202e+02
1.083878060758226525e+02
8.710280007310913675e+01
5.860225652458562706e+01
2.679659752447307852e+01
-1.070444001063983031e+01
-4.683934541400729046e+01
-8.115060508777241921e+01
-1.191307638399307649e+02
-1.592117783993386979e+02
-1.903344608959034474e+02
-2.119870722238066492e+02
-2.282365823274820684e+02
-2.360329126521043293e+02
-2.430465320580167372e+02
-2.494456154751634926e+02
-2.486428523051089599e+02
-2.420691851372841654e+02
-2.356985452232874252e+02
-2.291203964457271809e+02
-2.202805378294083880e+02
-2.104763028528211066e+02
-1.942133825577719222e+02
-1.710705799052744283e+02
-1.447299540483517433e+02
-1.138475124632828965e+02
-8.808488412875206564e+01
-6.868434101077583875e+01
-5.003595087398724672e+01
-3.492132161116624189e+01
-1.849635569714680372e+01
-3.311235146430209220e-01
1.469433514795679940e+01
2.755486920433701670e+01
4.667463300654966218e+01
7.212650244296075641e+01
1.004796456164160645e+02
1.338322872564029637e+02
1.659813895945620175e+02
1.965253476832857586e+02
2.302876568085701479e+02
2.658908639598571995e+02
2.932520368552627019e+02
3.118833696284481789e+02
3.255293391241900167e+02
3.314031587230503533e+02
3.364530429750109874e+02
3.408335538625568688e+02
3.385543460267777505e+02
3.309093937356050219e+02
3.234112236415755888e+02
3.156906521188155921e+02
3.058342482038586354e+02
2.950415865515160476e+02
2.782679932958717473e+02
2.551242192751786888e+02
2.289981966240640645e+02
1.986556104062330519e+02
1.728383583136115931e+02
1.526754934763743279e+02
1.330766887018768330e+02
1.165593071776615943e+02
9.875088880707730254e+01
7.926000631837497679e+01
6.249677761842192325e+01
4.758019325275503064e+01
2.686102309925628617e+01
2.695224949760941513e-01
-2.907747101199122852e+01
-6.308685089522347766e+01
-9.613402682622464113e+01
-1.278558170926469018e+02
-1.626307062242315737e+02
-1.992109390709715058e+02
-2.281936736476502290e+02
-2.491119149410912428e+02
-2.654848372835850796e+02
-2.747112240126938332e+02
-2.832435323088873815e+02
-2.912288386788923162e+02
-2.930923465631989302e+02
-2.900358936437010016e+02
-2.872451655381078695e+02
-2.843811027967406062e+02
-2.796349373108562872e+02
-2.741382034955103109e+02
-2.631653089506519905e+02
-2.463518107391975036e+02
-2.268792505494957652e+02
-2.035926647962981804e+02
-1.845954256037504990e+02
-1.709393183845731414e+02
-1.578985928484590318e+02
-1.478084637109374171e+02
-1.366262088015060385e+02
-1.239892513179258628e+02
-1.139826639061008962e+02
-1.057926243687493724e+02
-9.231340871288188055e+01
-7.347961067702637195e+01
-5.219038889400361114e+01
-2.667459026269556333e+01
-2.154952283842020755e+00
2.103020004765528483e+01
4.694651387086474870e+01
7.443478008448192895e+01
9.563629892241277730e+01
1.102068358244767268e+02
1.210055071082170315e+02
1.258707382672325110e+02
1.302939061662883375e+02
1.343942496213394691e+02
1.334777005840628874e+02
1.285712889531795895e+02
1.238627260149934841e+02
1.190565018663978094e+02
1.127294526700901400e+02
1.057894334651658994e+02
9.436408414588895255e+01
7.815947058739635622e+01
5.976558459165329396e+01
3.823603023679958568e+01
2.049339413097751716e+01
7.424049089428137016e+00
-4.977937999909222810e+00
-1.471949503863798014e+01
-2.527937466962456270e+01
-3.696276949327517514e+01
-4.626814200815866940e+01
-5.389406280795152782e+01
-6.585165536024406663e+01
-8.218910459524322221e+01
-1.004586738873066594e+02
-1.221555652361716682e+02
-1.428455030942324697e+02
-1.622398739874190881e+02
-1.837813371855887112e+02
-2.064835660767075751e+02
-2.223264745629607262e+02
-2.308752088944283969e+02
-2.351832476775068699e+02
-2.330199850410911893e+02
-2.298129091399085553e+02
-2.256857076577429666e+02
-2.159058246463097248e+02
-2.014777544489598142e+02
-1.869226551538547483e+02
-1.719558859930699555e+02
-1.549681634905640806e+02
-1.369469578379332404e+02
-1.138041009376104853e+02
-8.521710197675102449e+01
-5.394349336911061243e+01
-1.898091492907833455e+01
1.286571242706998319e+01
4.070832467656403253e+01
6.854347783441454567e+01
9.441177734373687258e+01
1.216970675630660708e+02
1.507112691753738716e+02
1.780339694021955950e+02
2.043508314239539914e+02
2.356778450701712586e+02
2.720794187268363657e+02
3.111034723124960237e+02
3.542547859383449804e+02
3.971298504979745871e+02
4.394482089841919219e+02
4.846514824593982667e+02
5.317669671738472061e+02
5.685460613023343512e+02
5.941265169924937481e+02
6.135551377049272332e+02
6.233762689325011479e+02
6.314480345520328228e+02
6.379855623211636839e+02
6.359234932909542977e+02
6.267043674503909187e+02
6.178952919208051071e+02
6.091242876437916038e+02
5.975473780747028059e+02
5.848503886933201557e+02
5.644540161059519505e+02
5.358270086191635073e+02
5.034978063082103859e+02
4.658600423751041149e+02
4.326037370746248598e+02
4.050569906250334498e+02
3.773957267260303752e+02
3.524243629814599785e+02
3.254539410235221908e+02
2.960273393487290718e+02
2.689640633487458103e+02
2.433121270937959082e+02
2.102455756287900215e+02
1.696449696659697679e+02
1.251414299708233102e+02
7.451904323250823836e+01
2.417789156449669719e+01
-2.547317343434522741e+01
-7.946450694704486750e+01
-1.363859117104703387e+02
-1.823161504835042592e+02
-2.164113993980283510e+02
-2.442005212878821396e+02
-2.617982957539773565e+02
-2.784187766250205982e+02
-2.943078426055356545e+02
-3.013477317554112460e+02
-3.012510944594092166e+02
-3.022244757023404418e+02
-3.038217353097409728e+02
-3.030659719326150707e+02
-3.017789703481515176e+02
-2.927066777036285998e+02
-2.752852032898267112e+02
-2.544808576135826286e+02
-2.285305574779450239e+02
-2.088227841571931549e+02
-1.968925068065633752e+02
-1.859984866816397755e+02
-1.794383299034235222e+02
-1.716454066093573090e+02
-1.621055729276087902e+02
-1.565207461528553665e+02
-1.537735398121010348e+02
-1.436789811877171701e+02
-1.261285131506043768e+02
-1.053131213874112575e+02
-7.869159387744763023e+01
-5.371035427807289153e+01
-3.085810160257816293e+01
-4.325173515837477112e+00
2.423412696605972627e+01
4.604026557987908319e+01
6.085454617238594466e+01
7.161877388847531734e+01
7.595879229249771925e+01
8.031745116173421195e+01
8.481875180977758077e+01
8.411286440239852880e+01
7.941936989112538470e+01
7.495451302217983880e+01
7.035166260004427841e+01
6.430267238339803271e+01
5.770354124561042397e+01
4.647569998928425150e+01
3.032624504825333034e+01
1.193089191209149469e+01
-9.705779497982591764e+00
-2.641652402362713303e+01
-3.719070130594435852e+01
-4.665966563465483574e+01
-5.247668191341184496e+01
-5.881838211481699119e+01
-6.602994849654579923e+01
-6.994501895510471456e+01
-7.139619104946969230e+01
-7.729520959521985901e+01
-8.767460151432092630e+01
-9.973261723203040674e+01
-1.151780909755381401e+02
-1.288616461366532349e+02
-1.404428000793848526e+02
-1.538893914288974258e+02
-1.680486412626310653e+02
-1.792246817781363575e+02
-1.874778746695057805e+02
-1.937148179584345655e+02
-1.969726663710900993e+02
-2.003201212338516655e+02
-2.037811969625775532e+02
-2.049623694596320718e+02
-2.044481681906781319e+02
-2.034593271772324385e+02
-2.017840324379648678e+02
-1.991865862205586666e+02
-1.958915150229177868e+02
-1.904536602838383033e+02
-1.827764123749452096e+02
-1.737185593330120241e+02
-1.629180188444879320e+02
-1.544441348697668843e+02
-1.487459117315567880e+02
-1.436110315011002569e+02
-1.401936122283061366e+02
-1.363021706112855043e+02
-1.317689437927234053e+02
-1.287073749154592122e+02
-1.266771856438414119e+02
-1.224244776160059729e+02
-1.159488182704339749e+02
-1.085344905122047976e+02
-9.937970334699464559e+01
-9.094821151362624789e+01
-8.339684893403111232e+01
-7.484013624865994530e+01
-6.582822663255107898e+01
-5.775355865884081652e+01
-5.055112209247026556e+01
-4.396192000998905058e+01
-3.833842994881905497e+01
-3.242853222973203486e+01
-2.622867378395325133e+01
-2.067745849570295036e+01
-1.553417145568689506e+01
-1.046847300205247500e+01
-5.572409065861653410e+00
-8.570509705639983711e-01
3.727775826136940029e+00
7.702098826885569238e+00
1.103778771076106757e+01
1.399763395793243603e+01
1.646020617936195407e+01
2.015691676542839161e+01
2.526920712515443412e+01
3.088100407688316551e+01
3.748197983100419606e+01
4.411909834265484420e+01
5.072471051848785351e+01
5.820784620189722602e+01
6.637846465145594266e+01
7.389741453863703669e+01
8.077055355494695732e+01
8.752211929598651352e+01
9.382472401965152642e+01
1.007060881099574630e+02
1.082327178547615318e+02
1.156256868370818722e+02
1.231162073998725788e+02
1.292660791729111054e+02
1.338435211233216080e+02
1.376874285530663258e+02
1.403588398107753790e+02
1.424954175335408877e+02
1.441372886716192170e+02
1.445604039199344300e+02
1.438719437537174599e+02
1.433815262936170711e+02
1.430836605806956641e+02
1.423942696365099323e+02
1.416226884078238015e+02
1.397808109053698047e+02
1.367791301395110679e+02
1.333491409661889691e+02
1.292519215169412803e+02
1.251430287034942666e+02
1.211549141533157865e+02
1.167947439174140669e+02
1.122603790256052037e+02
1.073225422122794441e+02
1.019382171294987813e+02
9.639571221197311957e+01
9.064490520583532884e+01
8.390046371156454086e+01
7.613192556358151819e+01
6.768165109955134540e+01
5.834473013409051845e+01
4.864451074110414908e+01
3.861270629740690197e+01
2.781345327505667697e+01
1.635747124199288649e+01
7.902877674465254465e+00
2.768451539002476647e+00
-6.846514081166081844e-01
-1.411253349366060172e+00
-1.620474347887118860e+00
-1.389020837124816499e+00
1.336769845051252847e+00
6.152436025281130760e+00
1.058369672854608368e+01
1.471820009765467674e+01
1.952529225129575252e+01
2.444151441488145693e+01
3.153459251973302457e+01
4.097216318168979399e+01
5.129782408904765134e+01
6.301183907080086044e+01
7.347960386245618736e+01
8.231409924620390939e+01
9.114395541440035231e+01
9.919946526493130534e+01
1.077029073520552203e+02
1.167805145749578202e+02
1.251397644847790787e+02
1.330273409179952466e+02
1.429325904956817794e+02
1.548953871567920544e+02
1.678755750438981238e+02
1.824990260933399213e+02
1.969774485932108519e+02
2.111935520162644480e+02
2.265581774096504262e+02
2.426764033905834594e+02
2.551784013755417959e+02
2.637798194360049138e+02
2.702490254656437401e+02
2.733609327410484866e+02
2.759646259884889901e+02
2.781380216994418788e+02
2.773478343416636562e+02
2.741212323646565210e+02
2.710877490325977419e+02
2.681111087971156621e+02
2.642221889669498864e+02
2.600059668449606534e+02
2.531566687141976786e+02
2.434922539314372045e+02
2.325958675695856357e+02
2.199062379328786392e+02
2.089145607429178710e+02
2.000961492490312139e+02
1.913675471833927872e+02
1.837396719348307386e+02
1.755165415466258594e+02
1.665371100403415596e+02
1.585429626086700523e+02
1.511918934265027872e+02
1.413319186351929773e+02
1.289249451427167514e+02
1.152684824427818597e+02
9.957374428905967534e+01
8.413564194236636240e+01
6.910302783532728199e+01
5.267898725028064177e+01
3.537143521730522622e+01
2.126102910875373908e+01
1.055986732240744530e+01
1.715261406780225872e+00
-4.142693169237014139e+00
-9.791099342746768741e+00
-1.529741586370910866e+01
-1.825352421393093749e+01
-1.917767384241085793e+01
-2.035665085821856835e+01
-2.164847119870880476e+01
-2.224966340546269805e+01
-2.266236820629280757e+01
-2.082063412002710834e+01
-1.656610291183183037e+01
-1.129757239304534977e+01
-4.511818699450596881e+00
3.329282323843258951e-01
2.782305194540809712e+00
4.859635128134368820e+00
5.566343989447305241e+00
6.616625970271128310e+00
8.164523626154643665e+00
8.469484347949586933e+00
7.875506578023810711e+00
9.428644910349783359e+00
1.315707909374545714e+01
1.781369126903112132e+01
2.415714502354983750e+01
2.994995292346267846e+01
3.504568401322499227e+01
4.118529172826803375e+01
4.787121716696710649e+01
5.370995329269690899e+01
5.875630159887689530e+01
6.331137526553828820e+01
6.702332884824186010e+01
7.111404422314657836e+01
7.559567646325969292e+01
7.954848115209725279e+01
8.321156069202157823e+01
8.696181631022891168e+01
9.071676527490588171e+01
9.444599013312415536e+01
9.821612561532184316e+01
1.015335729814248111e+02
1.043731958930945041e+02
1.070219923901450159e+02
1.093596620686800094e+02
1.129957723106581540e+02
1.181068012381532384e+02
1.238388738038372310e+02
1.306510794515162672e+02
1.376731782444186933e+02
1.448458339643335648e+02
1.530123141787936731e+02
1.620023872361094277e+02
1.705648249195643302e+02
1.787077533458514154e+02
