-1.838887904166345422e+01
-9.803090419473756256e+00
-2.750871548846005599e-01
1.707045579430169013e+01
1.411185134498550653e+01
-1.206643289458638790e+01
-1.398827434479330201e+01
3.991801961184985093e+00
9.034795747814102995e+00
8.471126139664036714e+00
3.252013226179917726e+00
-1.176323254027053977e+01
-9.953375910174301566e+00
9.094082829736494844e+00
1.027236402420417249e+01
-2.559811130294867620e+00
-7.881761045225221807e+00
-1.111431628762936974e+01
-5.709111444482058317e+00
1.213532762281966448e+01
1.327640579290998524e+01
-1.528461972528466495e+00
-5.999833335254012745e+00
-5.007238633928321470e+00
-6.658762551243118111e-01
1.144169155505072588e+01
8.920385674935147335e+00
-8.833352264541952437e+00
-1.283407803093329314e+01
-6.526395871159909490e+00
-5.620275132030706500e-01
1.010753583380286003e+01
1.152741080843714627e+01
1.991763648044834412e+00
-2.262507537043556116e+00
-4.222406385809993168e+00
-7.192904042361888628e+00
-8.737968538847676214e+00
-3.930254134556957712e+00
8.061542561533162399e+00
1.303136391472352251e+01
1.148641732857228348e+01
3.600670173952652320e+00
-1.426859753984330226e+01
-1.686072479490582054e+01
-3.580987156339037636e+00
2.906899421527319394e+00
7.533313276112691526e+00
9.270950546655111424e+00
4.490875758509679017e+00
-4.973795112786544292e-01
-7.175670091753334034e+00
-7.562868679019386420e+00
-7.823891007542461973e-02
3.114262388253942415e+00
3.836546967942000563e+00
2.943740973815425210e+00
-1.779179596103113825e+00
-1.926920425515221469e+00
2.426259020298640934e+00
-1.205525980688056942e+00
-1.189204602900454510e+01
-8.443576189024398104e+00
8.342867616338105918e+00
1.492251171505920126e+01
1.440879052403669291e+01
5.745659788647372146e+00
-1.604640160922944503e+01
-1.952719764634558075e+01
-4.453778093759186874e+00
4.201502658781415711e+00
1.260408443790327482e+01
8.795467217542451976e+00
-1.193835072239966699e+01
-1.216551564897061866e+01
6.204774181852710235e+00
1.138944236137938759e+01
9.319734316700278853e+00
3.075693909575712759e+00
-1.265331979086059100e+01
-1.482161654224167080e+01
-2.948387515092070199e+00
1.639968921199225438e+00
3.247968041081915391e+00
1.016460733690665919e+01
1.973313404454665942e+01
1.033159351547853255e+01
-1.925580439202519401e+01
-2.483793107431829128e+01
-8.751793072741115509e+00
2.361743873787031767e+00
1.677771348866401624e+01
1.600155596609393172e+01
-4.737414324717903469e+00
-9.708043309116547448e+00
-2.764775590058147881e+00
-1.175024612294587323e-01
4.178500315253008246e+00
2.848303202674429713e+00
-6.194436646613909581e+00
-2.519543169292563167e+00
1.301710922762266165e+01
9.952325006981483924e+00
-9.698148694865794894e+00
-1.409423556169538649e+01
-7.400411106182221310e+00
-7.369646654207012704e-01
1.140770057451032038e+01
1.236665617006413598e+01
2.543702164669514598e-01
-3.864856472924218966e+00
-3.323688658531773754e+00
-4.700306181438296704e+00
-4.745778349633155813e+00
-1.474218205201760057e+00
5.171725736143523378e+00
6.918037875036665341e+00
3.652730913073269914e+00
2.358222497133517226e-01
-5.216480596636709599e+00
-5.508254190547313023e+00
3.860272882971250152e-01
2.527616800022403964e+00
2.411891639763477979e+00
4.786547449063582871e-02
-6.453655168808578146e+00
-5.231779050965480238e+00
3.928201607351883951e+00
7.535325876890607510e+00
7.566273480461937595e+00
3.054619324769477728e+00
-8.749260819666938360e+00
-9.395189525225445593e+00
1.267353699217532270e+00
4.848282526935307146e+00
4.593660563011802367e+00
-3.029448279494970642e-01
-1.322902887731277488e+01
-9.365220141981996704e+00
1.183410094098240783e+01
1.536564535919243291e+01
4.749509473239100998e+00
-8.496913344437782012e-01
-7.253252919334319593e+00
-1.097481545378177259e+01
-9.433488204250778608e+00
-2.982053334550102797e+00
1.052610844500185650e+01
1.399445851627891990e+01
6.907195292686501453e+00
-2.299308691295081641e-01
-1.133058574232192228e+01
-1.115503408657209761e+01
2.558889579098773570e+00
5.913818718469484814e+00
1.838454245760096306e+00
3.509493320025158791e-01
-2.451955825443008496e+00
-2.297752629046143635e+00
1.974347975122266119e+00
2.366989057743830394e+00
-2.610786815250946691e-01
-8.582909005195502594e-01
-6.066538489236399379e-01
-2.847596344421109427e-01
8.107687174103465066e-01
7.325559617807869683e-01
-5.916358466353779377e-01
-9.442171089897166691e-01
-6.524695543134606535e-01
-1.028242230712148597e-01
1.097516442602882947e+00
1.657672811201803542e+00
1.545258244490646415e+00
9.190798680361604855e-01
-5.673141693906295080e-01
-3.190445693381342540e+00
-7.133277421740600310e+00
-4.506863200900031785e+00
5.302901951551915793e+00
8.318656528261692884e+00
5.658224738375284169e+00
2.394782813553558154e-01
-1.089540182376140187e+01
-6.988410840046913819e+00
1.328073182156148313e+01
1.205761920149219080e+01
-8.109711841984664105e+00
-1.139987686509919129e+01
-3.238838695439949067e+00
2.063051126762678766e+00
1.011174343038412893e+01
4.545362431803661174e+00
-1.739000310255521953e+01
-1.427213917392681530e+01
1.225647372979900673e+01
1.719197933367101783e+01
6.467306389554351220e+00
-1.212274648690279122e+00
-1.324738928998114851e+01
-9.552306922135517908e+00
1.324375342891646135e+01
1.300571384595688507e+01
-7.382637352480711179e+00
-1.439039039344360837e+01
-1.459519276845003333e+01
-7.272618622199233940e+00
1.344641829171385616e+01
2.330377720300325706e+01
2.305066465277426246e+01
9.193768970103340266e+00
-2.473818505390084255e+01
-3.362180386520915221e+01
-1.744939198692618731e+01
-7.485121234479270580e-01
2.633062273846838863e+01
2.892245816875879427e+01
2.170487045703234585e+00
-8.767278805713992540e+00
-1.134738993145347585e+01
-1.101871142976240492e+01
-1.407651787271813615e-01
4.658197850823737163e+00
4.151532109557985351e+00
3.866719582881431805e+00
4.971051156285367645e-01
-1.364434202411327846e+00
-1.543706710721773012e+00
-2.634646953380321399e+00
-3.667628301888638198e+00
-1.861069030382675793e+00
2.904156716881201916e+00
5.841723277370695300e+00
7.352399934439715956e+00
3.512921103189398764e+00
-7.190180279101182848e+00
-1.001918614720001521e+01
-5.403265725195629976e+00
-1.721853258354290039e-01
8.794067844550900404e+00
8.512557220445099659e+00
-2.510723251326357097e+00
-4.870389104337758290e+00
-9.223457319032645207e-01
-2.924376927015769345e-01
6.393673920374848274e-02
1.778731338077005342e-01
-1.021678626811772794e+00
1.380107051433977938e+00
7.427046871933129069e+00
4.835971017796810045e+00
-6.301957998801633209e+00
-9.983591055693684879e+00
-7.956012772042046599e+00
-2.874593664708242180e+00
8.487769674400411191e+00
1.347241662331499334e+01
1.179107325099663939e+01
4.103607812937574373e+00
-1.309175820222326614e+01
-1.852277595489297113e+01
-1.182505324793653756e+01
-2.433691909530013575e+00
1.469875590444987701e+01
1.928539600808460719e+01
9.484788793813548224e+00
-5.998532527251576596e-04
-1.417072410109183522e+01
-1.591066132130101174e+01
-2.267588994835889604e+00
4.629976092869908300e+00
8.763171859777312278e+00
7.074223662139779378e+00
-4.557464347120080639e+00
-5.720402321441751425e+00
2.660990042291996094e+00
1.709682406037721147e+00
-5.503912252827837470e+00
-4.167522027192736900e+00
3.652685176830273495e+00
6.814310207189355317e+00
7.291614654172999366e+00
3.073367163088082332e+00
-8.144575073887477146e+00
-1.194052039463198867e+01
-8.617958969443044737e+00
-2.819736473902649809e+00
8.745850812295545396e+00
1.615983929328996282e+01
1.896125058160835053e+01
8.624940945605944265e+00
-1.862269243035499144e+01
-2.820003888624465915e+01
-2.111428701452663859e+01
-6.051985845312175982e+00
2.505300997970603660e+01
3.219604283935053957e+01
1.337480962579021160e+01
-2.126471349001413103e+00
-2.329519320379115399e+01
-2.329457479966291444e+01
3.640938762275921725e+00
1.126885358978061014e+01
5.238261794480235878e+00
2.984744992333348002e+00
-3.191853810486804388e+00
-4.418084155065156615e+00
9.824024248534513060e-01
1.015526459896825884e+00
-2.460319602756869006e+00
-2.841458775399786418e+00
-1.678313276016702105e+00
4.705125507651909622e+00
1.774235009089554538e+01
1.104309345701301126e+01
-1.633079941073668095e+01
-2.115023595803236489e+01
-6.843384654672285627e+00
1.899603771246820116e+00
1.267492103575191820e+01
1.349499276080624455e+01
3.691822958585130321e-01
-4.996318060724147969e+00
-5.659160784340358852e+00
-4.728607918683022326e+00
1.641547332724514696e+00
2.800215015169583488e+00
-1.168851179354408076e+00
6.990012034567834043e-01
6.766935075049693715e+00
4.419708371972632222e+00
-5.492707463032577841e+00
-8.001887474227540764e+00
-4.699182907277249299e+00
-5.980343371287307752e-01
7.119183407206904235e+00
7.373820412045478889e+00
-8.481334328310714543e-01
-2.906989928174580573e+00
-8.547462574332280738e-01
-1.211573451216441333e+00
-1.755689302443496302e+00
-9.481062595614520028e-02
3.359624339708462859e+00
2.196624333383600636e+00
-3.704559423786784489e+00
-3.408219502411721002e+00
2.323687043372450134e+00
1.435913202497807850e+00
-4.682488553650532737e+00
-4.343201611943623419e+00
1.029707068501140688e+00
8.765307093653103010e+00
2.112170455047633411e+01
1.351702585974771509e+01
-1.610643742630441722e+01
-2.919375009584861758e+01
-2.974710438549452363e+01
-1.195810142295914780e+01
3.321762566105997649e+01
4.165254132203559578e+01
1.335072590411817828e+01
-5.005594063469009924e+00
-2.619585070612490441e+01
-2.569581711516052280e+01
4.835833416964176124e+00
1.305933884551199675e+01
4.641587918581641325e+00
1.027216941675513029e+00
-6.654356624931031305e+00
-6.880650327855703630e+00
2.756123196923034424e+00
8.281682510136294084e+00
1.245759612778852876e+01
6.747565931893318769e+00
-1.196436594639681594e+01
-1.593556041586274752e+01
-6.356968935479174299e+00
1.557961004847606468e+00
1.320905541643168490e+01
1.081770547807721172e+01
-8.692106366495718106e+00
-9.632774261709661445e+00
5.172032774340836525e+00
5.328024329127914349e+00
-4.026481961930860720e+00
-3.887827277843375562e+00
1.967971636126450763e+00
4.034665472595666991e+00
4.751538648287382927e+00
2.847065470618652672e+00
-3.260867977254215067e+00
-7.456585974906713155e+00
-1.025767967821636439e+01
-4.856607658636955982e+00
1.079625066035655223e+01
1.307997828436332632e+01
2.619514235431030791e+00
-3.065219726967000735e+00
-8.351394496533066203e+00
-6.232305170731902599e+00
6.464024112043857073e+00
6.905130239475981035e+00
-3.684403603945102912e+00
-3.576219855321202346e+00
3.900663382063627616e+00
4.086635583627513668e+00
-2.696365570974815218e-01
-6.110859285288036347e+00
-1.582329293865264574e+01
-1.026709214862645680e+01
1.215160249259948877e+01
2.112919236159851621e+01
1.971897832894086378e+01
7.019484443736788926e+00
-2.375465781756070882e+01
-2.797551265872012038e+01
-5.032003874267177324e+00
6.193635409135563208e+00
1.426423170104877514e+01
1.468760675316970321e+01
9.975250100736550163e-01
-4.454973400731907951e+00
-3.924392867799723739e+00
-8.062122075165669699e+00
-1.327306083953126681e+01
-7.041039742295385651e+00
1.087872359778667963e+01
1.865094062926926100e+01
1.784678742125712958e+01
6.213075580277933163e+00
-2.170470474763739333e+01
-2.433134066654357497e+01
-1.058596162738897561e+00
7.917416990659706499e+00
1.022687808520693231e+01
7.257543190655468379e+00
-7.752495286273280328e+00
-8.588590523973426372e+00
4.331612444799562311e+00
6.952322240270585318e+00
3.607575809303375625e+00
1.312590470731423764e+00
-3.511227757589575837e+00
-6.908970359415748774e+00
-8.345756632329928593e+00
-3.495552102931224425e+00
9.337655803530230614e+00
1.160300324486937917e+01
3.597389901557056735e+00
-1.427691662526615168e+00
-7.068782148988586478e+00
-8.282455356609407460e+00
-2.866988671258122512e+00
4.974188030624345780e-01
3.423443543520307664e+00
7.271300722232908242e+00
1.076520181291424194e+01
5.293954192173794482e+00
-1.030038537766673201e+01
-1.455390394349556615e+01
-8.393855621134978406e+00
-1.164361099289857648e+00
1.161634736403146917e+01
1.256106905248863903e+01
-2.296661258500073965e-01
-5.412901558338431229e+00
-6.550147149186712703e+00
-2.025322500940009096e+00
1.220101992888438680e+01
9.457487462487499386e+00
-1.040755459755441592e+01
-1.317462693100536519e+01
-2.709740162308340583e+00
1.542554560203250436e+00
4.975532758600476058e+00
7.473244091143135037e+00
6.463104989555049862e+00
2.025028978155905435e+00
-7.084447740385336090e+00
-8.629791352842961061e+00
-2.156673127490655428e+00
2.359301549914764262e+00
7.528195978442395742e+00
3.331086337639717065e+00
-1.255429173047127378e+01
-1.027164982987715369e+01
9.235096390871214922e+00
1.263011550219145818e+01
4.218648526980178559e+00
-1.198637222921872025e+00
-9.044835694599651532e+00
-8.064609125156435354e+00
4.160715185173174291e+00
5.726140349563022092e+00
-1.333289347208556741e+00
-7.536142380016952469e-01
4.261642291854206732e+00
3.604021943181680232e+00
-9.345468176114944958e-01
-6.305815615816213970e+00
-1.415919270751972014e+01
-7.781619098127804612e+00
1.454467352337130137e+01
1.833194778775161993e+01
5.626104605416454518e+00
-1.403208892178425593e+00
-8.910105881812564022e+00
-1.312309645929387969e+01
-1.084595194249724948e+01
-2.995463098118785084e+00
1.293261913217645720e+01
1.721533108742066887e+01
9.140465800728568624e+00
7.642679141329727921e-01
-1.250022971863939958e+01
-1.660152138030659685e+01
-9.357509765648829969e+00
-1.409553764687000221e+00
1.112529251129336139e+01
1.603435583753113747e+01
1.138810980434739228e+01
1.947413624585964120e+00
-1.614807724460746741e+01
-1.635562608314064192e+01
3.102952154521393613e+00
7.930745683159525328e+00
2.885590657592479680e+00
3.202900737706196876e-01
-5.326674819231843827e+00
-4.869863167732866316e+00
3.151009085047189018e+00
7.670069269545764179e+00
1.070398720826888450e+01
5.671358486159068235e+00
-9.994486766350055618e+00
-1.648797824505090404e+01
-1.498922209936411498e+01
-6.262528229186496986e+00
1.438243681050406941e+01
2.289824426779622613e+01
1.921585452881780753e+01
5.447222737225842160e+00
-2.476484971674409508e+01
-2.668192072497455314e+01
1.265008859883648418e+00
1.041084105204233978e+01
8.908491483499814123e+00
5.069807127673872316e+00
-9.189628253266009850e+00
-9.623469908051282218e+00
4.361650218804790313e+00
8.821768091466470452e+00
8.065637639013475635e+00
3.186063137285334523e+00
-9.941671309892148756e+00
-9.979382512351556045e+00
3.421830927762669283e+00
6.342084540835251083e+00
2.318905986912849659e+00
-2.767811330849294205e+00
-1.299438238750739494e+01
-9.004582893348759498e+00
1.068251631050745232e+01
1.641044865993265134e+01
1.121771999934598441e+01
2.785723383830456701e+00
-1.461942224033233195e+01
-1.839051965227137586e+01
-7.174587066202573027e+00
4.466026421098266974e-01
9.414932506475054197e+00
1.469276173632261440e+01
1.342575242805847147e+01
3.721647234301239671e+00
-1.742916694603335870e+01
-1.944365984469402875e+01
-1.552879833327406534e+00
5.162981595293723913e+00
6.390650616920934723e+00
8.287136626134822492e+00
6.039577795524192716e+00
1.304392797298443263e+00
-6.502773838559905428e+00
-8.654142225722397441e+00
-4.341002891751256421e+00
9.339521716456002931e-01
9.488873109057887945e+00
5.436187294338881593e+00
-1.304491920717057063e+01
-1.143308044478472318e+01
8.432999265270563427e+00
1.321558148998193616e+01
8.042102850703452432e+00
1.422640198592553418e+00
-1.228617070281636536e+01
-1.276800525367069028e+01
1.474672064414489947e+00
4.659367126156963579e+00
4.302604353993451647e-01
2.912215465070592924e+00
8.468348631774844648e+00
3.951251014994341393e+00
-9.933611924273002103e+00
-9.918576003588059464e+00
2.935443599314642160e+00
5.186834597984546491e+00
3.821515445270580735e-01
6.662941867287197617e-01
2.682378548416694208e+00
1.656948282615611667e+00
-1.243231552590674971e+00
-4.869117551225064844e+00
-9.931487742017775844e+00
-5.701484269367077751e+00
8.896098511961652022e+00
1.371246516875868870e+01
1.026617026834192536e+01
3.117380251368588873e+00
-1.200545983715549347e+01
-1.634810470997677712e+01
-9.066306689361679716e+00
-5.853532530777935117e-01
1.357165693821504426e+01
1.606309394874364216e+01
4.769370304013394346e+00
-1.598208976305494522e+00
-6.985004328762779657e+00
-1.251893270905866373e+01
-1.541083620740237414e+01
-6.649305992602728921e+00
1.578583113983461672e+01
2.274821466968808537e+01
1.504806116509259439e+01
3.572974711464771858e+00
-1.818376241039960561e+01
-2.434910937582471391e+01
-1.287710495528874333e+01
-7.597630826134427195e-01
1.838495203726412086e+01
2.037112242444071697e+01
1.672994962798042051e+00
-6.644602226339197948e+00
-9.891243579211259629e+00
-5.178201472232230707e+00
1.332245296870961226e+01
1.278777042124702490e+01
-6.270176755133272550e+00
-1.549830177641246465e+01
-2.063260739894501938e+01
-1.027304165351806908e+01
2.146565992611233398e+01
2.810296626858905711e+01
1.114766957977480288e+01
-1.580761962604380511e+00
-1.913632486752247530e+01
-2.162824092027149803e+01
-4.293600282806398383e+00
4.202565227851902563e+00
8.793727513688001096e+00
1.385497875911098475e+01
1.482217938121285528e+01
5.641023473822571965e+00
-1.545956335646196855e+01
-2.337482902028240872e+01
-1.844041531597232364e+01
-5.882393540354431849e+00
2.053620549279624896e+01
2.962725604863318196e+01
2.025508421671576897e+01
4.558378382129602002e+00
-2.532983154947060100e+01
-3.179208526193574968e+01
-1.208763521089454684e+01
2.686494275671553744e+00
2.109125190614300038e+01
2.211038754582389387e+01
-1.407034898853824489e-01
-8.610923521829684901e+00
-8.348933895095255409e+00
-5.856694122377691158e+00
5.447985253488803359e+00
6.495012629233117174e+00
-2.982054540402362619e+00
-4.520238738995448813e+00
-1.421948450123731167e+00
-1.169294120774928558e-01
2.020478387073665338e+00
4.103584030487660961e+00
5.581650976782341012e+00
3.089859437545813048e+00
-4.160384648306501454e+00
-8.974325431656238194e+00
-1.203111530216798819e+01
-5.586713692092554417e+00
1.275218954995429144e+01
1.658093207860932949e+01
6.689412035253444522e+00
-1.839321928954172902e-01
-9.168315343733631551e+00
-1.175757815982010968e+01
-5.266121062281941434e+00
1.273496105989459171e+00
1.061526053427703076e+01
6.480519099907979808e+00
-1.364784627040085141e+01
-1.279433338301955736e+01
6.968094514851968846e+00
1.569240297610583212e+01
1.937836619061803134e+01
9.852751121842205251e+00
-1.880640661513901790e+01
-2.667652109476900790e+01
-1.504431878686451363e+01
-1.522166227547645967e+00
2.227848081970042315e+01
2.299604525729910875e+01
-3.022771245700662135e+00
-1.102240780738618398e+01
-7.459607766744474233e+00
-2.484861185314450438e+00
1.157095331356606316e+01
9.673899656559685312e+00
-9.525462698962199326e+00
-1.092429290009108378e+01
1.645833422292366732e+00
4.375325922643710896e+00
2.420691269373577814e+00
-9.488387789453744947e-02
-6.666516693268154548e+00
-5.542347735492331395e+00
3.888603202352225008e+00
9.034345260142039535e+00
1.208561598248398639e+01
5.967813536246563189e+00
-1.230472445206929422e+01
-1.727157587418412277e+01
-9.900200685432251291e+00
-1.597106370773537787e+00
1.292214606088534801e+01
1.733960552894964735e+01
9.742816738154715495e+00
1.028145320456121281e+00
-1.311150842605356814e+01
-1.731006697115930848e+01
-9.471335232364666012e+00
-7.885134570859196890e-01
1.289747034948390514e+01
1.742577818721944993e+01
1.066496703788539513e+01
1.855127022045977014e+00
-1.305240928042108806e+01
-1.909458404173714285e+01
-1.454434183649986423e+01
-4.257682352068341558e+00
1.626497735296849356e+01
2.277901679417215064e+01
1.407135519498319631e+01
1.960495125698240582e+00
-1.962827032524416637e+01
-2.143306421007793006e+01
-6.444530299383925964e-01
7.792224807467000858e+00
9.817715087689565578e+00
6.344840451627435485e+00
-8.825398462227662222e+00
-8.721765495536386581e+00
6.425971559644578335e+00
6.949946712335982824e+00
-3.048014408652766516e+00
-3.962294789334244172e+00
2.251564941387792507e-01
1.745212432614999587e+00
3.219824288735761542e+00
1.996825995130932618e+00
-3.065627917070970376e+00
-4.131891104191616648e+00
-1.670607967952613127e+00
2.865816515817292132e-01
3.204630348574208920e+00
3.488521835299680074e+00
4.503446398953865337e-01
-7.785613019823682812e-01
-1.004218664882883472e+00
-3.368830989028886336e+00
-7.246626278935152321e+00
-4.357474273566085188e+00
5.588604524250049721e+00
1.178307737693260115e+01
1.563210241292164859e+01
8.388744702244817830e+00
-1.306635153364834956e+01
-2.265870037377097646e+01
-2.187437892922189064e+01
-7.482220057826383552e+00
2.717934792977711211e+01
3.053921479466385236e+01
1.927146981906704859e+00
-9.000956133132570258e+00
-1.168760077805472974e+01
-1.181997838938936418e+01
-1.459512707744208271e+00
3.180607847965900792e+00
2.928215127581345723e+00
5.817343186051275872e+00
8.960645566074520119e+00
3.599534370060874622e+00
-1.052075532675536174e+01
-9.866035863263491024e+00
5.249136572934837375e+00
7.731054216869604367e+00
1.206681046008617919e+00
-4.851170480893277848e+00
-1.501950615687631796e+01
-1.002007525472011906e+01
1.234723876045682367e+01
1.791141237442840861e+01
9.611515884645585928e+00
2.136335739966384040e-01
-1.678376560688363739e+01
-1.489359851921432742e+01
8.621541928111991382e+00
1.139858144546815311e+01
-2.224948708420023458e+00
-3.049461839922873452e+00
2.637540654449988420e+00
3.431789429070498443e+00
2.970342419501867504e+00
-5.218654049947049955e+00
-2.321783167698928452e+01
-1.511505765631774878e+01
1.994878998926230551e+01
2.722153174972052625e+01
1.154343721063459682e+01
-9.573847820607590542e-01
-2.016232137294232629e+01
-1.912186260258039994e+01
6.860002725143930391e+00
1.226717105705621158e+01
2.204030061819783004e+00
-1.993575442167855982e+00
-7.780281070188346249e+00
-5.589055348300242088e+00
7.537756105659426886e+00
6.539287803284510758e+00
-7.134273712591779670e+00
-7.814358586509366766e+00
1.068805686069264738e+00
9.912245777130442193e+00
2.304392751839572639e+01
1.445076651606493456e+01
-1.893010677491137628e+01
-3.132501050359218198e+01
-2.687295495915192589e+01
-9.194732322436204086e+00
3.168575229678941696e+01
3.996555145632539308e+01
1.438360118511585384e+01
-3.511318541548468897e+00
-2.536872016097012761e+01
-2.857653647883402570e+01
-5.845168913428618218e+00
5.913416463716171911e+00
1.286944454598577892e+01
1.659741211735584088e+01
1.075129236586582060e+01
1.296316154087453931e+00
-1.404700680624445397e+01
-1.810431410229953642e+01
-9.025157705277399245e+00
-3.420684027485805245e-01
1.232399726722243116e+01
1.602152306019933903e+01
8.200962845362308684e+00
1.699708771176431932e-01
-1.179614262352137821e+01
-1.318505766999406070e+01
-1.570133075195752959e+00
4.307637055360850731e+00
7.805994302652744743e+00
4.548965892792290688e+00
-9.148478320402050556e+00
-8.470952755703795134e+00
5.960098678395692851e+00
8.375246752377755399e+00
2.564622343690985851e+00
-8.651094211863468164e-01
-5.923530678109084846e+00
-4.351635997732428152e+00
5.565902608635507676e+00
5.367801246894091882e+00
-3.733724983839577405e+00
-5.372895982474725329e+00
-2.277622863238840889e+00
-8.259970863824405152e-01
1.419873759920927903e+00
4.450590848647059339e+00
7.739556683864978304e+00
3.446996888176056650e+00
-9.424879376836400979e+00
-8.748508497814972529e+00
4.959533454096334282e+00
6.705681210533646741e+00
-2.112175513929798742e-01
-3.205875547776312118e+00
-6.141770963618561119e+00
-3.473604573590461708e+00
6.850823989478481479e+00
6.680301035975262813e+00
-3.304025634037616843e+00
-4.575588572037297297e+00
1.597728245729182484e-01
3.022959839087052458e+00
6.892132645741189556e+00
4.585660879245824439e+00
-5.330572815106346951e+00
-9.930722357694094171e+00
-1.058597814518097913e+01
-4.779890440259539908e+00
1.052730113013670987e+01
1.494141690736858052e+01
8.740310992284761937e+00
1.075784843957034331e+00
-1.253722340765611953e+01
-1.241488985585290372e+01
3.492908391317055106e+00
7.663666475976182113e+00
3.753338473483049942e+00
-2.558146316801669151e+00
-1.623326985197621397e+01
-1.147873080320741046e+01
1.329287825603674911e+01
1.992856473565036168e+01
1.241935439334342028e+01
2.851246204977984977e+00
-1.589339270481454136e+01
-2.041162925436168862e+01
-8.777429683691938322e+00
1.047742930144708318e+00
1.455619000771759985e+01
1.709618438765548731e+01
5.338221119277933191e+00
-1.831648190733616177e+00
-8.228993343989426279e+00
-1.374551181347997009e+01
-1.539737466339268401e+01
-6.811366912776612992e+00
1.422517973906282585e+01
2.291556036043185429e+01
1.989581470517013173e+01
6.272613623049846154e+00
-2.433690810365785850e+01
-2.773090011568186597e+01
-2.660019174784484797e+00
8.256412797397270964e+00
1.345948085247065862e+01
9.664175633573876212e+00
-1.056068882061659231e+01
-1.196856558624864952e+01
4.296346558735183230e+00
7.956423693424742538e+00
4.795690325488762618e+00
9.393208615101100722e-01
-8.236026844575555117e+00
-4.512219035208868689e+00
1.333473860842646452e+01
1.203375783375480346e+01
-6.239917958353511374e+00
-1.600398822138427235e+01
-2.267897863180449392e+01
-1.154123961936272380e+01
2.308709769234371478e+01
2.986131266761794478e+01
1.061879832377094957e+01
-2.765888072085197713e+00
-2.011702542491796208e+01
-1.959973924873701279e+01
4.463194454163850189e+00
1.022504002933460576e+01
2.294264191799458175e+00
5.154045952973148603e-01
-1.927259411604565154e+00
-2.596440263604398613e+00
6.545603735109630783e-01
3.246132812323540229e+00
6.301933060460817693e+00
3.927916291043620500e+00
-5.028652626126945080e+00
-9.943143419509787861e+00
-1.198236895466986596e+01
-6.107599422213565887e+00
1.046402160684452021e+01
1.737347165934772519e+01
1.547319762121168552e+01
5.054897860776651264e+00
-1.895271159303068842e+01
-2.076534666963723907e+01
5.291043898245875177e-01
8.080017043494635232e+00
8.427146382634029820e+00
3.148762235802343934e+00
-1.416616285819636545e+01
-1.247685596212481762e+01
8.499241078099766256e+00
1.584697650271737324e+01
1.475883426222245021e+01
5.805090830066728103e+00
-1.722156150775156291e+01
-2.000643035508613465e+01
-2.158734136179044416e+00
5.624174498802081423e+00
9.753260595473626893e+00
6.303399688706850412e+00
-1.007290118524762867e+01
-1.034680300764671301e+01
4.612807644216903036e+00
1.098917315820379415e+01
1.373868334695557358e+01
6.877459074270651840e+00
-1.410981349717745559e+01
-1.969733372996823206e+01
-1.087309200834731193e+01
-1.487087226298191567e+00
1.455282994374141303e+01
