7.659618516507200603e-01
6.889044503211727566e-01
-4.046795951628058829e-01
-3.018046480968615608e+00
2.811985472508689909e+00
2.551126195622402282e+00
-2.596782378412513026e+00
-3.262648617231549864e+00
4.441832152938161471e+00
-1.595392930712000057e+00
-5.435969221486858238e-01
2.516423874064892097e+00
-2.601049325822017977e+00
9.557596344982017822e-01
7.847032300434517160e-02
-1.130597555849531810e+00
1.443406594724572667e+00
3.627526652594461054e-01
8.220772480453630848e-01
-6.285113359316462756e+00
6.709235018963663144e+00
-1.570052859224076558e+00
-4.931039571205232674e-02
-1.750366806852371004e+00
1.728114209573864413e+00
-1.394247811554546690e+00
-3.229415740220238917e-01
6.072010503877901755e+00
-5.009625196604251762e+00
-4.757246654102369909e+00
6.025528112452662732e+00
1.527005632166622107e+00
-4.205552867104758619e+00
1.946422144917698605e+00
-9.644833921428823675e-01
1.769348186490114383e+00
-6.651392288606952086e-01
-1.402097378333030830e+00
2.674301247970965800e+00
-6.261844674987044890e+00
3.621568730257882063e+00
8.304492573458670535e+00
-9.415950622002089432e+00
-2.263271214608869375e+00
4.700228089131554654e+00
3.594686190373739265e+00
-4.589118235391395295e+00
-2.395435556585313819e+00
3.988044410245731086e+00
-6.456214924078285122e-01
-1.108686830315444460e+00
2.080914599478588034e+00
-1.466289495967173284e+00
-1.153789787380484544e+00
1.807714734511761234e+00
-2.206747721445543320e-01
-2.237464887907471001e-01
-1.218939981997065880e+00
1.035585720422033784e+00
2.109224336728115823e+00
-1.758944603249823491e+00
-3.285394046685839342e+00
3.519628268518729008e+00
1.396524595557967707e+00
-2.925113298356313507e+00
1.622317262841483920e+00
-8.916051376326152855e-01
-4.316960960674693926e-01
-6.940812061383591081e-01
4.621172372142388518e+00
-5.244464877332609021e+00
3.330775482386234998e+00
-8.181029540142013001e-01
-2.310122074025175554e+00
3.928723265207146209e+00
-4.468712580297204973e+00
3.834848175725179331e+00
-2.380049977788052828e+00
1.113013942241751542e+00
9.150238111455797352e-01
-1.114733550345425872e+00
-1.889709122136639552e+00
1.147578083651954683e+00
4.398739573680006565e+00
-5.211580904218071630e+00
9.234582332320810938e-01
5.038740118627462738e-01
1.229201468532689523e+00
-1.334370434770980163e+00
-4.847796192702503171e-01
7.447604764508630737e-01
1.979248051402234254e-01
-5.031188187031525594e-01
1.582769171533514596e+00
-1.401879699235668852e-01
-4.843667703081491638e+00
4.962258281984056829e+00
-8.142612504495068126e-01
-1.920341940377371159e+00
4.364963778118038817e+00
-4.356685327960200915e+00
8.620361692654684438e-01
-6.390792715980042615e-01
4.519104612670528986e+00
-4.676389405786421705e+00
9.752332312424747407e-01
4.389837085130146033e-01
1.939924545967126324e-01
-6.686874598421763682e-01
7.163275102409119022e-01
-6.334042314540517804e-01
1.666033751742163282e+00
-3.826196703955657696e-01
-4.230368731044692687e+00
4.364966253320852196e+00
-3.382834927293929539e-01
-1.882971538304964110e+00
3.140293970483278851e+00
-2.926969813096587991e+00
3.597765479004874090e-01
-2.888670861394978528e-01
3.491915120700140651e+00
-3.557790670100721808e+00
-8.214664590772691177e-02
1.332420124248135052e+00
9.086819870430702384e-01
-3.274841740207025675e-01
-4.204857190048143067e+00
4.160862526291475127e+00
4.907454546429625974e-01
-2.484531767104822819e+00
2.151731695641038833e+00
-1.654216188404285193e+00
6.287492286489823057e-01
1.590575422134196670e-02
1.040989146466946291e+00
2.565932695412700415e-01
-5.460088483184977193e+00
5.262600656093915141e+00
5.595680035641830141e-01
-2.521681359895934893e+00
1.182678596728564901e+00
3.271014489583184970e-01
-1.955544258626756182e+00
2.915894979307255497e+00
-3.509540863763847884e+00
3.242833542173553685e+00
-2.019269554592882265e+00
1.212446586042859931e+00
-1.292380308509342157e+00
5.965146165591893590e-01
1.727690561450604401e+00
-1.824702395358091866e+00
-1.283565071000597246e+00
1.310678139212650750e+00
2.665224981467862797e+00
-3.082656551897847486e+00
-6.703060632420462239e-01
1.331034059474795361e+00
1.324370266278255492e+00
-1.919879893673920090e+00
9.352604187052929730e-01
-3.542617391976792818e-01
-9.812634925345717907e-01
-1.359431401940681128e-01
4.482266713178526096e+00
-5.193753831342262650e+00
2.180877526639315889e+00
-8.915309127418634683e-01
1.424529076826870799e+00
-1.385029702734761115e+00
2.679328307227862860e-02
9.440517731126568668e-02
2.182913196432521019e+00
-9.333892413520292752e-01
-4.022989956499756659e+00
5.952225474341946487e+00
-5.211272188090349644e+00
4.197880061217212244e+00
-2.834590528813082599e+00
1.508462734658759130e+00
-1.212252494551331772e+00
-2.075597821624608486e-01
4.466867093256941423e+00
-3.982530667729634821e+00
-2.640997412309417314e+00
3.926956216778313635e+00
1.655742210311562213e+00
-2.148768614080713402e+00
-4.468983306617465345e+00
4.534772644040682366e+00
3.670191135627105083e+00
-4.468181323796069471e+00
-2.280408780048409412e+00
4.200049539624868267e+00
-2.640851735756492680e+00
4.396360166426499516e-03
4.378516142931482058e+00
-5.038524908536191838e+00
3.081374979612317766e+00
-8.763799036962136579e-01
-2.959591064820490836e+00
2.627571748221821490e+00
2.366737377277861931e+00
-4.056801561253956301e+00
1.889282354635549721e+00
-1.496880979485306851e+00
3.936010101775694991e+00
-3.111180364841634294e+00
-1.508212371482061886e+00
2.913133482609440161e+00
-6.956043914935727823e-01
-3.530323382967981427e-02
-1.816943864477534865e+00
8.745648047406687775e-01
3.938923004442608899e+00
-4.702178311907286634e+00
5.406698164195199441e-01
1.565516915330760206e-01
3.382429166060949122e+00
-3.435128682747553786e+00
-2.224241780664286683e-01
1.493987125484287803e+00
-7.467572121208557734e-01
4.181037520624729664e-01
4.096718295691340606e-01
3.208823523561301627e-01
-3.959961372193175677e+00
3.984167527046283297e+00
1.088822103631348126e+00
-1.113719988740845324e+00
-4.321080957082074292e+00
5.094682358210333106e+00
-2.945109563232402028e+00
-1.096192538667689065e-01
6.339416658373546731e+00
-5.865336523028743088e+00
-2.433128140404263284e+00
4.650625044923008211e+00
-3.066324454529361088e-01
-5.699702287757363317e-01
-2.246926707404668377e+00
2.827184994329729584e+00
-1.671520185523476698e+00
1.003278021661402342e+00
7.696883845527908719e-01
2.626869500420460080e-01
-5.887857799689598437e+00
5.524263539404611123e+00
1.772453193808142480e+00
-3.986692902608774070e+00
2.049128860668700813e-01
1.165476891898654388e-01
4.053501463001647487e+00
-3.899339732610648479e+00
-5.819535959206383335e-01
2.418278294979663734e+00
-1.980162814230826740e+00
9.318875041886900412e-01
-1.869782568811763079e-01
-1.178668808455037187e+00
4.520781912502711108e+00
-3.365338352124081833e+00
-1.513188932532778974e+00
4.057872330767899882e+00
-6.877243380108278181e+00
4.434066548811825825e+00
5.103342935290431370e+00
-6.751156975702480523e+00
1.470707608267654010e-01
1.915969033398089660e+00
3.271101736068608989e-01
-1.336564443701701466e+00
1.331686592598936958e+00
-1.120762377891237671e+00
3.407984878879897761e-01
-5.397077408790404429e-02
1.237046985770763330e+00
-3.602513856207102405e-01
-3.412813375647047121e+00
3.580944363629884108e+00
-3.180601908345470630e-01
-1.278470814847278536e+00
1.744030967868608117e+00
-1.255899157936755550e+00
-2.805672998029521970e-01
8.288238230298050624e-01
-4.022978279000924973e-01
3.688702574448406157e-02
1.414100319054662214e-01
-8.261662039967129223e-01
1.372811565863632399e+00
-2.171897688990778175e+00
4.540569168625948393e+00
-3.448345673861461069e+00
-1.621007809908313169e+00
3.034704684339786684e+00
-1.084667150346044995e+00
-1.990477763221846219e-01
7.291274777617540170e-01
-9.804577562662877277e-01
1.809070408267046570e+00
-1.160502764154876187e+00
-2.001242935445883386e+00
1.814039377789083085e+00
1.997275472762632731e+00
-2.912703903996805010e+00
1.672792542801392557e+00
-3.188785265502678823e-01
-2.217704483856314912e+00
2.034613800849808030e+00
1.833333763674898531e+00
-2.336336319654217508e+00
-1.431839599611242075e+00
1.796505492708321272e+00
2.397282730558777164e+00
-2.989706189989084884e+00
-1.413860550782370273e+00
9.158522167795095648e-01
4.736989236582488161e+00
-6.264967153006012701e+00
4.696378990050385838e+00
-2.428755722761647196e+00
-1.649049333386432670e+00
2.749932129025748573e+00
6.767532104946233362e-01
-3.425858401495979200e-02
-6.304869616815019562e+00
6.442436247636714519e+00
1.317169305166014937e-01
-2.169478323939455500e+00
-1.108775961362540308e-02
1.071185033205197534e+00
-1.277091527816316852e+00
8.927540787790818611e-01
-3.772794500068149537e-02
-6.525538183944131765e-01
1.340379880652513567e+00
-1.554438023519566725e+00
9.818218064717504356e-01
-8.887836611516686247e-01
2.009679923190766715e+00
-1.310993750098226274e+00
-1.434570692965918104e+00
1.845311416403387250e+00
-1.092182449324172300e+00
-5.093729241629345594e-01
4.656717959847196830e+00
-3.937293070627929659e+00
-2.204966557263061233e+00
3.701236568309253627e+00
-1.620747706745282679e+00
-2.950423600675084468e-01
3.518162165845143186e+00
-2.761264730914175125e+00
-2.830380218390146752e+00
4.414937892646923601e+00
-1.524420453330223024e+00
1.473995444637633767e+00
-3.787915522947733482e+00
4.852131322643915112e+00
-6.079188512189981353e+00
4.398612607438308508e+00
1.219555933649670409e+00
-2.579204326393372604e+00
-6.473781027407579103e-01
1.122844258744277068e+00
1.166902350941882327e+00
-2.438490369302638072e+00
2.064356335402137699e+00
-2.563945528213209091e+00
5.114365953345791027e+00
-4.237543152467383223e+00
-5.088604161692462657e-01
1.913118700321837951e+00
-6.563837000572123603e-01
-1.963434127602537715e-01
2.042596282304898203e+00
-9.557264250333818989e-01
-4.376806952676873586e+00
5.084033344928083231e+00
1.361942078133280276e-01
-9.349845692625775584e-01
-4.057220280623060837e+00
3.706495535698029364e+00
2.482603660005489044e+00
-4.542958533390332398e+00
2.473819127527256523e+00
-1.736729818562840366e+00
2.082861931202211192e+00
-1.774493722334551382e+00
2.264675262201466310e+00
-6.950938897829204155e-01
-5.026748144967519316e+00
4.717270789763788663e+00
3.401545491137292210e+00
-4.811641487112597204e+00
-2.205200778933172234e+00
2.740181251068161128e+00
4.661322111149896585e+00
-5.506364409995280873e+00
-5.037180387933772874e-01
2.088357139066083334e+00
-3.370096953209864576e-01
-1.529615100892964152e+00
4.940449829926077285e+00
-4.429287105326597640e+00
-8.376463496340704751e-01
2.187955229902188048e+00
1.083948149264197802e+00
-1.579441630878192004e+00
-1.827565473793922424e+00
1.855541488674368633e+00
2.912934589616173131e+00
-3.082296013026865733e+00
-2.354475259941485543e+00
2.846978929903036359e+00
1.539240890181674093e+00
-3.404004764036012709e+00
3.223141824230106867e+00
-2.568423870270701848e+00
1.081900728247227494e+00
-5.344850110748002869e-01
1.383505762174505715e+00
-7.410060302312507785e-01
-1.182379985921812482e+00
1.963306506104178339e+00
-2.598726477747893782e+00
1.236402405637827329e+00
2.336753268241741566e+00
-3.339207529118919826e+00
2.492880888631564762e+00
-8.368875473808408127e-01
-1.589498696436801861e+00
2.547627663412436849e+00
-2.818033457970289035e+00
1.445724703651220633e+00
1.263008428713553677e+00
-2.604193886149824166e+00
3.772511444670882064e+00
-2.313597559251870717e+00
-2.213954437727788882e+00
3.774575881149395684e+00
-2.266923293593233968e+00
1.489977180935935452e+00
-2.616512838123094653e+00
1.836189107307450996e+00
2.841268164016734321e+00
-1.969416767959363268e+00
-5.498420063767426313e+00
6.818783269111452938e+00
-2.382451132239955083e+00
-1.678124662181438298e-01
1.051321982966123558e+00
-1.098325234797654204e+00
1.129266231557444433e+00
-5.052462929989788576e-02
-2.725995480686864703e+00
2.534871990815719567e+00
-2.745131427176372707e-01
-1.855952712692115369e+00
5.192400479848990891e+00
-4.696810663430099453e+00
-5.671970408577742262e-02
1.562236516868035441e+00
-3.354568290804638142e-02
-6.426800382836171943e-01
7.830785620838660588e-01
-4.290883228036814212e-01
-5.490118763669850077e-01
7.873374989926443801e-01
-2.105377226844659666e-01
-1.595824437529461959e-01
-2.471070489813494697e-01
-3.092846613190407545e-01
2.203575682807824787e+00
-1.808489188019094973e+00
3.265102874793873733e-01
1.747073271087824065e+00
-6.079271761533750151e+00
5.239226877990589060e+00
1.124148759854729063e+00
-3.585659614876321566e+00
2.446830162485390314e+00
-1.778167124113010589e+00
1.721668246497991106e+00
-1.737405984534609926e+00
8.065122827660808902e-01
-1.440354560524999439e+00
5.239744686048243061e+00
-4.628005822347972753e+00
-1.771400840084910611e+00
2.767668649089254806e+00
2.163547106385227181e+00
-2.854922183719084128e+00
-1.098053029087858734e-01
2.167585754616085048e+00
-4.254337525724336544e+00
4.222876264207871877e+00
-1.093834616877774835e+00
8.860674704074822383e-01
-4.160244208730247806e+00
3.924873533766179534e+00
-1.138521357126546452e+00
-1.370664126839035823e+00
4.914619459389266254e+00
-4.556529704702615646e+00
-3.506074556278078180e-01
2.090284559907924944e+00
-1.668533027844087968e-01
7.633249024048875953e-01
-3.622484439067969575e+00
5.178028777910560265e+00
-5.773674521354408284e+00
4.970166848828590389e+00
-3.575144140007485483e+00
1.512411776253220985e+00
2.311560912207681895e+00
-2.850442292139443445e+00
-3.843246404516328374e-01
5.500115314329458993e-01
1.714271892326240110e+00
-3.300478976832502909e+00
5.168499001198414433e+00
-4.252246466199986585e+00
4.236453138055031875e-01
1.577249588558753191e+00
-1.362816866465152099e+00
1.734112332854333749e+00
-3.793189346235543713e+00
3.011922503845033905e+00
1.332954077782014579e+00
-2.131421880841373184e+00
-2.819161861371826117e-01
1.182510763601786419e+00
-1.919769153453262600e+00
5.621765391733023476e-01
4.535151466943638354e+00
-4.816354805584695420e+00
-1.553772492649575288e+00
2.164681448195711511e+00
4.899913396748738492e+00
-4.750309969001935251e+00
-3.167749814155457422e+00
5.233899103732928992e+00
-2.724296438772881412e+00
2.606616315594382227e-01
3.659027521259842874e+00
-3.200767330435926539e+00
-2.054555369605444604e+00
3.794992234439551027e+00
-1.844446979830646649e+00
9.193102394059236016e-01
-2.129359498064092637e+00
1.068384068316420299e+00
3.514147648747777630e+00
-3.613766607035838963e+00
-1.408581462282507690e+00
2.934942491941916476e+00
-5.402721994937101924e-01
4.980598352068091872e-01
-2.967850386004956320e+00
3.822900041239551960e+00
-2.992461649518158850e+00
2.709624208855709426e+00
-2.925671902186992135e+00
2.585281964441189295e+00
-2.198201555432607091e+00
1.024725719324608653e+00
1.438494361630725304e+00
-2.231757872673640453e+00
4.405100997549944442e-01
-5.384379738445458363e-01
4.127135036471409002e+00
-3.199478800425416658e+00
-3.127061591101327753e+00
4.316753394249055908e+00
-9.921729473843275970e-01
-8.993280740069861112e-01
2.612501998778052226e+00
-1.645352237364053005e+00
-2.515905071812989391e+00
3.406927938818749890e+00
-1.233269523699995762e+00
-2.515254709319557636e-01
8.696005833061979384e-01
-1.608054234757316125e+00
2.578378968623071810e+00
-2.413395159057461825e+00
1.999360331507924915e+00
-6.521596560764200134e-01
-2.958383187466003594e+00
2.887668976548923627e+00
1.874261379463804333e+00
-2.411164961308266186e+00
-1.602399640935664671e+00
2.675958936003038691e+00
-5.814740333196152244e-01
-4.844185875801060859e-01
-5.295936831190211080e-01
-7.168983876949143186e-01
5.117294394341423747e+00
-5.476011910746025002e+00
2.063536781678029008e+00
-2.955694353899569471e-01
-7.103765295237789434e-01
2.834957771083072009e-01
2.185602072709882382e+00
-2.024019030652205231e+00
-4.908703252815048712e-01
1.850436607151140445e+00
-3.202802911190655966e+00
2.755740190341760432e+00
9.667569664015465136e-01
-3.205882227571777987e-01
-5.312605431675489598e+00
6.600862002022019226e+00
-3.638049011109583120e+00
1.768430935644003776e+00
-1.536605229499720782e+00
3.025837263154784185e-01
2.492093369842652617e+00
-2.794982454942663175e+00
6.674126733055438798e-01
5.615715934133047593e-01
-7.609910291160073559e-01
1.166194740609667102e+00
-1.977832023953281393e+00
1.807257213162588583e+00
-1.029893605439913706e+00
2.432687896974830011e-01
1.384763299273235937e+00
-1.192346316161021491e+00
-1.717079182351707756e+00
1.663458785191610056e+00
1.850591875902020567e+00
-2.514309882711419419e+00
4.747431994754601758e-01
3.389355449980655521e-01
-7.955015106401366332e-01
2.517850225259537500e-01
2.543145791245347453e+00
-1.808255237958279693e+00
-3.010448180987236544e+00
4.181109403430545157e+00
-1.892068365458717594e+00
5.330532189188078585e-01
-3.230653149891703491e-01
1.581611920199499366e-02
1.226249904026747384e+00
-5.016648982142180024e-01
-2.416187281876267967e+00
2.828513153863168039e+00
-1.901903013595511727e+00
1.040165071214474435e-02
4.152131747587805677e+00
-3.939128237360141949e+00
-8.036949636774872729e-01
2.655858650768658791e+00
-1.724252031612384162e+00
9.449857889029809055e-01
-1.032209829265483769e+00
1.160122085617668053e-02
3.168356294843049703e+00
-3.228779052228961888e+00
-5.936913931871763417e-01
1.025156639855182350e+00
1.678014623504698877e+00
-2.366570825574676906e+00
2.773580335637743310e+00
-6.415206822781667206e-01
-5.790648930651519422e+00
6.035817762080897708e+00
4.650236761685500042e-01
-2.447804067064699218e+00
-2.426374172628209536e-02
9.533990963997537316e-01
-3.701428720862112720e-01
2.222977491694819452e-01
-2.905579732418716032e-01
2.805119908309703369e-01
-1.013456155289463201e+00
3.761231676741071395e-01
3.025938419308066063e+00
-2.902044094916665262e+00
-2.228273662463351457e+00
2.158214066835774325e+00
3.566780145186757789e+00
-4.887330857861744704e+00
2.536181369560032373e+00
-4.206316373892057814e-01
-1.999344227660841078e+00
2.512404340131433766e+00
-7.326442726177913034e-01
-4.943300318552112937e-03
-1.418899610316939564e+00
2.090089995283926916e-01
4.098906254642285418e+00
-4.662851299635264901e+00
2.421053725961029190e+00
3.464885837125801227e-01
-3.783917212992063295e+00
4.922603586756002514e+00
-4.798339717762344137e+00
2.979165114100788880e+00
9.647625397701107275e-01
-2.313172807604728209e+00
1.060404997648888958e+00
-4.610243058786847037e-01
6.294532863042892057e-01
-9.286024155948269243e-02
-9.844252349044191330e-01
2.000471729016895850e+00
-2.883165438276487968e+00
3.427215514457337076e+00
-3.554130770567900832e+00
3.117041004938430948e+00
-2.877137494091512426e+00
1.046959044091227087e+00
2.280068420078001701e+00
-3.747589875263901860e+00
4.450263454452952239e+00
-3.241134099259893375e+00
-9.728396228052821337e-01
1.942446347650740091e+00
2.109231609716446521e+00
-1.794262761917228222e+00
-5.369776095109797254e+00
4.824585771508232312e+00
4.995236774229656618e+00
-6.648913655586468074e+00
6.258552663014529394e-01
1.697780999873630181e+00
-2.761320994931240058e+00
4.973802415360762952e-01
7.904589453183371361e+00
-7.534438873943499537e+00
-3.113607222275547759e+00
5.567868276304076325e+00
5.718699288455471041e-01
-2.405371037911806287e+00
-3.672467428747233642e-01
1.015446771377115587e+00
6.691839018944971684e-01
-6.399222251358022140e-01
-5.700183152579688661e-01
1.652263390751802286e+00
-3.616987232789400597e+00
3.136224802323932082e+00
6.682506444925144784e-01
-1.312531843245152263e+00
-1.928286734319957008e+00
2.113758772883147508e+00
9.872722520256766998e-01
-1.674320414524098632e+00
5.820857252063433851e-01
4.765027009684997261e-01
-2.654220469217630107e+00
2.251169250211479511e+00
2.186253875605349783e+00
-2.570661342331425736e+00
-3.103007870958856440e+00
2.914250010053523354e+00
4.943328474090209923e+00
-5.339211970941887486e+00
-2.044642761330192293e+00
4.455995934086012689e+00
-2.651696173655170963e+00
1.016698727936987678e+00
1.145035018816221717e+00
-1.383161794369977660e+00
-6.191491088312821578e-01
8.687577047828064503e-01
8.069263994814908081e-01
-1.531233737933163530e+00
8.976116761848023096e-01
-1.378599319196906148e+00
3.114006657509147402e+00
-3.404033753316427990e+00
2.621212863760502554e+00
-1.501444231098660431e+00
1.524312710431230400e-02
6.558553823168857821e-01
-9.052787977819338749e-01
5.064578526126276570e-01
7.509714906767339659e-01
-8.987210540172574369e-01
2.811833779444617987e-01
2.249079440252976236e-01
-1.262720041190933395e+00
6.186114987839099744e-01
1.697001904403930173e+00
-2.514234195386810811e+00
2.372633572710344474e+00
-1.326395844645216204e+00
-7.782073513049896363e-01
1.715747730637159352e+00
-1.553844562913070604e+00
1.518052685821705827e+00
-1.612129163643849727e+00
1.700390868097543473e+00
-1.291955669380217220e+00
1.202868017573460291e+00
-2.924359496075690235e+00
1.637303747858140923e+00
4.233899841070023484e+00
-4.556988420282698904e+00
-1.568104088872079194e+00
3.060909398906327628e+00
5.391519046902600865e-01
-1.023630711032154528e+00
-1.583042380647126990e+00
2.666827676095710586e+00
-2.309698197737366954e+00
1.951358822110678792e+00
-1.582489153223320510e+00
8.472436204309164998e-01
-5.933650583721010729e-01
-5.615609853355990611e-01
4.097871504903830342e+00
-3.635696918146596346e+00
-1.765532764036373381e+00
2.531049912919286271e+00
1.023666089183738803e+00
-2.430394010558338369e+00
3.203743426019340479e+00
-1.816668900909142348e+00
-3.574994649989926554e+00
3.421401198648731157e+00
3.203502848951957027e+00
-4.278327950504222876e+00
2.275572607970701711e-01
2.035276389412810971e+00
-2.934897057536711706e+00
2.562959401286751593e+00
-1.336249614845003819e+00
-1.907205804630356938e-01
1.541606447387094736e+00
-1.966499463283016391e+00
4.128253411858315403e+00
-1.653209469360245709e+00
-8.253342575587859997e+00
8.200287429664152583e+00
2.475784958388731916e+00
-5.996660315650338191e+00
2.966829691016390935e+00
-1.116905715924652709e+00
-2.419895454986908945e-02
2.423346449686311632e-01
8.391249839767784824e-01
-7.366295132231255316e-01
-7.826876949195854527e-01
1.016267214886738213e+00
1.743511899511007712e-01
-7.929387137115703199e-01
1.959888993671053403e-01
-7.538816619461128354e-01
3.455709164606049377e+00
-3.256005347281195839e+00
-6.096612432578163432e-01
1.216288068470251282e+00
1.443001060325531437e+00
-1.891325575670663062e+00
1.354780943476699306e+00
4.339162349219085613e-01
-4.640570236575920049e+00
4.341488345573882413e+00
-8.497292750221507873e-02
-2.242895669957355231e+00
4.526374914967799867e+00
-3.461751340143762956e+00
-2.899320545837248186e+00
2.790478882769567015e+00
4.490111813086542725e+00
-6.181887955341593077e+00
2.775890369117838041e+00
-5.052676280339019055e-01
-9.478760147291500626e-01
1.519836044227971250e+00
-9.307023276897601338e-01
8.148670772321623401e-01
-1.721527128218793834e+00
8.987586548153376764e-01
1.410027296340483183e+00
-2.560841980838554743e+00
3.610862497469004229e+00
-2.624162858764959250e+00
-1.067109475597264989e+00
1.563054706085330592e+00
7.239843807076745685e-01
-1.930501193712650609e+00
3.027318084149674515e+00
-2.097152069392731910e+00
-1.514539593162926856e+00
2.376394105341369301e+00
-1.253162079647461846e-01
-2.547600312241211085e-01
-1.703974328336993915e+00
2.045690696616105697e+00
-6.681274408504089823e-02
2.467923717904024761e-01
-2.992588109887289516e+00
3.247213685567505781e+00
-1.508938319331301958e+00
2.634090771637385142e-01
1.674305271069759460e+00
-1.206090788535910008e+00
-2.721807848204671920e+00
2.595236905110509973e+00
1.484213573112755480e+00
-3.024010311046695154e+00
3.185585920769700596e+00
-1.803290691675641266e+00
-2.192514887714358540e+00
2.486307658797506370e+00
1.259796220144798307e+00
-2.179355700010719321e+00
6.037041077308840098e-01
3.641863707701437636e-01
-1.059701250192340627e+00
7.107191071295031470e-01
3.883989349254307055e-01
-1.273478780615805883e+00
2.459749242707456318e+00
-2.278371575444484876e+00
2.844108032300611266e-01
2.262869794387606104e-01
1.083345914824925593e+00
-6.493434865180837123e-01
-1.004177148394034269e+00
2.258715866905229408e+00
-4.187740342003494654e+00
3.413735212593232760e+00
5.321733493100782031e-01
-1.598913208459666890e+00
8.567621161871374902e-03
7.732315083808061207e-01
-9.175149457614020232e-01
4.628895622869058646e-01
1.985057843371967889e-02
-9.897473586856159189e-01
3.090635261800751543e+00
-2.824205212397572051e+00
1.220959975378955731e-01
1.320635908236138967e+00
-1.382773817905265989e+00
1.969247757885025152e+00
-2.711610002783808593e+00
3.004638320069128454e+00
-4.212487505040235725e+00
2.693135403776513392e+00
2.895351461455211162e+00
-3.825146195193103171e+00
-1.081403679677745533e+00
1.559268747969553059e+00
3.048031128869317818e+00
-3.253100827184489230e+00
2.469938367994168882e-01
2.159633131531990102e+00
-6.489636892233526133e+00
5.077970635519241327e+00
3.941341504094921344e+00
-5.008400873069288828e+00
-2.047314543335608583e+00
4.394866678869203902e+00
-2.844370680003435403e+00
1.163487397336282481e+00
1.267820522095235214e+00
-1.771283237960231238e+00
-1.758525149301409796e-01
4.445011722173125013e-01
1.719214274508174434e+00
-1.523031331170484393e+00
-1.736726134555885537e+00
2.318742329156891824e+00
5.746025581605229693e-01
-9.385387983414703594e-01
-2.613789373138273309e+00
2.467155826577721811e+00
2.874205639692105407e+00
-2.628767444385307961e+00
-3.138909543436174676e+00
4.995484838712767939e+00
-4.670723026273466694e+00
2.143212996323027753e+00
4.197999300906918307e+00
-5.024871370659966807e+00
-3.590421850204625898e-01
1.378193797927415476e+00
1.953896765666143454e+00
-3.272707163410740971e+00
2.783792018247562616e+00
-2.327240223775714600e+00
2.072121599441038242e+00
-1.847869223153485452e+00
9.503460136280247328e-01
-1.393611726991946576e+00
3.673342912021661633e+00
-3.476495531570559905e+00
1.165599128782252247e+00
5.793144660435168847e-01
-2.182546337861123842e+00
2.472641518747687783e+00
-1.454081342076622541e+00
1.176921237300683654e+00
-9.194587730446674989e-01
1.132234040838020483e+00
-3.523813133240248696e+00
2.200079395609776611e+00
4.748557449914714290e+00
-5.522254982302134962e+00
-1.872996013349296218e+00
2.532658619631486197e+00
5.221156138000205615e+00
-5.399376919109447392e+00
-1.919991296493655852e+00
4.820961720722523935e+00
-4.739635100896856912e+00
3.087519415271940293e+00
1.587353628684559315e+00
-1.850851603732444506e+00
-2.990351974710340865e+00
3.534054473867304758e+00
-3.656884903584567414e-01
