1.373620026403302052e+00
-2.870116067752059408e+00
2.995002496844310524e+00
-2.131491809674241011e+00
1.195813798473932099e+00
3.845097408895324920e-01
-4.542798636343329255e-01
-1.211852383369739439e+00
1.217731432154082860e+00
-2.281658423844886152e-01
-8.922292482594658125e-01
3.164540042061851910e+00
-2.540306298685608422e+00
-1.450586214440050092e+00
2.734657563431226901e+00
-1.292759708809578578e+00
1.104475580637526377e+00
-1.930182547682010696e+00
2.733158797301504350e+00
-3.490291774693291327e+00
3.728606330390036305e+00
-3.731828488867605209e+00
2.968941840986321967e+00
-1.718821841231026770e+00
7.917513228861736696e-01
8.588467216674970928e-01
-5.725817628003415649e-01
-2.639746486588335106e+00
1.976451365315937236e+00
2.021468199187033132e+00
-4.250819267876400076e+00
5.839613533447460370e+00
-4.408034247614362577e+00
1.525362775202090404e-01
2.405720526037224083e+00
-3.447708109252096698e+00
3.369777586096654787e+00
-3.355203861580617009e+00
1.746895315429281448e+00
2.965610386825755285e+00
-3.002845429236438601e+00
-2.316405223377025369e+00
3.255419436673148148e+00
-5.470015000586058163e-01
-1.035294569443416801e+00
3.113594301042598822e+00
-1.663243974284101201e+00
-4.114537879193805203e+00
5.267898718181567297e+00
-2.256440670388087266e+00
3.197104307684477953e-01
8.215033701813602152e-01
-8.105784044788789666e-01
9.501968162746798896e-02
1.177928250951677747e+00
-2.587496525344733289e+00
3.208717677508923671e+00
-4.504645143785786843e+00
2.388658287175384753e+00
3.415958962374617602e+00
-5.486135294674695295e+00
4.743684584480486244e+00
-3.113894351653880399e+00
4.342963195165050472e-02
7.588011387330995117e-01
6.638173725930996971e-01
-1.035562145413480239e+00
5.576682491555136068e-01
2.217629182690618317e-01
-7.560393161137152207e-01
1.465980451955223529e+00
-3.413309526996395338e+00
2.379383287154693605e+00
1.879725937785596379e+00
-3.470766124540179742e+00
2.814829693155345147e+00
-2.155573649276818493e+00
1.068910306564381241e+00
-1.112991087797070122e+00
2.170258331345980007e+00
-2.255162663492778830e+00
2.237062307307318587e+00
-7.790047133142277147e-01
-2.851091472770382662e+00
3.680908732570260966e+00
-1.088771824008554656e+00
6.357578187659154167e-01
-3.131861769952146712e+00
2.718294302242576066e+00
8.502101084159242594e-01
-1.938498131868566787e+00
1.178205183885777885e+00
-4.092349232094805167e-01
-1.487289468847085461e+00
7.500197454685803011e-01
3.152346999443110143e+00
-3.736298575267231747e+00
1.243010650511795046e+00
5.936591696372827132e-01
-1.493627759348642670e+00
2.410727909612221165e+00
-4.108475750234356738e+00
3.748122939853608671e+00
-9.648069612859004884e-01
3.342984664168625608e-01
-1.404964664216957537e+00
1.933041298573654032e+00
-3.040957142869345375e+00
1.698449119215512892e+00
2.314801946386692677e+00
-3.227639999301405993e+00
2.348203486613727353e+00
-9.978430604596351394e-02
-4.616630211612395840e+00
5.093806501601637393e+00
-1.148845459540854819e+00
-5.525175881143475909e-01
-4.767474112065054892e-01
3.183460370002709205e-01
2.044639841443448347e+00
-1.429841565708978246e+00
-2.498681723996659887e+00
3.397315399026329619e+00
-2.112411222610742101e+00
7.242581135670459469e-01
2.458762268196780898e+00
-2.039584880696956759e+00
-3.761413068069642485e+00
3.407475734485462038e+00
3.608952057316549222e+00
-5.646242587013502678e+00
2.957087184970806248e+00
-9.719317254407142670e-01
4.996527324504119738e-01
8.778050644509166611e-01
-5.090169647877593739e+00
4.846430497667895132e+00
2.277602815601621700e+00
-1.996299654221011410e+00
-6.827630044011733901e+00
7.690255257042379000e+00
-2.547500363940287116e+00
-2.016016922848694826e+00
8.782889101761897521e+00
-7.665854655807187612e+00
-2.059266283660857066e+00
5.241717550678432147e+00
-2.304133908167889544e+00
4.773172616620051101e-01
-3.702372947456122887e-02
-6.062291400707444655e-01
2.163117487900620972e+00
-1.655704116793472735e+00
-1.104563505642424559e+00
2.127420105366045977e+00
-1.314420525851923482e+00
9.254295941391003089e-01
-1.416942783938018424e+00
7.151505681468875997e-01
1.380359473967888828e+00
-2.043476132359399511e+00
1.472720616815535566e+00
-1.102175630779027360e+00
3.989556493087813571e-01
-4.638399125650626842e-01
2.292552148443554927e+00
-1.693817368197011453e+00
-2.146384716254901015e+00
2.525522623724423710e+00
7.686286779981503781e-01
-1.932600147464184071e+00
1.059406683209505040e+00
-9.001928261920213448e-01
1.111295903783027450e+00
-1.621288982706774684e+00
2.992991084448627159e+00
-2.955591440195813213e+00
1.078487109536164112e+00
-1.126403006810959173e+00
2.778737532303555025e+00
-3.661372089166980093e+00
4.453375379301625969e+00
-3.485708260258399971e+00
8.677861762144748470e-01
4.307026784761062710e-01
-1.393116665036068458e+00
8.473309683536911496e-01
1.978951686113618713e+00
-1.506789696563967773e+00
-1.791358846275889150e+00
4.002542572145917354e+00
-5.592337337339955639e+00
5.218041308227673980e+00
-3.786577255804705278e+00
1.788611733317200247e+00
1.889185586558160601e+00
-2.030317119103166590e+00
-1.950672039831462090e+00
3.102799615838067293e+00
-7.132554184165934563e-01
7.422192113340878583e-01
-3.933935083041026459e+00
4.120675162729727781e+00
-8.835818278730493969e-01
-1.936913611831846474e-02
-1.444820575840739085e+00
1.511775556078879479e+00
-7.562542265301422928e-01
-2.965754380327655371e-01
2.837273647408181443e+00
-2.825470094620557759e+00
-1.161499815437131655e+00
5.611249774253961320e-01
4.931675046384782490e+00
-6.317584309973186762e+00
4.649055188177395159e+00
-2.294273708822615720e+00
-1.479120419253994179e+00
2.330926676019919430e+00
-8.869791426572315451e-02
-7.975293944463023310e-01
-2.846982990006839964e-01
-1.539900556793449837e-02
2.548162283385673188e+00
-2.194294624567073804e+00
-1.158458875750465022e+00
2.386517537077899931e+00
-1.426190090299593427e+00
4.579877266429592253e-01
-8.691061524010340600e-01
-9.084128712051292576e-01
6.562514730067295687e+00
-6.567397701534508414e+00
-9.799652739731268269e-03
1.925445817581007191e+00
1.777111516211868025e+00
-1.878412589262772325e+00
-2.655592443315735629e+00
3.072459937276287523e+00
1.459473561435957301e+00
-2.495662871063116572e+00
-8.028869929829387520e-01
6.746337539049042098e-01
2.889977982954360147e+00
-3.848103270737587955e+00
3.353846652665662731e+00
-1.503403329170111880e+00
-2.870069391175174456e+00
3.442367307145579147e+00
5.313696933915577070e-01
-1.157203187354462370e+00
-2.141222703845345521e+00
2.707308125769923191e+00
-1.635279909753757366e-01
-2.435799803426027532e-01
-1.571973553922111133e+00
2.202394449112678121e+00
-1.432183688239919483e+00
1.149547794745008344e+00
-1.997493267700154451e+00
1.329615294756702149e+00
1.585456495100348917e+00
-2.124546107424408081e+00
-4.653919777630544097e-01
3.933242774825260191e-01
2.579424770189362892e+00
-3.061392678113082688e+00
1.668335857090811558e+00
-6.397836343489532451e-02
-2.287019682543690369e+00
2.717662554272265218e+00
-1.203850586802959866e+00
7.894947650455945709e-01
-8.021802773626369731e-01
1.271648451567664262e+00
-3.018266045006717135e+00
1.878780189762612407e+00
1.594325821224215511e+00
-3.880056579951166817e+00
6.166911282953694950e+00
-5.477490361159262022e+00
1.115258184548207243e+00
2.632447077692662285e-01
1.852801321198906059e+00
-1.457016106970758784e+00
-1.164443074766160269e+00
2.348107943502512729e+00
-3.454954806165029702e+00
2.303169011702335123e+00
2.689159391835969082e+00
-2.889971846008920320e+00
-3.101693367545663271e+00
3.797358027844309536e+00
1.764111296546047258e+00
-2.407707840663366738e+00
-1.745557547640260498e+00
3.174317962322547260e+00
-3.381553938290517536e+00
2.015518898009425630e+00
3.212412925786537699e+00
-2.498475158554616993e+00
-6.161684506167100395e+00
7.193471882595913414e+00
8.933197815527678110e-01
-2.454885652757468506e+00
-3.935119732942277793e+00
4.522454908909931071e+00
1.837130687789749750e+00
-2.693210804009967152e+00
-1.941560202654262213e+00
3.216285004074329823e+00
-2.569793735040948768e+00
4.997554029956140509e-01
4.340434665324295338e+00
-4.250049569976032338e+00
-6.350503836055816365e-01
2.836742218590900144e+00
-3.172585713960659692e+00
2.237165827948558672e+00
-4.508321422514594001e-02
-6.005076672921010328e-01
5.455565970524638431e-01
9.978688249110166941e-01
-3.754558443741790263e+00
4.694802646712033400e+00
-5.567629433798830796e+00
3.173072715012789757e+00
3.848475413731587302e+00
-5.494150443484877577e+00
7.709999717674581587e-01
-9.332451039765321532e-03
4.414523814087028875e+00
-4.396182191149026863e+00
-1.162410764059196966e+00
2.358096686813506260e+00
1.880056604950542276e+00
-1.888662380326978640e+00
-3.071363756578041837e+00
4.150313531378259313e+00
-1.289570022022180407e+00
6.249750897709546171e-01
-1.306115537555931239e+00
2.410469983298638486e+00
-5.107924977649648923e+00
4.388421970380391279e+00
9.979007591896493778e-02
-1.557374409643077495e+00
4.760748696543164460e-01
2.669729113009616794e-01
-1.466436731681876271e+00
9.120090136138249148e-01
2.011734400556221658e+00
-2.517367205802801600e+00
-2.933747241208850554e-02
5.888574417993530652e-01
2.037697726320336411e+00
-1.509058263468833205e+00
-3.403033295166666861e+00
3.747416499025711722e+00
1.328396122696733572e+00
-2.518442291353947038e+00
-6.838421773167359108e-01
6.757706200705871913e-01
1.780281628938437777e+00
-3.306336293557650574e+00
5.945997657248598856e+00
-4.412117136421620955e+00
-3.380516834302740747e+00
4.224758182832409226e+00
3.387417808293922583e+00
-4.200560167390469779e+00
-2.263008414305096139e+00
4.031038719483737154e+00
-1.327630058273139735e+00
-2.132310703616224490e-01
5.800708116650306057e-01
-1.014750495144081555e+00
1.815632992091087861e+00
-1.946054481925169499e+00
1.005181114131821429e+00
-1.232117310024116064e+00
2.737319668706534870e+00
-2.984779221342089617e+00
2.358024721190816742e+00
-1.521087804269116273e+00
-2.578677906204928094e-01
5.125702407566603558e-01
1.630879376243465462e+00
-8.282977258528519959e-01
-2.568250547708939457e+00
3.871573060317492931e+00
-5.096262164744296719e+00
2.948054463095238997e+00
4.611674695612308028e+00
-5.179290610406401818e+00
-1.989352650300740155e+00
3.446039030399491221e+00
3.465264179489002672e-02
-2.266583346414727806e+00
4.337696923759652989e+00
-3.643545733322989477e+00
-4.063002533675108552e-01
1.900530387859755255e+00
-1.163023040365653848e-01
6.939032830785845096e-01
-4.235991121991994568e+00
4.900735387358959194e+00
-2.533521443803568918e+00
1.784520028024183080e+00
-2.364170360044425045e+00
2.510671143296191676e+00
-2.799727829978448490e+00
1.656086753683641444e+00
7.969963867443935479e-01
-2.133246122516298637e+00
2.648089018535950245e+00
-2.036086228033102685e+00
1.248114821534227259e+00
2.246275131056911789e-01
-3.960656329096894357e+00
3.303861082547405736e+00
2.504934724148809799e+00
-3.846226296692751401e+00
8.050923322805499938e-01
4.471350141946268120e-01
-5.997678040209276640e-01
4.485400179411558885e-01
1.449641782030163251e+00
-1.743981414054112944e-01
-5.342200409655886162e+00
6.024382222960540822e+00
-1.638668606794421834e+00
-2.925733752873734828e-01
-7.410398204448477300e-01
2.109336384741188342e-01
2.481245024760907469e+00
-2.693286107269307283e+00
1.090148721991883729e-01
8.205124482362816662e-01
5.553702332176405077e-02
3.649237254053131485e-01
-1.853368365550700947e+00
3.267160036323819572e+00
-4.192809645095885607e+00
4.948588302045706655e+00
-6.307613184800373141e+00
4.947864057858570419e+00
-1.856847190390823243e+00
-6.363229794423326258e-01
4.749352680923296433e+00
-3.555209139779898830e+00
-4.422940443386046638e+00
5.856414643547131149e+00
-6.762374883877497744e-02
-1.538899159168175768e+00
-1.766603404290928214e+00
1.966694310665012324e+00
1.306044295398580690e+00
-1.686032122334272909e+00
-3.378346729158822059e-01
2.114618118356438536e+00
-3.653217063142096155e+00
4.049873709363160046e+00
-4.013507521578133286e+00
2.467332916045483771e+00
5.909172789507528556e-01
-2.257218062960865801e+00
2.405810828631375742e+00
-2.177955651103826717e+00
2.715278602224457050e+00
-9.076352079264283779e-01
-3.706047842959080185e+00
4.819734560787813038e+00
-3.424827575347680231e+00
1.605563461844934148e+00
1.516006386058378119e+00
-1.292897867618895802e+00
-1.688346185148404288e+00
3.575920471610208207e+00
-5.665330828850844824e+00
4.869733053646384313e+00
1.663899932639181234e-01
-1.236278574672073249e+00
-3.451522382023264779e+00
2.586856104651820587e+00
4.847996265254533199e+00
-6.189903031188640270e+00
1.850274675795962720e+00
6.499262958306034621e-01
-1.851739426165935898e+00
2.005850164091565802e+00
-7.597457846492909894e-01
5.557152921744186180e-01
-2.060032660738264632e+00
1.847727751804369323e+00
5.679087796701084434e-01
-4.137634586574557849e-01
-1.362676847566592686e+00
2.947557658650444612e+00
-5.897032976196696197e+00
4.383848733760093097e+00
1.861414784805357048e+00
-4.663728490513170399e+00
3.705691471310013085e+00
-3.353302792040729674e+00
5.046149429902962780e+00
-3.265947977016588677e+00
-2.827862436976165128e+00
4.395833475685632763e+00
-1.319590537343831471e+00
5.066341838229936057e-02
-7.359713250594406286e-01
2.253704716335375724e-01
1.087140250781388762e+00
-2.285619259693029370e+00
3.602232098288650430e+00
-3.324279908746505363e+00
2.510106998575430737e+00
-6.863040554517017000e-01
-3.500380521955992474e+00
3.472351599547879530e+00
1.472845288967430166e+00
-2.756546785951044853e+00
-1.123623072270044654e-01
5.525043780206231325e-01
1.826169278723231537e+00
-2.055091797940026943e+00
2.179368340611883559e-01
6.330556908631694846e-01
-5.657788935507074290e-01
8.523032924280968259e-02
-2.784846846400219067e-01
-6.511257664247609434e-01
4.870841377482621581e+00
-3.680371741575893640e+00
-4.345870162904639677e+00
5.349022017801347673e+00
3.483002466297437927e-01
-3.125673942278441864e+00
3.693788827329203883e+00
-3.023285895223570829e+00
8.925425520107039823e-01
1.821041350708660078e-01
4.679078082123854232e-01
1.122691318934671001e-02
-2.940626367677757536e+00
2.310002712818678194e+00
2.499877200953641854e+00
-3.223305231573807106e+00
4.590237959427961867e-01
1.663090772677509710e+00
-3.813698541942787124e+00
4.122907738309108616e+00
-1.912398702645527804e+00
1.452527498685411089e+00
-3.855434892541190983e+00
2.933167059387350228e+00
1.640065761434242653e+00
-2.834134011988982405e+00
1.490814841580460737e+00
2.669886493403783589e-01
-3.018752699183689714e+00
3.379177656443594469e+00
-1.274689854335716799e+00
2.014338395134486204e-01
9.276445006705205665e-02
-8.852362710480925490e-01
6.764561521220164853e-01
-2.736109170706488847e+00
8.325253541760838871e+00
-8.229190025160644240e+00
3.134668386273917751e+00
3.195888431549221420e-01
-3.130532515987467956e+00
3.292415086054957030e+00
-6.111996572389744031e-01
-1.899120734439804781e-01
-6.304055909993870888e-01
1.109730594516161073e+00
-1.644776051194825950e+00
1.255998670353471791e+00
2.293259273624453920e-01
-6.389640581937904296e-01
2.723414265269451517e-01
-1.775205671243277328e-01
-1.138648215723213175e+00
3.134559705206070301e-01
4.807614482607538875e+00
-3.375282440943781825e+00
-5.095079696359996468e+00
7.767759982927910478e+00
-5.855590412757263330e+00
3.438804362811588522e+00
1.642857267868300664e-01
-5.814724848373598043e-01
-1.191655757988071995e+00
2.875651981262929535e+00
-6.122970504096142186e+00
5.020027470897292510e+00
1.373568172320778658e+00
-3.189413485003020021e+00
-1.610526522646209546e-01
5.879923206146723258e-01
2.359289838275803852e+00
-2.669450813097355102e+00
5.444564800689877249e-01
5.130400767011531471e-01
-1.134664290243841966e+00
6.619253866205989656e-01
1.270560755081483695e+00
-1.353391042194816318e+00
4.898312639285951064e-02
9.416652693545545239e-01
-2.384563026532477537e+00
1.719047329204254737e+00
1.171028289228192243e+00
-2.358068239616231132e+00
1.989711560378641497e+00
-1.632423006677533817e+00
1.209118616832121740e+00
-7.276228734545457932e-01
8.002694699284056412e-01
-1.191041278338068193e-01
-2.618790484257401463e+00
2.406784182607059286e+00
2.592544308507606310e+00
-2.450384698043216236e+00
-4.546959911670835908e+00
4.917548828152280116e+00
2.467479847217314948e+00
-4.480771507285827404e+00
-1.804225331278326294e-01
2.644144492836712490e-01
5.627336376167663801e+00
-6.011972019182834082e+00
1.310097350699375163e-01
1.280257897337956807e+00
1.762927185107257877e+00
-2.610058979831626047e+00
1.527296799613832690e+00
-2.660018952478058751e-01
-6.121764532954910853e-01
1.819379401800897966e+00
-4.105925950541530867e+00
3.636052946103624173e+00
-7.130633328325813869e-01
-1.096718279415550557e+00
2.424542343459448634e+00
-2.266673492595862704e+00
3.088795243610247820e-01
2.533112145673475091e-01
9.428255746160215667e-01
-9.887252719022666669e-01
-8.436353827361444679e-01
8.082618612450260809e-01
1.653310382761881137e+00
-1.265193832290951059e+00
-9.070959483999070372e-01
2.702130695953288697e+00
-6.575746354945689376e+00
4.894145798896594179e+00
4.529695952655680813e+00
-5.965915470773564877e+00
-2.172360939442628869e+00
3.255785187255056279e+00
3.644384720104220321e+00
-4.871247468217352328e+00
5.492990246193907300e-01
1.163311763899027795e+00
-8.495952585884678498e-01
-1.328983649285656876e-01
1.749127153832753079e+00
-2.385018365452467481e+00
2.689207585109428145e+00
-1.951613766902461355e+00
-6.863785661990152720e-01
1.099209252754238086e+00
1.870316031822749636e+00
-1.458948636221970796e+00
-3.302179055303205324e+00
3.931080034851505811e+00
1.098172697219674809e-01
-1.332404854166693298e+00
-1.270894128327511918e+00
1.301822663081333431e+00
3.125929438886885237e+00
-2.528973684209594897e+00
-4.824438461009524559e+00
5.261156499035402057e+00
1.470662890010568047e+00
-3.492045008304091702e+00
1.934909640349118831e+00
2.011250980283174616e-02
-3.762651271481979975e+00
3.800344087704279783e+00
1.066450675931825742e+00
-1.472522049779291242e+00
-2.799856021328095856e+00
3.376738435823617213e+00
-1.629211594760461734e+00
-1.208878703950930333e+00
6.196038160605767509e+00
-6.769525800196047882e+00
2.812134391527055133e+00
-6.777885832645578201e-01
7.380895573454290259e-01
5.041371851219026423e-01
-3.078928946621490415e+00
4.317552685465122053e+00
-4.231011291644561467e+00
3.736574823196134432e+00
-3.724424758882326270e+00
2.248047236864632481e+00
1.663371008736410417e+00
-2.190662034592647078e+00
-8.961559100328087002e-01
1.462468479249875219e+00
2.979880190482442348e-02
-1.410337762730161870e+00
2.924953547520856123e+00
-3.186383655179890972e+00
2.427899121060800969e+00
-1.560355703113569303e+00
5.804159743576362551e-01
-4.437025580173980382e-02
-3.684691480208199810e-01
3.574812754107241641e-01
9.013885076476785274e-01
-6.086580374651330283e-01
-2.011817344873579660e+00
1.331368948836396005e+00
2.100082616917473999e+00
-4.442124219585875444e+00
6.483146399107587499e+00
-6.079271888040376659e+00
3.178240548215182315e+00
-1.346392313899494875e+00
1.402653246323281921e+00
-5.101338508467599953e-01
-3.287551325005450220e+00
2.334267966726347510e+00
5.052028332761026697e+00
-5.788339055293688418e+00
-7.972206140155513321e-01
2.575818934734269483e+00
6.025877306964078084e-01
-1.574718785871232818e+00
4.511917314401753809e-01
-2.139838995627889040e-01
5.834268142254650513e-01
-1.430254173617726554e+00
2.742986210963289206e+00
-3.636798657500158072e+00
3.863559806019789988e+00
-4.158350420530559255e+00
4.841843355586001429e+00
-3.988739132829417944e+00
2.334141249092684056e+00
-3.924501108912309966e-01
-2.810623518273062782e+00
2.861492584685252805e+00
2.132010202280256728e-01
-1.248808675665116219e+00
1.038988439900734972e+00
1.783685741834737659e-01
-2.717843526635745022e+00
3.141858293608408292e+00
-1.808291008472415529e+00
2.948076530267552675e-01
9.333812779310937113e-01
-1.903835291140606012e+00
3.966580362084809686e+00
-2.886574673003654112e+00
-2.403249862737810272e+00
3.526009971432102486e+00
4.496232402783826299e-01
-9.442024337914686205e-01
-3.171091217884762337e+00
3.245338989285674991e+00
1.365094126796172480e+00
-2.148027234139555208e+00
-8.244997397086659685e-01
2.295278367839887590e+00
-2.202679172915902317e+00
2.397180616715921087e+00
-2.547191731839852924e+00
2.187150727557880536e+00
-2.789119343952754626e+00
4.825162086321840293e-01
5.528874063655456084e+00
-6.913664203326372437e+00
3.983622193312970072e+00
-1.978181804485671158e+00
1.007585065076052278e+00
-1.633541624701639328e-01
-1.323367207761636744e+00
1.330193340210950925e+00
1.152182689407546423e+00
-5.858923579751816879e-01
-3.209100438330209748e+00
4.034359397533564540e+00
-3.153191903097021243e+00
1.168956251850538308e+00
3.480073715617394647e+00
-3.499385615475246514e+00
-2.069248846023405086e+00
3.136187920936553741e+00
8.757481735672657530e-01
-1.731614930508588834e+00
-8.754129937577667109e-01
1.159849842490993765e+00
3.482309936828357211e-01
-1.275211781809112210e+00
3.063327882371697619e+00
-1.944778822496715076e+00
-3.179403695210174519e+00
3.570773797175612163e+00
8.499523682583876028e-01
-2.816741587747607856e+00
2.246666396979684066e+00
-2.198605904255594545e+00
3.014905873757705024e+00
-2.600124082885111765e+00
8.505951436700389667e-01
1.257309675195102394e-01
2.228895535955268681e-01
2.645170831170312598e-01
-2.210896670577810585e+00
1.433689961897614884e+00
1.094712933242870001e+00
-3.290063756928873318e+00
7.027264382106605645e+00
-5.908083683038181988e+00
-7.405957830748357562e-01
2.361858121411925637e+00
3.738453630757487822e-02
-1.980113609722375712e+00
5.017988794506528905e+00
-4.194675434329827368e+00
-1.351343207410016012e+00
2.435004302848648550e+00
3.915482390540900859e-01
-1.502615322693695132e+00
2.795803693279502511e+00
-8.040030832043087994e-01
-6.255593928009496985e+00
6.812233758240707537e+00
-3.668998847248334805e-01
-1.387716306122110055e+00
-1.023494646453216861e+00
2.526538755212063059e+00
-3.583365101199809999e+00
3.202198437439671697e+00
-1.651404896215888929e+00
4.169850599101012634e-01
6.357804158840366648e-01
-6.821735266174282497e-01
5.761664631283576199e-01
3.700719309183577721e-01
-3.772649635283610081e+00
3.298612225646700313e+00
2.543484847699527318e+00
-2.777889883911794922e+00
-3.406393288127982366e+00
5.089787401378222498e+00
-1.876195459218359618e+00
1.467114180503189536e+00
-3.836208507728935402e+00
4.810854038523539877e+00
-4.338872764565231854e+00
3.903093544699163253e+00
-3.865159031921861832e+00
2.676890374131833283e+00
-8.505507571585019244e-01
-6.236928978921053579e-01
2.814023814094339659e+00
-2.115173546238562352e+00
-1.634538498987061050e+00
2.896466183922958848e+00
-2.179383026664694079e+00
1.072984842087510993e+00
5.243064301058761867e-01
-1.164078476348457736e+00
9.233656200352228227e-01
-4.526785057927899536e-01
2.761178575357149390e-01
5.772659985322479148e-01
-2.460855893009246564e+00
2.414004522624183746e+00
-5.578144241339060283e-01
-1.157292426578348632e+00
1.829028526524350884e+00
-3.385170582552599505e+00
6.979332855523288970e+00
-6.380324867785710730e+00
1.385002015755377514e+00
1.359107342523562467e+00
-8.810657740686980155e-01
2.160072998558990598e+00
-6.137526615561343490e+00
5.347660733894929130e+00
-1.432670301869785279e+00
-2.477316691704611440e+00
8.675247968876796278e+00
-7.825774845600169449e+00
-2.229869622892808323e-01
3.419124746618174004e+00
-2.695796987465320704e+00
1.105480717349889286e+00
1.281041010666804869e+00
-2.259797031607047035e+00
2.703399474040355521e+00
-1.382906487275997742e+00
-1.627703086582624747e+00
2.654646715334116003e+00
-3.316281707013618352e+00
1.709809315146125996e+00
4.004993573924050310e+00
-3.700848201136416549e+00
-3.071572015055822114e+00
5.063149411787239984e+00
-2.689563068926778655e+00
7.495556043062825413e-01
2.576921885526926581e-01
-1.479679584243750234e+00
3.803756459776382659e+00
-3.106098168215496003e+00
1.328821776581898817e-01
1.578918871918904010e+00
-4.348906926647246429e+00
2.384707956763663539e+00
6.029596637406005044e+00
-6.997454985276617911e+00
6.664764505828324470e-01
1.901604080877522751e+00
-1.648005877776026473e+00
2.805397714454302971e-01
2.749922852732015421e+00
-3.735134289908884409e+00
1.858110081713488348e+00
-1.837699346903363118e+00
5.239747686739885779e+00
-4.494718691361871521e+00
-1.934750675163199984e+00
2.673661759872694610e+00
2.896088544819513722e+00
-3.730880226533353827e+00
6.916332343963671470e-01
1.502883730225810677e+00
-4.176522759080080860e+00
3.345059285346565936e+00
1.246583061118127445e+00
-2.852971678068018768e+00
1.783872974991172589e+00
-6.848281804023587105e-01
2.085878449683066238e-01
6.166933516389626613e-01
-3.138769510656987727e+00
1.966205420130971993e+00
3.072426797224819595e+00
-4.656587508285419119e+00
3.974565784192467532e+00
-2.094952589343066496e+00
-2.129421375943253203e+00
2.640232119807082611e+00
1.253380603327643339e+00
-1.900768764073913042e+00
-1.067065141417631313e+00
1.673587348289210963e+00
3.198846185539123699e-01
-1.019387065828043282e+00
-1.647717169883500810e-01
-7.914459686025177021e-02
2.753151582352199256e+00
-2.795893253020527158e+00
-1.556847778800493076e+00
1.677111334015753741e+00
4.761306676582433006e+00
-3.701497739425027245e+00
-5.568376612273747028e+00
7.958133874359957005e+00
-4.712587083526001308e+00
1.573772014940074904e+00
2.694341247180620513e+00
-3.414984657311006533e+00
-4.072927949739904019e-01
7.794032866986089214e-01
3.194566545260258739e+00
-3.230633131379718304e+00
-7.484331526985834593e-01
2.302424174627414999e+00
-1.765077671432200290e+00
1.076239508589901250e+00
-3.490549937007912940e-01
-1.098808448881353761e-01
6.600470460160116071e-01
-2.885018556153842728e-01
-1.053474748735071964e+00
1.573058672371397959e+00
-1.526336089316823408e+00
1.330477850833831077e+00
-3.352470178173875826e-01
4.505126210694369027e-01
-2.716050778393892084e+00
2.083120173101501660e+00
1.936986504066696035e+00
-2.719431401853177110e+00
7.348726288842940546e-01
7.058188248000920595e-01
-2.196097242910092895e+00
2.150455084497675529e+00
-6.403195377829318247e-02
-4.900462912476875044e-01
-1.390140165131670269e+00
8.601486557963592405e-01
2.667745955817956816e+00
-2.912649696752484196e+00
4.724964320539046803e-01
1.318048132612855694e+00
-3.392750780996679705e+00
2.993933484275651313e+00
1.625727288403566728e-01
-1.059918221002196459e+00
3.224034072243990301e-01
