2.012314282228108375e+00
-6.208962495127909165e+01
-1.105029313705919520e+02
-1.427349991799163718e+02
-1.766624719733289908e+02
-2.040272142297966980e+02
-1.737400170970019246e+02
-8.082825289873740360e+01
5.782644497070437239e+01
2.580449050588798059e+02
3.310808097925179823e+02
2.620188290473861912e+02
1.556761687388924429e+02
-3.792490606224805560e+01
-1.280367338479985051e+02
-9.478952680240887219e+01
-7.239104979177089660e+01
-1.207246402756397785e+01
-4.406535696871172192e+00
-6.766444112517046960e+01
-1.190393247523185778e+02
-1.836120224079940897e+02
-1.825827441726429470e+02
-9.973859509638742793e+01
7.705774544756696542e+00
1.640760973054608201e+02
2.403372045097688101e+02
2.217646966272393740e+02
1.914009847547788468e+02
1.142901781227385953e+02
4.991739831918231118e+01
7.104664176456807034e+00
-7.289806470518681181e+01
-1.760149215479873988e+02
-2.036554068674591349e+02
-1.537309278523079854e+02
-6.287455080475315583e+01
9.465956027655496996e+01
1.583783443106572690e+02
1.162575867696652665e+02
6.791269341125286019e+01
-2.713235942244041965e+01
-9.780937917722657460e+01
-1.324755623963766595e+02
-1.987571588319966622e+02
-2.788853047467615625e+02
-2.820213756925192570e+02
-2.071305631075451572e+02
-8.373131467105396553e+01
1.120471681388064980e+02
2.854470384615446505e+02
4.320897607535624161e+02
6.195302000095666699e+02
8.267208287723473177e+02
7.707612157289040624e+02
4.292915319270101691e+02
-8.079053986708231605e+01
-8.405934609243430486e+02
-1.164272235889803824e+03
-9.957018822169285386e+02
-7.356876757573862733e+02
-2.046651706060081608e+02
1.201471616136709031e+02
1.821015481393629898e+02
3.631924221164433675e+02
5.447187891549402821e+02
5.778307807246127368e+02
4.841415399145179776e+02
2.409358532502724586e+02
-1.890453924807514170e+02
-3.803881460991711378e+02
-3.159367669384738520e+02
-2.361615452049211967e+02
-3.831513911973559772e+01
6.586716358394171777e+01
4.647196051456316468e+01
8.905390574855169916e+01
1.409366040408817184e+02
1.344603480857966531e+02
8.333348664462528177e+01
-2.041543607207735178e+01
-1.912062075745672587e+02
-2.367555868069424889e+02
-1.471029391738638594e+02
-2.711993210062698623e+01
1.713971250891594025e+02
2.401302967220914866e+02
1.561462588660765505e+02
5.890900599383024883e+01
-1.065707097049008922e+02
-1.594414901831660529e+02
-7.435266281106032693e+01
1.676595671487300265e+01
1.630348472565794964e+02
2.189631868778952537e+02
1.617191764042619297e+02
1.015233657814481631e+02
-1.885691250608445779e+00
-1.195777616748042220e+02
-2.416448943660590203e+02
-4.163038797338631980e+02
-6.365972011183541781e+02
-6.300064628558001232e+02
-3.775932355886050686e+02
-3.718831722089012359e+00
5.664428832915241401e+02
8.376994131019820315e+02
7.677142119941385090e+02
6.593313372560320431e+02
3.840009751664316582e+02
1.565954843078099827e+02
8.987372756111394523e+00
-2.712105754214384774e+02
-6.332727671116937245e+02
-7.517513026231252979e+02
-6.223753478656858533e+02
-3.632894882599395601e+02
1.094794178512170646e+02
3.333853576723630567e+02
2.757395211192840634e+02
2.326878342078659330e+02
9.007924456115195255e+01
3.539721572160938479e+01
1.044705584512817893e+02
1.149925950134607575e+02
1.160148737892821060e+02
9.332886178337885497e+01
2.391595234806710124e+01
-4.855850111862179830e+01
-1.344606921332225511e+02
-1.873679045549877173e+02
-1.972144071310723632e+02
-1.956877073928994548e+02
-1.677529733306153048e+02
-1.252571768392178768e+02
-6.927766564089996848e+01
2.029652942089985146e+01
1.422867522031047542e+02
2.302729797306943169e+02
2.823425775799695430e+02
3.308188451351915660e+02
3.592373564060408739e+02
2.999151194934945579e+02
1.454815327411294561e+02
-8.701911776630115014e+01
-4.197945152902797759e+02
-5.626266818936053369e+02
-4.938629371987490231e+02
-3.734556386310954963e+02
-1.250667659203397619e+02
2.538890875150526938e+01
5.428746229267595425e+01
1.358460238551049599e+02
2.146127921799816534e+02
2.732678250429214017e+02
3.262245840486521615e+02
3.384018330609517875e+02
3.069959709094951563e+02
2.355131780990608377e+02
1.135298391346162816e+02
-6.602149893728356744e+01
-3.089578879922106012e+02
-4.354599280819825822e+02
-4.327997695435959145e+02
-3.945975666112902900e+02
-2.730165748888518351e+02
-1.399814538835362328e+02
-1.309655838646412995e+00
2.203908481252949230e+02
5.117769435617981912e+02
5.813480739007950433e+02
4.129487175537017833e+02
1.373926435644189041e+02
-3.235176410278487538e+02
-4.873246395563631381e+02
-3.129859883346364313e+02
-9.981124194719461684e+01
2.766448616871757054e+02
3.776505315514395420e+02
1.468828420961942811e+02
-1.030640930607214045e+02
-4.895803877926745145e+02
-6.018062815684146472e+02
-3.792374354664249836e+02
-1.143868578392515474e+02
3.070872118530400030e+02
5.106269593123800519e+02
4.435559058170707090e+02
3.815447117374895925e+02
2.230335137712608287e+02
6.732126886064702376e+01
-5.832657161676989688e+01
-2.872531239543777133e+02
-5.944282343146226140e+02
-6.040260637831453323e+02
-2.992667033677364543e+02
1.590992908601558042e+02
8.707547828933062419e+02
1.050153284069574966e+03
6.289332507914224379e+02
6.847824666515141701e+01
-8.386549936929422984e+02
-1.142318157355707626e+03
-7.366407210505747116e+02
-2.502321342455865363e+02
5.697832443476622757e+02
8.877996124479220725e+02
5.904272436411124545e+02
2.880674928018586911e+02
-2.440718811477143788e+02
-4.921186500945965463e+02
-3.652402547769318630e+02
-2.954018603749085514e+02
-1.413397976525338890e+02
-2.144838922800860104e+01
1.556356562984511527e+01
1.424179816250869521e+02
3.223738077560788611e+02
3.430054115962320793e+02
2.077414276140331708e+02
-1.087118358935205364e+01
-3.647350877854840974e+02
-4.775916236783972977e+02
-3.197895095396500551e+02
-1.155423527900819352e+02
2.322239241195266857e+02
3.828165325753425350e+02
2.949512610531083965e+02
2.126068178766986989e+02
4.617142351151057511e+01
-6.123536416623070266e+01
-7.939619677906630102e+01
-1.508343918699130768e+02
-2.369295544122796855e+02
-2.180595708281097131e+02
-9.850641984492428094e+01
9.548676678862574363e+01
3.941352995915507904e+02
4.652935222655632970e+02
2.844416282630478463e+02
3.678987586128642562e+01
-3.644373721920587741e+02
-5.129442273064776145e+02
-3.655338873657500471e+02
-1.896236927687352818e+02
1.219672207365632630e+02
2.631684932118877782e+02
1.905181611195977496e+02
1.398007177665645031e+02
2.950355305792301408e+01
-2.548639761080227117e+01
4.360828396177614863e+00
-2.605372270757875697e+00
-1.356151899831362329e+01
-2.562167822140030360e+00
1.899034310381556523e+01
6.483034760514941297e+01
1.386621005661853019e+02
1.161129911990169603e+02
-1.017497380787132144e+01
-1.780488144516864395e+02
-4.200529420317164977e+02
-4.517884074811563551e+02
-2.454326795080808381e+02
3.633213454098878969e+01
4.709728490248357389e+02
5.999095327621258775e+02
3.757309568293881625e+02
8.345891693933147337e+01
-3.997852155131123482e+02
-5.826175833682668781e+02
-4.067062516514059212e+02
-2.106649397493352751e+02
1.362174001547857642e+02
3.245497657466161741e+02
3.046573051804992929e+02
3.335362711760050161e+02
3.284641652003915624e+02
2.446466672532022528e+02
1.001565709877837236e+02
-1.515836784649722517e+02
-5.214414639914459713e+02
-6.019351703766946002e+02
-3.695647564863025423e+02
-3.034053948299867542e+01
5.218300112778608764e+02
7.086227532986418964e+02
4.742645989671031543e+02
1.854921393012482156e+02
-3.092309310051983289e+02
-5.242818034172059924e+02
-3.957103615072777529e+02
-2.822008631893418737e+02
-5.483950328846805178e+01
9.262363408541551735e+01
1.160156872829792007e+02
2.144649383616942089e+02
3.348122498661466011e+02
2.979570754177114509e+02
1.090163307552106886e+02
-1.892029919270918867e+02
-6.421015558985025109e+02
-7.434911949036636543e+02
-4.549098858226541893e+02
-5.774738769084324019e+01
5.809851167837924777e+02
8.225195619247784862e+02
5.997276882712581028e+02
3.304755071300912732e+02
-1.537182081919933410e+02
-3.808327621175305353e+02
-2.841508700129364229e+02
-2.302618407961071227e+02
-9.408540386879246853e+01
-2.908428436885406754e+00
1.659052155860040401e+00
8.271674613158576506e+01
2.033409438775655076e+02
2.230007531293920238e+02
1.500461140961588740e+02
2.318752792016286790e+01
-1.899787259954088654e+02
-2.666789223613640729e+02
-1.912120333610519936e+02
-9.765221013321766463e+01
7.020481537934411165e+01
1.414703663191710064e+02
9.369264758644723656e+01
5.493548415969165433e+01
-1.981342956666015098e+01
-6.166643278302205289e+01
-5.428554879086521368e+01
-6.740411813881875958e+01
-8.161317289917973028e+01
-8.108956329284471565e+01
-7.196008616110256639e+01
-4.622939359683211791e+01
-1.233893495015935926e+00
6.870810127468044470e+01
1.676632938939609687e+02
2.959906208624218493e+02
4.577639794133468740e+02
4.554157489564448724e+02
2.712213136232959414e+02
2.979183162312024180e+00
-4.046298628540109803e+02
-5.999032813736695289e+02
-5.515500089732927336e+02
-4.766087796678648942e+02
-2.833827084848461482e+02
-1.223345133045067428e+02
-1.614486069871167473e+01
1.854341795533624691e+02
4.469101662395635230e+02
5.344115765905488615e+02
4.447597637402244573e+02
2.636573702957666683e+02
-6.917567135742156381e+01
-2.319154372413324268e+02
-2.019022719380562023e+02
-1.868458553199306493e+02
-1.076280123805834137e+02
-5.538980541387750378e+01
-5.165793740724352290e+01
1.144397319729013240e+01
1.107953314755993404e+02
1.414829894225166811e+02
1.088161362452025287e+02
4.659425469196625613e+01
-6.919200706338359907e+01
-1.180105883312333361e+02
-9.141533417921488081e+01
-6.737946984341843404e+01
-1.637858587385874998e+01
1.354137054822161801e+01
1.277237917062109318e+01
2.806372012313473618e+01
4.661752101727941522e+01
4.855809262851946073e+01
3.722276199716608858e+01
1.207845755441913305e+01
-3.119481663835341578e+01
-5.465379612259895481e+01
-5.685289516447002001e+01
-5.990346952841328232e+01
-5.480370985423106589e+01
-3.760630501138687976e+01
-8.911867806225028943e+00
3.686356399074772838e+01
1.014744408552205499e+02
9.956835092708737989e+01
2.490045244723565077e+01
-7.996332492816360116e+01
-2.380839880931520440e+02
-2.238854788213670020e+02
-1.563886925655720894e+01
2.597379653497625895e+02
6.638402892443270957e+02
7.435632735993089000e+02
4.527671626223267936e+02
5.970164923572605176e+01
-5.587061471440987361e+02
-8.326308930155109920e+02
-7.004273797884950454e+02
-5.397117167203413146e+02
-1.998853938873187985e+02
2.300833579665668438e+01
8.121405739996414752e+01
2.433068092230487025e+02
4.335126440075097776e+02
4.877731505449497718e+02
4.191869500629165941e+02
2.468273644400854892e+02
-6.941440469361509713e+01
-2.194070332056358552e+02
-1.881465181618535212e+02
-1.611926931329471415e+02
-6.386838441653266329e+01
-3.578509875913803029e+01
-1.001254373923638923e+02
-1.297418702095802132e+02
-1.605274556461954205e+02
-1.516442926937461664e+02
-8.473145432752184547e+01
-6.279792827646284437e+00
9.921072343230876811e+01
1.834988905817985767e+02
2.382523235018857122e+02
3.005947291896229103e+02
3.567650592792585371e+02
3.136239565435957388e+02
1.637747186179513221e+02
-6.128341762022966321e+01
-3.893073002784342975e+02
-5.183596770318991958e+02
-4.246896405279336477e+02
-2.780293354986130794e+02
1.184051864804898990e+00
1.562635718864148657e+02
1.596080673605591755e+02
2.025133107554848948e+02
2.205265831721879408e+02
1.871899344981142690e+02
1.154543447718737639e+02
-3.409790016018931169e+01
-2.685302688181512281e+02
-3.322451880958288370e+02
-2.134323520686248230e+02
-4.272607484698327340e+01
2.445934436165635475e+02
3.374721159132513435e+02
2.046741122560010524e+02
4.924159439726487619e+01
-2.100876193533351568e+02
-3.151359634346765120e+02
-2.301110597145760721e+02
-1.456647496210615316e+02
7.733987552300197521e+00
1.114849588839324355e+02
1.411600283466060262e+02
2.113882984283581550e+02
2.899396976876276995e+02
2.478390759775733159e+02
8.448571190743835757e+01
-1.650544224931635142e+02
-5.352050279139775739e+02
-5.826221873912691080e+02
-2.714881965979784582e+02
1.565406679437128616e+02
8.198972410152060775e+02
9.942462234871561577e+02
6.063829944123071982e+02
1.026565441742968687e+02
-7.106394395227864607e+02
-1.008483937890108223e+03
-6.944948481952848169e+02
-3.261507903136235313e+02
3.168381549687661050e+02
6.074034234794316944e+02
4.545681012769948097e+02
3.423246289745014792e+02
1.026969212967300109e+02
-8.226384300339255162e+01
-1.579322818235907278e+02
-3.499616777788140212e+02
-6.070429000687768166e+02
-6.075041122212627442e+02
-3.498079658241302923e+02
5.272025197034212596e+01
6.819575113461183946e+02
8.767734462799868425e+02
5.840703556509440659e+02
1.905887215411277111e+02
-4.759834298006260838e+02
-7.445450056232016323e+02
-5.381645137100873626e+02
-3.225976434754917364e+02
7.856674056216253632e+01
3.220595115907408399e+02
3.459452834862180453e+02
4.607839023918098178e+02
5.749650812782276716e+02
5.022098225971037664e+02
2.554319063113048287e+02
-1.507199444078750901e+02
-7.638819587916559612e+02
-9.344327808562923110e+02
-6.179679806951337468e+02
-1.679636105278934508e+02
5.847022917443827055e+02
8.638020601589767011e+02
5.887026123471243864e+02
2.737048682777434578e+02
-2.843761094873499360e+02
-5.412883833045087840e+02
-4.162209966509358310e+02
-3.380751050364932553e+02
-1.614647074528244275e+02
-2.959324653303403707e+01
9.027122023567024200e+00
1.419717020884405088e+02
3.273653048017714582e+02
3.549052633736712892e+02
2.294894825379313374e+02
1.894121652381300791e+01
-3.279306244184961088e+02
-4.473613700451168143e+02
-3.118384536371029867e+02
-1.393131473228283426e+02
1.632386647050147701e+02
3.201938170918278388e+02
2.963156629468315373e+02
3.010313605034170905e+02
2.627028641232685118e+02
1.936102232641098055e+02
1.113326383476221366e+02
-4.872715554318118336e+01
-2.830401651301308448e+02
-3.815193578507963821e+02
-3.378535587801418956e+02
-2.519989534370974127e+02
-7.150349956386070005e+01
5.343948918760656142e+01
1.095145920754447957e+02
2.138701766428133908e+02
3.312184877750399892e+02
3.092506508295138588e+02
1.444387046227708424e+02
-1.183010936573519132e+02
-5.207392987789635299e+02
-6.136854707925076582e+02
-3.622795963906218617e+02
-1.845103669109887079e+01
5.359327866644086953e+02
7.105957023550434997e+02
4.430326756940954738e+02
1.149696068545262619e+02
-4.302279037352700470e+02
-6.294193999969443212e+02
-4.096850100406003321e+02
-1.709067928325824539e+02
2.382316913930375506e+02
4.147417788702709345e+02
2.945372580845037191e+02
1.959787590076181800e+02
9.112505249893654735e+00
-9.697425425072354699e+01
-8.116024233262096743e+01
-1.151162121151891711e+02
-1.506487698982530503e+02
-1.277968411673641072e+02
-5.920474362233088783e+01
6.562974268153665491e+01
2.596262549927876080e+02
3.183869206870134008e+02
2.306079637014115633e+02
1.056672218334788056e+02
-1.084112201457144238e+02
-2.225342480198059434e+02
-2.166955442605561473e+02
-2.252925533416462827e+02
-2.000544996327122647e+02
-1.202981575727902879e+02
6.826009799342695139e+00
2.115546617653751582e+02
5.009489325432965643e+02
5.020600127389017757e+02
1.886865048397133080e+02
-2.538949444420015595e+02
-9.259321912158868599e+02
-1.082156615410498262e+03
-6.522228144380345611e+02
-7.764957742856277889e+01
8.408491170614048542e+02
1.175884092793575292e+03
8.249431169680581206e+02
3.998573698624360304e+02
-3.460463959271709200e+02
-6.784017583290795983e+02
-4.952580541090284214e+02
-3.543537905245690922e+02
-6.013630762227467130e+01
1.402546109422042093e+02
1.810234051479660025e+02
3.413834140650579911e+02
5.521636491802398723e+02
5.546036127060775698e+02
3.579766841313077634e+02
3.127099973455386461e+01
-4.889485896464710208e+02
-7.107913283844382022e+02
-6.000113363221335021e+02
-4.474249639269378349e+02
-1.282616703132012503e+02
7.766238380040573475e+01
1.326389165425067915e+02
2.752779669110498162e+02
4.358188878453451593e+02
4.257850184254180590e+02
2.512410883540716497e+02
-5.280019763009027400e+01
-5.353970895313374285e+02
-6.799917323154165842e+02
-4.512853109083993672e+02
-1.406017713213425111e+02
3.849639710608286691e+02
6.041547121323632155e+02
4.589556182690755577e+02
3.102266177810109866e+02
2.180206226715723972e+01
-1.380503491232123565e+02
-1.207396998595298498e+02
-1.670774722420658520e+02
-2.050891301321931053e+02
-1.805361886867319186e+02
-1.121554794860013544e+02
3.203201142269819002e+01
2.631691991595283184e+02
3.363033364094256399e+02
2.406919913884687503e+02
1.045196388183259728e+02
-1.334006083172275225e+02
-2.581349311703453395e+02
-2.469649996392500384e+02
-2.541226298122568039e+02
-2.250011811832743831e+02
-1.628563532662868170e+02
-7.913258377789493636e+01
7.254161330797120399e+01
2.920101042536758769e+02
3.591773721588210719e+02
2.637912845592374538e+02
1.129189407008034891e+02
-1.500620071986694484e+02
-2.707633447075162962e+02
-2.257081768196347298e+02
-1.852384698578942164e+02
-8.468697404468167633e+01
1.508886900182596058e+01
9.796568981847796920e+01
2.465884391452427167e+02
4.461580543260276954e+02
4.493413746574618699e+02
2.446993270996757701e+02
-6.044646318924658601e+01
-5.316892447099178298e+02
-6.677959643391612872e+02
-4.249811664967434695e+02
-9.937658303579473795e+01
4.412053824951655088e+02
6.391264105459855500e+02
4.312583684727371747e+02
1.955585380383105587e+02
-2.155416292254337236e+02
-4.124267819631746761e+02
-3.359543386209019218e+02
-2.952097021110328114e+02
-1.856858577229488958e+02
-9.004366081499327379e+01
-4.123838173995478940e+01
8.617333855732458403e+01
2.679095951368659598e+02
3.199975249885241624e+02
2.433522079537453351e+02
1.077325883016969357e+02
-1.319237147942509125e+02
-2.480248432331730442e+02
-2.232190889151082729e+02
-2.052952369910530592e+02
-1.377489286219233406e+02
-3.592535376845244599e+01
9.013091398114552533e+01
2.945074688496280828e+02
5.753341430505045082e+02
5.892453370844814344e+02
3.145535545104200992e+02
-8.466678000436598950e+01
-7.003772574387137411e+02
-8.735009806567538817e+02
-5.435830341953984544e+02
-1.045419509246003429e+02
6.183510823952102555e+02
8.712166566691757907e+02
5.683044871635889876e+02
2.171834660677849058e+02
-3.824109274872118931e+02
-6.422379899089689843e+02
-4.774186363560221480e+02
-3.359861597894712304e+02
-5.972012575041348725e+01
9.504349016594450461e+01
7.028359842481916075e+01
1.191608193534064668e+02
1.699575732796009504e+02
1.787845841991619693e+02
1.686235457179280388e+02
1.029228863387752142e+02
-2.459277467861005917e+01
-1.006825984780074066e+02
-1.264737552393761604e+02
-1.628875144396338328e+02
-1.853354064728567039e+02
-1.298669635573263577e+02
6.969336629353488632e+00
2.145530807659453956e+02
5.128438456934557053e+02
5.544922546617057151e+02
3.123059690239668953e+02
-2.945290189284275684e+01
-5.639218108184035145e+02
-7.335764119642917649e+02
-4.836712023190565901e+02
-1.601937900433944719e+02
3.846984831602243844e+02
5.910082885425314316e+02
3.908011269734392954e+02
1.760339409515937348e+02
-2.021041645350902911e+02
-3.695380337879602735e+02
-2.657241042779568261e+02
-1.928332540303716485e+02
-4.926755210827413123e+01
3.400819746018932221e+01
1.941317816259596896e+01
5.288393497382944730e+01
9.591540705378089626e+01
1.199082523087295726e+02
1.391988311283667770e+02
1.367208701800535380e+02
1.090941262247737313e+02
7.212409980334203397e+01
2.137817658396607357e+01
-5.410233294481403732e+01
-1.536918164528918282e+02
-1.934037277616130552e+02
-1.675167927637886294e+02
-1.169400740204589653e+02
-1.901459252699366331e+01
3.501580403029805666e+01
3.746096921015058712e+01
5.212812909716066656e+01
5.662604558648397557e+01
6.964374700991864131e+01
9.789366362951938072e+01
1.146331106343153294e+02
1.251544175531373071e+02
1.098195987002747671e+02
6.242683010995883564e+01
-4.311520575347198125e+00
-9.789368608506207181e+01
-1.605882825550048949e+02
-1.874458946206263761e+02
-2.133733110463466005e+02
-2.232783985943150356e+02
-1.814206393792985921e+02
-8.508556667804352003e+01
6.225261981413564172e+01
2.725123350907708186e+02
3.554519376945184490e+02
2.974365726453855245e+02
2.009935450866018982e+02
1.604041258720747010e+01
-8.123522559653414987e+01
-7.310594295327163650e+01
-8.717572653890481149e+01
-7.931020225425382364e+01
-8.623873401530468641e+01
-1.215781391402044136e+02
-1.324451156561401604e+02
-1.294434753435128300e+02
-1.005545424671845751e+02
-3.636907822270939761e+01
5.028604495074316816e+01
1.663432290453491760e+02
2.124516373925960124e+02
1.791705864224992695e+02
1.207979994549914409e+02
9.966099475019964515e+00
-5.153174226315611861e+01
-5.401744943192224468e+01
-7.041297653742893203e+01
-7.538647606028015957e+01
-8.164390756981498498e+01
-9.607211098724125975e+01
-9.228045856812533998e+01
-7.388206141184032560e+01
-5.478457689260786623e+01
-3.138822804077603834e+01
1.106421348081741307e+00
4.117588009771953494e+01
9.568945813585609983e+01
1.659982884132006120e+02
2.485011667511692224e+02
3.454563895397201918e+02
3.324545221164991631e+02
1.970290640248830982e+02
-3.492034036642595041e-01
-2.953882447580639905e+02
-4.530402565262696157e+02
-4.530740175289100762e+02
-4.399024901218111268e+02
-3.525081035669466019e+02
-2.337970963972100549e+02
-9.299673732509259594e+01
1.430203695932345056e+02
4.672802326340157038e+02
5.936555501059206108e+02
5.088223127491996252e+02
3.471085721973021805e+02
3.409491401307751346e+01
-1.315106919802187235e+02
-1.243078976318810476e+02
-1.523914110466743068e+02
-1.422594602149556806e+02
-1.468715340180314115e+02
-1.870094881351113543e+02
-1.785884676774621482e+02
-1.362925880096633762e+02
-7.281059370723504287e+01
2.482624012253534929e+01
1.537291192502487149e+02
3.167595362196893802e+02
3.335526075565601900e+02
1.869606870540996226e+02
-3.343315357449036185e+01
-3.786910499185422054e+02
-4.708910350982352497e+02
-2.758951095325999745e+02
-1.918899500975376782e+01
3.992349818396434102e+02
5.163040932905911404e+02
2.796597671538542613e+02
-5.514232373827603340e+00
-4.630672710480140495e+02
-6.093946160959881126e+02
-3.820860919389586456e+02
-1.153198980310345547e+02
3.221689932836349612e+02
5.101800164034463023e+02
3.893812865679474839e+02
2.705780478870079833e+02
3.999602844775837696e+01
-9.337162676960855379e+01
-8.837738710178278723e+01
-1.398723657484815135e+02
-1.910069285170180535e+02
-1.806968283417968735e+02
-1.230401746484622834e+02
-1.440083895555984483e+00
1.975347708283915722e+02
2.648296373346894939e+02
1.905973470280853235e+02
8.755981422476534703e+01
-9.636772763162875322e+01
-1.912286828444697449e+02
-1.780427607906249534e+02
-1.816453743632030466e+02
-1.587439969299609572e+02
-1.133611499936778984e+02
-5.539235159785245344e+01
5.242147743545334038e+01
2.091339253128585085e+02
2.635495808982024641e+02
2.095706552521288017e+02
1.201692398756647577e+02
-4.311075500278507633e+01
-1.235945423388745326e+02
-1.068827762290418093e+02
-1.009447163361985531e+02
-6.646619560481460098e+01
-4.126879469025803360e+01
-3.647180560783655068e+01
-2.042251252330154365e+00
5.201873552067193174e+01
6.161231964324139199e+01
2.797127829763758200e+01
-2.540018712473211693e+01
-1.138345285869684176e+02
-1.079507762738425640e+02
3.479012531665073293e+00
1.460312750715674497e+02
3.540656787771538347e+02
3.953835260008262367e+02
2.453038659090155704e+02
4.318029848211939736e+01
-2.743255190695493297e+02
-4.138531761300377525e+02
-3.433444270768541742e+02
-2.571771499159029872e+02
-7.763197947597576842e+01
4.091534583424515858e+01
7.380654182144392905e+01
1.605071856215935497e+02
2.615456010432193352e+02
2.407635692865050316e+02
9.965277086902985104e+01
-1.281757793812936654e+02
-4.784518337213468726e+02
-5.783714776356292759e+02
-4.004348856973958277e+02
-1.546302011043742937e+02
2.561279411176607823e+02
4.876338349329381003e+02
5.021427413717306081e+02
5.468834448790431679e+02
5.336116978009881677e+02
4.070431436820067006e+02
1.788282973646535368e+02
-1.981449896979115692e+02
-7.416608903071021359e+02
-9.084114589821574555e+02
-6.653062268172050153e+02
-2.910021677734512195e+02
3.563984494035967714e+02
6.196203164459541313e+02
4.352313409351277755e+02
2.392851894602036680e+02
-1.375050643446166703e+02
-2.938080972917729810e+02
-1.653663605024063656e+02
-8.340319355430678172e+01
5.951700311256819020e+01
1.233067231277688336e+02
6.479033971679318427e+01
3.743907664695073834e+01
-1.960008567440458371e+00
-1.726338518473939132e+01
1.170221669130009623e+01
3.225440712526011566e+01
5.863496099226858149e+01
7.122018852271891376e+01
6.225090642107606698e+01
5.350971756910455213e+01
3.795947737146186540e+01
-1.604487379957950921e+01
-1.100158991288903394e+02
-2.355775287689572224e+02
-4.019378651733190964e+02
-4.054975984603763095e+02
-2.282697520165741025e+02
2.497792790635881488e+01
4.104540758667022260e+02
5.622441884455033687e+02
4.461571631667621887e+02
2.859590082548014607e+02
-1.495758866153231459e+01
-1.700852479310416072e+02
-1.437854202643082999e+02
-1.550894577071666163e+02
-1.302279130586563838e+02
-1.110577567911204682e+02
-1.196647271925019993e+02
-7.647052202776077934e+01
5.762413416120731213e+00
4.866044040734483644e+01
5.820210412744012274e+01
6.351442061000649630e+01
4.841590660202411556e+01
4.200544496888349499e+01
4.650139281060462082e+01
3.506042869022082442e+01
1.360946976787592000e+01
3.060094344505303710e+00
1.511251508102970931e+00
2.592001174371782124e+00
1.070560091190624519e+01
-7.143600336072896795e+00
-5.371656816635212550e+01
-1.098204936574714452e+02
-1.841150005710395021e+02
-1.858917974612110413e+02
-1.054919171120527182e+02
6.993082797375789639e+00
1.769827199950886438e+02
2.517861562509877729e+02
2.165661238016058121e+02
1.664442173567352938e+02
6.105283138750424854e+01
-6.548360034239433247e+00
-2.378207589782389419e+01
-6.958639815364189474e+01
-1.206450678884706917e+02
-1.408979350167661266e+02
-1.349174044773635330e+02
-1.017071783591848089e+02
-3.257658724218796920e+01
8.591288273988315183e+00
2.024680820005202975e+01
4.144305660013654347e+01
5.778154148736064144e+01
6.916419770072074868e+01
7.826129765048671061e+01
7.389598837415165633e+01
5.575090180402273177e+01
3.283057181823843251e+01
2.865937038011428406e+00
-3.978386367158207548e+01
-9.448028022989204544e+01
-1.080124088948786323e+02
-7.622695279642437072e+01
-2.448272255815619047e+01
6.194638382299691415e+01
9.501783245361106367e+01
6.713999125951247038e+01
