2.131857189365030658e-01
-4.690518441032919261e-01
-1.371256079194966393e+00
-2.513235896122716362e+00
-3.713496161216331526e+00
-5.030609933429368574e+00
-5.951512864197067820e+00
-6.406759720201834263e+00
-6.681158081799410731e+00
-6.623075730053098908e+00
-6.487980713945640687e+00
-6.292448978855241570e+00
-5.771203770130966859e+00
-4.971137404121189540e+00
-4.333277536774111205e+00
-3.856053942730635953e+00
-3.352645271506047298e+00
-2.928895317211640315e+00
-2.249916812784490183e+00
-1.289085915589263109e+00
-2.970823747526709635e-01
8.046213258888391673e-01
1.726860549155110780e+00
2.415507990704485408e+00
3.065030769734600646e+00
3.587008600621474752e+00
4.092670042651602280e+00
4.595138963274810529e+00
4.958804992067538109e+00
5.204352983408307765e+00
5.639132737813551621e+00
6.269110543505025390e+00
6.957626562857599062e+00
7.781252453756263066e+00
8.523323983604115028e+00
9.167120112585935843e+00
9.883139775587888920e+00
1.062209309571620253e+01
1.094120561906013656e+01
1.081388619523856320e+01
1.041170494291285920e+01
9.610586198670091562e+00
8.703623523266479367e+00
7.697163647460445013e+00
6.331870837498665416e+00
4.661245288293120126e+00
2.936771063624175504e+00
1.142333935863629080e+00
-8.138379083532725211e-01
-2.877319649814923608e+00
-5.275305520426395667e+00
-8.026645547473568953e+00
-1.097899311922706644e+01
-1.418869569066406022e+01
-1.636048347426870819e+01
-1.735126724780260332e+01
-1.781283442629711544e+01
-1.736962980822396929e+01
-1.673568918178816745e+01
-1.594671550515064240e+01
-1.430555733106630534e+01
-1.194399797577127842e+01
-9.855359488861587636e+00
-8.022973576287830255e+00
-6.041600991134711940e+00
-4.144946126869909264e+00
-1.546850068835869507e+00
1.814850127763581122e+00
5.366258600713391225e+00
9.293709218336426048e+00
1.203305012781268601e+01
1.337129979803776081e+01
1.418303096038469846e+01
1.400625281089035745e+01
1.361572656033331441e+01
1.306343733151828523e+01
1.154352143020020627e+01
9.198930247102662605e+00
7.381292699149852865e+00
6.087420672236897090e+00
4.745113955473823530e+00
3.679682762309242960e+00
1.868306162650182456e+00
-7.695447115257509907e-01
-3.465837345744415376e+00
-6.459623064570924278e+00
-8.505786032579010225e+00
-9.400593869235843059e+00
-9.905781204371637116e+00
-9.645007461297653961e+00
-9.163114396803562656e+00
-8.506018139315923321e+00
-7.058858326855653509e+00
-4.920178638766017798e+00
-3.287143718808069881e+00
-2.168681263932893621e+00
-1.039840236200816337e+00
-1.922979683275765628e-01
1.250381792321838770e+00
3.359020416485541283e+00
5.463454052689757923e+00
7.767723035376704388e+00
9.342041430712713534e+00
1.002219496772440444e+01
1.039454228911732692e+01
1.017414335834798145e+01
9.744908958345975591e+00
9.140902677140537946e+00
7.909453951226594448e+00
6.118066408053977945e+00
4.701084801830108795e+00
3.667668429191424551e+00
2.600875766643827802e+00
1.728423112640545378e+00
3.724520897329514080e-01
-1.523565091810930250e+00
-3.439996502589858451e+00
-5.535419217275462600e+00
-7.080370763809611390e+00
-7.946929405958501391e+00
-8.594452035063225637e+00
-8.799771545979981013e+00
-8.866661807706277543e+00
-8.822184503895703855e+00
-8.310505169348347820e+00
-7.385445787002298701e+00
-6.780964120817560392e+00
-6.504653480235749186e+00
-6.229922187318355675e+00
-6.136008163169555552e+00
-5.690909057989332887e+00
-4.850753810638077645e+00
-4.024121702349559904e+00
-3.086940340238150338e+00
-2.343684689247247821e+00
-1.867616844477838267e+00
-1.424132804056730039e+00
-1.110637789661603536e+00
-8.428995600100509522e-01
-6.053097808691005888e-01
-5.290450106299984245e-01
-5.995391738915774038e-01
-4.336803196799585147e-01
-1.983457659129557113e-02
4.640373931571180055e-01
1.114476158086759927e+00
1.672017518770750666e+00
2.115590003616058645e+00
2.653724945882955488e+00
3.227469109513739998e+00
3.706847130260884526e+00
4.102430322264872586e+00
4.433095392037599503e+00
4.667613970293705172e+00
4.929251378339349010e+00
5.218670572061708590e+00
5.447278217286909197e+00
5.639501812418262539e+00
5.806357078044266373e+00
5.938068893807730397e+00
6.045024380102259620e+00
6.126933795655548742e+00
6.151076884137298251e+00
6.116386828283533639e+00
6.037458562836169662e+00
5.905986861330680959e+00
5.690558665097992019e+00
5.387252078552500656e+00
5.003130325508353238e+00
4.527482847603095273e+00
3.979918935883989484e+00
3.358150908863546391e+00
2.641060684691002525e+00
1.830182143878168466e+00
9.439267060886579186e-01
-2.096951885074087307e-02
-1.074755727904270763e+00
-2.215109093668247819e+00
-3.462536834461602542e+00
-4.820852455765069600e+00
-6.279871416056763245e+00
-7.846370625968121182e+00
-8.898138889769066751e+00
-9.372312440058196970e+00
-9.566722992405475523e+00
-9.301808532377478400e+00
-8.934854783910987308e+00
-8.480947737980137902e+00
-7.598435532964639805e+00
-6.352798368419979802e+00
-5.199241647703221503e+00
-4.126746027423580543e+00
-2.952054547233637471e+00
-1.780823986214000954e+00
-2.447429978720354615e-01
1.685793321134728462e+00
3.745961206819695022e+00
6.023924434495299352e+00
7.639924449006673335e+00
8.480705515703286679e+00
9.026337086808736032e+00
9.018716080394229451e+00
8.907398673961345992e+00
8.721016388586759760e+00
8.001412665426817838e+00
6.832091854683929100e+00
5.951555233840949199e+00
5.356139390382775645e+00
4.736898071904086294e+00
4.271106306692762367e+00
3.394888358921098526e+00
2.064408775981642741e+00
7.012805508824391243e-01
-8.262451035668926247e-01
-2.068356835679640238e+00
-2.937550298112013625e+00
-3.743275466306256405e+00
-4.347260339999432510e+00
-4.914913390985531372e+00
-5.467247644479654056e+00
-5.796398114471063678e+00
-5.933028865142337516e+00
-6.365932427586731279e+00
-7.105521202953602788e+00
-7.933035888264172719e+00
-8.970529735876187516e+00
-9.875847495736360671e+00
-1.062244709628683381e+01
-1.148064129598675365e+01
-1.237267532647977042e+01
-1.282559743237278482e+01
-1.282104531191197516e+01
-1.252441902239866955e+01
-1.180591976475112403e+01
-1.099936403954967368e+01
-1.011067253019691847e+01
-8.855621740284945531e+00
-7.296076249155209581e+00
-5.666441636310938890e+00
-3.946609769381122401e+00
-2.058753983146398792e+00
-5.204686273959879816e-02
2.298014685294244686e+00
5.009268030345966238e+00
7.935401048711438143e+00
1.113229088733354999e+01
1.348517709009544951e+01
1.487092980856065161e+01
1.585708794077234174e+01
1.612146168177430283e+01
1.627657751013721565e+01
1.635539251396033222e+01
1.576094570194007005e+01
1.460772463518085651e+01
1.375620359691676597e+01
1.319417643716652400e+01
1.257233148479030937e+01
1.209458406694032107e+01
1.108443094484782776e+01
9.489912620232162865e+00
7.808394253342992641e+00
5.880897853597770286e+00
4.295943469932865355e+00
3.160675840581412377e+00
2.078885004686286120e+00
1.228802092183624461e+00
3.802769699817021842e-01
-4.950304760617081912e-01
-1.121947270438911293e+00
-1.544725401390436348e+00
-2.381342651990986159e+00
-3.644699603175903579e+00
-5.063066630216222386e+00
-6.791355687044689837e+00
-8.395391044598078167e+00
-9.843143037618849789e+00
-1.147842616890208944e+01
-1.320359965190620777e+01
-1.429231476632785913e+01
-1.470916714714645579e+01
-1.472461656636167326e+01
-1.413790625929928346e+01
-1.344674752675245522e+01
-1.266217136851495262e+01
-1.135401388178438786e+01
-9.614779370696689753e+00
-7.835515838034804226e+00
-5.988977864924175165e+00
-3.939521940569223446e+00
-1.771683356528301223e+00
8.742925363373651448e-01
4.026555786923818658e+00
7.444710438329670055e+00
1.121717432715193219e+01
1.380186428496453921e+01
1.502428624784905331e+01
1.567752870881663263e+01
1.531485555675561550e+01
1.477463352184280865e+01
1.410298990550894516e+01
1.247747539620407231e+01
1.005455133461451744e+01
8.038659339844368645e+00
6.414240629556151596e+00
4.689870499532027281e+00
3.151418874155701655e+00
8.558531716898063468e-01
-2.269529344527977610e+00
-5.529927247855208172e+00
-9.146880986709861716e+00
-1.163587900817525345e+01
-1.277875910364670098e+01
-1.343800441966540049e+01
-1.317140240294211395e+01
-1.267921880199893536e+01
-1.201341871299267616e+01
-1.042284218791830241e+01
-8.036056218523340178e+00
-6.191466320377649879e+00
-4.891675737049583361e+00
-3.561941489348273038e+00
-2.526241100899108805e+00
-7.862243891230732418e-01
1.737326222719228985e+00
4.288610163379177109e+00
7.100381434618507903e+00
9.046832306141078917e+00
9.936293007540905720e+00
1.046902593044649876e+01
1.030244710973729028e+01
9.914570198279152535e+00
9.346982562537695216e+00
8.048169774960291178e+00
6.103518760532643306e+00
4.620226087253782588e+00
3.608039498859568539e+00
2.577143695259378031e+00
1.797437843189194862e+00
4.624759324472764166e-01
-1.493878445180297554e+00
-3.453918717152336004e+00
-5.605765791128138886e+00
-7.119162641508060219e+00
-7.845571390277674695e+00
-8.313170065464328573e+00
-8.267179774028853956e+00
-8.046735245611698062e+00
-7.682880852360281843e+00
-6.773022903034435771e+00
-5.376914744035500071e+00
-4.338413667986502631e+00
-3.666864190395302536e+00
-2.985249108223103853e+00
-2.499740274862323197e+00
-1.600445768787751799e+00
-2.367628728906002178e-01
1.122367664201299853e+00
2.619271824999068521e+00
3.682968219148669231e+00
4.206537526951003692e+00
4.562743854124390097e+00
4.575229046713764625e+00
4.467529108924986225e+00
4.261799859543714319e+00
3.684845496949750387e+00
2.775823751941496109e+00
2.133774263142823369e+00
1.767013441730564738e+00
1.405977218315320965e+00
1.197635002805901072e+00
7.130332469464321088e-01
-8.345300658201487698e-02
-8.600582598798715006e-01
-1.716613341650825131e+00
-2.244345622436607179e+00
-2.366616759880312948e+00
-2.348384871767414062e+00
-2.063048380374649327e+00
-1.670974010769086027e+00
-1.187321256505863287e+00
-4.156712178279311498e-01
6.163508969697472084e-01
1.481700101702143613e+00
2.175108862438143831e+00
2.889427044061393612e+00
3.520343296603930305e+00
4.374930349872617086e+00
5.479200938341332261e+00
6.596791770635040741e+00
7.799617408244983174e+00
8.599100334612565177e+00
8.920806821355487415e+00
9.046766056648563037e+00
8.829702766278510140e+00
8.497569348754971941e+00
8.065584967508184988e+00
7.284978991274304150e+00
6.196044720330711186e+00
5.245681716287247554e+00
4.433731963011944721e+00
3.565169752970906103e+00
2.747144719750825193e+00
1.644534617595058812e+00
2.291978884434597297e-01
-1.247475075661939270e+00
-2.864810144613051612e+00
-4.241615630960843042e+00
-5.314617389205405829e+00
-6.322390178731244426e+00
-7.150038503521626509e+00
-7.962497423304298216e+00
-8.775281032122919100e+00
-9.401974697438687301e+00
-9.873256596328950252e+00
-1.056569125064112136e+01
-1.148391623790460336e+01
-1.246362802599406194e+01
-1.359768577785532884e+01
-1.461400451043916249e+01
-1.549162625938588178e+01
-1.644139417698998784e+01
-1.740094527680981429e+01
-1.775161673810172047e+01
-1.745238808679831521e+01
-1.674700748450382193e+01
-1.546061967934655357e+01
-1.399548650374614489e+01
-1.235982945148881562e+01
-1.019282933043680472e+01
-7.566921268411445745e+00
-4.843734124402815588e+00
-2.000886490682079355e+00
1.097185047672863512e+00
4.372345029131008864e+00
8.148779043896277940e+00
1.245437976814911174e+01
1.707175282248856618e+01
2.208184573926916272e+01
2.554514560438587978e+01
2.724843527766789464e+01
2.816522671334598016e+01
2.773335375827942784e+01
2.702480663055398580e+01
2.609279627963107373e+01
2.389216730154772250e+01
2.062077420582638965e+01
1.776344811636754883e+01
1.529490340376758972e+01
1.260991001461118266e+01
1.005769553903373925e+01
6.462086365649712505e+00
1.730120540461669965e+00
-3.279989685014109035e+00
-8.847055630907604495e+00
-1.280101440404193269e+01
-1.484085916042506703e+01
-1.619563985509171999e+01
-1.622380208136446100e+01
-1.598733571687713173e+01
-1.556084486074176176e+01
-1.383280835833147648e+01
-1.099999149519195463e+01
-8.962487384897453779e+00
-7.719485579977898304e+00
-6.465099737264916158e+00
-5.658391253603518578e+00
-3.869778049840325806e+00
-9.876508324650286053e-01
1.909708122348380943e+00
5.155181564928293270e+00
7.321108644204786131e+00
8.152814105165989034e+00
8.566583087453141232e+00
8.125998126002519584e+00
7.410401643523601756e+00
6.476041571070188851e+00
4.635615948040209489e+00
1.993026517098054562e+00
-3.215471279910897540e-03
-1.335116620469203097e+00
-2.647239170095028626e+00
-3.584238706758618331e+00
-5.188808454528316183e+00
-7.545733506032053839e+00
-9.849651671327142921e+00
-1.234239662236203117e+01
-1.393539519501693213e+01
-1.443233106681506506e+01
-1.452049700007093413e+01
-1.386419469264452253e+01
-1.290645585127392359e+01
-1.168533944294026661e+01
-9.670843030979886734e+00
-6.939051508076892638e+00
-4.592104428730527488e+00
-2.639800626528209460e+00
-5.864438704631081967e-01
1.300490444763350073e+00
3.821960561557784075e+00
7.046569016755030113e+00
1.036275381233030934e+01
1.395924572344008041e+01
1.643936547038759599e+01
1.759845876047435098e+01
1.823146909711466179e+01
1.792008436488100642e+01
1.733207234613998793e+01
1.651134487490310221e+01
1.474222277826635086e+01
1.214430818751230134e+01
9.971177020998013063e+00
8.221178190464868862e+00
6.352473760214992993e+00
4.665774774322260399e+00
2.217228795582270706e+00
-1.070999947143071562e+00
-4.491285227997976470e+00
-8.266322428129635469e+00
-1.091050828219935376e+01
-1.220286265066244979e+01
-1.300685426492507801e+01
-1.287851150512275211e+01
-1.251697717401009768e+01
-1.197324459109750805e+01
-1.049428491254729146e+01
-8.207522357706690030e+00
-6.465839606142257168e+00
-5.272108929523231069e+00
-4.043073797800139424e+00
-3.106000543134260106e+00
-1.452251916980688451e+00
9.989504845610398531e-01
3.484393256790419002e+00
6.239694237196379056e+00
8.074361167286102869e+00
8.789690295141850740e+00
9.118693703863806732e+00
8.700119188296794093e+00
8.048147552096681423e+00
7.206312222648127985e+00
5.588193579758017115e+00
3.285990267959054467e+00
1.457771428340016051e+00
1.126965367952252051e-01
-1.259598450920689228e+00
-2.377069915385106924e+00
-4.085970228584287156e+00
-6.455402565983789032e+00
-8.838203468969391352e+00
-1.143177025987304596e+01
-1.316616600112968882e+01
-1.386533973012845422e+01
-1.417649117274310200e+01
-1.377454096690712504e+01
-1.312929664267286611e+01
-1.227730624624849121e+01
-1.068631699402116908e+01
-8.439325814020525840e+00
-6.563390406692414913e+00
-5.063822225871144056e+00
-3.487300796871498410e+00
-2.082343830193458700e+00
-9.237611799009926017e-02
2.545758700594387136e+00
5.257746559298710487e+00
8.221458249018841258e+00
1.042476417330229488e+01
1.170660479250657815e+01
1.267401465283779416e+01
1.302166058054354103e+01
1.320479743329828537e+01
1.325915104895045893e+01
1.267894599354799468e+01
1.154625849120317937e+01
1.082083377475528252e+01
1.050792492669757650e+01
1.018818753305519920e+01
1.009466387188930092e+01
9.519908474431320045e+00
8.406531426729589640e+00
7.292998767220808531e+00
6.014119196637516929e+00
4.939909955975038791e+00
4.162769983469981838e+00
3.386289752043473378e+00
2.728935687615155370e+00
2.097030400501943337e+00
1.469534547872340502e+00
1.000950337052295858e+00
6.743323825852473030e-01
8.399821961983217067e-03
-1.013644377714843614e+00
-2.168407870554061478e+00
-3.578368536801746380e+00
-4.922342703319665169e+00
-6.175182147744427752e+00
-7.598424167773104365e+00
-9.120112679811846590e+00
-1.019432616487224230e+01
-1.079609915050161639e+01
-1.113057753130166638e+01
-1.104806914158129061e+01
-1.092403130123765642e+01
-1.076817932076537332e+01
-1.025849207423724607e+01
-9.465882732769426156e+00
-8.680982165183333876e+00
-7.884193720976323760e+00
-6.977129786554010060e+00
-6.023338960553060950e+00
-4.756468723624273309e+00
-3.156824538659073198e+00
-1.403878420684709027e+00
5.669801033671496571e-01
2.043836916909715473e+00
2.940784920855766149e+00
3.642720536034046219e+00
3.943378635989224890e+00
4.215761812356500826e+00
4.484726304239454286e+00
4.378747113586197948e+00
3.968985784363740166e+00
3.837167498601595561e+00
3.980599024012525078e+00
4.160996807039810008e+00
4.518882241748181983e+00
4.609548499129791033e+00
4.400346701944669370e+00
4.225388408240717375e+00
3.982062515804949410e+00
3.771986719515771913e+00
3.639393288472001498e+00
3.460604390978117895e+00
3.271924373446150724e+00
3.090293850946284060e+00
2.905476050138342092e+00
2.741845507860110054e+00
2.602498596504291051e+00
2.286869147195937035e+00
1.782450453228279441e+00
1.188027115685953428e+00
4.504705946359383595e-01
-3.098693607006079986e-01
-1.083748901280038979e+00
-1.976460967624396270e+00
-2.962228924685382569e+00
-3.623213951743162298e+00
-3.930840255305107611e+00
-4.064073462371729839e+00
-3.906549160169264567e+00
-3.724863632920656809e+00
-3.529019075385578574e+00
-3.081524001795592049e+00
-2.433127893291892274e+00
-1.844081189372907215e+00
-1.303903782008341894e+00
-7.173402963454398318e-01
-1.440048068862715691e-01
6.377356459219446494e-01
1.643917845047601078e+00
2.718314360441549837e+00
3.913468750187382827e+00
4.640736525175314320e+00
4.826374074466992958e+00
4.786483566416982249e+00
4.348707092314856304e+00
3.817439394822028653e+00
3.211059746440533491e+00
2.221383473230901462e+00
9.046968857660644403e-01
-2.565594168970378730e-01
-1.266298080090013878e+00
-2.325673877249000654e+00
-3.319596128643687027e+00
-4.619679283927160540e+00
-6.255185416774939000e+00
-7.950175868380426003e+00
-9.791968152129625125e+00
-1.098703499644246584e+01
-1.142737781463158520e+01
-1.155017195462481538e+01
-1.112006675474199291e+01
-1.053177969083456311e+01
-9.809474044519534530e+00
-8.541525767692373705e+00
-6.799331933164550534e+00
-5.261577644851002766e+00
-3.924395128543983091e+00
-2.498690667319188208e+00
-1.146316730423807551e+00
6.508042482053316702e-01
2.935025731863112330e+00
5.320975547636185077e+00
7.931139846626447110e+00
9.849997989885601157e+00
1.094693260532097945e+01
1.174331757067066917e+01
1.196693856379804721e+01
1.206002432272208580e+01
1.205320101776776909e+01
1.147820320564793484e+01
1.041592613793634925e+01
9.679156475395100045e+00
9.267642887326456247e+00
8.833696702699576520e+00
8.573285678912366592e+00
7.875611852656017930e+00
6.691951662669074707e+00
5.482359968341023126e+00
4.103944146478933241e+00
2.987910492884473523e+00
2.224059752543225521e+00
1.503416400996136382e+00
9.598752696444292631e-01
4.469059010913967178e-01
-5.681920182955686738e-02
-3.567535186109643264e-01
-4.800129790977988864e-01
-9.192875593133892353e-01
-1.687120643215739735e+00
-2.560814600434155430e+00
-3.664163611600586012e+00
-4.657081674474977895e+00
-5.513225014393992041e+00
-6.503769366506112704e+00
-7.551822879252971354e+00
-8.292634407138564256e+00
-8.719722437676866278e+00
-8.949055963861445306e+00
-8.882939619811214271e+00
-8.794216241377984744e+00
-8.687509514476641215e+00
-8.338977285893207636e+00
-7.800318848289768958e+00
-7.228449521713811166e+00
-6.606378909048088666e+00
-5.889144902533163695e+00
-5.108859165920084600e+00
-4.105989548084065355e+00
-2.869025491355758462e+00
-1.499656647870527770e+00
4.152395514803598753e-02
1.171965142964477735e+00
1.826160751081465250e+00
2.309198860400843767e+00
2.453392278267519711e+00
2.574192246856890520e+00
2.691066842619778132e+00
2.495981684377125198e+00
2.049178338014833844e+00
1.808923383907558913e+00
1.771163999187593596e+00
1.750778475625203390e+00
1.857823290635813640e+00
1.737219286027694487e+00
1.363029820107360068e+00
9.999501334202427483e-01
5.658124828973403186e-01
3.503232789014994464e-01
4.095557063233558615e-01
5.467352790514408145e-01
8.511392259916491509e-01
1.216028315768560297e+00
1.628671268162931840e+00
2.223596818736645275e+00
2.981532417196526730e+00
3.593645762234654928e+00
4.054337859022924206e+00
4.502493184848392893e+00
4.861627322437745313e+00
5.349723635276247613e+00
5.984330130207541565e+00
6.594811752449411202e+00
7.231290354307207124e+00
7.563476084748302242e+00
7.538861766500650319e+00
7.348292672309506557e+00
6.891047758062990525e+00
6.317189394869113350e+00
5.635880889274526240e+00
4.679130553565850725e+00
3.472367537736628318e+00
2.319851645326575618e+00
1.220664165238137810e+00
3.971219158181660269e-02
-1.150847306902397671e+00
-2.580323464475149819e+00
-4.269133539631848606e+00
-6.046968245195513347e+00
-7.968998002355039745e+00
-9.325127410100652270e+00
-1.002685814725754554e+01
-1.044889512158711931e+01
-1.038252265426280019e+01
-1.019955678434727275e+01
-9.920353671114641614e+00
-9.169233834160390728e+00
-8.013918813481797798e+00
-7.036007245818880484e+00
-6.229457611143437212e+00
-5.350699234721371766e+00
-4.537605894202625834e+00
-3.339139434680639340e+00
-1.718850959327440364e+00
-9.424660057390454870e-03
1.895963980920696512e+00
3.305628709895593431e+00
4.117579187643110927e+00
4.737006526311795085e+00
4.958182288129044046e+00
5.106885185691328211e+00
5.208374333829688396e+00
4.913653229970692315e+00
4.283199354129665792e+00
3.947512064725321235e+00
3.909168133363068787e+00
3.898143913908654223e+00
4.067900574481191356e+00
3.950721537028736741e+00
3.510301328302073642e+00
3.102787800086046044e+00
2.619888180157435631e+00
2.203889396763161201e+00
1.905987584723800365e+00
1.579428835640215745e+00
1.273269901117653813e+00
9.857001057606459282e-01
7.056677611744538448e-01
4.789126270672215968e-01
3.055879171171386743e-01
-5.585490331836702460e-02
-6.178590081224408781e-01
-1.262992733068201812e+00
-2.054069601423483604e+00
-2.839899881411866556e+00
-3.608351170119292295e+00
-4.487543314376977399e+00
-5.444189483064638679e+00
-6.028652824900516904e+00
-6.211076663234900153e+00
-6.179391605161926648e+00
-5.808153182844141504e+00
-5.386610346339535838e+00
-4.924376175023980728e+00
-4.164038136036472437e+00
-3.160015004925719850e+00
-2.185311388958140366e+00
-1.227242261854997629e+00
-1.859047609792120470e-01
8.770736147643362068e-01
2.197803040190497104e+00
3.794068278199963284e+00
5.501644177734306140e+00
7.377219659860580592e+00
8.593277261400498190e+00
9.051685221989094643e+00
9.184125310313133284e+00
8.749357609189008400e+00
8.188090654382721212e+00
7.524774451603291503e+00
6.320646517878328652e+00
4.657114468963267306e+00
3.192639641254896521e+00
1.919376409709302012e+00
5.653403529844589492e-01
-7.133407163080862645e-01
-2.429974214682409706e+00
-4.625067363192242098e+00
-6.920345583134301926e+00
-9.436896803420239621e+00
-1.111218802399715422e+01
-1.180157983870394744e+01
-1.209421728330200629e+01
-1.167552869483861855e+01
-1.107308517583557972e+01
-1.032052027576380659e+01
-8.868281249934796051e+00
-6.812621719254243757e+00
-5.066384194721227807e+00
-3.625693740780938423e+00
-2.102755127100377930e+00
-7.161369317192332051e-01
1.228352991719170673e+00
3.786558117138778545e+00
6.439985136406540356e+00
9.351944300147103206e+00
1.136296183211843491e+01
1.230384195270085712e+01
1.284035794314306855e+01
1.262654780944404997e+01
1.221457540023163801e+01
1.164308536067692224e+01
1.032141110313944665e+01
8.349892429853003506e+00
6.768102637352384932e+00
5.576230260151294083e+00
4.327068620930826448e+00
3.271154307901230851e+00
1.629007775795610069e+00
-6.622527763779806342e-01
-3.015404846721396304e+00
-5.613171141822802745e+00
-7.415020230567282766e+00
-8.256099852634530833e+00
-8.760387787438158824e+00
-8.614381526736254457e+00
-8.286130045001016242e+00
-7.812598957208598982e+00
-6.674388829531446632e+00
-4.956096605152462864e+00
-3.639319010872691162e+00
-2.729228275390463754e+00
-1.797459356187337542e+00
-1.082330353156363500e+00
1.400410583995298774e-01
1.928263816683665199e+00
3.731455734213620090e+00
5.718597066998146516e+00
7.013290333028457724e+00
7.469745512595372006e+00
7.623859477148931418e+00
7.209381306663343203e+00
6.606893807569755417e+00
5.847458143513477147e+00
4.497625251329353979e+00
2.625090294647681066e+00
1.078851455537072068e+00
-1.353495348850973501e-01
-1.392207001433364288e+00
-2.485556225922129769e+00
-4.037846322492688600e+00
-6.100490222380503980e+00
-8.199033145375034692e+00
-1.047922117558510813e+01
-1.196829691344051838e+01
-1.251842552020540822e+01
-1.269343840894792130e+01
-1.220067335767839545e+01
-1.149330699743191886e+01
-1.060255759961976807e+01
-9.034473093130225507e+00
-6.869775317738946008e+00
-4.997848256337141137e+00
-3.419042041854210900e+00
-1.746172766072356275e+00
-1.929815235328880829e-01
1.906109205227870751e+00
4.606384847757441392e+00
7.407355278182738978e+00
1.046605449398659182e+01
1.256570727620740335e+01
1.353266862957760885e+01
1.405476223306499328e+01
1.376938298442006214e+01
1.326593006839907574e+01
1.258337436896508521e+01
1.109693455094191172e+01
8.913312693565970335e+00
7.108971649142575622e+00
5.681963453670883624e+00
4.170364240487263174e+00
2.832626091147892655e+00
8.565458676593975529e-01
-1.823841967895008187e+00
-4.599460661341947976e+00
-7.661364744242258773e+00
-9.813518606932975175e+00
-1.087382221652264214e+01
-1.154594350919146351e+01
-1.147147336009085272e+01
-1.120391940290049959e+01
-1.078501036716528461e+01
-9.612169324806028925e+00
-7.786073762899051509e+00
-6.409856750112891355e+00
-5.487239929052067922e+00
-4.540597754305885303e+00
-3.837209817043786941e+00
-2.558166822721772871e+00
-6.377003633402708038e-01
1.303058883766112785e+00
3.455288881762147213e+00
5.050317850576329981e+00
5.946712316971095369e+00
6.646801220585793146e+00
6.914626645539648564e+00
7.053850858616746322e+00
7.095671270652071705e+00
6.673230846316106302e+00
5.840956031384578750e+00
5.398000731975256983e+00
5.356109556166942731e+00
5.358132436269288590e+00
5.600860168502010517e+00
5.513121367227237002e+00
5.048636364866932347e+00
4.650790052860666712e+00
4.187530221227815375e+00
3.782951469107673770e+00
3.496858291903697680e+00
3.174295361564054119e+00
2.862184709313638997e+00
2.589278858225298574e+00
2.344548090166406418e+00
2.157470076956197413e+00
2.035018657425117006e+00
1.711680141303543623e+00
1.171870279291629124e+00
5.497194079153930879e-01
-2.240727549470524216e-01
-9.883742676148807860e-01
-1.729185553859898361e+00
-2.584911676399592295e+00
-3.519766827008870447e+00
-4.233451158351938304e+00
-4.712855758899586078e+00
-5.074356884946450208e+00
-5.236505912207573665e+00
-5.405194370625732603e+00
-5.587230073448450796e+00
-5.607406306977603450e+00
-5.505625909069809865e+00
-5.441961209798648724e+00
-5.406773022235284110e+00
-5.347410721469993078e+00
-5.299730864879228953e+00
-5.119329546191800695e+00
-4.796568933914980626e+00
-4.430631582429159110e+00
-3.987339837115869035e+00
-3.530425680849730519e+00
-3.074357214812228012e+00
-2.562503302548215789e+00
-2.013606103130684222e+00
-1.411704395918307542e+00
-7.506117071069240421e-01
-5.390936505684471025e-02
6.831224582603948603e-01
1.543277106618999639e+00
2.531432959254878323e+00
3.612118678019082374e+00
4.807925584345579928e+00
6.067452054007519635e+00
7.388558161194551666e+00
8.816957643036831271e+00
1.034274435749718357e+01
1.121192172546412813e+01
1.135396498862883341e+01
1.111601735027385551e+01
1.028145893515358011e+01
9.295452460767513969e+00
8.174484983490188483e+00
6.499071641073939531e+00
4.350445761820227020e+00
2.255764225275495694e+00
1.986122565871816514e-01
-2.030602723653555763e+00
-4.311087918396195207e+00
-7.077797674231830705e+00
-1.036620551935238588e+01
-1.386778728638570612e+01
-1.768756846719541542e+01
-2.017829241774178328e+01
-2.114532218299050470e+01
-2.144164262689467293e+01
-2.058643273745794389e+01
-1.946123505730935577e+01
-1.811306975461289426e+01
-1.566509125658438606e+01
-1.227922411925854718e+01
-9.263560573161221612e+00
-6.601096712832761781e+00
-3.750719682948762124e+00
-1.021710439847150820e+00
2.608843216119874686e+00
7.222529766666029083e+00
1.206776650045529031e+01
1.738666524734388830e+01
2.105904234492438576e+01
2.279750567319278787e+01
2.377879485745445010e+01
2.337605072485005664e+01
2.264413647564281362e+01
2.165124474102968932e+01
1.930113955176116036e+01
1.578717811991631415e+01
1.293163597730641889e+01
1.072774522557545396e+01
8.403053921596317366e+00
6.394664259148455265e+00
3.318412260376344847e+00
-9.360482954939971512e-01
-5.333119087536997149e+00
-1.019761567175832973e+01
-1.362360212527923586e+01
-1.531449743989759149e+01
-1.640669243047160464e+01
-1.632788534825887439e+01
-1.594497753864446388e+01
-1.532618030703909895e+01
-1.351793219990209849e+01
-1.067802887230668674e+01
-8.586740522084028271e+00
-7.252748302905813738e+00
-5.902723875785746088e+00
-4.969062108558935265e+00
-3.136726026737516992e+00
-3.002646340157065774e-01
2.539637029690017478e+00
5.689406426008824624e+00
7.932301532660446242e+00
9.041769971608156098e+00
9.815094517844196176e+00
9.877643464785739624e+00
9.705159127360264648e+00
9.346349652854998524e+00
8.221327074160569737e+00
6.414507157518088754e+00
5.197082014014052120e+00
4.587487906915225899e+00
4.015497408394479883e+00
3.793682782320996427e+00
3.013453368320040404e+00
1.600321870648291567e+00
2.587241328261614681e-01
-1.222009023418485496e+00
-2.269006046700479562e+00
-2.749118312079402937e+00
-3.085313095880845680e+00
-3.094053451827674994e+00
-2.945650515214561338e+00
-2.665574546650725907e+00
-1.999469712297715862e+00
-9.750509721084491543e-01
-2.853411917590091829e-01
5.275406261057569157e-02
3.625085795370454611e-01
4.717246378697289577e-01
8.583428667246770782e-01
1.563325118339319975e+00
2.209181497459362209e+00
2.906672064774458164e+00
3.261366172316960022e+00
3.191744059426276259e+00
2.963098658660071383e+00
2.450607869680382134e+00
1.795192495461711335e+00
1.010894775194515205e+00
-8.845142842503939118e-02
-1.480180085417901026e+00
-2.727615221605665052e+00
-3.824499434100844475e+00
-4.972607532492848037e+00
-6.065506632747755589e+00
-7.414436997538130569e+00
-9.047090365070369344e+00
-1.072380480643736433e+01
-1.251818532406747764e+01
-1.359663127727069032e+01
-1.384931049893489075e+01
-1.372129443978627883e+01
-1.296511865257131468e+01
-1.200658995098195270e+01
-1.086829516801945239e+01
-9.111033674045824426e+00
-6.810635586387705942e+00
-4.665329011915878787e+00
-2.667971837657401313e+00
-5.212238060066474166e-01
1.610088571814954239e+00
4.266148440550257881e+00
7.492354145479084515e+00
1.089138019667163171e+01
1.459228798231298008e+01
1.713207915547543081e+01
1.832431806980143563e+01
1.895265787317931228e+01
1.858665210171556836e+01
1.798169094954974767e+01
1.718145319321943276e+01
1.541728915463279392e+01
1.282725624711062196e+01
1.062458662218986838e+01
8.799120784875684720e+00
6.841438368947082793e+00
5.040257601731152448e+00
2.460492694254523549e+00
-9.729202862309261901e-01
-4.567164512429117806e+00
-8.542969409924776159e+00
-1.133222587571096796e+01
-1.270837009069634327e+01
-1.357275400190920678e+01
-1.345886806171215966e+01
-1.311679732441539414e+01
-1.260030285919701321e+01
-1.111112451248260591e+01
-8.786873865198115752e+00
-7.030604660826141661e+00
-5.843592826503896553e+00
-4.624913402533027629e+00
-3.713657050808259807e+00
-2.059440632229126322e+00
4.211010048738382805e-01
2.934539983137458563e+00
5.726035057719379928e+00
7.661062293705303894e+00
8.543757059191142034e+00
9.088090901223035090e+00
8.948622162888112186e+00
8.600615060463844941e+00
8.087399802714097419e+00
6.856629830053897479e+00
4.993697096923987999e+00
3.627277091772633355e+00
2.769177845957503159e+00
1.919759350916510954e+00
1.355114677076164620e+00
2.572697678054876036e-01
-1.440229166967079477e+00
-3.108219848733594581e+00
-4.936776456683579895e+00
-6.200264071895019491e+00
-6.758826317338764156e+00
-7.092418589824714736e+00
-6.975710699464564790e+00
-6.684124834930501358e+00
-6.245804456616383504e+00
-5.316362456639896372e+00
-3.943357260796048536e+00
-2.898615959768543249e+00
-2.193320936620378525e+00
-1.477848393461275611e+00
-9.414556260089325113e-01
-3.311767674002547013e-02
1.293580995638419884e+00
2.612309551065444158e+00
4.051643817002547721e+00
5.023567646687474131e+00
5.423335641762435877e+00
5.621197015920327722e+00
5.436359844340789671e+00
5.111340096507047015e+00
4.667112482770058968e+00
3.816607953140121356e+00
2.602007014291522591e+00
1.618342636393862666e+00
8.712937634457249558e-01
9.444688995441549717e-02
-5.673942823048293560e-01
-1.546248639526750956e+00
-2.878528682385236959e+00
-4.233555869423885731e+00
-5.712682245116127433e+00
-6.757637805338278625e+00
-7.277605194615785145e+00
-7.609451994648858353e+00
-7.583992381595775711e+00
-7.448850349876819266e+00
-7.223415012696186466e+00
-6.629378130638638567e+00
-5.710885540694089713e+00
-5.003283086296286264e+00
-4.509613451889382674e+00
-3.994535482523200898e+00
-3.587881770962856098e+00
-2.895561213451614435e+00
-1.885128596997761585e+00
-8.563358491998717126e-01
2.831307214794944738e-01
1.256491577950413996e+00
2.005248426990998034e+00
2.727995654431802919e+00
3.338355983181558795e+00
3.929476802619018549e+00
4.514743657751827399e+00
4.969089363820882177e+00
5.309451197693421776e+00
5.855488926190171917e+00
6.615270436690614986e+00
7.443638625489755967e+00
8.420772580441537869e+00
9.325916800203836843e+00
1.014169775088546110e+01
1.104383927151431699e+01
1.198223453144842665e+01
1.238472514688695370e+01
1.221237315261782364e+01
1.169690313183125419e+01
1.067702917930934170e+01
9.521334951592873352e+00
8.239034794665435868e+00
6.499222672799317202e+00
4.369148509505009770e+00
2.190587548741368185e+00
-5.539911786584653108e-02
-2.496621740908669729e+00
-5.057995576503453883e+00
-8.041143602692407910e+00
-1.147104107402461359e+01
-1.514258581553892213e+01
-1.913013292112772135e+01
-2.168525369362633270e+01
-2.261395634594116189e+01
-2.279410419702075785e+01
-2.171799154951945710e+01
-2.034856443287358374e+01
-1.873290271631421078e+01
-1.592907402066612477e+01
-1.211395361539456239e+01
-8.627573140656069839e+00
-5.446473719723083029e+00
-2.022532659780604813e+00
1.329717840276651852e+00
5.672614327546040336e+00
1.109107317273152660e+01
1.681128790820128316e+01
2.308580709828784094e+01
2.728690523473496654e+01
2.907481466225003430e+01
2.987290172340691896e+01
2.890781651175340627e+01
2.752231083018091695e+01
2.579748919598958423e+01
2.236037645768003657e+01
1.745729067239619070e+01
1.328458656600167309e+01
9.827109535417623221e+00
6.161503033989894185e+00
2.812006697712115422e+00
-1.906536775525259797e+00
-8.128507999501003667e+00
-1.460102974408115273e+01
-2.172075149402296290e+01
-2.663539502160177008e+01
-2.893204785144813584e+01
-3.024530781427156256e+01
-2.972543922123224291e+01
-2.873623409015487695e+01
-2.737333280448306638e+01
-2.418282511721328731e+01
-1.941338158026082894e+01
-1.561167045608886639e+01
-1.277788444131459755e+01
-9.818964805384915451e+00
-7.348890197648643152e+00
-3.457139855258362982e+00
2.009618153041189625e+00
7.611815303930924870e+00
1.379683273847736302e+01
1.812095237670520120e+01
2.019071028274177237e+01
2.148491312159882582e+01
2.126591250606406902e+01
2.061902951826766639e+01
1.963232673188920785e+01
1.709160733623265571e+01
1.319287343440611338e+01
1.026405992700287939e+01
8.319753884827985502e+00
6.341323911703861782e+00
4.894790198789825020e+00
2.269107074654588274e+00
-1.674320881445588327e+00
-5.630699827256879786e+00
-9.999085110095393247e+00
-1.299171718184022950e+01
-1.429224724779040301e+01
-1.503395690810272001e+01
-1.466954149173900035e+01
-1.393492161560293852e+01
-1.289730101496749448e+01
-1.068870855915029416e+01
-7.439554127279548013e+00
-4.954026853564106325e+00
-3.251632780951991819e+00
-1.528469070520562134e+00
-2.254124475139934747e-01
1.962827417009407105e+00
5.143946199434978439e+00
8.314413947319668097e+00
1.177851911118877481e+01
1.414101322206928835e+01
1.515505460729629661e+01
1.569894146544808855e+01
1.534459799332295837e+01
1.466904211389021206e+01
1.372273608372251097e+01
1.182510540005926991e+01
9.077175659647227945e+00
6.883926660750436355e+00
5.258853176332228152e+00
3.574323861277425074e+00
2.172507013265560616e+00
3.342644685103851598e-02
-2.928333240333661713e+00
-5.931513905451118340e+00
-9.215018397008535089e+00
-1.154643147409376347e+01
-1.271975524488926723e+01
-1.348967497498595058e+01
-1.348139106745566806e+01
-1.322975860523750136e+01
-1.277846142503513249e+01
-1.151765079662136060e+01
-9.542380376391241370e+00
-8.054214583418366047e+00
-7.061847771903687843e+00
-6.034579850968201598e+00
-5.264437943169601120e+00
-3.871516690638452385e+00
-1.783212442460329727e+00
3.291414594563950580e-01
2.671439275744168285e+00
4.381557736511590306e+00
5.303058212209776912e+00
5.992956287053907261e+00
6.186806893193113055e+00
6.231354334799045880e+00
6.160645599301652453e+00
5.560082012342531854e+00
4.491585352365235373e+00
3.844730141778900823e+00
3.631571263145644490e+00
3.455071068764239861e+00
3.533820684370264420e+00
3.229509469272181299e+00
2.490196874713451969e+00
1.809961828545127327e+00
1.040895994964802007e+00
4.306579383391792026e-01
5.669871676488334733e-02
-3.057093869964252475e-01
-5.728022998457714676e-01
-7.757241212564351951e-01
-9.294334251830724813e-01
-9.409505097528395590e-01
-8.141263011044310716e-01
-9.238757418829420809e-01
-1.285571092602745935e+00
-1.718107750792771338e+00
-2.317040712464830232e+00
-2.838661290398899695e+00
-3.262246997589313580e+00
-3.788098473082684770e+00
-4.360992114891626414e+00
-4.716473505784565035e+00
-4.851104370218982886e+00
-4.849779024313512821e+00
-4.642492785734808614e+00
-4.427893620338643643e+00
-4.210177361863972401e+00
-3.827957550800104691e+00
-3.319562763537839079e+00
-2.794350719294745211e+00
-2.240323931509776489e+00
-1.628193302629786565e+00
-9.805652058802252213e-01
-1.856515205384961509e-01
7.639354839064578240e-01
1.796525617736009384e+00
2.939298220170018627e+00
3.822099294932070457e+00
4.402549088624982510e+00
4.875964142540222923e+00
5.135613014452836467e+00
5.379938637009264113e+00
5.621377377626696870e+00
5.664991921224762805e+00
5.548610258266238660e+00
5.564805269503078300e+00
5.711112727629809704e+00
5.868866978294280834e+00
6.108323827229582115e+00
6.203238165407660709e+00
6.136964440856815806e+00
6.078229849973513232e+00
5.974624980012515074e+00
5.787571112367265513e+00
5.529808472753631854e+00
5.180194139741699288e+00
4.730576760203482500e+00
4.240550465712770389e+00
3.706250867539031546e+00
3.089942055372544072e+00
2.401891049345241225e+00
1.605018300391736652e+00
6.905912058993661784e-01
-3.183736947137848494e-01
-1.434425025720112989e+00
-2.650339807128599734e+00
-3.966471603326779505e+00
-5.398903817190037202e+00
-6.948043078164770847e+00
-8.087158162965076613e+00
-8.766795203522811164e+00
-9.235936986762114387e+00
-9.344153091858016680e+00
-9.400263554455438708e+00
-9.417883659844566324e+00
-9.106875801057135789e+00
-8.524917844229594976e+00
-8.046517025891114727e+00
-7.662291916791312829e+00
-7.224766167814641982e+00
-6.821199922416416150e+00
-6.147249182283458069e+00
-5.179521320204862000e+00
-4.137296711016684725e+00
-2.948378451302658743e+00
-2.014795765557360951e+00
-1.397237554034457263e+00
-8.518966363241884387e-01
-4.978332452602117209e-01
-1.506742221918904723e-01
2.063078801416625141e-01
3.740823856609272191e-01
3.879862836634708212e-01
6.233007095974300027e-01
1.083702258179952915e+00
1.609254348851918870e+00
2.292571574952955160e+00
2.859840043616107330e+00
3.290966097885129837e+00
3.797755701578358956e+00
4.317941298402651285e+00
4.744759701564504439e+00
5.090245507417880511e+00
5.359289716007645588e+00
5.526422968423037929e+00
5.702071000846120619e+00
5.885000752766563537e+00
5.997496001778411134e+00
6.060682871330294041e+00
6.070883861731497078e+00
6.017894948457823467e+00
5.916379742146467891e+00
5.761967297586322090e+00
5.532270300951144471e+00
5.226138707654958360e+00
4.849204968486914957e+00
4.394906955299717310e+00
3.983556481159264084e+00
3.625323148065752399e+00
3.257067215383885994e+00
2.911563606538692728e+00
2.518492644227380506e+00
2.072051078944224134e+00
1.635509700625599194e+00
1.193837705168053098e+00
6.582638692525515367e-01
2.857367880353259976e-02
-6.630792891089858365e-01
-1.439120410450968057e+00
-2.232144928422700847e+00
-3.038987921696958860e+00
-3.912248139704875172e+00
-4.837643256223525867e+00
-5.518508412265369145e+00
-5.930782517912439822e+00
-6.203636935685599596e+00
-6.252703304418106178e+00
-6.261713762295110008e+00
-6.236618239740331582e+00
-6.008988376721557501e+00
-5.612580203447658178e+00
-5.243788765341992786e+00
-4.895071360849877706e+00
-4.490583257626874492e+00
-4.074903623615595549e+00
-3.482253317927829883e+00
-2.699354147405585547e+00
-1.842459706356697868e+00
-8.714737243805958933e-01
-8.188319344414088374e-02
4.867394906569912916e-01
1.004379567823289854e+00
1.384855190428981864e+00
1.774481412273143155e+00
2.185066856848480565e+00
2.466436239516818674e+00
2.646978090271691730e+00
2.986206466716828878e+00
3.485408124254742113e+00
4.036774258215654498e+00
4.704102495738140099e+00
5.294642536776474451e+00
5.794733635650157311e+00
6.352309492568877225e+00
6.923628825913455742e+00
7.135350223524071112e+00
6.964999840747092108e+00
6.555424491611361759e+00
5.801687767028213649e+00
4.951963313864001570e+00
4.011015684144366489e+00
2.759062712392808869e+00
1.241043328089489028e+00
-3.306182666423567174e-01
-1.969908252960900663e+00
-3.754845064079663786e+00
-5.639733836386551680e+00
-7.817306996640467354e+00
-1.030388739729021630e+01
-1.297086062154251529e+01
-1.586630251205463615e+01
-1.771603119831843998e+01
-1.838095671337921999e+01
-1.849643899465217700e+01
-1.769305247380891544e+01
-1.667748542095205266e+01
-1.548375262618979775e+01
-1.342356635995636971e+01
-1.062687873119659443e+01
-8.062562387561392541e+00
-5.712798727624788242e+00
-3.182617395872604504e+00
-6.991756704416987045e-01
2.507798698023402384e+00
6.499737524520154075e+00
1.071640818319108313e+01
1.534097515009563040e+01
1.856294594620250393e+01
2.014597734745214552e+01
2.107795024734643263e+01
2.082591053884449295e+01
2.030951491598307612e+01
1.958592507383811210e+01
1.771218834167527945e+01
1.485751068660843899e+01
1.254596306563488639e+01
1.076883331929367849e+01
8.884975095340413631e+00
7.259069638459324736e+00
4.725777267085399025e+00
1.192744311739405649e+00
-2.471207265724306712e+00
-6.539697449790620176e+00
-9.465035988739501249e+00
-1.100431048653835830e+01
-1.208815086744891865e+01
-1.225190234305888559e+01
-1.219390715481770648e+01
-1.197112556736738931e+01
-1.081265255401130965e+01
-8.846299283915888267e+00
-7.528179999295596225e+00
-6.867269442166299420e+00
-6.231106806514272733e+00
-5.974372753337631181e+00
-5.025570547554165657e+00
-3.299554190782292729e+00
-1.614405738699826731e+00
2.787217414570354879e-01
1.717817804207451005e+00
2.550918439999217302e+00
3.272217985006968810e+00
3.671511699421995178e+00
3.945888035095643787e+00
4.127494410108270451e+00
3.925538849783988482e+00
3.374084711734115505e+00
3.271933096358666582e+00
3.640576415020646106e+00
4.110670006820432931e+00
4.882273204934568511e+00
5.408375919931446063e+00
5.644074542155948393e+00
6.025296858602015249e+00
6.426941184822494435e+00
6.620126661552137470e+00
6.630259435004409951e+00
6.474500126397778388e+00
6.099095408349270109e+00
5.735762373272005554e+00
5.383680990361725982e+00
4.880416965677307317e+00
4.271361547236829814e+00
3.547367850967746872e+00
2.687743715425484403e+00
1.725557300043885078e+00
6.519310848728122609e-01
-5.773539089350794296e-01
-1.963580786060700412e+00
-3.495426845590875686e+00
-5.185280623316525173e+00
-6.448010422414514942e+00
-7.227333697916148658e+00
-7.809516543678530098e+00
-8.028227631597731673e+00
-8.220160993224091328e+00
-8.402884839706578290e+00
-8.259062638623749564e+00
-7.852920889525890402e+00
-7.606912729963049458e+00
-7.512872907741046546e+00
-7.405301289433802836e+00
-7.384057780918633185e+00
-7.111206121031331762e+00
-6.562078070258028362e+00
-5.983717217555254209e+00
-5.297205896195020358e+00
-4.676031480976652333e+00
-4.161261086920134744e+00
-3.611905395660846452e+00
-3.081947931442999611e+00
-2.525814911298948306e+00
-1.931912334879582138e+00
-1.370968742154500708e+00
-8.333409574072861981e-01
-9.967508437480296357e-02
8.387844377931398254e-01
1.882741839882308810e+00
3.088994045735156124e+00
4.313250489069599070e+00
5.545579201198210129e+00
6.905872845701185092e+00
8.362912811572956073e+00
9.341258160371246788e+00
9.797074146234225012e+00
9.978706510527921125e+00
9.723734723573357996e+00
9.392207014708125357e+00
8.996252947751463225e+00
8.209080960073356081e+00
7.097578739121990665e+00
6.031131373391908745e+00
4.994724460382259146e+00
3.848352291265344061e+00
2.675816987390815083e+00
1.163202206061944466e+00
-7.140040434217522769e-01
-2.735993569831420835e+00
-4.978393723242901636e+00
-6.564343699448115466e+00
-7.386139289088200499e+00
-7.913570901506744804e+00
-7.890880460171201705e+00
-7.776266083539743690e+00
-7.597955933484904278e+00
-6.896021988607732744e+00
-5.756090180364159536e+00
-4.895656036325272353e+00
-4.309588131792495780e+00
-3.700853138368082718e+00
-3.241315578029272171e+00
-2.379121012359981080e+00
-1.071862419863151672e+00
2.692364139968900227e-01
1.773053051198512087e+00
2.879434003521189833e+00
3.490730599929906308e+00
3.965885052827294643e+00
4.134825004114938807e+00
4.228311387703258539e+00
4.269374847208107226e+00
3.988401011842153121e+00
3.427732636896567708e+00
3.150338860492838844e+00
3.163685504685654237e+00
3.219365584686846748e+00
3.456061365103037186e+00
3.469148695850367226e+00
3.226680864764277512e+00
3.042414846946727813e+00
2.823212909027362549e+00
2.615299629587998886e+00
2.456926603448723601e+00
2.258381146485035629e+00
2.040937677408224626e+00
1.849404069029978226e+00
1.677100011945674707e+00
1.521889885360604433e+00
1.393301649171692080e+00
1.134912044595399738e+00
7.351474635831820592e-01
2.764354192454537840e-01
-2.828157778026624269e-01
-8.536838141067909502e-01
-1.428128958652937763e+00
-2.085723535611220480e+00
-2.807022295689841851e+00
-3.344745053575111982e+00
-3.684317568590102177e+00
-3.928818528346809558e+00
-4.010231010022858200e+00
-4.090182586928933439e+00
-4.174784955664168073e+00
-4.122693608990972258e+00
-3.965091251895672020e+00
-3.847309472122895979e+00
-3.762692716933775383e+00
-3.660162308579210766e+00
-3.572898896501832233e+00
-3.375046435788635169e+00
-3.057928644081884695e+00
-2.709786105114217136e+00
-2.300947244163915162e+00
-1.945282900135703485e+00
-1.661964439515901004e+00
-1.374706700041278040e+00
-1.117194283977263281e+00
-8.428145103177958619e-01
-5.454468420531772832e-01
-2.781549775275906633e-01
-3.137376138338297815e-02
3.098867575298575594e-01
7.483026738005695844e-01
1.234726533474763688e+00
1.798347533808173582e+00
2.358759006758140320e+00
2.910657804700957030e+00
3.518505472488488550e+00
4.164682277238681785e+00
4.598779118285607481e+00
4.802824595058400092e+00
4.881830968382505631e+00
4.765248405187800351e+00
4.612530887625305276e+00
4.428508331930693487e+00
4.069600984089090545e+00
3.565303712015338355e+00
3.072177144381967206e+00
2.583072446166209790e+00
2.039184753253323379e+00
1.475692861178529380e+00
7.576846996621650066e-01
-1.255002605624616629e-01
-1.080287424102895244e+00
-2.139381441740986212e+00
-2.895664876279531619e+00
-3.300105745885925757e+00
-3.569133105968613773e+00
-3.584271888489182434e+00
-3.560330224476155436e+00
-3.510352226280300414e+00
-3.220083310651954633e+00
-2.729763813173076592e+00
-2.369472725582319583e+00
-2.136587134803845878e+00
-1.895062754875285638e+00
-1.723916342147534309e+00
-1.368555337930307703e+00
-8.095269068069843588e-01
-2.363269236131702034e-01
4.104724889912859664e-01
8.562384382217690382e-01
1.054292854832115989e+00
1.177784852976736518e+00
1.143549387949821527e+00
1.067330496739937740e+00
9.600720148088257577e-01
6.884436064836884084e-01
2.736308655928175737e-01
-1.330840263213550062e-02
-1.693181058690728380e-01
-3.136114787631048562e-01
-3.796462545887974160e-01
-5.634832805552540957e-01
-8.806789414263663796e-01
-1.179893502729308041e+00
-1.506401937626085763e+00
-1.761165669517930965e+00
-1.918041488851882193e+00
-2.056598318594170749e+00
-2.144394986386481960e+00
-2.203989627359693060e+00
-2.240337140006059879e+00
-2.212192917239284906e+00
-2.122978103308242215e+00
-2.103397483114037403e+00
-2.157504988604037166e+00
-2.223244624998269803e+00
-2.333391806022745651e+00
-2.399966214121342034e+00
-2.415369967935473206e+00
-2.450138403750484972e+00
-2.484006985210543750e+00
-2.350273306158428444e+00
-2.039673172368909881e+00
-1.615502747841725206e+00
-1.031262081168610623e+00
-3.984033538874313107e-01
2.807786283472284428e-01
1.104237324060536318e+00
2.051596849885440665e+00
3.032100469695512057e+00
4.052178865688405907e+00
5.144344639745959569e+00
6.289196067447486271e+00
7.570109283628855046e+00
8.994024126136398678e+00
1.050561631756659864e+01
1.212566342099262329e+01
1.307397534349792778e+01
1.326688383676916949e+01
1.308626932811469601e+01
1.230564933636658509e+01
1.136178735571549581e+01
1.027382829670420428e+01
8.617389553015147641e+00
6.471904542262972626e+00
4.420303098783356255e+00
2.449631983619092068e+00
3.219871047392564578e-01
-1.827204009803354845e+00
-4.466120108019791424e+00
-7.633096699414797293e+00
-1.099072304698102265e+01
-1.465133765530662835e+01
-1.712082755922249433e+01
-1.821651212996896518e+01
-1.872461354219179341e+01
-1.820758714575654835e+01
-1.745213150485794884e+01
-1.650199363143297404e+01
-1.456685972351285407e+01
-1.179105904267577998e+01
-9.384332270598024550e+00
-7.333658823450041275e+00
-5.135372081583687631e+00
-3.076459066997873748e+00
-2.174571622052571263e-01
3.516651772273954091e+00
7.432705773243583280e+00
1.175268099002272315e+01
1.477881745408921610e+01
1.627181823940882666e+01
1.719499872269824081e+01
1.704462498993111197e+01
1.664538646596528793e+01
1.605430268163056340e+01
1.440212286652504581e+01
1.184024160643504509e+01
9.864392226719996160e+00
8.473471511195031169e+00
7.029592083195216112e+00
5.893335567080226767e+00
3.939045624998501527e+00
1.077380026417884995e+00
-1.844182067235056177e+00
-5.088788025602443810e+00
-7.473374011293839381e+00
-8.792439443293329049e+00
-9.796680949746786382e+00
-1.012614194845655291e+01
-1.027283919471295626e+01
-1.028341569772172548e+01
-9.584501421369528984e+00
-8.265249085211108238e+00
-7.511015000743111791e+00
-7.335836683204220776e+00
-7.215536502839545285e+00
-7.441038695861061925e+00
-7.156706923774098783e+00
-6.293883441363242959e+00
-5.513214971572973688e+00
-4.616720185321289804e+00
-3.799328441367768150e+00
-3.150497513809262795e+00
-2.433317990220189131e+00
-1.720041570437958134e+00
-1.047366559702878508e+00
-3.978840940075233368e-01
1.797282039232557249e-01
6.767626231586058028e-01
1.495158744001264806e+00
2.658457785527395867e+00
3.965283192290493197e+00
5.520771439556121152e+00
7.080586593970248366e+00
8.624090955956333460e+00
1.036148278049281579e+01
1.223887025772923565e+01
1.334356753352225589e+01
1.360895498414272886e+01
1.342583518358196493e+01
1.253773635891510629e+01
1.151920772516913516e+01
1.038976180101244751e+01
8.630861224652523589e+00
6.349759408634279012e+00
4.118090903476105069e+00
1.911190823582734177e+00
-4.849977181123778514e-01
-2.941163367613307322e+00
-5.946405232981767597e+00
-9.538544424498171637e+00
-1.337620553048538952e+01
-1.757718001794236784e+01
-2.032200946986674950e+01
-2.139649828390724196e+01
-2.174449994123570207e+01
-2.083563582552774207e+01
-1.964334067406491613e+01
-1.822043926083615162e+01
-1.559973637649518352e+01
-1.196068505403686899e+01
-8.745027911499429152e+00
-5.934417612186371649e+00
-2.933657147154661082e+00
-8.402101943911138848e-02
3.741122582505188809e+00
8.631036316138965603e+00
1.375702629417707357e+01
1.938529007878753418e+01
2.316570220572711136e+01
2.477964436390502456e+01
2.552939979167506834e+01
2.471977751318943461e+01
2.352015196747836256e+01
2.200533885088830033e+01
1.895946344605625455e+01
1.459634981695662681e+01
1.093278809022111453e+01
7.960422789230158891e+00
4.823660627486187735e+00
2.005689106263773613e+00
-2.027061617859968301e+00
-7.397446113271714196e+00
-1.295945982988485490e+01
-1.907351156255350944e+01
-2.326931502219339620e+01
-2.518208022048818862e+01
-2.623939340685329213e+01
-2.570322832416506387e+01
-2.474047947342285525e+01
-2.343433000825384127e+01
-2.053019134539396617e+01
-1.624000827629549804e+01
-1.279411922413212288e+01
-1.019459429428348862e+01
-7.480012816776825169e+00
-5.188479504764252681e+00
-1.651757814670325342e+00
3.264777087933075528e+00
8.302474320670146568e+00
1.385214031327860340e+01
1.777079622097080502e+01
1.971359668616829453e+01
2.097618506452051790e+01
2.091161419529094800e+01
2.047264549969377612e+01
1.973624291586403956e+01
1.763694849191238490e+01
1.434670239520122514e+01
1.190671127603535773e+01
1.032957125577728519e+01
