-4.469000785668201914e+00
-4.819806296199328877e+00
-5.124044887852132746e+00
-5.375012232787591770e+00
-5.641103211750646551e+00
-5.901428692926294239e+00
-5.962292661720736575e+00
-5.810736406115946551e+00
-5.521827263782396855e+00
-5.040563008358833308e+00
-4.493170591883889564e+00
-3.881751118770238040e+00
-3.092713953290791906e+00
-2.148471642962338279e+00
-1.161644696266284082e+00
-1.248156581908838048e-01
1.004656846471077225e+00
2.202744829539391436e+00
3.571310625101371095e+00
5.119447269473631046e+00
6.779521923171218489e+00
8.577250173492918961e+00
9.749741582009191276e+00
1.021456849533409894e+01
1.034982968340279719e+01
9.934444741357985720e+00
9.393693521667318080e+00
8.747615311063917432e+00
7.583054951547103961e+00
5.978136241714392618e+00
4.509907396393701973e+00
3.167255937927760723e+00
1.715277190098473126e+00
2.890458405067922731e-01
-1.571398707763987934e+00
-3.902820576741056868e+00
-6.371287400034209014e+00
-9.086308606414085887e+00
-1.094152077638293719e+01
-1.179344562074936498e+01
-1.224403980214353638e+01
-1.196787523643492612e+01
-1.152894207834505202e+01
-1.096208085871355919e+01
-9.690354447859290232e+00
-7.817610854780721930e+00
-6.272036739691246865e+00
-5.048035646937568899e+00
-3.755679823678437224e+00
-2.616993493648782199e+00
-9.215068719376111606e-01
1.387005992946322319e+00
3.779124784946327420e+00
6.421663911095869537e+00
8.349191610019211396e+00
9.411433666570189871e+00
1.018600034917240649e+01
1.038328216825312644e+01
1.044160622615414802e+01
1.039615938568213238e+01
9.764889561079179714e+00
8.627978530836822202e+00
7.888605893580527884e+00
7.551757073931866238e+00
7.225596690165722258e+00
7.129878788845439352e+00
6.598637927868551856e+00
5.578885525456878547e+00
4.578361696221749710e+00
3.442256354420394793e+00
2.545153006301162701e+00
1.977417956903514185e+00
1.448851861649177231e+00
1.079160541349304614e+00
7.665136782421700934e-01
4.913895212709221139e-01
4.140061527758592819e-01
5.166402598672503732e-01
3.292930808149706623e-01
-1.624403534879218236e-01
-7.402418108703729960e-01
-1.522615683982055712e+00
-2.191732536508096185e+00
-2.721837640045464024e+00
-3.368635626675692940e+00
-4.059983009810812504e+00
-4.653428259700038261e+00
-5.163763451972854135e+00
-5.606406089419145644e+00
-5.948069726605559993e+00
-6.330345912379798712e+00
-6.753833194121066974e+00
-7.119329058413434552e+00
-7.455182400649914776e+00
-7.762919618891306328e+00
-8.031044009317373167e+00
-8.277347359768709723e+00
-8.498836622072937885e+00
-8.665452393643763074e+00
-8.776859517352129103e+00
-8.844045033640124842e+00
-8.859372283593815567e+00
-8.726389285436697563e+00
-8.433881689351546029e+00
-8.019704430151254115e+00
-7.453929282323022321e+00
-6.792592800843733514e+00
-6.034505218293075401e+00
-5.122572056726871104e+00
-4.064592678799044734e+00
-2.927865307101506165e+00
-1.707682108530184983e+00
-3.732416226430664286e-01
1.062059855474608128e+00
2.658682993780675741e+00
4.424074372180047732e+00
6.319905271215827902e+00
8.362834710331792820e+00
9.937323015444809116e+00
1.097909527488913994e+01
1.179085926402417606e+01
1.219507755692466944e+01
1.254007035550822913e+01
1.284245947585768377e+01
1.276751278625033592e+01
1.237987486751639210e+01
1.214238221859195477e+01
1.204633765670701884e+01
1.190522324817076516e+01
1.182778840045036794e+01
1.144496720792802691e+01
1.072803227614516430e+01
9.945662147533408159e+00
9.010520726823802562e+00
8.095208565622881380e+00
7.241787166202231951e+00
6.302362642661464953e+00
5.330138742459278767e+00
4.282788739602928274e+00
3.146715510825476514e+00
1.989457259146860446e+00
8.007756698370860349e-01
-6.501383139201402095e-01
-2.374546561575273440e+00
-4.269299922334722552e+00
-6.395471362194687259e+00
-8.605196061775195915e+00
-1.088964642671577643e+01
-1.337518831759619431e+01
-1.603109255912722020e+01
-1.787182442729028153e+01
-1.881348481201387912e+01
-1.929777114212777533e+01
-1.904420949069333702e+01
-1.865125261884877972e+01
-1.814067738431981169e+01
-1.695932499667534188e+01
-1.521778313174630881e+01
-1.358014713566835496e+01
-1.202355558800163671e+01
-1.029009899614139911e+01
-8.531713874557510735e+00
-6.194327076756195538e+00
-3.234105472263416381e+00
-4.276922553135364957e-02
3.512919679356520053e+00
6.033024848904167570e+00
7.341485379330948469e+00
8.197735621018715335e+00
8.192649141660947265e+00
8.049032552487288328e+00
7.813048434863688385e+00
6.754122762681394221e+00
5.007482085498427438e+00
3.735751396879038122e+00
2.932751037125221227e+00
2.115296963548223275e+00
1.562740335727395236e+00
3.858422948228330540e-01
-1.483535808231522202e+00
-3.380258499002569028e+00
-5.511514796078094136e+00
-6.558992423649105064e+00
-6.321569553666528840e+00
-5.570997252455069493e+00
-3.911440330042551317e+00
-1.951106606460480286e+00
2.657517932497912572e-01
3.403945025919302036e+00
7.354127509202522006e+00
1.091094036877341722e+01
1.407255100387184221e+01
1.736274879558029838e+01
2.049098610792384534e+01
2.435604983945722068e+01
2.903170650628019445e+01
3.383979624191849211e+01
3.899154263722785174e+01
4.217444397156491931e+01
4.308394854372187410e+01
4.296031599253765165e+01
4.111802732262053439e+01
3.873396768755735309e+01
3.587247696495793292e+01
3.131911755756142668e+01
2.528444018517700798e+01
1.970066280298307504e+01
1.454877946083962215e+01
9.007238216746044301e+00
3.532763201885574578e+00
-3.367551417777378653e+00
-1.181840084729912910e+01
-2.072016952151010827e+01
-3.042889238718259293e+01
-3.777925443368166469e+01
-4.234553848549884947e+01
-4.588205852795545781e+01
-4.745434969914680323e+01
-4.864630341765603561e+01
-4.956091093385968094e+01
-4.855920000434123551e+01
-4.593287706872106213e+01
-4.440448039738401320e+01
-4.396523471349897250e+01
-4.346433668309956033e+01
-4.355605908597200937e+01
-4.217400640801814404e+01
-3.915515988520621704e+01
-3.604810174740506312e+01
-3.236924104304942063e+01
-2.899406483599871009e+01
-2.616412348026616286e+01
-2.310581533452912240e+01
-2.010081158092128817e+01
-1.698476698718087619e+01
-1.369534555971656076e+01
-1.056702742915269688e+01
-7.565508230049135641e+00
-3.447791249192513785e+00
1.842598957596008002e+00
7.728481981146201996e+00
1.453318882712174620e+01
2.145599916639125482e+01
2.843946287964156028e+01
3.615599534456436714e+01
4.443212626048205038e+01
5.026971484270521273e+01
5.344735028924115738e+01
5.525226149937013531e+01
5.484100294854523128e+01
5.410143453933292790e+01
5.309801755475906759e+01
5.012607615783398529e+01
4.553810053348877318e+01
4.123746579171031357e+01
3.714552823922881686e+01
3.254723976701858845e+01
2.787470575282932828e+01
2.150636729445885820e+01
1.331740190702164028e+01
4.443298414072956781e+00
-5.505608176136017384e+00
-1.288862364768807645e+01
-1.724021462064817101e+01
-2.057021800867336125e+01
-2.181585300465640742e+01
-2.283382328495337177e+01
-2.375192104879527477e+01
-2.268579924208499321e+01
-1.998673783312557006e+01
-1.872032450917556190e+01
-1.887932676786454422e+01
-1.919070464362699724e+01
-2.039607533073012391e+01
-2.017044030478355054e+01
-1.833973262260978387e+01
-1.665611659045905313e+01
-1.458207394288773529e+01
-1.287879611220495590e+01
-1.180195679451555080e+01
-1.059641064758393902e+01
-9.519216099352146188e+00
-8.527071707387309019e+00
-7.561894242261044674e+00
-6.878756270916325910e+00
-6.470454473676645613e+00
-5.115359254206863326e+00
-2.752554247653735686e+00
3.022256204695622506e-02
3.550503119488755299e+00
7.038563143746880968e+00
1.043407598642094669e+01
1.438770522617976866e+01
1.873053596984884095e+01
2.163077274806024874e+01
2.298341769272764168e+01
2.353215044148035773e+01
2.277161528736483831e+01
2.191324791344435852e+01
2.099746948918835088e+01
1.896667234176176109e+01
1.605189538701585050e+01
1.331856251377740641e+01
1.071305991967269478e+01
7.859885669299482736e+00
4.999541128927242006e+00
1.198368043955621687e+00
-3.610453498613082512e+00
-8.779065241705684031e+00
-1.452993964782143621e+01
-1.856757862588153785e+01
-2.060378347723692016e+01
-2.188664794666822999e+01
-2.174607704219771875e+01
-2.136354298033657884e+01
-2.081560616055881141e+01
-1.890742614600790716e+01
-1.586053784472295725e+01
-1.357107496623435061e+01
-1.202864576280641629e+01
-1.044612264112562805e+01
-9.279061192536879332e+00
-7.077037659933360203e+00
-3.729123513612477847e+00
-3.201887566663563778e-01
3.487595279710506091e+00
6.291901459656482842e+00
7.841602261888952263e+00
9.045728697635381010e+00
9.476479597594090976e+00
9.697802791231593389e+00
9.767402484006323604e+00
9.014640373386727745e+00
7.542038520955189007e+00
6.779101346117966109e+00
6.745824034680683035e+00
6.807566879424142847e+00
7.316437964565176699e+00
7.248180494852081601e+00
6.520938970422519354e+00
5.929535709496703610e+00
5.237749886348029627e+00
4.518290496064740758e+00
3.863286490108457372e+00
3.065728555925716137e+00
2.166398907339212254e+00
1.303467806562703224e+00
4.605398554198121830e-01
-3.923178334630481601e-01
-1.226871857597801263e+00
-2.409488562688073543e+00
-3.970933552837282665e+00
-5.715042997516769141e+00
-7.740725379113909455e+00
-9.848217105760165069e+00
-1.201971206454372698e+01
-1.443955639908635113e+01
-1.706503879822047409e+01
-1.867246963397385073e+01
-1.916246645854394970e+01
-1.908084219988992558e+01
-1.808159933460133928e+01
-1.691319010069396001e+01
-1.560397743267294679e+01
-1.346771145360847832e+01
-1.064413291031147679e+01
-7.937725557005485655e+00
-5.319644893727382140e+00
-2.482146580049656492e+00
3.906217462848095012e-01
3.972834300863028023e+00
8.316580960074221096e+00
1.294539595751600203e+01
1.802073832464969527e+01
2.164792591638818209e+01
2.359265700658888676e+01
2.486743108075084763e+01
2.491835891807954440e+01
2.473331121248706310e+01
2.437153626206452728e+01
2.283816714162394490e+01
2.031644333551339088e+01
1.835554370707416894e+01
1.694286608142144956e+01
1.543462980021855557e+01
1.420072057335237226e+01
1.204690975058049318e+01
8.879919871911397422e+00
5.586912697134813754e+00
1.887758364767359032e+00
-8.200125693592705822e-01
-2.307550530535778410e+00
-3.440320404618166350e+00
-3.797434963127334306e+00
-3.987078795705579548e+00
-4.064246943995854622e+00
-3.343553726050092045e+00
-1.937194976640631561e+00
-1.198652658190926923e+00
-1.141349390042651235e+00
-1.174631104391433478e+00
-1.630487637799913347e+00
-1.524689782646920344e+00
-7.800740272663738706e-01
-1.547636886900899678e-01
5.782518248170372965e-01
6.583203336494294344e-01
-7.266414959485568981e-02
-1.092371704902749485e+00
-2.640310711680614819e+00
-4.452530302844905030e+00
-6.499097520589545596e+00
-9.132663515671296750e+00
-1.230937248774255366e+01
-1.518653760182069234e+01
-1.775003219813329025e+01
-2.038764743057949858e+01
-2.289265288757123074e+01
-2.586089561397656311e+01
-2.934401875346943456e+01
-3.287962840994570257e+01
-3.660734924437976900e+01
-3.869387044070009551e+01
-3.890268437631349485e+01
-3.819460354178738015e+01
-3.602538512560809636e+01
-3.334296700558482485e+01
-3.019337695825855050e+01
-2.560374178077571372e+01
-1.974125788362650624e+01
-1.411096315344863328e+01
-8.692128297045327301e+00
-2.843930464443891637e+00
3.081205265950185623e+00
1.025899306994830162e+01
1.879030654569161385e+01
2.781764851329378274e+01
3.762414010320041058e+01
4.466899693805216032e+01
4.851314448412232139e+01
5.103280251693468017e+01
5.118967437594549352e+01
5.083746896576481333e+01
5.008134038878569783e+01
4.705244063259139864e+01
4.209101928628560074e+01
3.809556126650720387e+01
3.503865272107267259e+01
3.171072753145467260e+01
2.880100719148711264e+01
2.406690133628401540e+01
1.732983343560162481e+01
1.024885254234011889e+01
2.295008617157331621e+00
-3.687476856663526092e+00
-7.249982256108455481e+00
-1.012541158065901570e+01
-1.146212948910893914e+01
-1.253465471791142782e+01
-1.345431058601237595e+01
-1.281387719872978614e+01
-1.085062595238412975e+01
-1.026893794403657978e+01
-1.109256722557620911e+01
-1.215122921384663890e+01
-1.410814262422732845e+01
-1.498752756513570539e+01
-1.463682191047229608e+01
-1.457579687544871661e+01
-1.434971024404079110e+01
-1.418933709754830907e+01
-1.427871274633699805e+01
-1.417637523211707951e+01
-1.398571418396740285e+01
-1.391947585028593792e+01
-1.394305665796028926e+01
-1.404730392645046777e+01
-1.427602134276374635e+01
-1.387192173886312752e+01
-1.277787785898259898e+01
-1.139003796222981535e+01
-9.506014246483802665e+00
-7.554227847184776579e+00
-5.571933347788655233e+00
-3.173081350228664554e+00
-4.501458716618789158e-01
1.608422976444388475e+00
2.954805607604657602e+00
3.992812745361342674e+00
4.454989348664521565e+00
5.006668241879654424e+00
5.674958967617222960e+00
5.891708706653301597e+00
5.788377657258366504e+00
5.922027058849535841e+00
6.266718547924726046e+00
6.637259360538358521e+00
7.162227840896836284e+00
7.355878603874916877e+00
7.188362285449227507e+00
7.002465656080026690e+00
6.685996862158041232e+00
6.355475531656686883e+00
6.053767810795981141e+00
5.641048446544888684e+00
5.154923347582887061e+00
4.604716390633833534e+00
3.975553128808702485e+00
3.294329723024311818e+00
2.559678665621420102e+00
1.566098080703106632e+00
2.985218997248515471e-01
-1.147560317951648479e+00
-2.828666931056974754e+00
-4.625693509106723944e+00
-6.532500476892542984e+00
-8.658604448986764623e+00
-1.098093954622031276e+01
-1.257667220759335969e+01
-1.336812134602279123e+01
-1.377455160041472304e+01
-1.353468129800706166e+01
-1.320919550688796384e+01
-1.282091792595096713e+01
-1.185423654733269316e+01
-1.041448095661157680e+01
-9.129006318830338529e+00
-7.978759497216294960e+00
-6.722475736909390598e+00
-5.505420666119493767e+00
-3.809088220429094118e+00
-1.594349564765555449e+00
7.682563919235697592e-01
3.401786789802323963e+00
5.542563905398242063e+00
7.079941327102421411e+00
8.466452400029696790e+00
9.476840994457283784e+00
1.047116763888613988e+01
1.147997530221106466e+01
1.212100932449349422e+01
1.246306327538930603e+01
1.319968099937925032e+01
1.433557778517055858e+01
1.557706221365028476e+01
1.709446032325153908e+01
1.837689371084667300e+01
1.938668677338586477e+01
2.051646613565557686e+01
2.164957114120630877e+01
2.206915608537731899e+01
2.174339068256767504e+01
2.092240603646529706e+01
1.940718425513830780e+01
1.769842984329456570e+01
1.580293106245665413e+01
1.328892120160242563e+01
1.024724009862763019e+01
7.042341862229459792e+00
3.642649293071881011e+00
-7.796665674809544200e-02
-4.044004329305281864e+00
-8.604253811932377261e+00
-1.378841694942722285e+01
-1.937099581419496985e+01
-2.544016416643008327e+01
-2.968941473309173773e+01
-3.186968472413793307e+01
-3.313345900614934436e+01
-3.281385350158024039e+01
-3.219397408567728291e+01
-3.133763320681124753e+01
-2.900003687161929022e+01
-2.541898748983977896e+01
-2.234675310787898184e+01
-1.975280142348718826e+01
-1.692639936648851418e+01
-1.427983922388102833e+01
-1.042288022106091283e+01
-5.246634245696849774e+00
2.345219659355223252e-01
6.349603962090577092e+00
1.081370460713572612e+01
1.329952079472769100e+01
1.512807071466369990e+01
1.562233731206843856e+01
1.587645086395752081e+01
1.597270732314659547e+01
1.475212955710989782e+01
1.241837671882461791e+01
1.101456396392599579e+01
1.054556536730088645e+01
1.014128020991159929e+01
1.029787075266227880e+01
9.491470638786935865e+00
7.604159837652773035e+00
5.792635704026847243e+00
3.703725351740093874e+00
2.183865801212761859e+00
1.438057538561400950e+00
8.083771844181091293e-01
5.654011282837423380e-01
4.826583022372568088e-01
5.158839724281134576e-01
1.025358122561436991e+00
1.971787354345894805e+00
2.295461668760075291e+00
1.964000398332456987e+00
1.470226464262164745e+00
5.470934455613765124e-01
-8.904204164213340433e-02
-3.798863802031019477e-01
-9.015926452784603917e-01
-1.491395827548010145e+00
-1.864337331397427189e+00
-2.057320768624440799e+00
-2.087962079231441059e+00
-1.891636661590333501e+00
-1.766501992613104699e+00
-1.713033311450708585e+00
-1.527559599405514446e+00
-1.270118373287219216e+00
-9.178142487262880289e-01
-4.453761332149844265e-01
9.655067599085824515e-02
7.208319348165653784e-01
1.473876772521332423e+00
2.354744457450123285e+00
3.354023502104540810e+00
4.483829151200304786e+00
5.065723817744123281e+00
5.034099224596602085e+00
4.718373977877063474e+00
3.925132887460153874e+00
3.043722312301147870e+00
2.093368681188041425e+00
7.055624449194484171e-01
-1.046255961333035112e+00
-2.677889196650322656e+00
-4.200181880570527326e+00
-5.803863276664608328e+00
-7.375440854361364984e+00
-9.305012552331625386e+00
-1.162204651578164594e+01
-1.404361853842818419e+01
-1.666170711572316421e+01
-1.830256463177089543e+01
-1.881976255523233377e+01
-1.883256367099798823e+01
-1.799591506270229857e+01
-1.692141700713825259e+01
-1.564234065721810829e+01
-1.353899936218042477e+01
-1.072240889574494105e+01
-8.144969366220415452e+00
-5.795591159536806813e+00
-3.274905972251172415e+00
-8.079606597134361134e-01
2.345795171642980570e+00
6.246862791525842340e+00
1.035066788059329568e+01
1.483320902835573740e+01
1.804315807542701577e+01
1.976082091267010910e+01
2.089353927508544473e+01
2.095391801363623330e+01
2.077330445132822234e+01
2.040390990928907655e+01
1.898780432923512862e+01
1.667742596687197576e+01
1.487849263071257688e+01
1.358418786004234668e+01
1.220057857786970601e+01
1.106428970126940214e+01
9.103538471275038901e+00
6.232941364615070867e+00
3.252586705710142745e+00
-8.927089099005941497e-02
-2.616997592495903469e+00
-4.132476858273516740e+00
-5.375846742585920879e+00
-5.991836588507465144e+00
-6.480839108596023301e+00
-6.890407500173608923e+00
-6.648496736460587364e+00
-5.847482013563381820e+00
-5.650126014437721444e+00
-6.070392389029569458e+00
-6.598693983870708379e+00
-7.521220128725546239e+00
-7.998006197893608338e+00
-7.963399751541917482e+00
-8.067358819197558262e+00
-8.116697692492651939e+00
-7.955852393312544457e+00
-7.638076545728705646e+00
-7.094810371778708991e+00
-6.296810326199858032e+00
-5.480896589092429494e+00
-4.637969367645395913e+00
-3.624321981089301481e+00
-2.485111187116136655e+00
-1.077605730115174243e+00
6.278936918830848590e-01
2.535066503954002570e+00
4.688929284235832995e+00
7.054518073304101300e+00
9.628233989538340865e+00
1.246977036145947082e+01
1.557547409559834328e+01
1.761304928892187505e+01
1.845986974889988730e+01
1.874219612599784313e+01
1.808036187758965596e+01
1.725862821680421533e+01
1.631135670957456085e+01
1.450412467850612153e+01
1.198363966006319359e+01
9.684063278664220675e+00
7.580624485325182071e+00
5.307267749507057708e+00
3.081187522014865010e+00
1.401909230532923933e-01
-3.574206766944777680e+00
-7.514147662753400070e+00
-1.186057929081265705e+01
-1.506860794371662493e+01
-1.693130293572250977e+01
-1.831106301462062902e+01
-1.875325395856825139e+01
-1.902801915490972462e+01
-1.918792477922061579e+01
-1.843707444581475485e+01
-1.691881890564501134e+01
-1.595812682944577610e+01
-1.555211859791534224e+01
-1.514301837423686692e+01
-1.505033093351100781e+01
-1.427142467192528130e+01
-1.272860142968698050e+01
-1.117592106193132118e+01
-9.379909272444932000e+00
-7.890678352937223750e+00
-6.839811291877795796e+00
-5.795344888419739604e+00
-4.931558822412498877e+00
-4.099661531138435677e+00
-3.268520576988878101e+00
-2.670323348712377420e+00
-2.277459200648905391e+00
-1.399144172655084395e+00
-1.227871744406301702e-02
1.564961455038505367e+00
3.508198111848741085e+00
5.354079167923272209e+00
7.066813372907360780e+00
9.022848996941656097e+00
1.111852075586824107e+01
1.274716547010715217e+01
1.389125063731061616e+01
1.476230503375297864e+01
1.519702179801801201e+01
1.563356261304637052e+01
1.608246595110621158e+01
1.617916505133882410e+01
1.600764033543311271e+01
1.585871519888328152e+01
1.570835929008610954e+01
1.546717378535681853e+01
1.519775897074552340e+01
1.462194517254583381e+01
1.372060016367158042e+01
1.267807166708519162e+01
1.142721066101789518e+01
1.025560995584625168e+01
9.205447460437820695e+00
8.088050504308865740e+00
6.985702814372815261e+00
5.769413227712233194e+00
4.421806697664320218e+00
3.078380012986723369e+00
1.710743165818366496e+00
4.185291103049598727e-02
-1.935759484994374668e+00
-4.109194778710854479e+00
-6.550173549026344411e+00
-9.065933208067265880e+00
-1.164618577100546837e+01
-1.444834440162047606e+01
-1.743192815721960898e+01
-1.953866660127079413e+01
-2.068026097446898603e+01
-2.132537335056977312e+01
-2.117292797398230775e+01
-2.087087381325084934e+01
-2.044170008921889803e+01
-1.928858826153027550e+01
-1.753098598075871806e+01
-1.587664984238070076e+01
-1.430004160860908868e+01
-1.252694922859577176e+01
-1.071876931285191326e+01
-8.282121651201221013e+00
-5.169822743693689659e+00
-1.799961636855856417e+00
1.970496043733014790e+00
4.717377675434311080e+00
6.260466307273500952e+00
7.378617340052223028e+00
7.655979713240828488e+00
7.824630788101761603e+00
7.933113119429708426e+00
7.240802671883193042e+00
5.885542204513581233e+00
5.058744430310470719e+00
4.755973048090804234e+00
4.482605112001740721e+00
4.526010732173594953e+00
3.978892818882577398e+00
2.772696323594999512e+00
1.588859591012860895e+00
2.169334819536018755e-01
-5.469937123817032454e-01
-5.528551698379398083e-01
-3.298195228935392187e-01
3.670426888254267883e-01
1.233568583435635801e+00
2.236488270598878447e+00
3.750966455093777796e+00
5.722521960019235188e+00
7.316059427997453568e+00
8.518340451991205597e+00
9.704030936201320401e+00
1.066719849587241065e+01
1.200185528732073337e+01
1.375626686438313762e+01
1.546812998575424558e+01
1.727467388384296498e+01
1.829156160812117804e+01
1.837846871464201470e+01
1.804930636345699924e+01
1.703498837032392643e+01
1.573722909162591499e+01
1.418172699679444726e+01
1.191985797312925754e+01
9.020498625079994781e+00
6.301717689172684267e+00
3.762240238719126939e+00
1.040042730411374849e+00
-1.670036371668589315e+00
-4.982274213659834139e+00
-8.950467939705434972e+00
-1.311642798506260732e+01
-1.762716127962624313e+01
-2.094461517377877868e+01
-2.286816314715665399e+01
-2.423002318437545810e+01
-2.457640924283565198e+01
-2.469318661725170472e+01
-2.462684068943612914e+01
-2.357203422791568315e+01
-2.167213085908228365e+01
-2.022279401631005413e+01
-1.921520489485131833e+01
-1.810283786697619846e+01
-1.719474196874870842e+01
-1.549700560418881601e+01
-1.292975005340750094e+01
-1.023150819487313612e+01
-7.167930922497967039e+00
-4.764393894335862356e+00
-3.196441451777285447e+00
-1.806386698449858663e+00
-9.037308774925706389e-01
-5.914536969262812471e-02
7.716034567098941643e-01
1.094511014139977423e+00
9.902472472526919756e-01
1.491151752438386380e+00
2.612843663440670205e+00
3.903686932695609624e+00
5.619627234974401198e+00
7.021633989236085505e+00
8.053540174766585125e+00
9.292090980700521641e+00
1.056891919201687813e+01
1.168193434339254821e+01
1.267363871477546056e+01
1.351700878523513616e+01
1.416902457126899506e+01
1.487931773496906729e+01
1.564341616794367695e+01
1.629974082178749129e+01
1.689721106541368911e+01
1.735897290339125121e+01
1.765944928620108456e+01
1.786681496803621627e+01
1.795417449829034240e+01
1.791579642300724373e+01
1.775371395565283450e+01
1.744473399777212563e+01
1.698478264237312629e+01
1.635483424371663119e+01
1.554418938361235902e+01
1.455421942625342346e+01
1.337343472401090594e+01
1.200187140833448041e+01
1.043287308961797422e+01
8.651516333210215848e+00
6.651950307786890448e+00
4.458257277672764474e+00
2.065083412498761373e+00
-5.488372348887506913e-01
-3.382255459748408022e+00
-6.462640717114071620e+00
-9.798324397919452977e+00
-1.337902918502566685e+01
-1.721610307192922207e+01
-2.017829605715004959e+01
-2.215313706972556318e+01
-2.368242617830970076e+01
-2.444072574909838380e+01
-2.508165468229734074e+01
-2.563381192930744490e+01
-2.547570479006504485e+01
-2.472819685003698353e+01
-2.422016343546552619e+01
-2.393269493093610123e+01
-2.353425993470305499e+01
-2.321820306668829659e+01
-2.231566905852158911e+01
-2.077413999767458819e+01
-1.907659808124227041e+01
-1.706392717959781891e+01
-1.523028925770802999e+01
-1.366897435615659440e+01
-1.202559437812051435e+01
-1.044828743647165759e+01
-8.754157447216137200e+00
-6.913668747723742847e+00
-5.148880493800927383e+00
-3.421273356706439728e+00
-1.182656070583264718e+00
1.584385117788022601e+00
4.641883589660460885e+00
8.130945334736210839e+00
1.167855129258684777e+01
1.526077882679738096e+01
1.918270076296252924e+01
2.336384605067500786e+01
2.636137039806556359e+01
2.806540871532768122e+01
2.909696320632352240e+01
2.904853566222482186e+01
2.882440977641001467e+01
2.845453866966260392e+01
2.711831530406620061e+01
2.498347615473731409e+01
2.297767638310516247e+01
2.106307092408127701e+01
1.888769701229964326e+01
1.666188388377390694e+01
1.359686727502396231e+01
9.630866908732071963e+00
5.315868511773302885e+00
4.616945476576418961e-01
-3.194333911787459623e+00
-5.429736289916165859e+00
-7.207411908453779326e+00
-8.020606003745985646e+00
-8.754387592032946586e+00
-9.470925027364266668e+00
-9.272385755096285820e+00
-8.326970671005106794e+00
-8.103843732811787604e+00
-8.600965019199112049e+00
-9.208976391760916869e+00
-1.028417592666455604e+01
-1.071513649820959913e+01
-1.041950354078200114e+01
-1.023705216301330800e+01
-9.911624901904410478e+00
-9.629444344284644686e+00
-9.495549926976313060e+00
-9.233363622353833122e+00
-8.914820309557288880e+00
-8.622752509911398633e+00
-8.333899701342211586e+00
-8.072357131634067429e+00
-7.853901753496207228e+00
-7.223061522524863776e+00
-6.147646544565788851e+00
-4.857569566582608189e+00
-3.230995487196227867e+00
-1.531812261869775593e+00
2.192403878431648523e-01
2.258147651510095777e+00
4.528893013148151958e+00
6.142299078303643967e+00
7.040188807394909709e+00
7.603555909121926248e+00
7.586235974733708254e+00
7.559519967606894930e+00
7.546098322977742967e+00
7.040908811557882174e+00
6.153963764955309834e+00
5.434272210015233640e+00
4.860343016630072732e+00
4.234325818863396762e+00
3.682785353601653711e+00
2.738868924522129156e+00
1.370174529166665822e+00
-9.258346310660195422e-02
-1.759084168774271317e+00
-2.896582420315555240e+00
-3.400856536734931712e+00
-3.699063622769654280e+00
-3.575068244649369120e+00
-3.377795063652477836e+00
-3.135014179178692295e+00
-2.477712353256182443e+00
-1.471757976170705362e+00
-7.674639312157576221e-01
-3.670171379437054959e-01
