5.861237627576856291e+00
9.071382521482284744e+00
1.244751794268922040e+01
1.596623931771320137e+01
2.023507829175574457e+01
2.512032274686440658e+01
2.714008105647693725e+01
2.602917556350842432e+01
2.334352280905226706e+01
1.810839488036754474e+01
1.250138779505379993e+01
6.615327993835360409e+00
-1.510017428536056805e+00
-1.145698537764497260e+01
-2.054722946572508491e+01
-2.881289330778219338e+01
-3.728752209989068689e+01
-4.532471345106547034e+01
-5.505115680513863197e+01
-6.660872224295377464e+01
-7.841752271518340933e+01
-9.096315381199480044e+01
-9.393051548844424303e+01
-8.609780609843454613e+01
-7.264465487985674486e+01
-5.053389828123302152e+01
-2.530399649737889689e+01
2.809260557561152893e+00
3.935841790414065855e+01
8.336539624093012435e+01
1.121816812740393772e+02
1.244661467127902057e+02
1.304251269136782696e+02
1.239410540965548506e+02
1.197728956443850592e+02
1.187543511983337794e+02
1.081945756310109203e+02
9.112472429984333644e+01
7.552503350268385418e+01
6.042126893536998011e+01
4.391335313176428912e+01
2.762983894242741201e+01
3.467186106619856822e+00
-2.905813137934590884e+01
-6.475055418139490371e+01
-1.055511038419191721e+02
-1.342998976189259395e+02
-1.489013364800101158e+02
-1.589498909153765283e+02
-1.595098447255283816e+02
-1.593846895270828270e+02
-1.592626902292250293e+02
-1.503571846368382410e+02
-1.344006974057067794e+02
-1.156316855361915543e+02
-9.303946841410650848e+01
-6.551324409158323192e+01
-3.363183298884898420e+01
7.587097005612535305e+00
5.868459724721728321e+01
1.170167996265331283e+02
1.839922377075629356e+02
2.271553975122782845e+02
2.432515788381024606e+02
2.487863559921300691e+02
2.345557890600102269e+02
2.190081795126387192e+02
2.032771111460272948e+02
1.699553039555340206e+02
1.226532308857143789e+02
9.023512741333473741e+01
7.289650849823622991e+01
5.903042456540292449e+01
5.582295966057647973e+01
4.163328903598761599e+01
1.508286274477736022e+01
-7.113348112237340537e+00
-2.976586513361466046e+01
-6.623745691518814738e+01
-1.160181008305825969e+02
-1.762574533151549758e+02
-2.503439287441207171e+02
-3.265543205535169591e+02
-4.047908125796133163e+02
-4.939006098505631712e+02
-5.916033283669337379e+02
-6.148147352867969175e+02
-5.561614933341784308e+02
-4.531012348849712339e+02
-2.818546856687475497e+02
-9.265066204236246961e+01
1.127263028434133219e+02
3.809835349007652212e+02
7.029037504958268983e+02
8.788958652889840550e+02
8.961890646457759431e+02
8.437879022424652931e+02
6.671138452884215440e+02
4.951521873860572214e+02
3.344509133386579833e+02
7.260513175344357251e+01
-2.645205027186264033e+02
-4.602686780126873032e+02
-5.088418984427401028e+02
-4.965751869683115842e+02
-3.670354701337130905e+02
-2.765305345912526036e+02
-2.329343457194976850e+02
-1.098852421336761154e+02
5.984737905463975949e+01
1.511975876630016842e+02
1.677146874593250061e+02
1.467631836784249515e+02
5.759551082551706713e+01
5.996859503446852813e+00
-4.027684800617347349e+00
-5.106944739025792046e+01
-1.126504566879648479e+02
-1.419171036217350945e+02
-1.431058842170115781e+02
-1.227742694481751897e+02
-6.982598545001566492e+01
-3.190538965920909575e+01
-9.623809416372493430e+00
3.022675814494310842e+01
7.785077193770794679e+01
1.063069246937288739e+02
1.165299297389990159e+02
1.144921750886806109e+02
9.332752972901363364e+01
7.780487657380871269e+01
6.827739049604890909e+01
4.635292239931168012e+01
1.697742890098047752e+01
-3.229040024508803342e+00
-1.488199779137255163e+01
-2.262691426024485963e+01
-2.239965059939357772e+01
-2.911566831986047887e+01
-4.332478734885663130e+01
-5.418907102018224009e+01
-6.490688272929560299e+01
-6.527476827056632658e+01
-5.304930189600025869e+01
-3.522723686605304749e+01
-8.531913516838583789e+00
2.402625343020216775e+01
6.214514576230872223e+01
1.104045285205923221e+02
1.684090923043419536e+02
1.981591464490651902e+02
1.967896732381025515e+02
1.821976329481252321e+02
1.439051280231334715e+02
1.052702983620317099e+02
6.761406145832042114e+01
1.004995472134986301e+01
-6.274306027095484239e+01
-1.173985507489040998e+02
-1.536163020830910000e+02
-1.843428532006967373e+02
-2.011572153807488803e+02
-2.291560527790846322e+02
-2.697405771816974038e+02
-3.033411086654028281e+02
-3.354006250675711271e+02
-3.345270745869649431e+02
-2.951640895911091889e+02
-2.357043103848707517e+02
-1.463094550773785727e+02
-3.993464306244932516e+01
8.278986002449190096e+01
2.375921942965811695e+02
4.225474200753036484e+02
5.236829569129490665e+02
5.325560352553519579e+02
5.023334076798503247e+02
4.015877270911336154e+02
3.010652759363887867e+02
2.046614453006805263e+02
4.936491969087966680e+01
-1.506731514450893599e+02
-2.665028585503984004e+02
-2.942906497342528951e+02
-2.862926816659780798e+02
-2.088495931579969636e+02
-1.538985814624470549e+02
-1.261996466878899241e+02
-5.102543970161872267e+01
5.233935581300118400e+01
1.037468989796911814e+02
1.047084172623405891e+02
8.030036770314572436e+01
1.057837336375545512e+01
-3.837959222532249015e+01
-6.403759408499564643e+01
-1.162167300742302558e+02
-1.809658467124912420e+02
-2.091833369740639625e+02
-2.017281912321145967e+02
-1.721654662144821373e+02
-1.079550281829951075e+02
-5.054674886805275236e+01
-9.027791832795082350e-01
7.258301518898642257e+01
1.615555535704908721e+02
2.149434002913212964e+02
2.315532215876552300e+02
2.299877253179658965e+02
1.967592217064122906e+02
1.702197349904127464e+02
1.517919676856330398e+02
1.105611773342080255e+02
5.430301511968919215e+01
1.595952717613259431e+01
-5.257221865772134350e+00
-1.995373329107419380e+01
-2.006545500126235737e+01
-3.325691042358908334e+01
-6.079003598004336339e+01
-8.217610386780657450e+01
-1.034213448519126501e+02
-1.177063210642069890e+02
-1.220607862614893691e+02
-1.238792286691543865e+02
-1.205905738687807656e+02
-1.108754448213180552e+02
-9.507093086060180553e+01
-7.134551067120807488e+01
-3.921425063789160959e+01
-1.667107172208061172e+01
-4.792874510145709976e+00
5.577778459474383332e+00
9.740059571269140903e+00
1.881141517315585432e+01
3.377642324550428299e+01
4.516367601562476608e+01
5.546462737499347639e+01
6.303522325028508533e+01
6.651352787001260936e+01
6.836274722036417018e+01
6.771272874730705382e+01
6.320926712623717947e+01
5.484555533635457181e+01
4.235380378658410905e+01
2.528236569696274572e+01
1.121052736746431400e+01
5.853557937775841769e-01
-1.068952853701642347e+01
-2.067379651821877928e+01
-3.404663845219852902e+01
-5.131249045931706121e+01
-6.856365114917984727e+01
-8.690995079107821653e+01
-8.966729537301193886e+01
-7.467751294625530534e+01
-5.054974261465366681e+01
-1.230649503716039916e+01
3.135053645279269929e+01
8.004688559623663480e+01
1.427192963321830632e+02
2.178601618142883467e+02
2.534513225425588416e+02
2.457702694369293965e+02
2.185962545646002297e+02
1.575811509808726782e+02
9.542042589693595289e+01
3.380070542912910270e+01
-5.627569302742707436e+01
-1.683128443622514681e+02
-2.391587425624050809e+02
-2.666713097651818316e+02
-2.767178147643326156e+02
-2.527112968831442856e+02
-2.392168348993544669e+02
-2.385248112649420591e+02
-2.141255743302079395e+02
-1.753154072868993296e+02
-1.418726243015392185e+02
-1.109908181548650532e+02
-7.932656313401555792e+01
-5.091523256121688945e+01
-4.475977114416561875e+00
6.094787926725016547e+01
1.318025882755340206e+02
2.130273274185265677e+02
2.669522242424783371e+02
2.887558282948332931e+02
2.999522250215715076e+02
2.896579934068486750e+02
2.765224452574652787e+02
2.620759871269871724e+02
2.273129880900258684e+02
1.758848959917895911e+02
1.339446341900487312e+02
1.010015477314509837e+02
6.661241407391065650e+01
3.693247953303797715e+01
-8.552588418112028634e+00
-7.139817341958020336e+01
-1.365559542365768095e+02
-2.088400296464919279e+02
-2.590129990427564621e+02
-2.826580033216534389e+02
-2.971072048647974952e+02
-2.936390229589664500e+02
-2.857479279435781336e+02
-2.745112969197573420e+02
-2.452861261244966897e+02
-2.005668356342081324e+02
-1.598681868510905133e+02
-1.225602625194560318e+02
-8.051122509202647848e+01
-3.811801857898031187e+01
2.028327076173078325e+01
9.610910193786584443e+01
1.782844524800049726e+02
2.706723630321944256e+02
3.255982665165850563e+02
3.373141743091550211e+02
3.312173712961372303e+02
2.934375299192213902e+02
2.492024538123748414e+02
2.000636830315591794e+02
1.209073808032307369e+02
1.647773921557348586e+01
-5.222236592010668232e+01
-8.318702181337106083e+01
-1.027561489782999331e+02
-9.515301381705403116e+01
-1.029569314821297326e+02
-1.288549397419119202e+02
-1.382811117130416108e+02
-1.404378229697791767e+02
-1.382704574459633591e+02
-1.277503294042389257e+02
-1.136417052225554869e+02
-9.538746941976884841e+01
-6.239801493104200603e+01
-1.441777492410343342e+01
4.432273267761214441e+01
1.165323179463226069e+02
1.562558499254904802e+02
1.591321221983131977e+02
1.491828291668302882e+02
1.136165912630850556e+02
7.836311215871495506e+01
4.533915425673730226e+01
-9.601039018182378371e+00
-8.115865136757783205e+01
-1.208705306758790670e+02
-1.274166013832968218e+02
-1.204391837859896981e+02
-8.735813802756157997e+01
-6.264760865035258774e+01
-4.813477381886266215e+01
-1.587443061394515986e+01
2.686833574538244207e+01
5.086331664871359948e+01
5.671944411166493438e+01
5.339790543821847990e+01
3.362823282987665863e+01
2.164007485766878247e+01
1.832457151527998462e+01
5.439371408725145685e+00
-1.191731241863876178e+01
-2.119187345893077534e+01
-2.326475336202509325e+01
-2.058561008992501939e+01
-1.014997492825861869e+01
-4.060205684170021811e+00
-2.576674655270496217e+00
2.874328265029354235e+00
9.767453985889249068e+00
1.271557166155838381e+01
1.211885318426481284e+01
8.771120931385572916e+00
1.353790588650553683e+00
-4.699906135823723297e+00
-9.341488724448492320e+00
-1.642759436765547676e+01
-2.486289673061802219e+01
-2.505232574984710325e+01
-1.646401051281661410e+01
-2.866299819265179849e+00
1.840032945385859620e+01
4.072473408576637155e+01
6.390979007068334283e+01
9.364807958545857502e+01
1.286794783650626357e+02
1.445609570010569200e+02
1.396469095805867084e+02
1.246877460909677353e+02
9.293148840825124068e+01
6.011180129925661220e+01
2.693962153568170947e+01
-2.043529222032856296e+01
-7.892668953614624172e+01
-1.198013273733126880e+02
-1.421970103889163681e+02
-1.578367079106879771e+02
-1.592269366778792516e+02
-1.669041917408103473e+02
-1.819599363346926566e+02
-1.877365998627300314e+02
-1.885627123456189906e+02
-1.781334986387942081e+02
-1.536425392642211705e+02
-1.208370068470618293e+02
-7.713701180258119905e+01
-2.167537264545589437e+01
4.562422753471984294e+01
1.270153914687794838e+02
2.231357356330854032e+02
2.790946973440309193e+02
2.902421398708888205e+02
2.832916363762092828e+02
2.429603324135088087e+02
2.020004520306291624e+02
1.623524544563697702e+02
9.416505841960007217e+01
3.964032345937265944e+00
-5.411425603219763047e+01
-7.906666031949110618e+01
-9.258491667509859724e+01
-8.083147721081192572e+01
-8.340941738085471968e+01
-1.025466250028320587e+02
-1.068139733904684192e+02
-1.047285120318593243e+02
-1.029218216567363129e+02
-9.821326821915161531e+01
-9.321743469358975176e+01
-8.864292835379872315e+01
-7.253406251142573069e+01
-4.465205929623565595e+01
-1.116569018726825746e+01
3.075005586655878176e+01
5.488660474036823445e+01
5.843665694152765866e+01
5.604954939979265305e+01
4.040433982459727957e+01
2.533052088153723602e+01
1.205966000948551553e+01
-1.268682608207844353e+01
-4.602765351205257360e+01
-5.634372988225718615e+01
-4.240828053533481068e+01
-1.734926730473314649e+01
2.719083842097204951e+01
6.950980790476164373e+01
1.085113202603830729e+02
1.622538040769625241e+02
2.262626346592028312e+02
2.530638994419619507e+02
2.402382220946354039e+02
2.072038767187949873e+02
1.410463220654280860e+02
7.393892857736094015e+01
7.167866531568862776e+00
-8.675481889289093829e+01
-2.014868232174725620e+02
-2.711587097492756016e+02
-2.930308932725022260e+02
-2.942787828679686299e+02
-2.573534759990845373e+02
-2.280464114720144835e+02
-2.085653315790616205e+02
-1.608026507924247994e+02
-9.414307549177831902e+01
-4.661217712236461352e+01
-1.687979830149682314e+01
7.065263193489492721e+00
1.611114789780598144e+01
4.268807015979677999e+01
8.837048372444597533e+01
1.295466387038050868e+02
1.733692695962631092e+02
2.010366004909453181e+02
2.081365470172675032e+02
2.085912501402374346e+02
1.963680809348825846e+02
1.763976232526469232e+02
1.494522642816420728e+02
1.074796663478593359e+02
5.119819636940316343e+01
1.305308515615953269e+01
-5.431369816766868475e+00
-1.958731807552140580e+01
-2.098199230784310387e+01
-3.085607958236840886e+01
-5.082059002899558209e+01
-6.320091537632990253e+01
-7.267169967195212621e+01
-8.748519863998289736e+01
-1.062691505494690176e+02
-1.283156565886597207e+02
-1.553009402944778401e+02
-1.780882201967399965e+02
-1.964311829033076435e+02
-2.161556860676886629e+02
-2.352330012943046711e+02
-2.343816556031481468e+02
-2.120841219057437854e+02
-1.758114970132269548e+02
-1.199609817566700798e+02
-5.696335766722607730e+01
1.306972230139200875e+01
1.015709948051547542e+02
2.064215374242165808e+02
2.767859709015109502e+02
3.094276811082198719e+02
3.272756557232639238e+02
3.164752984960804838e+02
3.100086397405052026e+02
3.096569306352761259e+02
2.868226574556508695e+02
2.482000539618333903e+02
2.087520983155679914e+02
1.658904964535972510e+02
1.165715686038346206e+02
6.351440850539716365e+01
-9.943356022685255979e+00
-1.049395494435557339e+02
-2.114970046585598880e+02
-3.337903356728373865e+02
-4.036232749396737063e+02
-4.136085949718894881e+02
-3.991927659945562255e+02
-3.408580898215465140e+02
-2.760272277946115764e+02
-2.070318304273252750e+02
-9.772400421459235531e+01
4.467913873105841560e+01
1.334149627549508352e+02
1.654774425004081593e+02
1.778306137479651454e+02
1.478754695918739799e+02
1.360488274933238984e+02
1.459214174372469017e+02
1.281071258946539899e+02
9.548627197141492218e+01
7.292372982032469508e+01
5.662477017467531226e+01
4.338615870747661063e+01
3.828686985517341412e+01
1.407522871608914627e+01
-3.023093280954735462e+01
-7.726224063936368225e+01
-1.332078798013515097e+02
-1.622802717642206858e+02
-1.594946251462795317e+02
-1.463794599556253786e+02
-1.125456093108910096e+02
-7.452273645001858426e+01
-3.390149737593313972e+01
2.679798959952887571e+01
1.043051914850257305e+02
1.509687742704921050e+02
1.648526744945379221e+02
1.666573222553663527e+02
1.438813796405439120e+02
1.288179551278528550e+02
1.233833863648729192e+02
1.007751917226326697e+02
6.781825978935913213e+01
4.529811404658383367e+01
3.181044354677760921e+01
2.201633578268944191e+01
2.071450235466798162e+01
8.848919574777603714e+00
-1.436843431835878526e+01
-3.557156033809403084e+01
-5.896307116008285476e+01
-8.020274371213800180e+01
-9.752466043627664760e+01
-1.160196390671865174e+02
-1.341793901750102691e+02
-1.511978216516679367e+02
-1.674796746222883144e+02
-1.820668407948780896e+02
-1.947958577860527782e+02
-1.912844542775162893e+02
-1.697086569024347682e+02
-1.365455009352525622e+02
-8.737627251501878334e+01
-3.018992588316680425e+01
3.497693185422792794e+01
1.163277318055787646e+02
2.126464657584385805e+02
2.691932750663597176e+02
2.819414850817607885e+02
2.762351107351697124e+02
2.369629489503101922e+02
1.984167415182926391e+02
1.624375067355958038e+02
9.857430849653879079e+01
1.367457059308809875e+01
-4.228332877001626855e+01
-6.871369923225145726e+01
-8.510086962223846285e+01
-7.877066812383746708e+01
-8.711649615578528483e+01
-1.122018137891147944e+02
-1.247247895792527572e+02
-1.327608417056954693e+02
-1.326141123044846779e+02
-1.203787153074248266e+02
-1.032607253341569304e+02
-7.910813046006077798e+01
-4.248337289562094554e+01
6.557277229178622768e+00
6.764399710862328163e+01
1.423321355628032165e+02
1.808380823698315112e+02
1.788181924809887562e+02
1.612522727392031356e+02
1.143297301963380477e+02
6.709600732560900838e+01
2.147706709729595076e+01
-4.915338893937376952e+01
-1.389188085678112543e+02
-1.849817454722131060e+02
-1.849090075778553057e+02
-1.647493377767933111e+02
-1.078852220245607754e+02
-5.781219804628460679e+01
-1.673068818008186653e+01
5.143280781499930754e+01
1.376900837911099131e+02
1.832651478971857841e+02
1.870077199576650457e+02
1.707956220254414745e+02
1.193107657655723841e+02
7.616264391249372068e+01
4.319260246546913606e+01
-1.459047748316855575e+01
-8.820000682503437872e+01
-1.304094424120839619e+02
-1.409708829807077848e+02
-1.362808933523294002e+02
-1.042142616505447421e+02
-8.153076155112353263e+01
-6.969041637711622172e+01
-3.994303370504984230e+01
7.597669114682314984e-02
2.596206293264621578e+01
3.885253898893589053e+01
4.521248146750532726e+01
3.915354574459602333e+01
4.255223755838348865e+01
5.616931372184315308e+01
6.418637059570231429e+01
7.127972714908793250e+01
7.047324475959511858e+01
5.931012639324796965e+01
4.430389300474440262e+01
2.298046039394082030e+01
-4.818131707238031858e+00
-3.880363091299791733e+01
-8.126757026903851511e+01
-1.324395739945425987e+02
-1.560333041113032095e+02
-1.490747711026493505e+02
-1.290539399732290917e+02
-8.589861615718727705e+01
-4.129934583077836407e+01
3.482486328948301235e+00
6.816885552375447332e+01
1.484443815691599298e+02
1.894615727049376801e+02
1.885923250753764933e+02
1.690856171223487081e+02
1.162394637514754976e+02
6.714629681311383536e+01
2.364498770198725097e+01
-4.559069060834578124e+01
-1.329995567439232786e+02
-1.794579654377067754e+02
-1.832776348565890032e+02
-1.675269173556265798e+02
-1.166714722094724692e+02
-7.337188040488435092e+01
-3.955795509656202569e+01
1.949783590090459029e+01
9.500765715906254627e+01
1.365840601597334683e+02
1.436890750983001510e+02
1.343697459695269174e+02
9.562707604185793286e+01
6.595415630382309757e+01
4.694107950562050036e+01
8.208791507360595929e+00
-4.225436677819143227e+01
-7.037363437802919464e+01
-7.654096401059042876e+01
-7.154330331434007917e+01
-4.678105489023925401e+01
-3.012006121336689191e+01
-2.257026924208283347e+01
-2.890170209857139572e+00
2.310330262620123420e+01
3.870912062308693891e+01
4.480741990527661045e+01
4.536581788196092191e+01
3.633852782702870599e+01
3.308598977315944722e+01
3.603616822243753859e+01
3.411834252564432290e+01
3.056318254989099259e+01
2.846813898834577472e+01
2.690633736773210671e+01
2.663904851938655938e+01
2.823417941838420830e+01
2.692797964593025384e+01
2.272508475528868033e+01
1.843325811285397009e+01
1.303292098392011944e+01
-1.688227335411796037e-01
-2.165393023101609060e+01
-4.906150941978043534e+01
-8.434926010835758348e+01
-1.229546102466407262e+02
-1.648838522681390657e+02
-2.142601711055526152e+02
-2.703207397972948911e+02
-2.907616423474119074e+02
-2.719512220478715676e+02
-2.333727449955652844e+02
-1.630491005118620365e+02
-8.661937230361409945e+01
-5.194274913626279577e+00
1.048086145038168979e+02
2.385363414233774222e+02
3.235256757481800491e+02
3.561193984405599622e+02
3.677573717254701364e+02
3.390236814793482267e+02
3.186138086932751321e+02
3.091245666511199488e+02
2.693896345355327071e+02
2.094301634238091481e+02
1.597423810997140095e+02
1.177433109515299066e+02
7.530986065662533235e+01
3.915509739400123124e+01
-1.962130139597044831e+01
-1.025646623535239286e+02
-1.901362698567135112e+02
-2.890108686744500801e+02
-3.518031752049090528e+02
-3.720284540770466606e+02
-3.769902669366270516e+02
-3.528048619468162315e+02
-3.222871651209421771e+02
-2.872339681525209016e+02
-2.237738874903192539e+02
-1.362408800940007154e+02
-7.422260336238774414e+01
-3.867609632438923484e+01
-8.349475379749017989e+00
4.278541199284827456e+00
3.475528836515812969e+01
8.554481461949548304e+01
1.286097647636233319e+02
1.718749147860287678e+02
2.094632205785358678e+02
2.375317775261159738e+02
2.643867870130677034e+02
2.874061293592297943e+02
3.031382603829418940e+02
3.118874973158755211e+02
3.127256387904995449e+02
3.046411172753066126e+02
2.803282392635273368e+02
2.382115081487248744e+02
1.804788331317350014e+02
1.043593619958720211e+02
1.332633011932537492e+01
-9.330131495314323331e+01
-2.202933338478262044e+02
-3.676815109920398186e+02
-4.555537462178988903e+02
-4.770730653584192851e+02
-4.704236896227893112e+02
-4.132039292143792863e+02
-3.536759430929978976e+02
-2.944361672857535837e+02
-1.914693708871993749e+02
-5.424425244181817618e+01
3.580641250948810494e+01
7.713751531575691445e+01
1.027099027096109154e+02
9.173842999616383054e+01
1.037837111910624515e+02
1.423041580569847895e+02
1.601021805806059319e+02
1.700567635362140777e+02
1.785991299506814300e+02
1.806456159095654357e+02
1.818936676119200513e+02
1.824282572741327897e+02
1.664295979958418741e+02
1.336834241005865351e+02
9.153080170983697883e+01
3.616788876391885310e+01
-2.774364500541862455e+00
-2.236441571806961903e+01
-3.979805444321924313e+01
-4.702983278463433692e+01
-5.979746391349772949e+01
-7.982488612162661923e+01
-9.244988647412934313e+01
-1.011945229280602945e+02
-1.053685003497914892e+02
-1.028726099460847649e+02
-9.630865678136963481e+01
-8.471542521770214762e+01
-6.489996129587186147e+01
-3.661925162915289178e+01
-2.428077803949619806e-01
4.527052577488290552e+01
7.352062914849354058e+01
8.229134775086153297e+01
8.510272723625178060e+01
7.471890390520152891e+01
6.674835732962016266e+01
6.236445247865670893e+01
4.750601329331128397e+01
2.544391372763451997e+01
8.743748529466619956e+00
-3.329095246775992223e+00
-1.467351351914829927e+01
-2.243173112224376098e+01
-3.759478578240384650e+01
-6.079246846062121534e+01
-8.431397918524899637e+01
-1.106789402996342915e+02
-1.199845075128044130e+02
-1.094833508138464850e+02
-9.038587528500173107e+01
-5.680756077965503437e+01
-1.839688840002401449e+01
2.418836467820775837e+01
8.110647960530531009e+01
1.505899292401173000e+02
1.846761179449991346e+02
1.802416371968985516e+02
1.589923843107981156e+02
1.078350898110282543e+02
5.737038738281670902e+01
9.230459932946043722e+00
-6.335169148832158470e+01
-1.542119553935443719e+02
-2.022656026162545686e+02
-2.051488598555001204e+02
-1.878380410410006789e+02
-1.341236593051159218e+02
-8.660842356179313128e+01
-4.733569175970610132e+01
1.902311945687493733e+01
1.037245869392533137e+02
1.505360140389201433e+02
1.585066139576719593e+02
1.485293163349593044e+02
1.060236871900314384e+02
7.303890668184119761e+01
5.140910662968505562e+01
7.612484568977403221e+00
-4.962134881907466877e+01
-8.390307235466414681e+01
-9.583468205811529117e+01
-9.683545247614337370e+01
-7.780678961759066681e+01
-6.879524323501773608e+01
-7.093780810135093873e+01
-6.153281390895744352e+01
-4.690860480374544750e+01
-2.864977188492366267e+01
-4.207821262949721586e+00
2.291760990472231541e+01
5.308383354365815165e+01
9.331039119247871838e+01
1.436583602510612252e+02
2.012390393203429539e+02
2.677769950013657763e+02
2.943913059088530986e+02
2.762260120828601657e+02
2.377002051639584579e+02
1.649145876501350187e+02
8.545306555366201451e+01
8.595934278063595002e-01
-1.150845958681246515e+02
-2.570932598126489097e+02
-3.397907068701769049e+02
-3.586636869249060737e+02
-3.509825509353869961e+02
-2.937983860475146116e+02
-2.438577261079888387e+02
-2.041685528666115772e+02
-1.264320211013155699e+02
-2.226732107896816615e+01
4.350718373457552701e+01
7.101366567663669116e+01
8.352004106719914489e+01
6.475969428309743137e+01
6.534597263547821910e+01
8.774894455689461381e+01
9.305537200739516379e+01
9.212931353805753076e+01
9.268131636130402740e+01
9.089046774830684683e+01
9.053742140906744851e+01
9.249650474022458013e+01
8.222180631725771605e+01
5.960035274069123545e+01
3.224460982949948828e+01
-3.169626167619719936e+00
-2.849095290164181549e+01
-4.161503041563945970e+01
-5.376820395970965194e+01
-5.996301521235329091e+01
-6.895047861396399469e+01
-8.184167027862056898e+01
-9.004294843719655717e+01
-9.553073645165649452e+01
-8.850357653602611663e+01
-6.671837929207951845e+01
-3.601080560158475663e+01
6.958480049749096175e+00
5.866312436984713941e+01
1.191095932354447200e+02
1.933532184632138069e+02
2.810816779824162950e+02
3.215025912479473504e+02
3.095998888651017182e+02
2.741429184498697396e+02
1.981511793038930023e+02
1.184704024251592500e+02
3.705446996578527319e+01
-7.957650438814786753e+01
-2.241914937972209714e+02
-3.108169351602963388e+02
-3.357884607092984197e+02
-3.353814237533881055e+02
-2.867713364425662235e+02
-2.490111013188229094e+02
-2.251767793380343505e+02
-1.660523101237084234e+02
-8.385450443536285547e+01
-2.504692310755446982e+01
1.229541378069383484e+01
4.229604851327519555e+01
5.390067508585580924e+01
8.728689970627441141e+01
1.443391559724611852e+02
1.960176216530267084e+02
2.511787181679210903e+02
2.724208314033865008e+02
2.528794436586849486e+02
2.164085351092518295e+02
1.514558081802997833e+02
7.224922043174429120e+01
-1.995449041631719567e+01
-1.429102629074639879e+02
-2.942659951526539999e+02
-3.709324517965922610e+02
-3.658836538460121233e+02
-3.268799421479680518e+02
-2.257812131729486396e+02
-1.273825703699602201e+02
-3.538906565507386404e+01
1.071754452777987723e+02
2.871666538853388602e+02
3.817410151114971768e+02
3.865822179814684887e+02
3.514284476385248581e+02
2.438464186301325185e+02
1.502516115511991757e+02
7.480584862162089621e+01
-5.368320353013378821e+01
-2.174018993295177609e+02
-3.047831356382455397e+02
-3.139782021465588286e+02
-2.860416039446755008e+02
-1.920044924587773210e+02
-1.154772755605574446e+02
-5.998462088275093151e+01
4.116288396518383763e+01
1.706796102286347718e+02
2.376499922945255037e+02
2.414173383649334141e+02
2.134724450741504427e+02
1.303638119122974217e+02
6.258314831677262191e+01
1.282148139548187160e+01
-7.430838975375418443e+01
-1.842620206800212941e+02
-2.415359598472977609e+02
-2.454887112795056510e+02
-2.221016727855639772e+02
-1.518177413135179563e+02
-9.323952447243982533e+01
-4.850940524612158811e+01
2.853337659955908379e+01
1.258661447868110770e+02
1.829229580259114414e+02
1.994731568050064823e+02
1.961985942433088894e+02
1.575404809707315508e+02
1.311022549444111860e+02
1.187056369157887303e+02
8.322222447721674143e+01
3.451758974733082397e+01
2.637983362301012491e+00
-1.403668744266717283e+01
-2.317447820497769584e+01
-1.759980090342223136e+01
-2.476178046942915145e+01
-4.562054102366502661e+01
-6.054450735248919813e+01
-7.543642714467254962e+01
-8.447537625187236188e+01
-8.496161683581617297e+01
