-5.751683019270053876e+00
-4.065734587262812560e+00
-2.359139576711970054e+00
-6.384582622375647443e-01
1.179845221442999748e+00
3.072863721128313852e+00
4.638320988377167886e+00
5.844895131077609385e+00
6.864996123989241639e+00
7.584519542750304488e+00
8.254760066425363974e+00
8.883467094010120135e+00
9.241444262309670421e+00
9.374818294858272338e+00
9.542898733550190471e+00
9.734697217333426522e+00
9.850871261649260191e+00
9.949847584663814359e+00
9.810449868489300229e+00
9.414840368255518399e+00
8.917010516651497909e+00
8.263233030094333742e+00
7.758834513495445506e+00
7.447010561196109713e+00
7.142082126484022631e+00
6.932817399890120136e+00
6.674190286986081411e+00
6.351760775136789938e+00
6.116524063723384863e+00
5.939156078396623961e+00
5.537181739937442337e+00
4.906526444046558133e+00
4.164287774533135256e+00
3.239545202278127700e+00
2.336391481795184077e+00
1.468071876759970307e+00
4.740133420770556993e-01
-6.007242154971476067e-01
-1.403831737635492960e+00
-1.917815639989435050e+00
-2.276040999654400654e+00
-2.381279715196792157e+00
-2.474831709959175008e+00
-2.562717548294747516e+00
-2.436755746572709658e+00
-2.142220540036722021e+00
-1.874674361803036815e+00
-1.621901158933048759e+00
-1.316009471822602528e+00
-1.000027838958801318e+00
-4.969262624019287200e-01
2.065981026384207386e-01
9.905575367367819295e-01
1.897907854307794739e+00
2.629287268812308120e+00
3.145308271055400784e+00
3.620507786430437136e+00
3.968321673126900428e+00
4.337062890719413311e+00
4.739813999366453423e+00
5.025703637632866538e+00
5.224318552772487578e+00
5.598334358292361479e+00
6.149909803841408618e+00
6.771264820353672498e+00
7.527639998740950134e+00
8.225578834377854420e+00
8.852219039642713838e+00
9.557636549926137093e+00
1.029863409383962214e+01
1.070943432924743099e+01
1.076929038992284049e+01
1.061858385468717181e+01
1.015525804393230480e+01
9.624878468808677923e+00
9.032970989024374120e+00
8.164232354828451221e+00
7.063896987733127908e+00
5.940075237501329042e+00
4.779797831200678360e+00
3.508170647450122193e+00
2.170592657632905986e+00
5.793967992284012603e-01
-1.280463268903011764e+00
-3.282449365138190078e+00
-5.472714589419362952e+00
-7.544546398767280060e+00
-9.457865431182217009e+00
-1.139369580462915721e+01
-1.326382998479239284e+01
-1.522060589918772600e+01
-1.727837248253739233e+01
-1.928328493984120229e+01
-2.126640056852710359e+01
-2.350030166939989584e+01
-2.598822891057860929e+01
-2.861926761193454283e+01
-3.146180157166464397e+01
-3.431693995387615104e+01
-3.717222355385631261e+01
-4.018361407299935451e+01
-4.330736894048715158e+01
-4.590688276884005603e+01
-4.793489184144078763e+01
-4.965864314846388794e+01
-5.089795890681531176e+01
-5.205591826485375861e+01
-5.314410099307610125e+01
-5.379737013482301933e+01
-5.408961633254639878e+01
-5.442267145592889932e+01
-5.477806471238565678e+01
-5.500312253521521200e+01
-5.518780292912800434e+01
-5.498590396670935121e+01
-5.436938604638352501e+01
-5.357774178236574159e+01
-5.252657752204490293e+01
-5.171092705213074936e+01
-5.119955669305276302e+01
-5.069325232420725058e+01
-5.033552650397950146e+01
-4.988868388908160512e+01
-4.932927133848414769e+01
-4.890285151173971911e+01
-4.856119652313477530e+01
-4.785004746658731989e+01
-4.676300013912039333e+01
-4.548748447704856090e+01
-4.390939533229708758e+01
-4.235746933072254450e+01
-4.085278952486352466e+01
-3.913672723680400622e+01
-3.728172496629481003e+01
-3.579018850582414046e+01
-3.468351116308367210e+01
-3.377708969396169181e+01
-3.320849939484794078e+01
-3.262607352171609421e+01
-3.202123764338512757e+01
-3.169329497094602033e+01
-3.157576610629258340e+01
-3.139977808850656871e+01
-3.118337062555390204e+01
-3.101684030284341986e+01
-3.084122989437501872e+01
-3.090339807699854546e+01
-3.122130841099552612e+01
-3.162840819812421955e+01
-3.218438907387618997e+01
-3.245049240457351658e+01
-3.236966930056711078e+01
-3.219502519973286780e+01
-3.179964648034994568e+01
-3.140239689474864448e+01
-3.102185280284039948e+01
-3.043589430278940355e+01
-2.968785774681031953e+01
-2.915791891831903015e+01
-2.884842361206525752e+01
-2.860337156703438666e+01
-2.851676562130645465e+01
-2.830698612253533142e+01
-2.795497156457338050e+01
-2.767806311836946165e+01
-2.741302415043008978e+01
-2.707950576643831297e+01
-2.669331013628858784e+01
-2.624684732391841635e+01
-2.572288291095121693e+01
-2.521934574223064729e+01
-2.473508255944114254e+01
-2.420655883420142018e+01
-2.365327643438384797e+01
-2.305372877291621947e+01
-2.239893525933776175e+01
-2.171204702588046231e+01
-2.098518455270894734e+01
-2.021162951393473151e+01
-1.939228266757852381e+01
-1.852287277801051602e+01
-1.760122540174473826e+01
-1.676422155401661485e+01
-1.602355279201990257e+01
-1.531233018561620263e+01
-1.466866416601831524e+01
-1.401188733288068100e+01
-1.333719182594311192e+01
-1.271852619002541296e+01
-1.213986686279468863e+01
-1.150641312275783257e+01
-1.081980704010627470e+01
-1.011557368859013906e+01
-9.370955235832427732e+00
-8.661638674604525079e+00
-7.992483719897909289e+00
-7.307461736631243099e+00
-6.623778428656534878e+00
-5.864360002101724589e+00
-5.015580440909428006e+00
-4.126122566706897921e+00
-3.172380126903022290e+00
-2.185460586327617527e+00
-1.168142653600900527e+00
-8.326127787895845622e-02
1.063777127639102593e+00
2.197621508642132238e+00
3.317738139494586846e+00
4.457880985418576358e+00
5.599817583880893679e+00
6.798501163409812698e+00
8.058640949733989700e+00
9.338403605150363163e+00
1.065075761257611831e+01
1.196890376396148525e+01
1.328595245479071174e+01
1.462422200680679651e+01
1.597515337336342967e+01
1.734513766886140829e+01
1.873589985507706146e+01
2.013654036630671129e+01
2.154832159198405606e+01
2.300774792316033412e+01
2.451631624739283311e+01
2.605719566022287736e+01
2.763981360233972140e+01
2.924023966294895871e+01
3.085673125520254700e+01
3.250913868240688487e+01
3.419222685979138276e+01
3.558031808645474570e+01
3.664239665575343707e+01
3.752717749899029798e+01
3.814060869733285841e+01
3.867402216118999547e+01
3.913379388392681335e+01
3.933834718382549056e+01
3.932201579336687303e+01
3.931090506430881959e+01
3.929718830277767694e+01
3.919002635498370779e+01
3.904066033091903876e+01
3.866111043598915131e+01
3.803539032680723864e+01
3.729556742926954627e+01
3.639570260644997290e+01
3.556351123313545060e+01
3.483257242022591527e+01
3.405963005980247260e+01
3.331090443348422525e+01
3.248117447696981941e+01
3.155870481578534026e+01
3.065433732588438431e+01
2.974629491269596215e+01
2.861529651444848810e+01
2.725692842504803437e+01
2.576222361971425912e+01
2.407547326166378809e+01
2.235246399679498808e+01
2.060281174090626877e+01
1.870214232442517499e+01
1.668431022399351704e+01
1.501419679101514326e+01
1.372448737385316875e+01
1.262082892491436503e+01
1.183392390866360699e+01
1.106610064379766278e+01
1.030820500807084272e+01
9.827208016024098214e+00
9.567813828400947074e+00
9.239753732335653780e+00
8.856140032353989611e+00
8.525372680707176798e+00
8.182055496108677772e+00
8.076229158003217279e+00
8.227368002034101124e+00
8.461711774316254875e+00
8.839668979271197102e+00
8.998576625182073130e+00
8.887673393383421327e+00
8.724585182698325170e+00
8.403728138452295937e+00
8.098597502536872383e+00
7.825593721024082683e+00
7.404314569145379998e+00
6.869394088754525285e+00
6.551218760601003055e+00
6.453657816188362872e+00
6.439511420443908563e+00
6.591208504477553909e+00
6.668226310147998603e+00
6.654480538991518479e+00
6.737832058864212215e+00
6.864712738465957642e+00
6.947139295194282305e+00
6.997503131595919079e+00
7.019223282793804586e+00
6.992554735758486295e+00
7.013532909343355826e+00
7.082311489914162372e+00
7.134286859782407397e+00
7.188949198140898389e+00
7.241625982173708564e+00
7.284822698551226772e+00
7.333903000973248432e+00
7.385758732433902018e+00
7.424408167843796313e+00
7.450401973814441803e+00
7.468422962666743992e+00
7.474637594392645745e+00
7.597424010583017306e+00
7.849149931918189438e+00
8.166200836012796671e+00
8.584946455484704586e+00
9.032468509267312484e+00
9.504714333542363391e+00
1.007061197032428979e+01
1.071614718301496616e+01
1.135010797386444636e+01
1.197427709649782201e+01
1.262422938481566348e+01
1.327839227585027970e+01
1.400967094550945902e+01
1.482333521136059140e+01
1.566604130883362700e+01
1.655477876243803692e+01
1.709103329112816638e+01
1.722874184075344672e+01
1.716703611581693778e+01
1.678904619711285662e+01
1.631111230781155541e+01
1.574263232162174830e+01
1.486859183371384674e+01
1.372757734953489894e+01
1.262563124782368007e+01
1.155633222117327819e+01
1.039219711618580888e+01
9.204133544266312583e+00
7.747809134768830930e+00
6.002430922725099371e+00
4.143945842967240445e+00
2.113274462514289631e+00
1.600148137194178921e-01
-1.675398493981465675e+00
-3.556168690209344341e+00
-5.408679980709692359e+00
-7.340982180064858476e+00
-9.366168435897430200e+00
-1.136516240102031361e+01
-1.336012190260430899e+01
-1.560395656492934080e+01
-1.810250942613471636e+01
-2.074856113490261933e+01
-2.360642787853706537e+01
-2.649853704390592668e+01
-2.941346096905169460e+01
-3.249356466472275429e+01
-3.570009202555241501e+01
-3.824807749989757610e+01
-4.007406076280833673e+01
-4.151860157246252214e+01
-4.235841029985285644e+01
-4.307859464332012323e+01
-4.369442603321166274e+01
-4.376054056446822926e+01
-4.336572164794551298e+01
-4.302255398174280288e+01
-4.271010783235943364e+01
-4.223034918272005456e+01
-4.169894191681322582e+01
-4.068084716557558522e+01
-3.914069472209919809e+01
-3.738197976968088199e+01
-3.529895844423682405e+01
-3.347686453586725719e+01
-3.199920263662524889e+01
-3.050787312953503161e+01
-2.917307334959434684e+01
-2.771836243482993467e+01
-2.611566503459676269e+01
-2.465356419696800572e+01
-2.327597425221531324e+01
-2.143753448406086193e+01
-1.912984661715348267e+01
-1.657913920317545475e+01
-1.364822644225692017e+01
-1.072998632141136710e+01
-7.849740820831097032e+00
-4.697641172481604954e+00
-1.360220357445784956e+00
1.327019659942249907e+00
3.314547525451625454e+00
4.932990367946954002e+00
5.949595226423285865e+00
6.919401958582303891e+00
7.857335258475262485e+00
8.275763546071029708e+00
8.278118923903440063e+00
8.353773758768397784e+00
8.475881685056615211e+00
8.467960419264150218e+00
8.438675064113777324e+00
7.954703050152232002e+00
6.982637365770158588e+00
5.819111741677239991e+00
4.358955610807156766e+00
3.285997509565960595e+00
2.692381558189446800e+00
2.173981927485522991e+00
1.928891225166878387e+00
1.622800807344984442e+00
1.225064730655286427e+00
1.078270191956318458e+00
1.115461802975997729e+00
7.262747939653392271e-01
-9.553680214944937354e-02
-1.098652455571516473e+00
-2.435196628924169548e+00
-3.658423184316704546e+00
-4.738842210802153510e+00
-6.024587508715833373e+00
-7.416254204727031230e+00
-8.386181549020177428e+00
-8.919739716570003196e+00
-9.193591145357537187e+00
-9.064870383830262668e+00
-8.920281420129777317e+00
-8.767069826243917063e+00
-8.283673351490985937e+00
-7.543115194268411372e+00
-6.798778869564971572e+00
-6.028452433876877237e+00
-5.153166392448411237e+00
-4.226616901054364384e+00
-3.003405532691074242e+00
-1.465706463474798271e+00
2.257977561261707011e-01
2.131156494882818109e+00
3.759992286188494681e+00
5.051788686946221851e+00
6.284984164446434818e+00
7.318820223187069374e+00
8.404350577423969071e+00
9.562521131001858521e+00
1.054329014665576914e+01
1.139687136725516936e+01
1.253872395876210355e+01
1.397101824006394288e+01
1.552562610318535441e+01
1.730542362582604454e+01
1.900126795879770114e+01
2.059291250519433092e+01
2.231894396727346219e+01
2.411031808238762864e+01
2.548437086353470704e+01
2.641809116723985085e+01
2.708807170814261056e+01
2.736068849276202997e+01
2.756973677485155960e+01
2.772188174476422162e+01
2.752925137428391267e+01
2.705357738676549317e+01
2.655536254393202711e+01
2.601611913820989841e+01
2.534529802566755308e+01
2.459900672206941863e+01
2.353662755973468990e+01
2.213912258085542817e+01
2.056675919078082515e+01
1.876020702065826740e+01
1.714266967649757589e+01
1.576798706125241800e+01
1.438965284075993800e+01
1.312907947210718085e+01
1.177303375272195041e+01
1.030208637653989889e+01
8.929780326211949060e+00
7.612737591932279280e+00
5.981023688073598521e+00
4.030876132390541322e+00
1.912097290580362374e+00
-4.678884386083937974e-01
-2.837647971015033299e+00
-5.180159455500580989e+00
-7.707510522349874549e+00
-1.035988114351352962e+01
-1.255950699830691519e+01
-1.427155811973759114e+01
-1.572447620766856247e+01
-1.675695977848589635e+01
-1.775219838045605769e+01
-1.872016822744521392e+01
-1.932342540850806500e+01
-1.963308108716905664e+01
-1.998908658922454151e+01
-2.037271709291610478e+01
-2.066064162613465172e+01
-2.092819367115614426e+01
-2.087431202637951699e+01
-2.047548846567253022e+01
-1.993751509050822079e+01
-1.918711366938523710e+01
-1.870148199453577575e+01
-1.854463750758078788e+01
-1.843449087867523772e+01
-1.850911301885272309e+01
-1.853461241725974418e+01
-1.848941300286238842e+01
-1.861261226882859887e+01
-1.885720496944889391e+01
-1.879709919303813237e+01
-1.842775866318186573e+01
-1.792428502664395751e+01
-1.718033322145718600e+01
-1.650750064763099090e+01
-1.592615696172466144e+01
-1.519315007568487097e+01
-1.437765402098813361e+01
-1.367016528750333926e+01
-1.306241979071771198e+01
-1.251391429821779155e+01
-1.207242760045910046e+01
-1.156945807227557843e+01
-1.100316056927087338e+01
-1.049953641943734617e+01
-1.002539623093325361e+01
-9.530943846160628397e+00
-9.027412829570073072e+00
-8.517583592953110738e+00
-7.992642938958611332e+00
-7.518832294265433980e+00
-7.099240835457743870e+00
-6.695348457679012100e+00
-6.323142996775651170e+00
-5.761641963250489162e+00
-4.986545834913216346e+00
-4.114539427870832711e+00
-3.082472290165544138e+00
-2.009717067026760340e+00
-9.041839599231493718e-01
3.500800224885547429e-01
1.729891439866979130e+00
3.064342898951455396e+00
4.354808611417185560e+00
5.669540589455259294e+00
6.967301669396898767e+00
8.380216987172820708e+00
9.917591437675650212e+00
1.148049301577192693e+01
1.309924068634562921e+01
1.439535029811617761e+01
1.531981012647731255e+01
1.607194046723267888e+01
1.653944541202809049e+01
1.691636255047585990e+01
1.721232012743065454e+01
1.722741851071704389e+01
1.699588064532601450e+01
1.682604962450734831e+01
1.671350612385841572e+01
1.652688176915109253e+01
1.633827122506056639e+01
1.590665814175047288e+01
1.521126926505513843e+01
1.442768362032875373e+01
1.349778067597198827e+01
1.264021062043045696e+01
1.189266707013141300e+01
1.110745717133984911e+01
1.034958589859457945e+01
9.529030299851211083e+00
8.633869951068790627e+00
7.766603403231802538e+00
6.908699975566667817e+00
5.829381433910056032e+00
4.522551408660529404e+00
3.087112028715134127e+00
1.464126434072837046e+00
-1.862248860977044340e-01
-1.853583051626816358e+00
-3.667265889583034788e+00
-5.592419026108332858e+00
-7.357250067711482266e+00
-8.949732008443909592e+00
-1.047338307827461001e+01
-1.185409410229262228e+01
-1.328026679532300491e+01
-1.475753471203070610e+01
-1.612563075744694530e+01
-1.742075341261327992e+01
-1.879223225444285816e+01
-2.023134967605944823e+01
-2.168813088782334475e+01
-2.319604720998566449e+01
-2.462081478939339618e+01
-2.595327068183628683e+01
-2.728569571607468092e+01
-2.858620401293029900e+01
-3.008280576082005808e+01
-3.180626982169394523e+01
-3.362491384055975630e+01
-3.560527584083058628e+01
-3.763581492623580971e+01
-3.970744632213729375e+01
-4.193542792751421899e+01
-4.429818933543800341e+01
-4.659736988463630780e+01
-4.883218877972250027e+01
-5.108525173661502805e+01
-5.330793706249674813e+01
-5.564780561995696218e+01
-5.811546994849451409e+01
-6.059797658643424256e+01
-6.312894070861776186e+01
-6.513842842282660683e+01
-6.655572556738550816e+01
-6.767167016903093213e+01
-6.831741365843423353e+01
-6.879283743705363463e+01
-6.911090451946958524e+01
-6.896655984751816959e+01
-6.841221717239396582e+01
-6.789885773334164298e+01
-6.741775152374030711e+01
-6.677745998638380343e+01
-6.608231651021614539e+01
-6.497469046044891172e+01
-6.342312998774134059e+01
-6.168523690191746311e+01
-5.967398826522045141e+01
-5.773821337136510579e+01
-5.593505685634717395e+01
-5.403254800587099282e+01
-5.213332688198273246e+01
-5.008779111603900702e+01
-4.787658718402042979e+01
-4.566477216719538035e+01
-4.342102044911707992e+01
-4.078489631387112979e+01
-3.774688065413823779e+01
-3.445928411299894378e+01
-3.082972712937896986e+01
-2.710892029009252013e+01
-2.331230361405919638e+01
-1.923697518689165875e+01
-1.493698984338323221e+01
-1.127859769171492133e+01
-8.325540881367915702e+00
-5.708960023379408000e+00
-3.672915756402864496e+00
-1.669354632240958480e+00
3.195592326399517291e-01
1.799279855033135256e+00
2.871706488017846670e+00
4.087991221463722624e+00
5.424965330834373489e+00
6.675096129125289934e+00
7.963223381449035188e+00
8.818774053518458445e+00
9.205184054493710022e+00
9.451267041773816047e+00
9.443650699934533321e+00
9.843742421210009752e+00
1.074558957656294567e+01
1.175012309009136757e+01
1.305036986427039380e+01
1.433289535717543650e+01
1.556782024861196589e+01
1.708326517120313781e+01
1.881684997948732985e+01
2.016163976364883936e+01
2.111032499649064675e+01
2.191595160637252349e+01
2.242713948995325524e+01
2.308507000753206739e+01
2.391952026853227053e+01
2.458584964171851794e+01
2.518245836657686709e+01
2.585810424247154771e+01
2.658883694246759077e+01
2.737449252663556720e+01
2.824768246614036116e+01
2.903969882612728881e+01
2.975062790447924854e+01
3.049200720215933558e+01
3.122950449274028273e+01
3.198131194736847149e+01
3.276103781161340578e+01
3.353671181933779621e+01
3.431633235618016187e+01
3.512159099822952868e+01
3.595093302858134621e+01
3.680139319003919951e+01
3.767823707865098015e+01
3.835588720220369652e+01
3.881322370740316074e+01
3.916097850962312776e+01
3.933541868182671664e+01
3.946587861167387956e+01
3.955943674770307439e+01
3.949457821977622274e+01
3.929620941990674510e+01
3.912240752132501598e+01
3.896986065768729190e+01
3.877734175982816112e+01
3.858218332935184947e+01
3.825747236199259760e+01
3.779409651595430830e+01
3.728472403101350352e+01
3.669978463823918702e+01
3.612673328086231805e+01
3.558330301720678790e+01
3.500621118708025392e+01
3.442224922698520828e+01
3.380162588857975692e+01
3.313960479100643397e+01
3.247508492848011485e+01
3.180223786752151582e+01
3.102303671115186390e+01
3.013476970971895952e+01
2.918118602613821011e+01
2.813745449384106223e+01
2.707079358606776509e+01
2.598611736681513307e+01
2.482933263337040586e+01
2.361540251640538557e+01
2.232530140286006670e+01
2.095064509326105906e+01
1.951070965556739267e+01
1.799804456024861210e+01
1.641033155247917108e+01
1.474810852961498497e+01
1.300510413873880466e+01
1.117998609940368482e+01
9.306583776495267912e+00
7.385883585637270876e+00
5.399774647758428081e+00
3.356391185165406466e+00
1.233325061264111122e+00
-9.721300019329071063e-01
-3.242584760377384079e+00
-5.583709376013790582e+00
-7.741760079075546308e+00
-9.689095238609970906e+00
-1.154884404518414698e+01
-1.324694139457553632e+01
-1.492545837197680214e+01
-1.659007200387815217e+01
-1.810205610100394225e+01
-1.948684655275337363e+01
-2.093505189421154000e+01
-2.244211445744726419e+01
-2.392952728540659280e+01
-2.544129077658015703e+01
-2.682369678467684437e+01
-2.806376944165263154e+01
-2.927164446907338302e+01
-3.041013043332991472e+01
-3.165168457713091499e+01
-3.302316878887393869e+01
-3.441461156029755131e+01
-3.587671763194119734e+01
-3.733249583443998887e+01
-3.877330268750878872e+01
-4.028251356320995313e+01
-4.184449902373935970e+01
-4.328944633355148852e+01
-4.461397125260144492e+01
-4.588971575715189744e+01
-4.707373250970880463e+01
-4.828647671779130235e+01
-4.953580949851122028e+01
-5.072589034277083897e+01
-5.188317816299464624e+01
-5.284644913766766194e+01
-5.358765443411645890e+01
-5.420032982153528422e+01
-5.463406177331678748e+01
-5.495712497711578948e+01
-5.517276310770473913e+01
-5.519947750357641070e+01
-5.504757745852491269e+01
-5.486660481069006323e+01
-5.465510150054891625e+01
-5.434408898167342272e+01
-5.396809153276024773e+01
-5.341298907079357861e+01
-5.266729358714731291e+01
-5.181375020967734457e+01
-5.082387459552814590e+01
-4.977511096791857881e+01
-4.868188625623152177e+01
-4.748499778267988347e+01
-4.620701093686659533e+01
-4.481851640567399642e+01
-4.331340018090725863e+01
-4.172551951512388513e+01
-4.004765413877129987e+01
-3.818597419738770071e+01
-3.613592737257443588e+01
-3.393674894083925864e+01
-3.156320761151549092e+01
-2.907634261254409580e+01
-2.647885189082177959e+01
-2.371809654411756085e+01
-2.080617233285007472e+01
-1.838283267011435029e+01
-1.650617343670844406e+01
-1.488407728535194607e+01
-1.369976800277069984e+01
-1.257184037345774996e+01
-1.148619908327842154e+01
-1.079985578165471161e+01
-1.044287353625950132e+01
-9.972363246121622282e+00
-9.402427776304785212e+00
-8.907827808834042571e+00
-8.387043276611230169e+00
-8.206522851476961478e+00
-8.395795648014569679e+00
-8.695008234692226168e+00
-9.192460136061452403e+00
-9.432774159493012789e+00
-9.347846058990816331e+00
-9.220227262577244787e+00
-8.916380380961065555e+00
-8.645265480268532698e+00
-8.428419751768592150e+00
-8.042868749745613499e+00
-7.530464517036867811e+00
-7.324194037486852160e+00
-7.430888788366359243e+00
-7.668605442847570508e+00
-8.145992510629140426e+00
-8.552021570454529709e+00
-8.865880141184865337e+00
-9.332548913795404744e+00
-9.883055211485537228e+00
-1.035151592414342403e+01
-1.074933645091717338e+01
-1.110591925918816791e+01
-1.138105364594280289e+01
-1.172977442722872610e+01
-1.215388504121521684e+01
-1.254133564616074814e+01
-1.292329541684000738e+01
-1.333051464967271116e+01
-1.375256192316129145e+01
-1.419520659140455798e+01
-1.466315960201895585e+01
-1.510617150270526032e+01
-1.552289666721560479e+01
-1.594105369442441500e+01
-1.634883814777167288e+01
-1.694545691063763115e+01
-1.775240187822420168e+01
-1.866674508244393493e+01
-1.974553095819230819e+01
-2.088028514268395952e+01
-2.206446963165413067e+01
-2.340338869860909909e+01
-2.487632408092385106e+01
-2.633341271162156616e+01
-2.777667454699985683e+01
-2.926609739799192766e+01
-3.076598303050134220e+01
-3.239384311833178742e+01
-3.415834705532349602e+01
-3.597266868482523705e+01
-3.786416287204911413e+01
-3.939442312618542985e+01
-4.050994861100117106e+01
-4.143626886971895118e+01
-4.204426678908227188e+01
-4.256570411621287775e+01
-4.301164977675961865e+01
-4.314823431758168937e+01
-4.301682251822625602e+01
-4.296510741719500004e+01
-4.298732300096024517e+01
-4.293735111346852307e+01
-4.289637559053740290e+01
-4.259041203182426472e+01
-4.199627485243084379e+01
-4.131299275312959196e+01
-4.047464588304490718e+01
-3.974571473665692167e+01
-3.917063429043779621e+01
-3.857423985620509654e+01
-3.803506093342922156e+01
-3.744175337415781968e+01
-3.678051340018641469e+01
-3.617662753356510308e+01
-3.560747306837996717e+01
-3.480031057333685141e+01
-3.374870149022292765e+01
-3.256934275943364554e+01
-3.119296577717006613e+01
-2.981052335648603702e+01
-2.843462917792800226e+01
-2.691223726406558470e+01
-2.528520922269258264e+01
-2.390747226662698921e+01
-2.279694650567312308e+01
-2.181680283273783516e+01
-2.106446320428441510e+01
-2.029902578845642580e+01
-1.951366870318808111e+01
-1.891620172828799795e+01
-1.846097602630915446e+01
-1.794877786108059325e+01
-1.739109259237377358e+01
-1.685688928273235021e+01
-1.630179129262120696e+01
-1.590405512653068065e+01
-1.567660991828993744e+01
-1.549737241616911376e+01
-1.540915190972274473e+01
-1.511949626773161093e+01
-1.458904015320374903e+01
-1.398855980005860289e+01
-1.323304966343877886e+01
-1.246563907910319458e+01
-1.169871122889169612e+01
-1.078507073343364375e+01
-9.752900304454001912e+00
-8.859636698458022153e+00
-8.107098460973263698e+00
-7.388738808171745553e+00
-6.768195926616711766e+00
-6.055482663148865186e+00
-5.237510509059471353e+00
-4.461016443067169490e+00
-3.683230747824521423e+00
-2.853779793140109433e+00
-1.983677763996838816e+00
-1.065862475492626027e+00
-8.977968490269899737e-02
8.808487575139442027e-01
1.846959251707495975e+00
2.849302197327858721e+00
3.875202667784314325e+00
4.942410714053898424e+00
6.057007602560195103e+00
7.202142198217617697e+00
8.383948355966468924e+00
9.604516939399278641e+00
1.086311053196092757e+01
1.216451571605133353e+01
1.350967374616621974e+01
1.480999565001461349e+01
1.605820950361608013e+01
1.729732933702594977e+01
1.850280846381615873e+01
1.972741275181344633e+01
2.097431473896080334e+01
2.219554540348638483e+01
2.340166072492798932e+01
2.465330565477723468e+01
2.594942222379468078e+01
2.726755802510658810e+01
2.862230936765500999e+01
2.996518000908407942e+01
3.129315106239529598e+01
3.264218148298517974e+01
3.400130762639836490e+01
3.521878817443899123e+01
3.628270732389996311e+01
3.725597373526585443e+01
3.809516322033167768e+01
3.889552611083679068e+01
3.965921298090320590e+01
4.029880004478185640e+01
4.083125781266214460e+01
4.135264250033280575e+01
4.185807612995920834e+01
4.231013795958678969e+01
4.272994117424948257e+01
4.303392950127062733e+01
4.321481419905676802e+01
4.332955606884258515e+01
4.335737516235023747e+01
4.341910972986018180e+01
4.353100197511064096e+01
4.361951536024694320e+01
4.371931182440678754e+01
4.377133871145093025e+01
4.376938932120719272e+01
4.377329467941169128e+01
4.377068967576310854e+01
4.365012105726790992e+01
4.340957572542423293e+01
4.309428978972132995e+01
4.267591365925478897e+01
4.223436804233588759e+01
4.177431736609122481e+01
4.123205921741783442e+01
4.062482938024885470e+01
4.012079117253530569e+01
3.972941506946465040e+01
3.938368008857054292e+01
3.913009123580826554e+01
3.885598104695807820e+01
3.855789630867740669e+01
3.833387984009777227e+01
3.816256333735794470e+01
3.794487038045974714e+01
3.768578108386743963e+01
3.742036127076881513e+01
3.712626343543350771e+01
3.689043033969898744e+01
3.671913891685991871e+01
3.655212666928848364e+01
3.641015055776497888e+01
3.615400525085335204e+01
3.576457143686076279e+01
3.532329161207697865e+01
3.478951935181513022e+01
3.423070586118136305e+01
3.365259630150134029e+01
3.298518340923172332e+01
3.224160409200406008e+01
3.154508457500855201e+01
3.089641188629560986e+01
3.024421215570676580e+01
2.961884453020565644e+01
2.892927540980075563e+01
2.816906313069246792e+01
2.740830459778986494e+01
2.662638126224867463e+01
2.588155850669776115e+01
2.518745660357375371e+01
2.450197230979112106e+01
2.384394866913364197e+01
2.319651124241198659e+01
2.255747658910500064e+01
2.195284922324044530e+01
2.138019006867114058e+01
2.077164062557370983e+01
2.012602498241558635e+01
1.947552251368473009e+01
1.880361234547138594e+01
1.815790883100156350e+01
1.754287038606027238e+01
1.692170424508124427e+01
1.630577313022783770e+01
1.568063252018178844e+01
1.504115220834015432e+01
1.440270597030565192e+01
1.376041792290467569e+01
1.311487101518627263e+01
1.246742434767318208e+01
1.181344614674419979e+01
1.115317416026319464e+01
1.051285675486592197e+01
9.894093525123309973e+00
9.284490662331284838e+00
8.691064538085475633e+00
8.097760674025195726e+00
7.503522427084679869e+00
6.922412097597892888e+00
6.351090193359842040e+00
5.854537354676287109e+00
5.441436693278878245e+00
5.079385613671878907e+00
4.788089885259970480e+00
4.534217847670563017e+00
4.316880340731815480e+00
4.171197062921157439e+00
4.091824908549272166e+00
4.027307906744244548e+00
3.979120711186899584e+00
3.969986780222408917e+00
3.988394818747051040e+00
4.075979190048128586e+00
4.236907224118664494e+00
4.442060477352623771e+00
4.701977231448246641e+00
4.975011922331826320e+00
5.254905358254831071e+00
5.569828246946314287e+00
5.907903793936727155e+00
6.288047736217296624e+00
6.713053963796675738e+00
7.163325682498103752e+00
7.643203196850374859e+00
8.196192200736939881e+00
8.823873223225875861e+00
9.508630818089002901e+00
1.026196647370896642e+01
1.105433039554949914e+01
1.188436808187591076e+01
1.277682652232319604e+01
1.372571383928009681e+01
1.442107134145711456e+01
1.483446220466170473e+01
1.510715144783431896e+01
1.515016921384849446e+01
1.514787889093059370e+01
1.510686483389111778e+01
1.485403761775446263e+01
1.442300088053560536e+01
1.402843108607105371e+01
1.366330100953387650e+01
1.324251153336522258e+01
1.281510848326845675e+01
1.220314551625742183e+01
1.139206521126230953e+01
1.050769772173206107e+01
9.506992622709411478e+00
8.611227223932367281e+00
7.853280191527656662e+00
7.095589391286837966e+00
6.402887195251490304e+00
5.673238787010515871e+00
4.895964726263952294e+00
4.179343030934521863e+00
3.502789061080320732e+00
2.655588204146755338e+00
1.634217414843006422e+00
5.269026015378948102e-01
-7.193862759595550660e-01
-1.953622485459305169e+00
-3.165899322787582904e+00
-4.475539658164057855e+00
-5.849216282570418812e+00
-6.999818491235189732e+00
-7.911828395657945379e+00
-8.696346384735951673e+00
-9.273822617865649320e+00
-9.838082989246444754e+00
-1.039418438112393162e+01
-1.077353356207716750e+01
-1.101241558449297386e+01
-1.127412787267097904e+01
-1.154907595693703470e+01
-1.177957839152666075e+01
-1.200173838744268906e+01
-1.206930415633272702e+01
-1.197117806343923618e+01
-1.180698960209850235e+01
-1.154126712794215770e+01
-1.141256224354423843e+01
-1.145265780878211181e+01
-1.152152638023605391e+01
-1.168821972842899726e+01
-1.183538282069994452e+01
-1.195246997950645707e+01
-1.215934046514660594e+01
-1.243254769301549523e+01
-1.256101735521814078e+01
-1.254281453935674051e+01
-1.246472129314622279e+01
-1.227423209326992470e+01
-1.212633721810739118e+01
-1.203131820621060122e+01
-1.186869168081134696e+01
-1.167301601438572334e+01
-1.154809895119185370e+01
-1.149098435386636652e+01
-1.147755871063477784e+01
-1.153438620063786679e+01
-1.157284603155942193e+01
-1.159206126094748690e+01
-1.165980222213206119e+01
-1.175888742462476877e+01
-1.185824306261623207e+01
-1.196385668747922715e+01
-1.208001422155339810e+01
-1.220105785037757329e+01
-1.236547302277382343e+01
-1.257547290325563516e+01
-1.280833924341439278e+01
-1.307353983032287559e+01
-1.325506776855619684e+01
-1.334010607547553384e+01
-1.339089498870877826e+01
-1.337439931271681814e+01
-1.335309854914578764e+01
-1.333146620266252924e+01
-1.324897826148581714e+01
-1.311797687463131190e+01
-1.302982012082592433e+01
-1.298416530394330515e+01
-1.294472148567517955e+01
-1.293377292549377344e+01
-1.288146453992137275e+01
-1.278311157281986610e+01
-1.269161215151603805e+01
-1.259115356837480348e+01
-1.265729369549932670e+01
-1.291371933677709016e+01
-1.326689743575381186e+01
-1.376926779187195393e+01
-1.433280324004958928e+01
-1.495318271169464275e+01
-1.572263272195740313e+01
-1.662588172602085734e+01
-1.751782652143536012e+01
-1.840051403620021020e+01
-1.933649543423572936e+01
-2.029193852624342043e+01
-2.137999875545351713e+01
-2.261068225403598930e+01
-2.390169146283363233e+01
-2.528047265820776346e+01
-2.664855265006360341e+01
-2.798880540459441235e+01
-2.936886496540084579e+01
-3.075954308018230066e+01
-3.220101303121632697e+01
-3.369896236517915611e+01
-3.520763118328979147e+01
-3.673548854827471644e+01
-3.838836541500722888e+01
-4.016940050900210935e+01
-4.203342216944096066e+01
-4.400767100632064910e+01
-4.601936432908937036e+01
-4.806400982099096808e+01
-5.020092856895544742e+01
-5.241448485419086722e+01
-5.408500108847486132e+01
-5.515622225537939727e+01
-5.590744908726095730e+01
-5.616066162695154418e+01
-5.628581705553524017e+01
-5.629528684144887762e+01
-5.584188775024623652e+01
-5.499261070923659389e+01
-5.417124191338279360e+01
-5.336271189065610088e+01
-5.239888764623696460e+01
-5.137592177782818226e+01
-4.994004691540737184e+01
-4.806179416751198374e+01
-4.598971997286430025e+01
-4.363770952463448083e+01
-4.144926170798541420e+01
-3.948933543764724163e+01
-3.748184723275827679e+01
-3.555597218722191144e+01
-3.350570572806889658e+01
-3.130899801287648287e+01
-2.918278884151646579e+01
-2.708494167989359269e+01
-2.459331430077360992e+01
-2.170031151808600356e+01
-1.858154037103229328e+01
-1.513029599900553990e+01
-1.164828898968720239e+01
-8.154667301752203556e+00
-4.409989104075083155e+00
-4.803214264089228913e-01
2.762975207846444459e+00
5.258869159729838039e+00
7.369350295053643585e+00
8.849209541666027690e+00
1.025715914098929105e+01
1.160967327762186230e+01
1.240545665290656352e+01
1.274787665401319536e+01
1.317763277192068472e+01
1.366936029551023779e+01
1.402088390467501178e+01
1.435347548205089652e+01
1.419942749611230681e+01
1.352183891260795257e+01
1.264445801273162218e+01
1.145383924966249900e+01
1.063191847031587045e+01
1.027337677366363700e+01
9.968692407317636395e+00
9.915937496340003321e+00
9.787460889691093513e+00
9.551892102096182668e+00
9.548399718547186055e+00
9.711131289816380630e+00
9.418901924229711398e+00
8.663987911486012550e+00
7.703409254997439781e+00
6.381798485338240567e+00
5.150668120086698387e+00
4.039681154919178674e+00
2.695302588149735001e+00
1.217668968433451848e+00
1.466098509873245415e-01
-5.030834341062745407e-01
-9.136528302883315522e-01
-9.392652090465410941e-01
-9.754828292886712493e-01
-1.030329429619739390e+00
-7.754720262717496038e-01
-2.860310272299442791e-01
1.773680997232192913e-01
6.368607543436847207e-01
1.173215440394214104e+00
1.730747976690493850e+00
2.560437610826765908e+00
3.680052296961246583e+00
4.924272659879287417e+00
6.354113072846303112e+00
7.470856154689076156e+00
8.212373013344651085e+00
8.861438608094864833e+00
9.274524252890639531e+00
9.705859078316041888e+00
1.017627914170043724e+01
1.043140766165682720e+01
1.052171354230121558e+01
1.086940154665063218e+01
1.147625980131938661e+01
1.217066903885885587e+01
1.305683347548671769e+01
1.381990605903365044e+01
1.443881285862276975e+01
1.515575940649418918e+01
1.590006179826296240e+01
1.639674812306478557e+01
1.664422802605327334e+01
1.672050271385278464e+01
1.655224810761265175e+01
1.635468668529546576e+01
1.612997702290145696e+01
1.570457863639640728e+01
1.511890751550299328e+01
1.448230477619478407e+01
1.378045596408323803e+01
1.298437254268415408e+01
1.211546173936092075e+01
1.105633091852551608e+01
9.798309353595398008e+00
8.413928849021360179e+00
6.873738471121858318e+00
5.459441017206581037e+00
4.203199129957874369e+00
2.948329789916478205e+00
1.774778010034861353e+00
5.331425554310054160e-01
-7.888663797130274213e-01
-2.046258810101020398e+00
-3.269384725847875650e+00
-4.689932881339422543e+00
-6.308922449293967283e+00
-8.034604490465168780e+00
-9.924555765158734388e+00
-1.180548786899862357e+01
-1.366669159722144933e+01
-1.564211632728003742e+01
-1.769344219493624593e+01
-1.941198077681531942e+01
-2.077092179714105313e+01
-2.193440257606416921e+01
-2.278753118520133114e+01
-2.359713391885914291e+01
-2.436999483620473583e+01
-2.486844175788913347e+01
-2.514150246355227480e+01
-2.543545465407815698e+01
-2.573719928190692841e+01
-2.595542215900789174e+01
-2.614464752314918172e+01
-2.608824114218163004e+01
-2.576876381719173992e+01
-2.533436742356572680e+01
-2.473204651727821002e+01
-2.429611262647787839e+01
-2.407153545808245454e+01
-2.385916595106187899e+01
-2.375556794216263157e+01
-2.359718476118824171e+01
-2.336841522885334399e+01
-2.323624416582996943e+01
-2.316748749273714481e+01
-2.286095893759923570e+01
-2.231289187669390728e+01
-2.164675659840559163e+01
-2.078703372148795836e+01
-1.995288704550034353e+01
-1.915829345332383582e+01
-1.823134463814418993e+01
-1.722037044677873396e+01
-1.650365640140708123e+01
-1.610008628190182023e+01
-1.586642696974778310e+01
-1.590712664015978461e+01
-1.596313125982971748e+01
-1.602800429382189762e+01
-1.632533167999240931e+01
-1.680653546092304040e+01
-1.726100480930340808e+01
-1.770182804436210233e+01
-1.820224866143384190e+01
-1.871590990812883604e+01
-1.943331340196515100e+01
-2.036879308185822879e+01
-2.139318438208413653e+01
-2.255271546051461584e+01
-2.352425816169652961e+01
-2.426531615858939972e+01
-2.496416995636962710e+01
-2.552737546503875166e+01
-2.611508943328136922e+01
-2.674140496275084899e+01
-2.724341951100709025e+01
-2.765306627617941970e+01
-2.825376637464080432e+01
-2.904782108588677758e+01
-2.991892876461870898e+01
-3.093746608758128502e+01
-3.189463728386854058e+01
-3.277654469943207971e+01
-3.374511989526397571e+01
-3.475372539828168073e+01
-3.544875692919969623e+01
-3.581203922009295582e+01
-3.597581292551893739e+01
-3.584190923630743697e+01
-3.565177112387674185e+01
-3.541055033732024526e+01
-3.490864074382142235e+01
-3.419067130939109234e+01
-3.345172023675505812e+01
-3.267871369699545170e+01
-3.180288849260214334e+01
-3.086652859177771546e+01
-2.969138117552084921e+01
-2.826330869376229771e+01
-2.670173882236500162e+01
-2.496280450133709294e+01
-2.334933822223144162e+01
-2.190036940506454144e+01
-2.043846536063506392e+01
-1.905062036793301061e+01
-1.758530643746820488e+01
-1.602852598702692788e+01
-1.453267001845588169e+01
-1.306690354960556988e+01
-1.136458110587161130e+01
-9.422807930198706217e+00
-7.349838829635979565e+00
-5.078890409830768782e+00
-2.805155256083940341e+00
-5.408938610676650161e-01
1.866611042835719436e+00
4.374360873726931054e+00
6.494054760616008615e+00
8.193216825763560252e+00
9.670206162775784264e+00
1.078785680457094465e+01
1.186347293723565954e+01
1.290567741198376517e+01
1.363155526896387393e+01
1.409967243020374994e+01
1.460659653805745073e+01
1.513722821317189116e+01
1.558161387815811771e+01
1.600577525993190875e+01
1.615034286034741484e+01
1.599471132061848877e+01
1.571712496643088564e+01
1.525440163086845047e+01
1.499922369600036021e+01
1.500506732045985281e+01
1.503753136979259608e+01
1.521032127954848612e+01
1.533264460806898555e+01
1.538636796792897066e+01
1.556739005871495429e+01
1.583720121665598768e+01
1.584096506506512725e+01
1.557435600756144822e+01
1.518343497527950703e+01
1.457938261165081606e+01
1.402048396233297289e+01
1.352347358494785290e+01
1.288606136803834090e+01
1.216539362708999406e+01
1.155961904011982710e+01
1.106570556077188172e+01
1.063091791591048896e+01
1.030635480206851007e+01
9.928804727861701096e+00
9.495667229053839975e+00
9.133516426593667248e+00
8.810428947299682179e+00
8.456168958646735234e+00
8.080714249662721116e+00
7.697781483687926141e+00
7.293287033684685561e+00
6.945550955539149030e+00
6.658912224848839045e+00
6.384496970674211624e+00
6.141088560945640928e+00
5.718183816639341721e+00
5.091307072483918006e+00
4.374212237367559375e+00
3.506417225084717870e+00
2.598937827145950230e+00
1.659515006500871248e+00
5.786996617427956346e-01
-6.219751539709059696e-01
-1.774575982325600654e+00
-2.879906329352075023e+00
-4.005828317278797179e+00
-5.111649965144607677e+00
-6.325863186054054843e+00
-7.657574129106362371e+00
-9.010009162015553130e+00
-1.041260116695499427e+01
-1.156412427180973523e+01
-1.242361048867880946e+01
-1.315352512483008773e+01
-1.366401471865645512e+01
-1.410530032632207664e+01
-1.448532327044145696e+01
-1.464657985098456550e+01
-1.461542628273771882e+01
-1.464407208768749946e+01
-1.472965781600865931e+01
-1.476372011874866530e+01
-1.480548040353887806e+01
-1.465967032071336007e+01
-1.430938548949127487e+01
-1.389765236427844997e+01
-1.337745718898144531e+01
-1.291659002898444442e+01
-1.254488326119650310e+01
-1.214723187000497084e+01
-1.177374429409045575e+01
-1.135716683173501984e+01
-1.088821368936264378e+01
-1.044486337916859320e+01
-1.001327084642401566e+01
-9.412818814155270886e+00
-8.638483971015521234e+00
-7.768115039355557805e+00
-6.755517598956623182e+00
-5.725424476797975615e+00
-4.685952229525856438e+00
-3.536124023080528644e+00
-2.303067279181318483e+00
-1.308695392778226996e+00
-5.736406374340119463e-01
3.429150006661887962e-02
4.253203684669408791e-01
8.093356562494621320e-01
1.192899353270354901e+00
1.390251435961042503e+00
1.440807423877470850e+00
1.539713260880930079e+00
1.677688009525839519e+00
1.783604331443948032e+00
1.901445259682057687e+00
1.861720243032406463e+00
1.651673452627655081e+00
1.388951049452938680e+00
1.032828676969368864e+00
8.357902757344117806e-01
8.330386269588765380e-01
8.742652056426232221e-01
1.033083704995811702e+00
1.188420128418646193e+00
1.329218867569078366e+00
1.581474215953888818e+00
1.921246050606574940e+00
2.120752484582353770e+00
2.177756252731894104e+00
2.187051934910559936e+00
2.092073195509977612e+00
2.059486540189248593e+00
2.100694837251953384e+00
2.086195818488219000e+00
2.053350192866921997e+00
2.000389077480050126e+00
1.912607099583849113e+00
1.817375729899982195e+00
1.710347403696133251e+00
1.561446318471260142e+00
1.372104860984425745e+00
1.152518834881672172e+00
8.959113147053786586e-01
6.508356091548530564e-01
4.213524917351395005e-01
1.787406172312086261e-01
-6.432145675502359827e-02
-3.335428458913926586e-01
-6.322151317043559482e-01
-9.371402745633863329e-01
-1.254442008313261248e+00
-1.629807515424056996e+00
-2.065070914002160141e+00
-2.543217858036377788e+00
-3.076650797320926056e+00
-3.634188508501061232e+00
-4.215002827707830413e+00
-4.845762278839290893e+00
-5.520556402925884676e+00
-6.217878209742831785e+00
-6.939591727376417829e+00
-7.692600188409269180e+00
-8.472367613441498690e+00
-9.299452918815118707e+00
-1.017540897322252214e+01
-1.108677241187391971e+01
-1.203860604380334998e+01
-1.286914662856372971e+01
-1.356092291086525314e+01
-1.419371545369548215e+01
-1.472059197097709138e+01
-1.523168053656808141e+01
-1.573108468873100740e+01
-1.613110583252725405e+01
-1.644820065931020636e+01
-1.680379586182196050e+01
-1.719534452315214779e+01
-1.757330822811509918e+01
-1.796598110886871069e+01
-1.827617769661932812e+01
-1.849600727600052252e+01
-1.869572245971006197e+01
-1.885207224576225826e+01
-1.906767752000249772e+01
-1.935919981406576440e+01
-1.966055378724408342e+01
-2.000217956944640818e+01
-2.033967176106515851e+01
-2.066803459302571611e+01
-2.103656401895421268e+01
-2.143641897224809867e+01
-2.176530998218584756e+01
-2.202127520515408321e+01
-2.224803260817182249e+01
-2.241984027283757186e+01
-2.260926720347764274e+01
-2.282128450835710254e+01
-2.299839550451345715e+01
-2.315670572059811150e+01
-2.327077960167128268e+01
-2.333127185717026819e+01
-2.336128986536819951e+01
-2.335148236981414982e+01
-2.330230367027927585e+01
-2.321452437434980354e+01
-2.307876847644382323e+01
-2.289420777263539719e+01
-2.269996144378627889e+01
-2.249698700425888731e+01
-2.226488340790992382e+01
-2.201304088979407680e+01
-2.171506160610015002e+01
-2.136790069731349817e+01
-2.099191728484976949e+01
-2.058049152093783363e+01
-2.013194502956978482e+01
-1.964790499862535000e+01
-1.912389786628123645e+01
-1.855961550780888913e+01
-1.795973336816108556e+01
-1.732337592758937106e+01
-1.664768253165519241e+01
-1.593315778049640841e+01
-1.517103833869092000e+01
-1.435986661212235127e+01
-1.350374866713157118e+01
-1.259983886605848369e+01
-1.165158091811615648e+01
-1.065879199728946425e+01
-9.616922222956747035e+00
-8.526234869055951293e+00
-7.631488989114065369e+00
-6.956742427232191162e+00
-6.387221628685812114e+00
-5.993558414240075294e+00
-5.633742316545519380e+00
-5.302325302394913287e+00
-5.134594291293755219e+00
-5.104749073320299146e+00
-5.037967141308370422e+00
-4.939268267287868497e+00
-4.878925528297150649e+00
-4.816769492277755305e+00
-4.895939106478928160e+00
-5.128216976965473961e+00
-5.411705564624626597e+00
-5.780972790843827092e+00
-6.067900992205494504e+00
-6.246836543740624137e+00
-6.423665147848899082e+00
-6.549048210288892058e+00
-6.699049573052437090e+00
-6.881904973248646584e+00
-7.015882189171321670e+00
-7.116349750356481429e+00
-7.346049713712521800e+00
-7.707932253551600610e+00
-8.133517278635807202e+00
-8.663833030090444254e+00
-9.182798973762631434e+00
-9.682777446347884620e+00
-1.025573901970849988e+01
-1.087609373334269058e+01
-1.139125456211324483e+01
-1.179638876427444316e+01
-1.214512535962383843e+01
-1.239621446440549768e+01
-1.265978889172338562e+01
-1.293849186664068363e+01
-1.314044318375035303e+01
-1.328671368060762958e+01
-1.345389781055891554e+01
-1.363622450660683327e+01
-1.380951078743785843e+01
-1.399044807125233270e+01
-1.410698833219522186e+01
-1.415418073656374176e+01
-1.418025741893986336e+01
-1.416790073342599321e+01
-1.425345387657427487e+01
-1.445438676240850207e+01
-1.469307465947249902e+01
-1.500897096089848048e+01
-1.533353038219314612e+01
-1.566121063101819111e+01
-1.606139793920569758e+01
-1.652064515185399074e+01
-1.692274510167226609e+01
-1.726729128480173614e+01
-1.760197384273758558e+01
-1.789822770925657025e+01
-1.824277735036840298e+01
-1.864162745867604443e+01
-1.902829462535474647e+01
-1.942239292394624073e+01
-1.981777406427885779e+01
-2.020660371399051769e+01
-2.060590595944626457e+01
-2.101214114339409633e+01
-2.141317672369013891e+01
-2.181016398083427177e+01
-2.220566427311535307e+01
-2.259702899903466289e+01
-2.301318128550504483e+01
-2.345635967124305665e+01
-2.391060042356094328e+01
-2.438353499504552602e+01
-2.485918194795158342e+01
-2.533587014567338613e+01
-2.582794719470430778e+01
-2.633180130277160202e+01
-2.682648597731655826e+01
-2.731173624969190783e+01
-2.779492676728348854e+01
-2.827061892752531236e+01
-2.875423642959153625e+01
-2.924632317967103035e+01
-2.973445526679062212e+01
-3.022174388971312098e+01
-3.071699627504311891e+01
-3.121943057056165216e+01
-3.172683474977518969e+01
-3.224115082549748479e+01
-3.275377169252065102e+01
-3.326426204315330182e+01
-3.377840234169741507e+01
-3.429421232290280130e+01
-3.470807210710795943e+01
-3.500978929256338290e+01
-3.524626843863524073e+01
-3.538734357347892256e+01
-3.549357821239219390e+01
-3.556670052018436934e+01
-3.554869059828074285e+01
-3.545017668923490106e+01
-3.534353401557542185e+01
-3.522606515763435908e+01
-3.506823628814731109e+01
-3.488627620921043615e+01
-3.461967945159367588e+01
-3.426305864485621555e+01
-3.385854654417005349e+01
-3.339116783849429027e+01
-3.293600533729176760e+01
-3.250382685002933414e+01
-3.204737348700946598e+01
-3.158831159718136306e+01
-3.109133777747974747e+01
-3.055240330448763686e+01
-3.000808849428649694e+01
-2.945093523041369465e+01
-2.880868780590541078e+01
-2.807973837322407817e+01
-2.729373548838690056e+01
-2.643218610100356969e+01
-2.554619316190642664e+01
-2.463871901659643626e+01
-2.366865572594024769e+01
-2.264695723933486349e+01
-2.169758619334016814e+01
-2.082814545764201597e+01
-1.998796562055301251e+01
-1.921147195971786203e+01
-1.841700944484871627e+01
-1.760193210650950846e+01
-1.683796176663098976e+01
-1.610963188046289574e+01
-1.534186656120075298e+01
-1.453813019822940156e+01
-1.372545486183865648e+01
-1.288681093394344046e+01
-1.208729021347071786e+01
-1.133162836565912812e+01
-1.057442800199526189e+01
-9.831207418668922671e+00
-9.002059704993314426e+00
-8.073025075430654951e+00
-7.103004178813415059e+00
-6.062764452910282209e+00
-5.000227424637309070e+00
-3.919546781885213882e+00
-2.770656026041951936e+00
-1.562879293483210086e+00
-3.855280080672540133e-01
7.607513807206902623e-01
1.913325654136277310e+00
3.050170545891710105e+00
4.237073369553880475e+00
5.478704988796704534e+00
6.724331203774217336e+00
7.988849527593711919e+00
9.074263083665329077e+00
9.954660274491525129e+00
1.073331995729164490e+01
1.135119508635797558e+01
1.190964099258644104e+01
1.241321595300775726e+01
1.275688328189656140e+01
1.295816899651159559e+01
1.317790031736429590e+01
1.341334925569994496e+01
1.359543137471823648e+01
1.376143594792185354e+01
1.378485673401341671e+01
1.365441962235924578e+01
1.346155935665456838e+01
1.317545797861381374e+01
1.291341580237520148e+01
1.269508058860963828e+01
1.244122023166564439e+01
1.218639774534699960e+01
1.188120323636857023e+01
1.151892383629841277e+01
1.115460743683125422e+01
1.077781042282960478e+01
1.026501889922353961e+01
9.612708160723693496e+00
8.873176101674776106e+00
8.014640431274230536e+00
7.122441850650470307e+00
6.201757852122039338e+00
5.183147989090040930e+00
4.084913718717150033e+00
3.181015997888485547e+00
2.490835730233397438e+00
1.898407212343261374e+00
1.480599909368037981e+00
1.062557417099049939e+00
6.384585374275673075e-01
3.650128835586549658e-01
2.094784006920762387e-01
-8.318450619812373104e-04
-2.586404832498384598e-01
-4.996492006856167456e-01
-7.630746323538576403e-01
-9.012557389778121930e-01
-9.029745154689226005e-01
-8.715728262751859523e-01
-7.716400868593575879e-01
-8.139074684231798473e-01
-1.028365714036017620e+00
-1.288559040932600430e+00
-1.656106695207006485e+00
-2.031148802131862219e+00
-2.404429081580838012e+00
-2.880726044349361636e+00
-3.440345821777210933e+00
-3.891029796625362192e+00
-4.230745692688786974e+00
-4.539883255382274996e+00
-4.770678318938023743e+00
-5.063418533995035276e+00
-5.427777203797607974e+00
-5.754633094890711398e+00
-6.075457759615427555e+00
-6.308931462286600400e+00
-6.434443881079020322e+00
-6.512372579595300692e+00
-6.515795926586633868e+00
-6.465079584208349495e+00
-6.362967571396934474e+00
-6.173872455228455181e+00
-5.900175138336562597e+00
-5.640146562794503104e+00
-5.395395381429145765e+00
-5.118220359513011353e+00
-4.832326663849238813e+00
-4.468834715561502691e+00
-4.020857046600304407e+00
-3.541218461793946837e+00
-3.013181647663577767e+00
-2.453396016490812404e+00
-1.868542445894363802e+00
-1.237885855821490466e+00
-5.670064405425870868e-01
1.431139998983858297e-01
8.947055893831302731e-01
1.683527887699549419e+00
2.509884017679708812e+00
3.409487701077133170e+00
4.385100029345399442e+00
5.420195313926855718e+00
6.524687333756600260e+00
7.677870802372861903e+00
8.878756312928839378e+00
1.014652031734523341e+01
1.147721571202711033e+01
1.258139177479070803e+01
1.343234174626324595e+01
1.416336261986414691e+01
1.469150246433311402e+01
1.518818841452660173e+01
1.565994817503441894e+01
1.594580456260752399e+01
1.607722079718881147e+01
1.625585936769522633e+01
1.647553048012307286e+01
1.665646739781572450e+01
1.684499048735170845e+01
1.687482014850823830e+01
1.673258092637272654e+01
1.653644768470857329e+01
1.624640603928333960e+01
1.606463127089856968e+01
1.602167265903406701e+01
1.599150393437802364e+01
1.603349338831771220e+01
1.605552948768229626e+01
1.604801597933564850e+01
1.610970806278752931e+01
1.622216967312800406e+01
1.619210291183402717e+01
1.601637929914827652e+01
1.577639919694820136e+01
1.542364335869083902e+01
1.509675247081557004e+01
1.480503295501736893e+01
1.443920953001912721e+01
1.403003155213491482e+01
1.366854229646145846e+01
1.335140100649598516e+01
1.305750893010788616e+01
1.280976254515622337e+01
1.252925981905625896e+01
1.221486102210888447e+01
1.192596364888842331e+01
1.164693418962433213e+01
1.135188730952651603e+01
1.104586484062897433e+01
1.073126784667584666e+01
1.040323292194838167e+01
1.009419811810382051e+01
9.805634559791812421e+00
9.518114939499525917e+00
9.239361400101202548e+00
8.869088537663976979e+00
8.395991757414902779e+00
7.873296170682334782e+00
7.272234486299612222e+00
6.646400432391655677e+00
5.999325718887261516e+00
5.278522419012871225e+00
4.494324483825749894e+00
3.724802754008745609e+00
2.969314207982328035e+00
2.196441059867964452e+00
1.424975308515220807e+00
5.945938748561987452e-01
-2.990443536678184522e-01
-1.210850098351050397e+00
-2.154728524820370694e+00
-2.887702131487608348e+00
-3.380232990641332425e+00
-3.756223500090223322e+00
-3.944007906422522414e+00
-4.072449834751497022e+00
-4.147365113806700698e+00
-4.038690546739872822e+00
-3.769235449366807433e+00
-3.530245158992339594e+00
-3.318167927071574930e+00
-3.052446739527093111e+00
-2.777502638743376995e+00
-2.341860940114998346e+00
-1.732486324938466105e+00
-1.058850318189701323e+00
-2.843055743574011140e-01
4.429755479926151818e-01
1.098509726545471299e+00
1.780401706911534321e+00
2.444874459267071920e+00
3.155088272912669023e+00
3.918992090392038552e+00
4.666351999398274941e+00
5.410189847088134663e+00
6.302986283523032363e+00
7.348511661198909195e+00
8.481967343015705652e+00
9.742239594113497603e+00
1.102282160255821530e+01
1.231691074588716894e+01
1.371023082056098730e+01
1.517961427955858511e+01
1.632742614199913334e+01
1.712327681895460785e+01
1.773737197014121847e+01
1.805720299117850303e+01
1.833208419234234299e+01
1.856989533576679463e+01
1.854404986074173678e+01
1.830053492021440675e+01
1.809435973134367615e+01
1.791475235332329419e+01
1.766461193225236670e+01
1.740150567845242335e+01
1.690787649891717237e+01
1.616640823582776676e+01
1.532877590415227864e+01
1.434228777353420092e+01
1.350770352455177559e+01
1.286771297389695690e+01
1.223972456950264842e+01
1.171130137867133314e+01
1.113985851645626290e+01
1.051136342937402723e+01
9.974635266443273807e+00
9.500988254843216296e+00
8.812675896652704566e+00
7.905882200583992159e+00
