-6.472127510063828915e+00
-6.652951772743964654e+00
-7.052785332894806913e+00
-7.715617483918673081e+00
-8.009147583258643621e+00
-8.093297590156986132e+00
-7.545816728342162882e+00
-6.238965176985213468e+00
-4.471880066848044066e+00
-2.091313462851426497e+00
8.314970621229043068e-01
4.298518919566770791e+00
8.499642510150943409e+00
1.344258612306806988e+01
1.569361053499997105e+01
1.495707732708050486e+01
1.287374992859560940e+01
8.480284964780041790e+00
3.829393297133731444e+00
-9.700419402937003888e-01
-7.800681443483157729e+00
-1.626225583309359735e+01
-2.060856652884037743e+01
-2.054338289269576734e+01
-1.854010834427030829e+01
-1.305280984823913393e+01
-7.927513151351752718e+00
-3.359144171208973795e+00
3.920594389006923919e+00
1.312833788304387994e+01
1.841048401405975099e+01
1.962629438205755861e+01
1.904106020136750388e+01
1.512833503980381877e+01
1.215954148157093861e+01
1.033323421149483323e+01
6.204338289778149829e+00
6.604123372415011684e-01
-2.721979220196698357e+00
-4.026512440206428955e+00
-4.359534072246727732e+00
-2.837749071852912586e+00
-2.453927536800108555e+00
-3.326787297996703696e+00
-3.221394587923989583e+00
-2.774958022434190319e+00
-3.030759427089178004e+00
-3.837642351424695786e+00
-5.142874815933229371e+00
-7.177017372999469735e+00
-8.752714482696076104e+00
-9.857489214161910596e+00
-1.127353511163962807e+01
-1.275152154037830243e+01
-1.294403973798504737e+01
-1.178921294517335205e+01
-9.740041084432551344e+00
-6.418127128028696227e+00
-2.806819601198000669e+00
1.084149478126990251e+00
6.093783556097061904e+00
1.204423753139900377e+01
1.584093857227606073e+01
1.729901710194946673e+01
1.777809264952616175e+01
1.643573849675480503e+01
1.531655511965426442e+01
1.452372191549140545e+01
1.229745580618381595e+01
9.050706422981724231e+00
6.477970103270706659e+00
4.499895448690140576e+00
2.567494434483919008e+00
1.073703088116830351e+00
-1.453121101552824035e+00
-5.098122678154048515e+00
-8.817359439795888321e+00
-1.294700471945374254e+01
-1.539257432627921318e+01
-1.584105571073874508e+01
-1.552403613867651444e+01
-1.381723140130784877e+01
-1.168109389011942412e+01
-9.189786112715742306e+00
-5.297048933080990452e+00
-1.784025589320413496e-01
3.180129140400866916e+00
4.661395866328209792e+00
5.593991508639120980e+00
5.201498857563672473e+00
5.516870346690588178e+00
6.674138919226945355e+00
7.002523790544353588e+00
6.941498950349538788e+00
6.579246425374688734e+00
5.712607579063645247e+00
4.591890977457615541e+00
3.171964849753019067e+00
9.720302399094619128e-01
-2.022217171490514609e+00
-5.640326275876131668e+00
-1.000996388525336833e+01
-1.224043589618150563e+01
-1.205981779528813291e+01
-1.094352326224166738e+01
-8.082683704084965726e+00
-5.128177231422291982e+00
-2.190299105301418692e+00
2.268455885724304011e+00
7.917188452431805246e+00
1.119358457866993817e+01
1.196880582427089301e+01
1.172587166561055660e+01
9.528661494060033377e+00
7.855647733309774949e+00
6.838452325870556514e+00
4.435471551325838035e+00
1.164361849469992771e+00
-8.624289100843075540e-01
-1.699322690225793853e+00
-2.005531956215429901e+00
-1.263097835811847425e+00
-1.236624184138095828e+00
-1.999902990581371665e+00
-2.240335635320718666e+00
-2.336461080115167732e+00
-2.550886203039292255e+00
-2.761436259096772705e+00
-3.106451950539145468e+00
-3.621628492225874574e+00
-3.814654566609207098e+00
-3.688431084327536968e+00
-3.510356163321540546e+00
-3.173040722672389791e+00
-2.649667265395721394e+00
-1.951429463308163248e+00
-1.006508892074945871e+00
1.985712352652011237e-01
1.582069654241613277e+00
3.162905938102461345e+00
5.002643277799181831e+00
7.096081184142418508e+00
7.765792668729700310e+00
6.854304940566246174e+00
5.151899552457225084e+00
2.178957004938139708e+00
-1.068247888633477638e+00
-4.546093621330848933e+00
-9.185541053157411540e+00
-1.479990947925986511e+01
-1.745378704000371783e+01
-1.689497289741333930e+01
-1.487260058695490983e+01
-1.030947565328036042e+01
-5.745384489992121146e+00
-1.306834076249799859e+00
5.222969808806583458e+00
1.333659698243195635e+01
1.818900737070842411e+01
1.960860300360037556e+01
1.956902629882648981e+01
1.679204292238015128e+01
1.469065202449187524e+01
1.343331733833765540e+01
1.021247367364680692e+01
5.734565514280515863e+00
2.856508482935939064e+00
1.494844030612719532e+00
7.569802742917536298e-01
1.337976224765077493e+00
8.279600755447475979e-01
-8.791260622262943025e-01
-2.005358639014831912e+00
-3.072785295974390429e+00
-4.799983436150489169e+00
-7.064410805527429282e+00
-9.895603019830007341e+00
-1.345245472179466439e+01
-1.686902014391758442e+01
-2.014944379468928659e+01
-2.386088025158710124e+01
-2.782827882987896118e+01
-2.849483842831315172e+01
-2.555402608498735972e+01
-2.054911830578665644e+01
-1.245756850379364700e+01
-3.479621818963696267e+00
6.322287420811440128e+00
1.898300063124437287e+01
3.410570915921944390e+01
4.236156437787683160e+01
4.313240109403584910e+01
4.060015041788457779e+01
3.220551306781660372e+01
2.394245442725537387e+01
1.611387009894903599e+01
3.471859580306827286e+00
-1.278600947443278280e+01
-2.217212691041741834e+01
-2.438331354227954861e+01
-2.363631978846804316e+01
-1.719293685733253696e+01
-1.257055470597863689e+01
-1.015110369958050107e+01
-3.834398368107154731e+00
4.805195046260925196e+00
9.207931019601888423e+00
9.495661638593791309e+00
7.724539480127322832e+00
2.261729594550561551e+00
-1.484663281657849110e+00
-3.306394400332462347e+00
-7.281418724289151712e+00
-1.226758126797571613e+01
-1.447266105948493653e+01
-1.399015771392018515e+01
-1.182398836608373394e+01
-7.013663544776443715e+00
-2.821614637752191346e+00
6.780141524134575270e-01
5.946754675470058871e+00
1.232399167291153574e+01
1.582966523824085670e+01
1.636495981411703227e+01
1.536871902149470159e+01
1.178495516204981008e+01
8.597686653203766127e+00
5.911187211035120903e+00
1.310302893360130616e+00
-4.604946755013052062e+00
-8.004778402525099423e+00
-8.825998533825263337e+00
-8.494157127656563944e+00
-6.017189945826459052e+00
-4.283113398465840937e+00
-3.420683850536835102e+00
-1.137290318743787054e+00
1.964481541752189253e+00
3.553018064720664615e+00
3.682342671300254722e+00
3.053052708809939286e+00
1.085787452180904777e+00
-2.592622735830005798e-01
-9.115920529752706836e-01
-2.339488657042657405e+00
-4.130229645497688118e+00
-4.813682390663015731e+00
-4.412091663424642540e+00
-3.335015519916070037e+00
-1.205593701836060738e+00
7.394513663604082021e-01
2.471757117492694888e+00
4.937382478898302729e+00
7.887674387526090847e+00
9.194437208263121164e+00
8.761085150159781065e+00
7.426370276572218820e+00
4.612642516767533785e+00
1.811840242252806377e+00
-9.208975229148660402e-01
-4.841791078985298924e+00
-9.656429426949060257e+00
-1.186409862429172613e+01
-1.128668184175885614e+01
-9.390821784454308485e+00
-5.229578856780404017e+00
-1.176343266141526067e+00
2.661114089432982333e+00
8.299124047014794670e+00
1.526102980534052200e+01
1.810236872027513755e+01
1.655197912532723592e+01
1.287411586120221330e+01
5.596809722013431632e+00
-1.584689952049734174e+00
-8.506355115393741784e+00
-1.830636151513709464e+01
-3.024449891352856312e+01
-3.583361473880538028e+01
-3.465139930486418507e+01
-3.023077537204403242e+01
-2.027784052619139388e+01
-1.055472318398163267e+01
-1.318629936969063721e+00
1.232191422608129727e+01
2.921158876667377058e+01
3.857513558487870142e+01
4.000590281963888373e+01
3.786175004606358385e+01
2.928116956730318066e+01
2.184008070552258118e+01
1.589097149706043410e+01
5.166199024895940184e+00
-8.783139538148663661e+00
-1.684712516644563252e+01
-1.894675350681342962e+01
-1.838567502500594841e+01
-1.283005282829608440e+01
-9.250692887321008584e+00
-7.957864040061537914e+00
-3.481582930825872779e+00
2.714631840153042042e+00
5.764149201672530864e+00
5.852692460932665597e+00
4.296340493195423882e+00
-9.707443875318078064e-02
-3.063733684540448809e+00
-4.466675355023047800e+00
-7.438565058825186149e+00
-1.108157366223098705e+01
-1.250004325673295824e+01
-1.175700791057992944e+01
-9.596494173351505452e+00
-5.276822183678222089e+00
-1.298965626419875896e+00
2.290876848821072898e+00
7.391039602609699166e+00
1.350257779319990981e+01
1.652995340928134027e+01
1.629784653316944798e+01
1.440954968259524804e+01
9.757387227196753443e+00
5.241909812454766282e+00
9.719677861165478827e-01
-5.478717901537520696e+00
-1.353447263724880756e+01
-1.782902501081536784e+01
-1.815782590972238708e+01
-1.669304550140470411e+01
-1.200862372545895340e+01
-7.885469072502639953e+00
-4.499822863917755988e+00
1.274666698076185156e+00
8.663447300602646450e+00
1.313546947507551010e+01
1.465216347448570211e+01
1.485426657671102646e+01
1.258100905653391166e+01
1.130133207628299807e+01
1.116911254339335713e+01
9.462680910299747339e+00
6.910111968107754521e+00
5.021903452253854816e+00
3.611787453293074268e+00
2.450485578338396753e+00
1.865704889633611030e+00
2.567079080666614388e-01
-2.427304422105266202e+00
-5.131511319901956192e+00
-8.210620077172441356e+00
-1.042649860643443560e+01
-1.156021658199322744e+01
-1.245628706325503110e+01
-1.274550286227427698e+01
-1.288059064374194662e+01
-1.292459313159969980e+01
-1.232262011547669189e+01
-1.116362411928544951e+01
-9.822538114453848834e+00
-8.235809689999706862e+00
-6.263485126483586463e+00
-3.964261541754653617e+00
-9.647103393296716511e-01
2.782342525398858513e+00
7.066958488560247886e+00
1.199656774369894663e+01
1.527379147371831003e+01
1.666666086077542985e+01
1.735079855499801482e+01
1.667489982022569350e+01
1.594435250319785347e+01
1.524142990110482820e+01
1.333512879152873332e+01
1.048217190990998660e+01
8.034213398772919845e+00
5.934996816163878641e+00
3.687994281816684428e+00
1.601279031878144465e+00
-1.458994272578530760e+00
-5.575810466626216488e+00
-9.948188441645074320e+00
-1.484515018245425821e+01
-1.772281066431274610e+01
-1.825170965675125245e+01
-1.783063199215735750e+01
-1.571387099104385321e+01
-1.319113541794630251e+01
-1.034740907675550936e+01
-5.864501056997337258e+00
1.703854543066207761e-02
3.767951742406206339e+00
5.253926756633585882e+00
6.019480652763086859e+00
5.145137305923320525e+00
5.054942967042550528e+00
5.901423088283859641e+00
5.695001476776655913e+00
4.956098096154597066e+00
4.440242654132767086e+00
3.970487248408926639e+00
3.536206627297859839e+00
3.271431228705603989e+00
2.225469043808779634e+00
3.657834046937417649e-01
-1.745014205319124878e+00
-4.328297612165632913e+00
-5.837104171672413244e+00
-6.082011220298606524e+00
-5.965555952190451983e+00
-5.048499847661269690e+00
-4.098806741021664202e+00
-3.189672795005138894e+00
-1.552680676352693245e+00
6.541281163038800139e-01
2.461768390348282320e+00
3.892719730257290678e+00
5.313908217375621135e+00
6.496624537077753558e+00
8.207316810810032948e+00
1.049847943680847528e+01
1.280683113350209545e+01
1.530898030872407745e+01
1.620860059777938389e+01
1.526580078615775093e+01
1.345226758686275303e+01
1.023503181642107407e+01
6.515342019996673173e+00
2.343747027654480508e+00
-3.217055707333026149e+00
-1.000621869048428714e+01
-1.480079373674641552e+01
-1.743811016320253415e+01
-1.936334427917934420e+01
-1.972027899427757447e+01
-2.065207199433928764e+01
-2.228922218439137737e+01
-2.282631826241921047e+01
-2.271422863826034799e+01
-2.129385386892146315e+01
-1.825365701560381382e+01
-1.418665551314462014e+01
-8.811917155615642372e+00
-2.020490330657187528e+00
6.206914132477558965e+00
1.611462671030245275e+01
2.778230743965733751e+01
3.428197564969126887e+01
3.501543626983926316e+01
3.334957017393519862e+01
2.734849969846866102e+01
2.113427456792889103e+01
1.494477437172806056e+01
5.007118008283263144e+00
-7.863217319069057076e+00
-1.570604347802865064e+01
-1.828515189216697223e+01
-1.887666074964266727e+01
-1.541084926643445385e+01
-1.354200796195712364e+01
-1.358056821334472808e+01
-1.093977570263481702e+01
-6.816710629513389463e+00
-3.707178895718883815e+00
-1.277427201053580763e+00
8.602348165274207314e-01
2.180336239012069299e+00
5.333821370763163650e+00
1.041805356438742436e+01
1.571166649730204767e+01
2.181304921207773262e+01
2.448090005998967200e+01
2.314116675388852684e+01
2.023499557732152709e+01
1.452309866024433838e+01
8.033700660814952599e+00
9.276728351819111262e-01
-8.920464560307195256e+00
-2.112535294995634771e+01
-2.806057249805375875e+01
-2.931063917585117551e+01
-2.826915277474716603e+01
-2.288972445303466330e+01
-1.817428190498261742e+01
-1.440414937041025212e+01
-7.307084544446773577e+00
2.086128038465842494e+00
7.784563482379810218e+00
9.770105460364058914e+00
1.021494891318860709e+01
7.603067623455904922e+00
6.547424099985861723e+00
7.267176435479974828e+00
6.179336300170743534e+00
4.265379179920678610e+00
3.332628697832940912e+00
3.131092679157151171e+00
3.472934948686213108e+00
4.748770230878754717e+00
4.976889013498287717e+00
4.111859514443668040e+00
3.452203790479110523e+00
2.567301624152960482e+00
1.705649535729971689e+00
1.009680027007406444e+00
4.610514494884868086e-02
-1.098486922222586148e+00
-2.237616614164350537e+00
-3.417792589247654611e+00
-4.661672705902053515e+00
-5.941780106018959451e+00
-6.506792999039702430e+00
-6.272206025149034581e+00
-5.569732594111285628e+00
-4.173133674342509813e+00
-2.538657475342519287e+00
-6.734711786719682625e-01
1.862837430441657727e+00
4.993834930765602031e+00
6.650975537632153767e+00
6.701057885617635712e+00
6.084274354426920439e+00
4.237201153573646017e+00
2.494154196246729960e+00
9.289554813855747106e-01
-1.617321981541026243e+00
-4.873192932006048750e+00
-6.403438921087974300e+00
-6.124518359617955099e+00
-5.014046938131143882e+00
-2.428865095448409228e+00
-8.936228800916826143e-02
1.923585896994799427e+00
5.025733748198595308e+00
8.863292053253209346e+00
1.072629943962875743e+01
1.052777002208277501e+01
9.314638004553323469e+00
6.367998422206508025e+00
3.633072665105312460e+00
1.189980229422181957e+00
-2.559391275605441329e+00
-7.220820255556221312e+00
-1.009988656944428342e+01
-1.113937325577228066e+01
-1.135859682290567996e+01
-1.005529085543256684e+01
-9.226355448117006475e+00
-8.960335083837282610e+00
-7.655617981052459164e+00
-5.726144003277698680e+00
-4.311277016543351159e+00
-3.318820855703408679e+00
-2.479859158200510283e+00
-2.053030541367497186e+00
-9.446478024188005307e-01
8.900891613145862635e-01
2.700090051408440051e+00
4.728734361039659717e+00
6.535858087557814500e+00
8.006164989703382417e+00
9.525791118982974481e+00
1.095635062942171700e+01
1.236870304543720955e+01
1.379431446820916563e+01
1.507495610172582090e+01
1.622581439352671140e+01
1.595539710076582196e+01
1.409645735264773059e+01
1.125361929991593257e+01
7.031862332906469781e+00
2.128438015035507114e+00
-3.448131738863497553e+00
-1.042048261517928509e+01
-1.868056401102156983e+01
-2.352320374757525911e+01
-2.460494407868945999e+01
-2.410166423005659908e+01
-2.071556647990865940e+01
-1.739668277979544087e+01
-1.430353478916599208e+01
-8.818924478003809853e+00
-1.532349593892211370e+00
3.078631640597580876e+00
4.944375731465147972e+00
5.823430517553286556e+00
4.572959723649017150e+00
4.510320174954538075e+00
5.815658220178329785e+00
5.869336052875384624e+00
5.383182916192563283e+00
5.461107953091104861e+00
5.895579437158218639e+00
6.648071164609253181e+00
7.938906023315876581e+00
8.453616993858933171e+00
8.162199290802041318e+00
7.886046366249114925e+00
7.333710145929968505e+00
6.377778094009492804e+00
5.068127031293416351e+00
3.241737621038426109e+00
8.611005821793722426e-01
-1.803154973154935448e+00
-4.788036535038490804e+00
-8.276370542546658271e+00
-1.223383243207525517e+01
-1.407100548213905533e+01
-1.355480896079297715e+01
-1.188898989890885360e+01
-8.335998160865083051e+00
-4.464368957965744400e+00
-3.421175035597512348e-01
5.479345577902480002e+00
1.270391837771291677e+01
1.657521472998540446e+01
1.683831772747373279e+01
1.556944827565892098e+01
1.148802047437370177e+01
7.760965080883416078e+00
4.555041205132286386e+00
-8.261515544260497057e-01
-7.734886850989417084e+00
-1.189694548477269720e+01
-1.325226024841471073e+01
-1.340753032859112182e+01
-1.126415706377928849e+01
-1.002402819094077735e+01
-9.838446035612326668e+00
-8.172649724494544188e+00
-5.700372981113133619e+00
-3.895467672094960587e+00
-2.589254829559943794e+00
-1.533389412549036157e+00
-1.050859989750052570e+00
3.845023272899538158e-01
2.823055841788427500e+00
5.249603283282231025e+00
8.001962079708611952e+00
9.654282724798745718e+00
9.969783462717531464e+00
9.866940855617750472e+00
8.920503761778759255e+00
7.699393069466678341e+00
6.266590840799067585e+00
3.956048587999469124e+00
8.752843601698878651e-01
-1.181699383289620098e+00
-2.153008449715981154e+00
-2.836322711001701968e+00
-2.769862330133936901e+00
-3.178558131961178201e+00
-4.146215669371507317e+00
-4.674238286658272123e+00
-5.030275594684348484e+00
-5.043261891912519168e+00
-4.571752121629072185e+00
-3.876314812124677989e+00
-2.867387591963322269e+00
-1.390448360720713206e+00
5.548441104724338713e-01
2.988225599004822985e+00
5.959421859638433183e+00
7.551568027148499951e+00
7.601274819250531500e+00
7.064016653010990687e+00
5.409111120455050603e+00
3.766443203657359629e+00
2.210367574586396433e+00
-2.886570715247863128e-01
-3.501408713105090609e+00
-5.451117450368402118e+00
-6.089186952768823602e+00
-6.208873704094700408e+00
-5.298619078164480634e+00
-4.780210752661726126e+00
-4.728696465001546834e+00
-3.998577498663353769e+00
-2.890362612420554811e+00
-2.000639621174809868e+00
-1.244076365687301067e+00
-5.376410442734396167e-01
-5.426101299835173197e-03
1.000169872940390725e+00
2.502266697752960400e+00
4.084295170986869117e+00
5.892659603935218371e+00
6.765305514095606654e+00
6.550237888780756634e+00
5.903356728415903198e+00
4.485991761568161706e+00
2.867082190272495446e+00
1.089177538687146063e+00
-1.436088109867769580e+00
-4.600866204240916524e+00
-6.302486863221325564e+00
-6.426227449447642570e+00
-5.906573869206166449e+00
-4.179029041871910266e+00
-2.624075268849848097e+00
-1.318922405208510895e+00
9.155067179760310037e-01
3.794957552004132317e+00
5.199186607845959429e+00
5.075291418335305949e+00
4.241305232936396941e+00
2.142954180114537976e+00
3.208178158315417861e-01
-1.155432977429273089e+00
-3.532847616949427394e+00
-6.493052521242491437e+00
-8.021771878597389716e+00
-8.076980435407127956e+00
-7.399233797361873144e+00
-5.460666241319818148e+00
-3.759148435754001039e+00
-2.353766244150105269e+00
-3.869586458038221100e-02
2.880257813986613069e+00
4.860079612851949449e+00
5.903333595980313930e+00
6.540827247335406547e+00
6.381413638869471328e+00
6.648265203030898185e+00
7.393335324482548820e+00
7.673955727264305082e+00
7.748121949175456713e+00
7.347445719547923026e+00
6.329194264323793284e+00
4.990318385915370136e+00
3.216500184089372549e+00
9.081582048287113462e-01
-1.933357994132632651e+00
-5.376820712475728570e+00
-9.461753765836135699e+00
-1.154696933696051531e+01
-1.140239251695205347e+01
-1.031698463273961508e+01
-7.552544154027080126e+00
-4.668742374193072031e+00
-1.756371559618367328e+00
2.617231379182986650e+00
8.143853092900155133e+00
1.133427816218548045e+01
1.205159507397826424e+01
1.175944628807363124e+01
9.536677273297520685e+00
7.797681775530068471e+00
6.670210493826624010e+00
4.155444443613328431e+00
7.559353484556669001e-01
-2.037977330143869281e+00
-4.341531701516110786e+00
-6.535103601104126803e+00
-8.282061238577183460e+00
-1.098224547992195177e+01
-1.469983775673468429e+01
-1.847168294862288462e+01
-2.261274670268104359e+01
-2.397633560233276029e+01
-2.215075168819721085e+01
-1.884263219988324067e+01
-1.312393900811317948e+01
-6.568604009422001511e+00
7.304809836019934277e-01
1.040438003375365383e+01
2.216883310353065539e+01
2.887347585124873817e+01
3.007381223444710727e+01
2.899948488362100463e+01
2.370897828640188010e+01
1.880856509904298335e+01
1.455129377712807326e+01
6.940980622376571318e+00
-3.085551528647175079e+00
-9.430553888716682209e+00
-1.204230529798308424e+01
-1.321658400717591597e+01
-1.140525146324563366e+01
-1.122568813529752596e+01
-1.291234052873730498e+01
-1.285461480333654372e+01
-1.203962756213587504e+01
-1.046398014508965701e+01
-7.687470780880348187e+00
-4.374010174982294608e+00
-3.853273917555473105e-01
5.223845966064925683e+00
1.246353431286633118e+01
2.103860782218059811e+01
3.119613641340940191e+01
3.581990036403423261e+01
3.423593644898238608e+01
3.001250638113660330e+01
2.114610334658620872e+01
1.170618711787425958e+01
1.939702384104542432e+00
-1.196464168917431614e+01
-2.920802615505458277e+01
-3.911255532263954393e+01
-4.118214966923683562e+01
-3.998587955157439211e+01
-3.267670615465187467e+01
-2.648289288286096621e+01
-2.178457578361861735e+01
-1.250604725861360755e+01
-1.369954732143443543e-01
7.504775140004004363e+00
1.045312822722079815e+01
1.144567818626749478e+01
8.520264713330595541e+00
7.836662288321382341e+00
9.679924041666749801e+00
9.324524356271213676e+00
8.085640499956696203e+00
7.883433693592983182e+00
8.352127903323372848e+00
9.483510849279932486e+00
1.166767868456956592e+01
1.256374638961664125e+01
1.213411668004734345e+01
1.184818361509491069e+01
1.119652621002168225e+01
9.985948899456619898e+00
8.316807701052002955e+00
5.897873260837983800e+00
2.678734997884471447e+00
-8.601383473126680279e-01
-4.775184244613135398e+00
-9.370586117991273056e+00
-1.457727645724193266e+01
-1.790964316156115643e+01
-1.916043820235005768e+01
-1.946594794608935430e+01
-1.812395513036477723e+01
-1.669226438482539265e+01
-1.524018761832735969e+01
-1.235979078962920852e+01
-8.350712930639319964e+00
-5.393851508980411325e+00
-3.492514932775007797e+00
-1.784252765506459948e+00
-8.082172335139722330e-01
1.108687289514762142e+00
4.073146945116045359e+00
6.808918357541541511e+00
9.690378708210104719e+00
1.234493477760360314e+01
1.459437546998564983e+01
1.688044096483072565e+01
1.905958183546777462e+01
2.103796013076488691e+01
2.283986039565767356e+01
2.437419707712414763e+01
2.561249795447513478e+01
2.510743624898645976e+01
2.266934396700881749e+01
1.893399076852563567e+01
1.345101781155742771e+01
7.010229397410121521e+00
-3.941749125350513250e-01
-9.591000041606903892e+00
-2.046785478506189904e+01
-2.823248664548688325e+01
-3.256046327898393855e+01
-3.568099920015932724e+01
-3.628799118231403753e+01
-3.743490194616897071e+01
-3.930201080678662606e+01
-3.922535013032371154e+01
-3.783066733659299530e+01
-3.447884230425353280e+01
-2.872139657520793321e+01
-2.123015411887984172e+01
-1.166784549391313597e+01
3.443164210305396100e-01
1.486970188565350171e+01
3.210527653097853573e+01
5.222930986749220494e+01
6.349756080957192950e+01
6.486106042416879802e+01
6.205183218516661725e+01
5.177279592629482607e+01
4.095737240756789532e+01
2.999972485139366540e+01
1.250881403680344839e+01
-1.015360398849235324e+01
-2.361733202024423051e+01
-2.740262959703747825e+01
-2.749722165601627921e+01
-2.014695725640516599e+01
-1.545209233415617156e+01
-1.397004365467160980e+01
-7.450732771654598352e+00
1.974311488079717458e+00
5.524337090937534001e+00
3.370295189890919030e+00
-1.759743661675866377e+00
-1.205059485615624126e+01
-2.026760387750563908e+01
-2.613843939214081757e+01
-3.512060863821398016e+01
-4.569001919871598005e+01
-4.945918711825286351e+01
-4.621512448060027367e+01
-3.885583692887275475e+01
-2.513337405122571155e+01
-1.131513929573596045e+01
2.432059009252806270e+00
2.123350024242736467e+01
4.386552440136308206e+01
5.782210699438994084e+01
6.254926505537808623e+01
6.318562316816317548e+01
5.637698006243316939e+01
5.081659818861217559e+01
4.690338714331166869e+01
3.736780833789835299e+01
2.397532194535440553e+01
1.435215872249207081e+01
8.267730845354014590e+00
3.224275228368759016e+00
1.055346160307158554e+00
-4.665054923554637689e+00
-1.426444681290581862e+01
-2.304258340596168253e+01
-3.242211801948548811e+01
-3.947867432825853484e+01
-4.341816826581872135e+01
-4.663075361847775469e+01
-4.815402625132254144e+01
-4.850978181544962098e+01
-4.783731163126721242e+01
-4.498265381058396883e+01
-4.000868762352799735e+01
-3.440664185341362469e+01
-2.804832243053925467e+01
-2.017242707331390861e+01
-1.104901372413336702e+01
5.601325893132198530e-01
1.484806169534924969e+01
3.105896994180695359e+01
4.956035215364357072e+01
6.126486934958418118e+01
6.524344208246499477e+01
6.609245783773556582e+01
6.122091164362431215e+01
5.580099125886594891e+01
5.013497320106646526e+01
3.932300096362280328e+01
2.436595323302351446e+01
1.366832550093860377e+01
7.304380467704142177e+00
1.855516593733530950e+00
-5.823131247737071137e-01
-6.279028779497600077e+00
-1.564091797105666615e+01
-2.381383829256860096e+01
-3.219363961081574388e+01
-3.871102068580243127e+01
-4.260504393455795480e+01
-4.582875160046338436e+01
-4.763246846045183958e+01
-4.801895853151278004e+01
-4.707422678982051423e+01
-4.407427009630268344e+01
-3.895990803058722918e+01
-3.304558888204473988e+01
-2.623356111757775366e+01
-1.775639510432065293e+01
-7.845637162248676688e+00
4.541540170168849144e+00
1.960035944770707417e+01
3.670542174649703782e+01
5.618580316084370452e+01
6.703949032143913200e+01
6.815512120702858567e+01
6.499891744471057109e+01
5.442616139629142680e+01
4.274414581805452684e+01
3.029199293393732262e+01
1.109605290164492430e+01
-1.363911504883551196e+01
-2.846861020726367997e+01
-3.277708171237348722e+01
-3.318548115088349704e+01
-2.563301716515233508e+01
-2.076439577811120429e+01
-1.918971874122919630e+01
-1.211838464792025505e+01
-1.795074424797476365e+00
3.519070636983910205e+00
4.133272059513334540e+00
2.469770466385545316e+00
-3.468200769400676453e+00
-6.595816366969120992e+00
-6.628413576339879931e+00
-8.756169565423384427e+00
-1.145385433740475634e+01
-1.226534202754534952e+01
-1.151190315008671661e+01
-9.278082711790119674e+00
-4.996131918489385093e+00
-1.414460981609021228e+00
1.469324756916805308e+00
5.515244795730804839e+00
1.017065980480361276e+01
1.280062673629040582e+01
1.334102210220564722e+01
1.265493576165340528e+01
1.002949173503239599e+01
7.517817460470040736e+00
5.164017942353090973e+00
1.304879142787977786e+00
-3.662048219454423492e+00
-6.917920087470421642e+00
-8.410746661565120519e+00
-9.230074854152139352e+00
-8.648765049452814324e+00
-8.784984134672301437e+00
-9.745529370832686666e+00
-9.854587088259922467e+00
-9.561769317977226734e+00
-7.715948936483767895e+00
-3.989519681033524723e+00
7.821921013362072017e-01
7.002529666972802325e+00
1.445805033860040467e+01
2.313738831352569392e+01
3.354410910416856950e+01
4.568219606968344237e+01
5.084101849979731469e+01
4.826709593225110950e+01
4.210490965694054921e+01
2.990612301744743462e+01
1.686940590520072902e+01
3.262340613200273687e+00
-1.569528162545954686e+01
-3.899605663547495027e+01
-5.323750588406452522e+01
-5.779520172558914481e+01
-5.840605465575569610e+01
-5.149555030685964852e+01
-4.615971166136936432e+01
-4.287797282863023440e+01
-3.401219440330157084e+01
-2.143875644533055791e+01
-1.222191191692752099e+01
-6.036713876531229594e+00
-7.378269625067570558e-01
2.011399501903627929e+00
8.370739124065053716e+00
1.864278284382939432e+01
2.841392601709103261e+01
3.905519988109609386e+01
4.504158483075112684e+01
4.536119068096691365e+01
4.359644655313490347e+01
3.805098161346631969e+01
3.081867410534296070e+01
2.210672157397936033e+01
9.316243898962735415e+00
-7.192301310390581293e+00
-1.716755066904567784e+01
-2.006880190051924373e+01
-2.060275777172545730e+01
-1.605100374727309642e+01
-1.310699555657963167e+01
-1.220576501098786970e+01
-7.679209455254772720e+00
-9.460585624365078772e-01
2.002907210464936583e+00
1.313125406248540461e+00
-1.118327428490446085e+00
-6.760320655896963515e+00
-1.067749405387868400e+01
-1.266032153431465446e+01
-1.639678064299755178e+01
-2.082901835576124228e+01
-2.214452242014956695e+01
-2.037324460421105599e+01
-1.656970890004753372e+01
-9.740572859560627350e+00
-3.029502098605136418e+00
3.509037122429998767e+00
1.232329159372650018e+01
2.279735458666788261e+01
2.879710862097237722e+01
3.002469214176581858e+01
2.897854416810057998e+01
2.399555652796091820e+01
1.932085817051529375e+01
1.513057981228099536e+01
7.839497226854985179e+00
-1.705713876362310089e+00
-7.527072294639005179e+00
-9.524765937753533862e+00
-9.998046945939837116e+00
-7.409476277575096859e+00
-6.221567875803499348e+00
-6.657692945036924215e+00
-5.183342810723452487e+00
-2.744164681778916925e+00
-1.753624323752933645e+00
-2.017490386360138555e+00
-3.031359706089815642e+00
-5.353582011358376747e+00
-6.662066177499655240e+00
-6.885702671551820586e+00
-7.639322242009946251e+00
-8.422376571365708386e+00
-8.106666284403692302e+00
-6.740654108489962049e+00
-4.494406429839316708e+00
-1.073317505416885309e+00
2.460734483356995295e+00
6.116499255575123861e+00
1.069325786168188586e+01
1.599371679433712856e+01
1.826244443575237142e+01
1.722515464251092965e+01
1.452605586955270489e+01
9.114596231737216669e+00
3.398425616452725784e+00
-2.524826982654061691e+00
-1.079867740195155790e+01
-2.096049271264990566e+01
-2.599469803374872967e+01
-2.551258492418924817e+01
-2.254848977173089608e+01
-1.520224641935068988e+01
-8.137074426166622132e+00
-1.583203628871348911e+00
8.452019676899285017e+00
2.102653442963083918e+01
2.759322437925543170e+01
2.784532246549064638e+01
2.522124094286614593e+01
1.745712797291135132e+01
1.058224443772515500e+01
4.877214628180567502e+00
-4.631711820662076207e+00
-1.670795132867393562e+01
-2.318704067482050490e+01
-2.390673439301674819e+01
-2.191912736497589265e+01
-1.509690516436785757e+01
-9.503479630563321123e+00
-5.399057081149308601e+00
2.077637945225865312e+00
1.167422158468778193e+01
1.693487031205790316e+01
1.783356359813439340e+01
1.659378467782691402e+01
1.155957137447103200e+01
7.772938386894091778e+00
5.431431542914419985e+00
5.977006126646016160e-01
-5.681567014172022922e+00
-9.234654961004491014e+00
-1.013146855479273967e+01
-9.644405844085170543e+00
-6.725009605357090692e+00
-4.844891752454032030e+00
-4.123843608512439474e+00
-1.935553159135491530e+00
9.956134841398728286e-01
2.740563407145308439e+00
3.419390778931666652e+00
3.454235269343653769e+00
2.382156345147206977e+00
2.025360704644846077e+00
2.431414448566956210e+00
2.302509818192170155e+00
2.022452739984335501e+00
1.630337182685175579e+00
9.869317345820728393e-01
3.382284951783133264e-01
-3.412302961740995566e-01
-1.423709650546796102e+00
-2.899392716962301275e+00
-4.614786743614367914e+00
-6.654172661186367854e+00
-7.465836798007505770e+00
-6.894584722817532985e+00
-5.738396461188028930e+00
-3.559152690002479247e+00
-1.212328454991121518e+00
1.247012508207075765e+00
4.635198498983139181e+00
8.784842105060654660e+00
1.066134444007892768e+01
1.008352251873786720e+01
8.383232773460919773e+00
4.734611240615462791e+00
1.113945440004957543e+00
-2.380795001681190293e+00
-7.461788884473368633e+00
-1.373257388157750825e+01
-1.627342402837782132e+01
-1.482799174093611860e+01
-1.146582973040081121e+01
-4.854377907946758164e+00
1.698968041727833223e+00
8.044571148428550700e+00
1.700494663380988669e+01
2.791807199218209590e+01
3.319992363726906603e+01
3.247779022729062604e+01
2.890998514125013230e+01
2.044947139340389342e+01
1.225097299650774119e+01
4.547086397557775328e+00
-7.031629103100343059e+00
-2.144931928614708383e+01
-2.990627529168462928e+01
-3.212190559496107056e+01
-3.159820703178816004e+01
-2.601757519811242858e+01
-2.167137633856744472e+01
-1.885561130038308875e+01
-1.242655457142341646e+01
-3.683173335819997618e+00
2.183203692715894206e+00
5.327791498811205173e+00
7.362903182219247000e+00
7.025878177450750606e+00
8.713177112546986791e+00
1.261697058781595082e+01
1.549811554559603621e+01
1.830896321326052956e+01
1.873053286381836102e+01
1.616678328659575214e+01
1.236854719534162328e+01
6.568886617023829366e+00
-7.342234693402426293e-01
-9.462832935359188014e+00
-2.058966709534265505e+01
-3.406587247837488519e+01
-4.065178922070292344e+01
-3.963799541516184632e+01
-3.540942918577912479e+01
-2.541668477016546035e+01
-1.529787638537335326e+01
-5.377707390976616431e+00
9.402667076564828363e+00
2.791322683361584112e+01
3.895522957039400325e+01
4.213674498499620569e+01
4.205330226866560395e+01
3.575853039428172764e+01
3.111288945629988234e+01
2.851715481747558556e+01
2.151005314875742869e+01
1.172626776930045622e+01
5.326985325081365019e+00
2.083227002307899145e+00
1.467208441246428130e-01
1.001486345215114149e+00
-6.490731207470115116e-01
-5.033167350082486280e+00
-8.285461486194620306e+00
-1.155692379031602712e+01
-1.479954578326481140e+01
-1.759018222179964752e+01
-2.076347634107388274e+01
-2.420347249376517240e+01
-2.695509066030097145e+01
-2.906873892019368100e+01
-3.089673402005498914e+01
-3.223063105455234734e+01
-3.057918704229321349e+01
-2.566831821223619414e+01
-1.848366475045226309e+01
-8.261392369993867391e+00
3.488565802147937767e+00
1.678233373553000973e+01
3.310936225042853920e+01
5.224340347343993329e+01
6.145486963178835538e+01
5.972333205613955442e+01
5.295280059584981558e+01
3.758494577563405414e+01
2.145453576892951730e+01
4.949107256632624185e+00
-1.901204995072576764e+01
-4.890092532805788750e+01
-6.436714383132769512e+01
-6.441451590273933903e+01
-5.773442715432957328e+01
-3.886997492028721979e+01
-2.156767708703632280e+01
-6.524386784855073174e+00
1.787251842056174667e+01
4.881278798225503124e+01
6.465812283254473414e+01
6.480650150862643954e+01
5.766784864770070840e+01
3.756054836596926094e+01
2.012598483752258005e+01
6.067006936456762922e+00
-1.733673809729053872e+01
-4.686398118156959924e+01
-6.182840259663668547e+01
-6.180225546081431531e+01
-5.443629762594471089e+01
-3.431851303307698231e+01
-1.682570728842550878e+01
-2.582149096773877606e+00
2.077549252906442590e+01
5.009589155001879135e+01
6.436093820754265948e+01
6.305201083274776863e+01
5.401924805586612877e+01
3.172939965377902283e+01
1.167754543064460293e+01
-5.517222609753376972e+00
-3.240072810623900068e+01
-6.581575472701844376e+01
-8.250007682019217725e+01
-8.175219338920553014e+01
-7.249102014934636884e+01
-4.855874176060680014e+01
-2.681471416290218812e+01
-7.953877387413223587e+00
2.180346148580019872e+01
5.902956088555517056e+01
7.931381073685116689e+01
8.202511748346512377e+01
7.646978243132780051e+01
5.623518370507299835e+01
3.919686023548342035e+01
2.612101632297208198e+01
2.530025317731226409e+00
-2.790600874739330806e+01
-4.511776179085628513e+01
-4.897542454027403380e+01
-4.656452313732579995e+01
-3.273735111795600261e+01
-2.302689683425636957e+01
-1.807927417648069479e+01
-5.735814655607985202e+00
1.076262614554212504e+01
1.979553009039744893e+01
2.170206103048003143e+01
1.980501614159175716e+01
1.122848124737730124e+01
5.943502529789169486e+00
4.284614397313167622e+00
-1.157698297445066027e+00
-8.288378237126270420e+00
-1.202545221742337134e+01
-1.271566979812757481e+01
-1.132350041209665825e+01
-6.622918210609427092e+00
-3.525604822281913187e+00
-2.124595229098352966e+00
1.073468401703362440e+00
5.052615864148370051e+00
7.368178226887837745e+00
8.165510506963478576e+00
7.901999504392189344e+00
5.974585542802441473e+00
4.754651895404177431e+00
4.277434775956571400e+00
2.838354405340404174e+00
9.200427542018453364e-01
-2.969805919680443274e-01
-8.928571568392875690e-01
-1.101839285506070798e+00
-6.401314696126995107e-01
-6.707463276303866628e-01
-1.220985992836910894e+00
-1.471555586903220636e+00
-1.667139417015567560e+00
-1.970519309948477016e+00
-2.309252961886529842e+00
-2.776300536480345471e+00
-3.396868456595570684e+00
-3.856356097881849632e+00
-4.159522064329398638e+00
-4.481665103769668868e+00
-4.756382918431995677e+00
-4.642693945825292268e+00
-4.117060494508503865e+00
-3.288651637836807140e+00
-2.056499867654928426e+00
-6.630115411094772426e-01
8.948823028294127235e-01
2.834670320844697056e+00
5.117081732796668447e+00
6.477271435056612070e+00
6.823847567312410156e+00
6.734335898857223945e+00
5.859164915854947253e+00
4.999981312214994311e+00
4.197855528528494418e+00
2.743545367348100505e+00
7.964416166639173289e-01
-4.299024989245089357e-01
-9.168884972485555895e-01
-1.141910277475213453e+00
-7.954799838430318681e-01
-7.780647362747541429e-01
-1.139005678384415132e+00
-1.168116216362401927e+00
-1.058993232790375938e+00
-1.024142856027593140e+00
-9.987484945802483916e-01
-1.013719693894288509e+00
-1.103834456951629850e+00
-9.630056384090334154e-01
-5.852581109131881343e-01
-1.455372299575928841e-01
4.258871494692744175e-01
9.867923203523629727e-01
1.513469984171595284e+00
2.128451004707891059e+00
2.794106680443127821e+00
3.553172675768641042e+00
4.421895118845860395e+00
5.350170844529078984e+00
6.352374853874683147e+00
5.951904981854275078e+00
3.991652500083235910e+00
1.174174116113131383e+00
-2.931692561463380642e+00
-7.485619078014272176e+00
-1.245700975658408538e+01
-1.866093686032429488e+01
-2.594777079740649128e+01
-2.895994296020468539e+01
-2.728806442824196665e+01
-2.337439329042844349e+01
-1.572588443761878096e+01
-7.671719947627733127e+00
6.301589105273728286e-01
1.217169420226261423e+01
2.630483267703474581e+01
3.433379948245111279e+01
3.582659831504990677e+01
3.449933979701253861e+01
2.801712427808588757e+01
2.224644453973348135e+01
1.748284921681729287e+01
8.763250687360127245e+00
-2.715121071769209138e+00
-9.650104778840958630e+00
-1.198697771416087932e+01
-1.241537621974918260e+01
-9.075890225973987313e+00
-7.543604950399885212e+00
-8.084448313688925580e+00
-6.340039151254547534e+00
-3.493021239949628320e+00
-2.360721492751724160e+00
-2.696312951490076326e+00
-3.969114486120684404e+00
-6.829053987826323002e+00
-8.505567007998282136e+00
-8.923815474601369147e+00
-9.999141381797860717e+00
-1.113811222031365844e+01
-1.103040802552005317e+01
-9.736963308325147892e+00
-7.448562871146343412e+00
-3.824446231905889171e+00
-1.144293230495586622e-01
3.690826335270824377e+00
8.525827530921826991e+00
1.415689786737094380e+01
1.730538082833678359e+01
1.776330481862339639e+01
1.692964741823844577e+01
1.389861018931008552e+01
1.084687332206799404e+01
7.865054898250427584e+00
3.060594179723485020e+00
-3.140225985002184750e+00
-6.778983772997369428e+00
-7.732250211793641803e+00
-7.612963283919189195e+00
-5.385871130611614710e+00
-3.877552191992633013e+00
-3.235643224326391287e+00
-1.162063634589300953e+00
1.749630257700511393e+00
2.973445275025492940e+00
2.549213807947109167e+00
1.275921093170008458e+00
-1.477913862945768209e+00
-3.646231429501105570e+00
-5.150387686647526664e+00
-7.556414797562849728e+00
-1.042968558417183011e+01
-1.143403913521191306e+01
-1.051715182705503082e+01
-8.480592928055379787e+00
-4.701191209887260136e+00
-9.379793199118017233e-01
2.760775988783874091e+00
7.824985330241747583e+00
1.390914653862208539e+01
1.685152715417427416e+01
1.642590890425285011e+01
1.437531525044951053e+01
9.565899516127158719e+00
4.804712872474425467e+00
2.129415155961447703e-01
-6.611722797890710268e+00
-1.511155504973054065e+01
-1.944906172126625066e+01
-1.937413044902913128e+01
-1.729397567660832280e+01
-1.164928151234133935e+01
-6.480895681164547284e+00
-1.979704585817082307e+00
5.229582813948569608e+00
1.432284094412206343e+01
1.934264566485422421e+01
2.014454749217645002e+01
1.901166805068360688e+01
1.438625818772550247e+01
1.062864180097725786e+01
7.933506263698628658e+00
2.780344588474136902e+00
-3.929736770667171086e+00
-7.533813709824320526e+00
-8.017369240697142629e+00
-6.990383334647173541e+00
-3.259795065964585348e+00
-4.687886824710332800e-01
1.236768781962429120e+00
4.696628635068228697e+00
9.152007900698418297e+00
1.025915048960181508e+01
7.928697118539990818e+00
3.697259484944595886e+00
-3.582311603989079440e+00
-1.064650733741909328e+01
-1.738639609064803082e+01
-2.643620881764357478e+01
-3.714154991578654830e+01
-4.148347398706140154e+01
-3.899786679863011329e+01
-3.303619126224966607e+01
-2.139741434934648368e+01
-9.432538969078535729e+00
2.643444797121521805e+00
1.945725643166395713e+01
3.996154668385935338e+01
5.125869952676552543e+01
5.271280093375079190e+01
4.976752222624837430e+01
3.895150975167454988e+01
2.901899596559669803e+01
2.039021892469046193e+01
5.661092230759683375e+00
-1.339288140474279487e+01
-2.449498517370694373e+01
-2.742818909756654477e+01
-2.686735585390957226e+01
-1.964171384598963854e+01
-1.487812982904707226e+01
-1.301006639353600391e+01
-6.772303010109103738e+00
1.919383093642941462e+00
6.350317251698770704e+00
6.756382664405369276e+00
5.030834704493604370e+00
-4.700921640513336941e-01
-3.939708725949624846e+00
-5.175462990403095098e+00
-8.455634406011691695e+00
-1.255054047003571327e+01
-1.431761907584797555e+01
-1.392382041173281948e+01
-1.199880644203654612e+01
-7.763812332549335338e+00
-4.158137750608066341e+00
-1.224622066883595650e+00
3.178864416366407930e+00
8.459039255588239214e+00
1.222836450685664467e+01
1.450211991069081208e+01
1.601257549608129693e+01
1.614626187734862128e+01
1.688931976164356641e+01
1.830258076167122638e+01
1.886394774022463139e+01
1.898080368814963137e+01
1.800913998612059785e+01
1.569050347260789202e+01
1.258803857904633183e+01
8.450249851091168551e+00
3.217508377302955136e+00
-3.113553955914425853e+00
-1.077103410680302531e+01
-1.980864014451339372e+01
-2.543958370295336735e+01
-2.726597485988265390e+01
-2.761905494187322319e+01
-2.517050177235423192e+01
-2.278729245158201877e+01
-2.064310233913029791e+01
-1.613639320944798428e+01
-9.842196783757207967e+00
-5.228215515791054813e+00
-2.256989826713587721e+00
3.694829795762613056e-01
1.806214189559597560e+00
4.783284797208389172e+00
9.465899671585551900e+00
1.380385368232916221e+01
1.840789888274127861e+01
2.089525282255701910e+01
2.080101839848849465e+01
1.967827001538891096e+01
1.678088495260743684e+01
1.297948795744649431e+01
8.352773053089888933e+00
1.774310169473427123e+00
-6.616870512966277040e+00
-1.167559952072143759e+01
-1.310559232826553888e+01
-1.329664377652834339e+01
-1.087493134101620562e+01
-9.158757502774426129e+00
-8.363414769366126933e+00
-5.651745270552658518e+00
-1.722873688703569162e+00
7.315412648109994587e-01
1.822296588479141555e+00
2.368492811464001591e+00
1.729828551445431017e+00
2.208027836660197529e+00
3.909872769362335632e+00
5.165209617345047022e+00
6.479749913972906228e+00
6.952065402588720744e+00
6.313835339681170389e+00
5.348429447025279337e+00
3.753648886320261280e+00
1.630042265525188716e+00
-9.768178964746320192e-01
-4.398628340424260763e+00
-8.629213212482142126e+00
-1.070707776266684697e+01
-1.041489133348891727e+01
-9.167874907812862517e+00
-6.156067818903441236e+00
-3.186713967905153488e+00
-3.711938327197930043e-01
3.900578226197617848e+00
9.260707612303390235e+00
1.211044105659233772e+01
1.231641570714599965e+01
1.134649072973490647e+01
8.248473043765201851e+00
5.534654116257240908e+00
3.326506113469382520e+00
-4.546805693058886266e-01
-5.292102739400309730e+00
-8.069745013946617362e+00
-8.750101123020346705e+00
-8.469531656059819724e+00
-6.425063884621796895e+00
-4.978660649170459251e+00
-4.232771867650356512e+00
-2.320452244232667383e+00
2.658852515321480370e-01
1.964088532767746642e+00
2.851928614542929452e+00
3.341118604142212067e+00
3.057189618427422761e+00
3.404550289752840353e+00
4.433346467805077573e+00
5.132547224839447253e+00
5.803727148725603691e+00
5.411957155329079505e+00
3.741182889048472404e+00
1.486387558197356240e+00
-1.680784919116627307e+00
-5.431133325660427502e+00
-9.732876896237275588e+00
-1.505705090450640249e+01
-2.135670005541732408e+01
-2.413707507842949340e+01
-2.303951897652951430e+01
-2.017154459911814968e+01
-1.428153209580745830e+01
-8.103856878448363332e+00
-1.781287489425192883e+00
7.162365729241707335e+00
1.819049359807272026e+01
2.506418402244757004e+01
2.752379742908988547e+01
2.819458708217412024e+01
2.542252537756140640e+01
2.350693318808143317e+01
2.267205770067339898e+01
1.934264562885193683e+01
1.440947271604337132e+01
1.057740980159152855e+01
7.639527124904196498e+00
4.887100375714346967e+00
2.929489520242878342e+00
-7.662871993831104067e-01
-6.321898096967200509e+00
-1.199684313511427192e+01
-1.836442864367372962e+01
-2.278927203457732276e+01
-2.484406167622820405e+01
-2.619259238306540638e+01
-2.604893796662852168e+01
-2.551754282536321128e+01
-2.471127923467330589e+01
-2.237161671052635725e+01
-1.870729162527430844e+01
-1.535540424384069702e+01
-1.225539099054563863e+01
-8.724447853671376762e+00
-5.126945355682404504e+00
-1.498616176131462030e-01
6.328615344739019655e+00
1.338652881683756490e+01
2.135030451250091232e+01
2.688838747228027870e+01
2.959080458112844170e+01
3.128021697174056115e+01
3.099014273956316856e+01
3.046105149752503394e+01
2.981370264184892704e+01
2.731197326351178489e+01
2.329018796064634600e+01
1.934424349657263775e+01
1.534724795279583276e+01
1.071326248845780071e+01
5.773008648219863481e+00
-9.055882492170306275e-01
-9.451643215292227396e+00
-1.892471266086493031e+01
-2.968845477275543132e+01
-3.651702813963127170e+01
-3.882185885356354049e+01
-3.935221956019974954e+01
-3.660506328794970443e+01
-3.341944197616739132e+01
-2.997509001865739009e+01
-2.350737220484355916e+01
-1.456211116806898254e+01
-8.121492881518408424e+00
-4.241778511403309082e+00
-8.620241277718745376e-01
7.740346213377020668e-01
4.344793867558736977e+00
1.009552492065115636e+01
1.516775823220134711e+01
2.038259780011245326e+01
2.433697877914471519e+01
2.656359310154693532e+01
2.829890302697887350e+01
2.904753908752381975e+01
2.892013744474078152e+01
2.797118306153489442e+01
2.567045532307678712e+01
2.200272485268414968e+01
1.828196446077373594e+01
1.448839210077527895e+01
9.926228266730472427e+00
4.880751170411742557e+00
-1.604453298998685273e+00
-9.661366638006029461e+00
-1.861908856085469921e+01
-2.873921221572929596e+01
-3.482569080321794530e+01
-3.631060837857595658e+01
-3.585132347694589328e+01
-3.195077959022469472e+01
-2.750090837642216002e+01
-2.266545049618624930e+01
-1.465283985474967743e+01
-4.012126069142333940e+00
3.036028789855532928e+00
6.314341082860966736e+00
8.465710877463365591e+00
7.889448453246620474e+00
8.993007576507219270e+00
1.205092853163113453e+01
1.351609588959643027e+01
1.434367576061476335e+01
1.478248354356498950e+01
1.441972077279371689e+01
1.378138945914254521e+01
1.279998822828891925e+01
1.042392872491566180e+01
6.635149774410868950e+00
1.844920279004356622e+00
-4.213051316071442898e+00
-7.991917466908974532e+00
-9.163843799860147854e+00
-9.635873029333110296e+00
-8.433848769382210619e+00
-7.548879389001205809e+00
-7.150613184807322220e+00
-5.404224283767506520e+00
-2.731770748162853479e+00
-8.162071306466129883e-01
4.358207379278815630e-01
1.555637079729375927e+00
2.159295147097500589e+00
3.697446501637186689e+00
6.253887213462285821e+00
8.804871837659749900e+00
1.168240411476488205e+01
1.291915303035264984e+01
1.221842395976646856e+01
1.075020236880114588e+01
7.928674535924844058e+00
4.647484837185821505e+00
9.793169370024497056e-01
-4.052600324609763938e+00
-1.028342340387772147e+01
-1.421628506836641392e+01
-1.566810269594945382e+01
-1.620893205895920630e+01
-1.490668589040939906e+01
-1.406231317650253665e+01
-1.381340239159416505e+01
-1.220800705385427420e+01
-9.726763479315442495e+00
-7.673227171723550732e+00
-5.914046303196500709e+00
-4.139580863305929448e+00
-2.629967747312117687e+00
-1.083584673479424665e-01
3.489964701373719613e+00
7.317198703659002490e+00
1.166855886290379374e+01
1.486591149333816375e+01
1.666986349224699637e+01
1.809442291284997495e+01
1.864989766316553244e+01
1.911125264499440846e+01
1.955262449103984679e+01
1.915111275648287048e+01
1.805933187191065770e+01
1.645374386343092965e+01
1.421194624497186787e+01
1.132377802117447096e+01
7.774942554886072443e+00
3.226475282460122607e+00
-2.373150843657482412e+00
-8.906102344523006309e+00
-1.648545503241096455e+01
-2.210330911820806676e+01
-2.548383808743604106e+01
-2.815494511046562565e+01
-2.927736399844217985e+01
-3.060889987450203265e+01
-3.226807357252772590e+01
-3.263938510186420672e+01
-3.207901685831558325e+01
-2.993010214198774932e+01
-2.588009512078927798e+01
-2.043744029116335170e+01
-1.330819606813549960e+01
-4.411226697428197951e+00
6.301102572319480899e+00
1.911301863563202730e+01
3.411724408179662049e+01
4.371435029449145304e+01
4.725698331084495862e+01
4.845165112897869619e+01
4.518149911614868586e+01
4.199485084028980708e+01
3.916332981413648895e+01
3.254697376576756085e+01
2.305406617772534617e+01
1.560752109762515971e+01
1.008234597840088753e+01
4.682627397611534903e+00
5.760395216116930284e-01
-6.247684150504952072e+00
-1.604528944192180262e+01
-2.588656909120688709e+01
-3.668845393028729518e+01
-4.312903182145532099e+01
-4.437266363606551778e+01
-4.358881449307531142e+01
-3.917525915156910798e+01
-3.350754961596524595e+01
-2.676774480074578477e+01
-1.630760221059284731e+01
-2.551567636096046421e+00
6.181331523592954014e+00
9.527810783829057328e+00
1.123006888169285489e+01
9.111132398789035136e+00
8.765413534280545704e+00
1.056101041101630855e+01
9.858566356818947440e+00
7.860892781357652126e+00
7.765900714639368374e+00
9.303259609367639626e+00
1.176703868542432652e+01
1.588349341819560223e+01
1.861689687510993352e+01
1.985836959873751439e+01
2.170521751367531849e+01
2.349239357314287702e+01
2.283503638129155888e+01
1.969214998785233561e+01
1.469429815978337928e+01
7.182897075717603386e+00
-9.547756259937429935e-01
-9.724935945146677696e+00
-2.067970449496872476e+01
-3.348285774562756956e+01
-3.995912397803191141e+01
-3.951127216216451643e+01
-3.579617820482300061e+01
-2.653907439926631184e+01
-1.693635962287684649e+01
-7.224673882205816966e+00
7.216501539351233063e+00
2.537362610424495557e+01
3.536683600909844927e+01
3.668152152645847508e+01
3.431928552534570542e+01
2.511972975591292467e+01
1.725473270134154902e+01
1.114341370649571772e+01
-3.098885900609338329e-02
-1.458233953147932560e+01
-2.287032704391198834e+01
-2.483542822884709977e+01
-2.393988414289943734e+01
-1.772218094683275780e+01
-1.358806966306451436e+01
-1.186518843304023996e+01
-6.760597395540052013e+00
1.692896166436940741e-01
4.361286473493408700e+00
6.069235653794289753e+00
6.403570242652609323e+00
4.270720245645515334e+00
3.845691203566996563e+00
5.257938311219575667e+00
5.512578047660963598e+00
5.496942864546450203e+00
5.308193622729304728e+00
4.627591197318135841e+00
4.025105279005294356e+00
3.445710137326365885e+00
2.039859786058098479e+00
-1.659251322670594608e-01
-2.816837442650091283e+00
-6.102259574463515079e+00
-7.951977678145786932e+00
-8.160085709841760959e+00
-7.855355332925269884e+00
-6.464066897162356717e+00
-5.090877850456963394e+00
-3.829695502453449585e+00
-1.630088144172290754e+00
1.278782949380570688e+00
3.447021745195597120e+00
4.885263722056592428e+00
6.139852420724435156e+00
6.855510914714589177e+00
8.149190235812575622e+00
1.008710089444806357e+01
1.182080893348393680e+01
1.359797078993413599e+01
1.394836003228968124e+01
1.262675091097383984e+01
1.049594200005290467e+01
7.103529661667143280e+00
3.082913310340663404e+00
-1.527793294299807370e+00
-7.465128760926067031e+00
-1.462616151623808847e+01
-1.886917463342084744e+01
-1.991416901927575367e+01
-1.967592290304261837e+01
-1.702437294635729970e+01
-1.457673853029373134e+01
-1.248256767279482204e+01
-8.446658527592797228e+00
-3.000817938403971041e+00
5.851554936890424052e-01
2.308854839670847259e+00
3.386562685443470500e+00
2.999688534974037424e+00
3.667595135791404726e+00
5.524077994290957250e+00
6.628596402647614738e+00
7.527334781552894150e+00
8.374036815719295035e+00
8.957410612010551887e+00
9.580866425302426492e+00
1.022341382724894743e+01
1.030069461715664048e+01
9.816046967815324820e+00
9.021785998068564183e+00
7.780771129086336835e+00
6.607601842760976396e+00
5.548018186351540315e+00
4.241185845661015641e+00
2.814208498424351834e+00
1.018173296416415186e+00
-1.199244244603906884e+00
-3.618901111000730531e+00
-6.312114842292019468e+00
-8.591178969810572497e+00
-1.036686731025316810e+01
-1.202093595081873545e+01
-1.335200801308978136e+01
-1.472615452503632127e+01
-1.616927189752293259e+01
-1.731758711304058806e+01
-1.824193180698962635e+01
-1.770651375513331161e+01
-1.552359590397886357e+01
-1.230531166691852896e+01
-7.663923800308113599e+00
-2.198444066900787419e+00
4.087398077534817098e+00
1.186479135579424060e+01
2.105036730824533109e+01
2.640393022481997320e+01
2.752680610012897588e+01
2.686675825189933420e+01
2.297341805245393687e+01
1.909554879313804321e+01
1.540919232244567816e+01
9.011426654897981336e+00
5.491780863013127068e-01
-4.828888740404098101e+00
-7.030705865653069431e+00
-8.099863271992143510e+00
-6.719030007708960639e+00
-6.675267172480101152e+00
-8.176538310067668291e+00
-8.220547476700428291e+00
-7.619437273106894892e+00
-7.287030667789506033e+00
-6.947295990456704651e+00
