1.633815360206091327e+01
1.373410905630118428e+01
1.149754142658118106e+01
9.764231984227274452e+00
6.275838543332891817e+00
1.579639521213751729e+00
-1.729846395950469073e+00
-3.701181354195608009e+00
-5.214778667157943026e+00
-5.635408970663776884e+00
-7.081237155487119850e+00
-9.657393910662161574e+00
-1.178228328344038545e+01
-1.391849209350868399e+01
-1.461599712963063524e+01
-1.355019985031297303e+01
-1.172384109421283327e+01
-8.669211346494837045e+00
-4.817317951728238512e+00
-2.123483039246486515e-01
5.800272151116098840e+00
1.316323386305491105e+01
1.649304868678021307e+01
1.538463031390858049e+01
1.237253521171990478e+01
5.972642799940981462e+00
-5.048675111842629848e-01
-6.872811125803154120e+00
-1.609031014305013940e+01
-2.749417886393107580e+01
-3.122460093142418458e+01
-2.671057406248549526e+01
-1.818495808875257325e+01
-2.959279630608342426e+00
1.247463838881082765e+01
2.781986040268307647e+01
4.868829909932740918e+01
7.378943010974299455e+01
8.513412346661169749e+01
8.169650640824197296e+01
7.114578928737608976e+01
4.857673567419704597e+01
2.591617633251618358e+01
3.699968486997418537e+00
-2.835407273676307582e+01
-6.787604811740611410e+01
-9.044508755371104769e+01
-9.505780714614586202e+01
-9.177005795583662007e+01
-7.407982141581395297e+01
-5.895696654144467885e+01
-4.721678959105673101e+01
-2.473872266932950481e+01
5.000744739930876648e+00
2.335309631840426547e+01
3.034269612806625105e+01
3.255242463473373959e+01
2.527854482677981451e+01
2.314801782643754180e+01
2.683289074691761655e+01
2.506239634286215789e+01
2.094964244756916472e+01
1.817396964130302095e+01
1.575641639126542692e+01
1.406976302544104307e+01
1.377017089560508190e+01
9.772909109114308990e+00
1.988449540858311160e+00
-6.589073572210386587e+00
-1.709981107008480450e+01
-2.306299077307282630e+01
-2.362536150003086988e+01
-2.271232081349306142e+01
-1.847434304490705870e+01
-1.392366782961022764e+01
-9.378252568886424001e+00
-1.713153119270104163e+00
8.451380010000359988e+00
1.492359793223027253e+01
1.757508191676969034e+01
1.897202903539143293e+01
1.753856539070300613e+01
1.767746685572569731e+01
1.965766003572630183e+01
1.996087109964739525e+01
1.954186147975169874e+01
1.856259554989118854e+01
1.660894296712145035e+01
1.425003909956142856e+01
1.139766196386338315e+01
7.058734321233651521e+00
1.221447782204718946e+00
-5.748094135955161832e+00
-1.410179276456108610e+01
-2.023687457375045540e+01
-2.382393332161939270e+01
-2.678491769520294596e+01
-2.812994675615720652e+01
-2.989083459682163024e+01
-3.223656351234011908e+01
-3.329715266949830976e+01
-3.350136594394761858e+01
-3.168536525898701584e+01
-2.745669651739253680e+01
-2.161721587734972516e+01
-1.371862265559057548e+01
-3.926389550451926169e+00
7.791075234582740094e+00
2.198299048206206763e+01
3.869807376466607707e+01
4.834295232920790397e+01
5.011358970513618516e+01
4.863250223729824029e+01
4.122596517053157328e+01
3.366725670120268177e+01
2.628643394447777837e+01
1.383541213637185585e+01
-2.539987226648182439e+00
-1.340097793001054782e+01
-1.858065263154992053e+01
-2.185948805842938825e+01
-2.082891182532535268e+01
-2.241422169244429696e+01
-2.700819663890244371e+01
-2.912743699503003114e+01
-3.026492504683132978e+01
-2.930044964116864392e+01
-2.544888605653310520e+01
-2.023954133471729833e+01
-1.313624116087759752e+01
-3.361972568973913056e+00
9.075826559345358646e+00
2.435728303865973032e+01
4.273949466871349756e+01
5.097307422480927386e+01
4.789109978427990910e+01
4.000338196187128403e+01
2.360670514157901678e+01
6.481247989711106605e+00
-1.091037409457110918e+01
-3.573086434559490243e+01
-6.643982202128592007e+01
-7.909222153434804170e+01
-7.233436878147733751e+01
-5.652115054045795972e+01
-2.515327840398160930e+01
5.984700885996026898e+00
3.613010533344712627e+01
7.886984282488845110e+01
1.310351374912542042e+02
1.560845202010498554e+02
1.522287090022038853e+02
1.346995175542353138e+02
9.364004311821851445e+01
5.386478526809639789e+01
1.650002342341718276e+01
-3.948656932465198111e+01
-1.091046363435935405e+02
-1.494237307697841288e+02
-1.590315035784188069e+02
-1.550465449055769795e+02
-1.261437326233063629e+02
-1.029280206629271532e+02
-8.683135855854420981e+01
-5.277632203922728849e+01
-7.069281125088206608e+00
2.217024203099814983e+01
3.542538439637550596e+01
4.190247437310340217e+01
3.464044188064814733e+01
3.670135742012893587e+01
4.909567337078067339e+01
5.449043423266390818e+01
5.783195808832898166e+01
5.820026669405001485e+01
5.350221963567364014e+01
4.756252753471687811e+01
3.955034715083829866e+01
2.547247999102983584e+01
5.421490064121410768e+00
-1.953760036000221589e+01
-5.040162585981500598e+01
-6.727450357526332425e+01
-6.837358031707317707e+01
-6.396801537598923915e+01
-4.855844156836072045e+01
-3.348979835189044962e+01
-1.959428149212346426e+01
3.592082117506629757e+00
3.373978093137554168e+01
5.082174548207922271e+01
5.434728951893393400e+01
5.233479190886875188e+01
3.960027581622320980e+01
3.050849693588297384e+01
2.580991949110927308e+01
1.391409616798138593e+01
-2.149747915732969084e+00
-1.180522368912512121e+01
-1.545534864515112616e+01
-1.607690174322188525e+01
-1.109762953087663284e+01
-9.678779985148379339e+00
-1.215051920355489656e+01
-1.179139800665486248e+01
-1.055143533903151187e+01
-1.001906889198059325e+01
-9.598197698012048917e+00
-9.887662092868135133e+00
-1.114475737991382509e+01
-1.068405202406821708e+01
-8.516569566781397427e+00
-6.163527114460727319e+00
-3.045732695933984324e+00
-1.019900841485666509e+00
-3.743802951121941724e-01
2.033764357320683724e-01
1.894143317809368621e-01
2.562073933793789227e-01
5.293600720838830265e-01
2.275795763295224150e-01
-4.932320578328140970e-01
1.326723124850038571e-01
2.162400977049364403e+00
4.862166191515989944e+00
8.691888145633141605e+00
1.245634467562895331e+01
1.609144419969059214e+01
2.058785354949519686e+01
2.569660514351775049e+01
2.725879605820699680e+01
2.497951688542588755e+01
2.064590338654159041e+01
1.309470756109071843e+01
4.976031322931802947e+00
-3.612638609575604676e+00
-1.504041597525271357e+01
-2.880508927256747143e+01
-3.620356780933158092e+01
-3.671421154081637894e+01
-3.414668028901568420e+01
-2.612923169917847233e+01
-1.837006222611629624e+01
-1.114955317434924709e+01
4.670173282049889796e-01
1.533428416160696273e+01
2.393553031273648202e+01
2.601040021557895088e+01
2.534160151484088175e+01
1.944563790950813242e+01
1.518731148217817406e+01
1.290677039242137347e+01
7.046318514435450098e+00
-9.591561904711116693e-01
-6.248297476923227123e+00
-9.046950226790139382e+00
-1.070810251134291669e+01
-1.006906621156363357e+01
-1.142386057393090226e+01
-1.494157659394686810e+01
-1.752172299589106785e+01
-2.009359939718449439e+01
-2.082424677778780975e+01
-1.919236657525319600e+01
-1.671049656688106566e+01
-1.276518206671709876e+01
-7.610930785051743364e+00
-1.324709317443660606e+00
6.796909240094810123e+00
1.673920271730001375e+01
2.265813236073302050e+01
2.413770243032325169e+01
2.397702073031861048e+01
2.058564147947278755e+01
1.755839258937000125e+01
1.512488428208830804e+01
1.010682901754465135e+01
3.244070156909693026e+00
-1.678663560065980942e+00
-4.731543176525066841e+00
-7.243366847561323318e+00
-8.294390243129772244e+00
-1.093197522299943536e+01
-1.532149936122383060e+01
-1.918966454007166078e+01
-2.320999123769693639e+01
-2.340454470731391368e+01
-1.911741318842179638e+01
-1.268752179680167025e+01
-2.895766205375894131e+00
8.541504975400046717e+00
2.151647366257448368e+01
3.801548471574589172e+01
5.775574238788985326e+01
6.685704839742672334e+01
6.428208332950974579e+01
5.645478682465801512e+01
3.953509484804536100e+01
2.212622785778529533e+01
4.679323703723608396e+00
-2.049687663742414401e+01
-5.169816152129342157e+01
-6.973819879594877591e+01
-7.380859929549318110e+01
-7.192961756868228917e+01
-5.900106201467541922e+01
-4.824369222585427508e+01
-4.032391689459893058e+01
-2.422241783933527515e+01
-2.661961585514195150e+00
1.091579681222546050e+01
1.663726257655184781e+01
1.910336815132885135e+01
1.496099093155351945e+01
1.496469080186201595e+01
1.960651364761146453e+01
2.070634227956282203e+01
2.056775722209936319e+01
2.062511039613070452e+01
2.006603506381143376e+01
1.978994909934271362e+01
1.993474972861151784e+01
1.754157442729459504e+01
1.259963993937041593e+01
6.623625224978330728e+00
-1.061025896378039679e+00
-6.110064057018274930e+00
-8.036322813566073364e+00
-9.428748304948001646e+00
-9.087422404151018540e+00
-9.171592937178338900e+00
-9.923560847066543289e+00
-9.238479950445835698e+00
-7.588868560502611160e+00
-6.475658912876954609e+00
-5.743077913829996994e+00
-4.978074978116310945e+00
-4.492392424554735975e+00
-2.892723322692419607e+00
-9.032592875127351539e-02
2.995238069256391356e+00
6.696739621964197475e+00
8.750785608397810833e+00
8.860120431004306241e+00
8.349535947408071479e+00
6.565753112348425624e+00
4.621001929317051449e+00
2.615421543161543294e+00
-5.852158651714542970e-01
-4.758353912840038724e+00
-7.148529370536090610e+00
-7.658998606374707308e+00
-7.464460380165727216e+00
-5.846858297037330843e+00
-4.706004223663181385e+00
-4.153246735581359594e+00
-2.628780501634695455e+00
-5.358720643058902944e-01
7.144143248928653822e-01
1.179610110914623311e+00
1.257662950442516969e+00
6.076602221944106264e-01
4.509597253571434594e-01
8.332083860293045818e-01
8.614775745661787942e-01
7.970871743064856796e-01
9.844937397276357638e-01
1.359615092930699376e+00
1.942552791833352721e+00
2.807549643175226706e+00
3.523771767321555171e+00
4.091911347132779930e+00
4.788835627924003191e+00
5.525902578455426983e+00
5.632410232003455697e+00
5.066525053803907497e+00
4.079672161086994819e+00
2.481504715893248392e+00
7.340476259034687256e-01
-1.155043682706162533e+00
-3.591258362175457464e+00
-6.491017078246950511e+00
-8.273850161769754408e+00
-8.842892496584951800e+00
-8.897067120219499969e+00
-8.005531342343481072e+00
-7.204252553848459861e+00
-6.545897286208242072e+00
-5.135062879209405295e+00
-3.180635623027859182e+00
-1.627697184473681835e+00
-4.437123681210538573e-01
6.907675269338113822e-01
1.552253016782179307e+00
2.937457295310986094e+00
4.892101006961699028e+00
6.839921327461551570e+00
8.961063751183742099e+00
1.058815692565848110e+01
1.159557599786431048e+01
1.242827679983125932e+01
1.288134321946355065e+01
1.320182468993603742e+01
1.341741607673464465e+01
1.321801190364040757e+01
1.264741721879651237e+01
1.203926766264431869e+01
1.136710467972371497e+01
1.048656583695349021e+01
9.463379893051781622e+00
8.010105788583869568e+00
6.092899319344472708e+00
3.895837801724377769e+00
1.340894758396166786e+00
-3.533583748594746776e+00
-1.092389455687030342e+01
-1.998259791918201245e+01
-3.128871517172830963e+01
-4.369935062841115325e+01
-5.719822260237591394e+01
-7.289738412890588393e+01
-9.060779820953790420e+01
-9.683917846277637409e+01
-9.040657937331334892e+01
-7.755294508630829853e+01
-5.444916039922425455e+01
-2.919721276392433396e+01
-2.145289187105925421e+00
3.420410693075969988e+01
7.832574617360863556e+01
1.063185160814990695e+02
1.169411473822855640e+02
1.206136872096568027e+02
1.109206996507337948e+02
1.038494112594916317e+02
1.002546543832561241e+02
8.658054821182237504e+01
6.611237529072134578e+01
4.943860921605333658e+01
3.575654847226044097e+01
2.211925746753437139e+01
1.088927971947675744e+01
-7.769973210090682869e+00
-3.438779311993265253e+01
-6.223666934782570337e+01
-9.357880355429220742e+01
-1.121339350489067073e+02
-1.156522174158941141e+02
-1.134766364087863053e+02
-1.008193331624837583e+02
-8.549623001832823377e+01
-6.810057175311891342e+01
-4.041173333118932476e+01
-3.895865094997064570e+00
1.984130662472171380e+01
3.002020990374105125e+01
3.611112033466068993e+01
3.251127571157439178e+01
3.408266406952986216e+01
4.178239348740341796e+01
4.346000458621544027e+01
4.232526198755240898e+01
4.105278784634822387e+01
3.838148209616593221e+01
3.519369008259079123e+01
3.175949668364917855e+01
2.341448998405534709e+01
1.002228833131411889e+01
-6.040788813365972842e+00
-2.590496811632936769e+01
-3.746157367876531197e+01
-3.944800351447097597e+01
-3.850432859023040066e+01
-3.124657379605000429e+01
-2.420273061172684947e+01
-1.792076574180238779e+01
-6.187638212359606982e+00
9.646670650795011070e+00
1.890201368730290810e+01
2.142814289023803909e+01
2.144774181139521829e+01
1.624937105463476783e+01
1.365092591049535820e+01
1.408923616349603058e+01
1.138359046161536270e+01
7.216971239675435967e+00
4.313032133411438984e+00
2.196932724333515274e+00
7.283054857540873783e-01
4.639284906480263260e-01
-1.756351754142578381e+00
-6.001514492647509691e+00
-1.026813283503113361e+01
-1.525088745148878289e+01
-1.773162746524577926e+01
-1.721604323939282821e+01
-1.573193873075638471e+01
-1.233462409989644470e+01
-8.372301669015358883e+00
-3.991494285618890636e+00
2.322685398392899891e+00
1.030756782779093328e+01
1.493542099537263468e+01
1.595746636869424329e+01
1.560950813555231065e+01
1.255624895478504399e+01
1.011473305286825308e+01
8.481050252188305549e+00
4.849811200332773353e+00
-8.612243864782326286e-02
-2.560915559929534346e+00
-2.570335372175466926e+00
-1.441822622302257217e+00
1.779476424558502856e+00
4.175778120818389283e+00
5.618870277869376650e+00
8.375609310385534911e+00
1.183100056360777330e+01
1.413461215506139013e+01
1.537571381215590982e+01
1.601233551464554949e+01
1.559476481374380619e+01
1.579089104193684534e+01
1.664859835164435253e+01
1.695656817408762507e+01
1.706497643134472497e+01
1.249380511841712860e+01
2.643778824307513542e+00
-1.015301080411620660e+01
-2.723989634118384728e+01
-4.638210963423615141e+01
-6.748863549185288946e+01
-9.292014244419212332e+01
-1.223021234515749001e+02
-1.336417340732270134e+02
-1.251201610520285641e+02
-1.069043391483218670e+02
-7.281203864184232089e+01
-3.621766064648524264e+01
2.257524006481288037e+00
5.482572867719903087e+01
1.189193581623186304e+02
1.562881707737726060e+02
1.649304506726771820e+02
1.613955371262419476e+02
1.353889255648067547e+02
1.124860820979320408e+02
9.400213896002145475e+01
5.819545393493656604e+01
1.028458231389208777e+01
-2.042626184158915947e+01
-3.398759137295176203e+01
-4.095319720359601945e+01
-3.397142034490026674e+01
-3.592888882575619647e+01
-4.795361047009161126e+01
-5.245765280092967942e+01
-5.436091444082264701e+01
-5.545224302545801720e+01
-5.383608021183209758e+01
-5.202707276004703374e+01
-4.993146631081879150e+01
-4.195736594618190907e+01
-2.809447301023821097e+01
-1.084841019161270737e+01
1.110294450209493178e+01
2.482958299751697240e+01
2.905170677109583366e+01
3.097035126229160440e+01
2.702772466883471836e+01
2.417789974868010106e+01
2.307025856027403066e+01
1.716998147478070180e+01
7.963389714367165695e+00
2.718177124226849095e+00
1.225432403598803788e+00
9.866761755427011504e-01
3.734257399025589397e+00
3.593705466885997790e+00
2.373464784453843679e-01
-2.003796536175911136e+00
-4.440292048617019205e+00
-6.086695969502469161e+00
-6.388236862024060159e+00
-6.752885291467968010e+00
-6.792798511485225177e+00
-6.027437712005691672e+00
-4.555888509182676849e+00
-2.254578263972661922e+00
9.854458233992166027e-01
2.963823465104514554e+00
3.546340953252406614e+00
3.884505775821151641e+00
3.407590529596649986e+00
3.418160514161694863e+00
4.041881171703391118e+00
4.155818635106218295e+00
4.055481526436754969e+00
3.799421323296214847e+00
3.252736416252808738e+00
2.590799797164811569e+00
1.784754932480551171e+00
5.348460660171459047e-01
-1.163211013175027508e+00
-3.202795570166811601e+00
-5.660855868830567239e+00
-7.103573091040837006e+00
-7.397513122847859002e+00
-7.286407393363916185e+00
-6.371723277685198639e+00
-5.467510467989847633e+00
-4.632917799184896879e+00
-3.112563068116346088e+00
-1.072628253187826841e+00
3.374682352464755675e-01
1.113977693859189211e+00
1.699674431219913906e+00
1.807668984171884929e+00
2.306982228219824016e+00
3.247571252058021329e+00
3.957626943879198222e+00
4.627259184259729707e+00
5.569424499562543041e+00
6.738459307650444430e+00
8.119850209488509662e+00
9.782662934072726912e+00
1.137884411319009814e+01
1.290578360457036489e+01
1.459433604154095931e+01
1.637224109872710187e+01
1.687803220930288362e+01
1.599504816071916302e+01
1.430917852061001483e+01
1.142865813709820522e+01
8.196444626652080956e+00
4.634981823308289783e+00
-3.593538731266432418e-02
-5.665187375032557426e+00
-1.165887503046589480e+01
-1.808767773576588311e+01
-2.516223634470311765e+01
-3.277086316963728052e+01
-4.150665551432278022e+01
-5.142934820562390996e+01
-6.217716904209694917e+01
-7.390831480375678098e+01
-7.750728707013944074e+01
-7.202722441439995293e+01
-6.186945898243380526e+01
-4.439523373418577989e+01
-2.477707228140456053e+01
-3.234474212763602807e+00
2.521772688122357309e+01
5.963674611528731617e+01
8.242444152877718011e+01
9.262112480062386055e+01
9.803620198850880740e+01
9.394237462432835173e+01
9.198845904361840553e+01
9.282558231386290970e+01
8.653642882904162548e+01
7.552433319932947597e+01
6.406641217399247523e+01
5.121942665359514280e+01
3.645363483801136795e+01
2.048784113635362658e+01
-1.872973389863252791e+00
-3.094568828912671066e+01
-6.373323986988976486e+01
-1.015332236293988188e+02
-1.230470480239218602e+02
-1.259956733741672963e+02
-1.214519485981806213e+02
-1.033362270332982149e+02
-8.336039573164543981e+01
-6.226625873291147428e+01
-2.877681694250267697e+01
1.483733516657250107e+01
4.187569934796321292e+01
5.142668899803262406e+01
5.482606857997078009e+01
4.512051355534368469e+01
4.093598147023161005e+01
4.336437729622095816e+01
3.719338009156673053e+01
2.638902527300916034e+01
1.946245891785356719e+01
1.533129682632974422e+01
1.260743312694460272e+01
1.310248697997753453e+01
7.928842770911233018e+00
-3.234569126161650487e+00
-1.456531761499027944e+01
-2.805894183886240612e+01
-3.542932249720152527e+01
-3.534188526932272367e+01
-3.318727688826173505e+01
-2.652480052592474635e+01
-1.872865883889281946e+01
-1.020610867421136980e+01
2.895209064638671670e+00
1.990456543403848855e+01
2.961120323177194891e+01
3.154140360265006748e+01
3.063514734348124335e+01
2.395262606921981785e+01
1.900448452151142220e+01
1.625217143227261474e+01
9.438478687209677531e+00
1.557946792620184540e-01
-5.482753491831761750e+00
-7.675134352569148888e+00
-8.255390058507877882e+00
-5.735787819555495659e+00
-5.277677534753352440e+00
-7.087808753237500703e+00
-7.352034949113167350e+00
-7.176214426324895257e+00
-6.982760105508828197e+00
-6.384603426025108774e+00
-5.948257262304622373e+00
-5.680731529083359099e+00
-4.344317423865431849e+00
-1.956848776389417122e+00
8.879636565265252024e-01
4.465983393113835298e+00
6.634601976289006053e+00
7.163115586284905412e+00
7.280814202127012358e+00
6.393836090245140547e+00
5.591558012170133374e+00
4.981905073036478449e+00
3.508102287231647409e+00
1.401436449874276402e+00
-5.472954431916632334e-01
-2.416494622352536314e+00
-4.440288596325465242e+00
-6.454847306079424030e+00
-9.192757558792850503e+00
-1.270532227152599170e+01
-1.651086265033818279e+01
-2.078718540842025675e+01
-2.219551000864656132e+01
-2.036071547187818709e+01
-1.698803465992871864e+01
-1.110991096004031142e+01
-4.545613679914086269e+00
2.607962831868422260e+00
1.213497257743184754e+01
2.369757346368382045e+01
3.099584618712725614e+01
3.368506631806271656e+01
3.455703254688440040e+01
3.191834975784068718e+01
2.992698394242880156e+01
2.881302112158852324e+01
2.502987739323677729e+01
1.943311532839684830e+01
1.529416501410308982e+01
1.245264734073214896e+01
9.899995794363718460e+00
8.398689959903236968e+00
5.090680993565339207e+00
-1.738648876040992386e-01
-5.361333367074035294e+00
-1.111513811666366891e+01
-1.807594622231605541e+01
-2.611264728991305972e+01
-3.540184677651215139e+01
-4.609640141125993296e+01
-5.735057565350116704e+01
-6.920804424066966476e+01
-8.223867929924648479e+01
-9.629565124130876086e+01
-1.000483545819093507e+02
-9.240876385219624467e+01
-7.859358747396625233e+01
-5.533159548935039851e+01
-2.931095475585004095e+01
-7.688635707149504839e-01
3.662126203711355998e+01
8.164821616856855258e+01
1.112551205848657645e+02
1.241430910818798310e+02
1.305519491866921555e+02
1.242662999800156598e+02
1.205027207270046858e+02
1.200975636662141426e+02
1.100471548051623643e+02
9.347592967933925934e+01
7.744636424369036831e+01
6.085525839021087791e+01
4.229442322797134324e+01
2.311613202135676204e+01
-4.347739367546131994e+00
-4.056131215595149797e+01
-8.080257437821674671e+01
-1.269406954718818668e+02
-1.537782702444812628e+02
-1.584834548178555167e+02
-1.543884094988171398e+02
-1.342625167266022572e+02
-1.116673581890171505e+02
-8.748753281760751577e+01
-4.848314089420000528e+01
2.729496684059674383e+00
3.511932988170937620e+01
4.767632997798374106e+01
5.361510499270963948e+01
4.488793494526069594e+01
4.319694733930608521e+01
4.984944170888039849e+01
4.719292807741103957e+01
3.987836589212357552e+01
3.623511937411232253e+01
3.487759424832852773e+01
3.498120104203229630e+01
3.822310575346462969e+01
3.522492231595800405e+01
2.568263363154298418e+01
1.551722326036223798e+01
2.609060311837887003e+00
-6.390045917409198140e+00
-1.035606509188507651e+01
-1.404022324725723081e+01
-1.552060418280162324e+01
-1.724305961001302023e+01
-1.964534452518916297e+01
-1.985006022751829491e+01
-1.840892683024474863e+01
-1.746807393219157944e+01
-1.677541899493082056e+01
-1.563470083895606599e+01
-1.445835510040359040e+01
-1.131015065002969600e+01
-6.018952974021368085e+00
1.848683484389839204e-01
7.796869825692772871e+00
1.238122664978900289e+01
1.342644885837217394e+01
1.343008195839519026e+01
1.113498484110917275e+01
8.892903474459346924e+00
6.906538486818860179e+00
2.898449705976286594e+00
-2.647786487854539406e+00
-5.732324199807141696e+00
-6.297687715333943004e+00
-5.943948234945906073e+00
-3.657880107631772848e+00
-2.358135833694233963e+00
-2.213813456380760325e+00
-9.194273331350198974e-01
8.931266900136565212e-01
1.829734807307304534e+00
2.025960777129603763e+00
1.705064788899706585e+00
5.468994030175901022e-01
-5.939476179981609955e-02
-8.450904584475600612e-02
-4.860641493230172805e-01
-9.706595077225259605e-01
-1.245054682295885007e+00
-1.379219850266493408e+00
-1.304674476862523802e+00
-9.584566199390802677e-01
-7.652430429562744330e-01
-7.168308061510235696e-01
-5.463999684116211952e-01
-3.381335127337395940e-01
2.861729554454003899e-02
5.935418285910939451e-01
1.243263441570459760e+00
2.018746216058019183e+00
2.931897557810036137e+00
3.977303152932640362e+00
5.187600226317797159e+00
6.568287396797882316e+00
7.567534589565187986e+00
8.140590525495637664e+00
8.555221202763087618e+00
8.658799720787694554e+00
8.780539007617981895e+00
8.940390127066432768e+00
8.839695453155634652e+00
8.544493346586914839e+00
8.566228859029690668e+00
8.912283614891803651e+00
9.380696123813155651e+00
1.010150669647387645e+01
1.069647223560791716e+01
1.114446770197546854e+01
1.174357183115740533e+01
1.241221362799673145e+01
8.559803965480977439e+00
-2.499864330578373539e-01
-1.192660804914866546e+01
-2.779622382638817513e+01
-4.515550561153996512e+01
-6.391573012746897575e+01
-8.664046053513995105e+01
-1.128450499918942000e+02
-1.230976342134962920e+02
-1.158372542158493417e+02
-9.993717941601435939e+01
-6.994297544476465589e+01
-3.780028718783623987e+01
-4.047090774453912410e+00
4.216468800455722743e+01
9.854217064446885388e+01
1.333941431987954900e+02
1.451715696502003254e+02
1.474953410701475320e+02
1.318816901353792446e+02
1.197442085221434098e+02
1.122010678281261846e+02
9.119380953371195631e+01
6.112267978913223487e+01
3.864686744256470519e+01
2.297251972231449813e+01
9.003487375979142726e+00
6.416922538653893060e-01
-1.667931277194873019e+01
-4.370066605899547341e+01
-7.002911166593868586e+01
-9.892738113583047266e+01
-1.157890345995304244e+02
-1.180877900355735619e+02
-1.150499355568340576e+02
-1.022338653932183377e+02
-8.551854107387289616e+01
-6.544983545101233346e+01
-3.503919832629297559e+01
4.675264306763640576e+00
2.987920191973080364e+01
3.946612546577188141e+01
4.426252012455120877e+01
3.801841973602172686e+01
3.655983461669349310e+01
4.093967721114572811e+01
3.794832780036482234e+01
3.098203422301611454e+01
2.712714431176749841e+01
2.539008417239160664e+01
2.467296212080034223e+01
2.644171929314566327e+01
2.319699374451503715e+01
1.464901797624762025e+01
5.634572643139459380e+00
-5.551652443643130930e+00
-1.276205098166941987e+01
-1.499190893778450828e+01
-1.643396634107278231e+01
-1.529936007556352706e+01
-1.400829794375009207e+01
-1.292048168420079435e+01
-9.266080324061885420e+00
-3.562291036591012094e+00
-4.828904962275736290e-01
-4.288867870053475473e-02
-3.257551045976639914e-01
-2.478665004318512999e+00
-3.099251806644173879e+00
-1.954229159202011123e+00
-1.675525531902749776e+00
-1.498603625236293091e+00
-1.115953515757916348e+00
-7.880263217123940622e-01
-1.128114413120928361e-01
9.240245366288984963e-01
1.518303138257862006e+00
1.696301742304381355e+00
1.858011590425173720e+00
1.834489170841285155e+00
1.727664274153407398e+00
1.565175108911631252e+00
1.167830587171534873e+00
5.537931725074229927e-01
-2.258705005838476387e-01
-1.204579344459627777e+00
-2.405488599869372024e+00
-3.834869888643121616e+00
-4.922377948128140446e+00
-5.620920975683910470e+00
-6.213725464225154482e+00
-6.543258695912369305e+00
-6.970557443745270199e+00
-7.520283142324968750e+00
-7.875043681426304509e+00
-8.110343946317975394e+00
-6.954096069067783326e+00
-4.230456295586849436e+00
-5.801320435548610321e-01
4.384864128703545916e+00
1.002293996954267996e+01
1.631755701776940981e+01
2.395385718525496088e+01
3.283066049347242199e+01
3.603775614469971345e+01
3.299774244183294769e+01
2.691820820926254854e+01
1.585540873761656577e+01
4.002671071174793482e+00
-8.443037782451373374e+00
-2.531536306109762791e+01
-4.580876771385970159e+01
-5.568285588123306695e+01
-5.407959770014936396e+01
-4.723799936053585924e+01
-3.127604971971445735e+01
-1.549882798548471285e+01
-3.621215157644019911e-01
2.219366680932087732e+01
5.030448011060382640e+01
6.490826857653775050e+01
6.522146227888555359e+01
5.907482713617728365e+01
4.139035999230927843e+01
2.539777392593984118e+01
1.172499953998189248e+01
-1.064813522216106456e+01
-3.901736281740934231e+01
-5.455978071665214912e+01
-5.686045463289206481e+01
