-1.675243181108876378e-01
-2.735168598114676275e+00
-5.596581334052393331e+00
-8.734434427764648845e+00
-1.258780811591474524e+01
-1.708023133044240538e+01
-1.883427847895427476e+01
-1.758116044480476248e+01
-1.487071336183137227e+01
-9.757484129489501612e+00
-4.317462551117239755e+00
1.352160133705115008e+00
9.132277160890275525e+00
1.862174731841922437e+01
2.380201326982407650e+01
2.434835449029770871e+01
2.286241788686750098e+01
1.771872113508033664e+01
1.292543569472398701e+01
8.683499754193988451e+00
1.570813742963474979e+00
-7.599799019742213169e+00
-1.279459628111446179e+01
-1.388039749930478983e+01
-1.319357536176073609e+01
-9.167383681867331546e+00
-6.225382131152792375e+00
-4.579103562927631543e+00
-6.778089397563401564e-01
4.553560922965102620e+00
7.309511283399205972e+00
7.657900423404643497e+00
6.781866977202994917e+00
3.731010366190502747e+00
1.648691973313501036e+00
6.516882996352545421e-01
-1.634004540276771111e+00
-4.547410379099762423e+00
-5.799954127929145109e+00
-5.440188145223286753e+00
-4.095686581414089922e+00
-1.185848482573389928e+00
1.338996084735625702e+00
3.430816899738369674e+00
6.565980788848375660e+00
1.034824009326564642e+01
1.139039321311106256e+01
9.530056445724991221e+00
6.096946280289968989e+00
1.661846645990784355e-01
-5.902652280120129547e+00
-1.202834945081959361e+01
-2.021191260576471294e+01
-2.999311642657938748e+01
-3.434189396107850456e+01
-3.283016562833042684e+01
-2.848484481611321684e+01
-1.937858895993058539e+01
-1.013222061023400400e+01
-9.522110398361391947e-01
1.217366103192190252e+01
2.833205141598082477e+01
3.763952703659185062e+01
3.967473614480144306e+01
3.854061555337246858e+01
3.160253198299935917e+01
2.569220679429328769e+01
2.114267853301511479e+01
1.225427302134765917e+01
4.269701147926354690e-01
-6.865123262978610974e+00
-9.639012242260637464e+00
-1.052995106522813451e+01
-7.656243040327766813e+00
-6.890568534668234157e+00
-8.504809089705112513e+00
-7.981845098491912260e+00
-6.573897019198351011e+00
-6.273968300421667976e+00
-6.745775381226125411e+00
-7.902079405533400269e+00
-1.015921610896091032e+01
-1.118660283550498136e+01
-1.094183913345801606e+01
-1.091383595105045501e+01
-1.059654106313276500e+01
-9.519535512732149485e+00
-7.761819752854111520e+00
-5.167422595871538071e+00
-1.610004534310808255e+00
2.264255636885873280e+00
6.501053973166224687e+00
1.155359643195307306e+01
1.731900048376013501e+01
2.005405107881672322e+01
1.944410922836564382e+01
1.719362896458219225e+01
1.224301754849133417e+01
6.911366405238688948e+00
1.297089611186785341e+00
-6.711325902004452004e+00
-1.667278273362831698e+01
-2.200437838587160400e+01
-2.236520202569908022e+01
-2.060727182856114936e+01
-1.496137301367652128e+01
-9.839216498086390317e+00
-5.470845359253372564e+00
1.886202355445691925e+00
1.132880310422584991e+01
1.674194774764201910e+01
1.802118787468956995e+01
1.747746678428530487e+01
1.353083937249293278e+01
1.072872638420254532e+01
9.282064849450986088e+00
5.568972877402410759e+00
5.408936677629790912e-01
-2.505070604283031521e+00
-3.693992367403223565e+00
-3.951270401384738840e+00
-2.474110395231873483e+00
-2.133585277731169683e+00
-3.032904361274838312e+00
-3.068127111968140142e+00
-2.850638787464366164e+00
-2.832945783955029828e+00
-2.824415395361206116e+00
-3.034496582844858015e+00
-3.531182484525870802e+00
-3.499855020030788300e+00
-2.945473692267730037e+00
-2.320098976761626020e+00
-1.447526222891067027e+00
-6.190924466414312599e-01
1.085723882508417976e-01
1.008140134579328606e+00
2.001696180916323620e+00
3.141007935465252920e+00
4.460910291276585227e+00
5.876075500194211543e+00
7.408537005021548438e+00
7.584597893899628573e+00
6.242782638486312763e+00
4.091549614763826170e+00
6.990212654036944695e-01
-3.095845812880221981e+00
-7.261549098946926684e+00
-1.261332241359585460e+01
-1.900145361806371724e+01
-2.192217670799591644e+01
-2.105394249427397568e+01
-1.843969957072008725e+01
-1.283508805716491530e+01
-7.080270118523389833e+00
-1.316625173276965599e+00
6.975334910763112184e+00
1.723421794346002400e+01
2.307215258099707000e+01
2.421225140111416607e+01
2.332747417649403232e+01
1.871590862634612762e+01
1.476981662283676044e+01
1.170830120289814502e+01
5.861548337390356522e+00
-1.868444253723534176e+00
-6.657821777189078638e+00
-8.515786746689578024e+00
-9.142922921822204785e+00
-7.323803427208302352e+00
-6.842938310704755445e+00
-7.874512235973837981e+00
-7.504370983335277856e+00
-6.538435929677607561e+00
-5.669559790147877365e+00
-4.618608602865720947e+00
-3.603997749461699485e+00
-2.720590520661712919e+00
-8.023211500399601848e-01
2.168254832267170862e+00
5.559452665017696305e+00
9.639193520191190245e+00
1.167472051419198564e+01
1.136101734720537415e+01
1.019541539739030078e+01
7.403219045264671117e+00
4.413621064810793193e+00
1.338219139014955150e+00
-3.221020270940199381e+00
-8.978762005803636370e+00
-1.214202945608666617e+01
-1.254501391094889406e+01
-1.181067075311344539e+01
-8.933538609750060644e+00
-6.484436204192915554e+00
-4.602527828721599157e+00
-1.136727950233071827e+00
3.379539269069137930e+00
5.920099816190598219e+00
6.466720088540067302e+00
6.101674263198933801e+00
4.051871345033964289e+00
2.640047578510308135e+00
1.967360339392248081e+00
2.152756537676794868e-01
-2.129185372038934876e+00
-3.241593809272663940e+00
-3.162267968625716019e+00
-2.425101475290879716e+00
-5.734587773864501248e-01
8.559369508439864660e-01
1.813605314493698994e+00
3.455946614159466801e+00
5.463363171788694572e+00
6.309107400611367211e+00
5.976118253598466268e+00
4.966729755219068565e+00
2.879603733932241116e+00
9.063786313283641594e-01
-9.189466769141356739e-01
-3.543585769580881006e+00
-6.729572519209452430e+00
-8.365900997535945294e+00
-8.363914768301905056e+00
-7.565624886410799554e+00
-5.403556466439303207e+00
-3.361926808498519659e+00
-1.502163104529002924e+00
1.414805732069373434e+00
5.090916677613815722e+00
7.097244365266011989e+00
7.358806237870833655e+00
6.833542806559656846e+00
4.881694924391469570e+00
3.250122849799154334e+00
2.019236413463586732e+00
-2.363773130043895776e-01
-3.156601220036563848e+00
-4.622194423246397399e+00
-4.606098713829214653e+00
-3.873373112014145025e+00
-1.875822644414658180e+00
-2.221442786182884488e-01
1.021195585643186243e+00
3.128762174443142197e+00
5.767439170062718112e+00
7.175584447105957331e+00
7.336640513272981501e+00
6.860734939964935108e+00
5.291347018823321591e+00
3.988708568368685370e+00
3.002984243124310559e+00
1.260472533450170518e+00
-9.598684131212336101e-01
-2.926622075923764665e+00
-4.704522123114990961e+00
-6.458759353379726953e+00
-8.025090205300909219e+00
-1.012338008851290283e+01
-1.278340496679478910e+01
-1.551672778275595022e+01
-1.848459171185906058e+01
-1.932932494038618998e+01
-1.776445921008211215e+01
-1.501279955593938986e+01
-1.038236398813141648e+01
-5.106182945306621868e+00
7.533789219383137947e-01
8.443441874257285207e+00
1.774248113105410241e+01
2.338790477349459351e+01
2.505892558507726164e+01
2.512616313564912573e+01
2.216308706731445000e+01
1.957814635064864817e+01
1.755934108549169537e+01
1.316001374677618507e+01
7.075335043622613007e+00
2.856084694061414631e+00
4.456453327014306409e-01
-1.401619985880641295e+00
-1.817409643519889206e+00
-3.662443976706932336e+00
-7.088258975782181892e+00
-9.953236141782834778e+00
-1.288652509943503688e+01
-1.463106241357299098e+01
-1.482202391132381791e+01
-1.449190818339915587e+01
-1.321495927358318312e+01
-1.117793295817112842e+01
-8.430306624975338892e+00
-4.476163543182136273e+00
6.744789974322229487e-01
4.093418271937822261e+00
5.610482269848685810e+00
6.643278664266944133e+00
6.418158130430190234e+00
6.790870287504245262e+00
7.901337265627444317e+00
8.167348940437724636e+00
7.991235021533816152e+00
7.410695580834612883e+00
6.221327017893627520e+00
4.668219631039163708e+00
2.689113767117266462e+00
-1.435126281918484015e-01
-3.849770820912703506e+00
-8.304604843895321054e+00
-1.362949716139203815e+01
-1.615847051114594990e+01
-1.554928334000443613e+01
-1.364012550035222482e+01
-9.401431423042044599e+00
-4.948221730306361366e+00
-4.113053365036754006e-01
6.177593753119634989e+00
1.440006734281281808e+01
1.864229824731951268e+01
1.863436353779005827e+01
1.677503412754631285e+01
1.156202886256854612e+01
6.780139931233034822e+00
2.623144664977708818e+00
-4.104427099794705214e+00
-1.262755202760182449e+01
-1.723898343792400567e+01
-1.779741253411888025e+01
-1.649922346865062295e+01
-1.185202269665563968e+01
-8.016421310126162325e+00
-5.179618594212618277e+00
2.262324788199698844e-02
6.730443544001936118e+00
1.071583719627207643e+01
1.198905205805579399e+01
1.198327086039877543e+01
9.625353369741006304e+00
8.266231464334778067e+00
8.041590866544305882e+00
6.364810422092463504e+00
3.938392197861858790e+00
2.209004496604229040e+00
1.006300456587244208e+00
1.172411057528955358e-01
-1.388101791495920390e-01
-1.291150822102336004e+00
-3.382693776095602178e+00
-5.396267317692617915e+00
-7.666284362682489473e+00
-8.728283652224757105e+00
-8.338670574116397560e+00
-7.428418801969099761e+00
-5.558681648389231178e+00
-3.313142236877667290e+00
-7.517431303768791206e-01
2.813483281165197081e+00
7.275489756882747905e+00
9.722617916517330983e+00
9.984493392003539469e+00
9.385372345146347328e+00
7.142062426945319231e+00
5.130704389040483981e+00
3.461660163556678160e+00
5.191638363497914632e-01
-3.309482452460493995e+00
-5.793473856349882212e+00
-6.930825232579403306e+00
-7.528875192936250293e+00
-7.025510189441825482e+00
-7.144043416711584271e+00
-7.967823414212833022e+00
-8.163465409008104245e+00
-8.099196357719375072e+00
-7.663957473913287188e+00
-6.685834966332642182e+00
-5.464931645303270358e+00
-3.919849773180958952e+00
-1.764048499062101039e+00
1.002048622823332291e+00
4.327305527220498327e+00
8.290403611995840194e+00
1.076603391007081711e+01
1.156593461805138645e+01
1.176592717948626543e+01
1.077634538119736796e+01
9.828972202103381406e+00
9.007651954401262984e+00
7.180215681468890665e+00
4.596627161253872274e+00
2.700851441600821801e+00
1.470097470896936986e+00
3.711550938690877932e-01
-2.469877687233233421e-01
-1.529986581059232797e+00
-3.547465421559491627e+00
-5.445171621112287141e+00
-7.480457204815172290e+00
-8.613295757842587719e+00
-8.646795876931996361e+00
-8.253555216858144306e+00
-7.110377537516953339e+00
-5.608941841464508471e+00
-3.784999732518438353e+00
-1.144634489977826686e+00
2.247512030400423910e+00
4.356840765929944403e+00
5.074075381218530190e+00
5.339156348359984428e+00
4.612351642346539826e+00
4.219369039747620675e+00
4.247686520633551233e+00
3.573847723181546421e+00
2.479450623276436172e+00
1.419346004286913487e+00
2.895869231740583749e-01
-9.427536894871462181e-01
-2.199703165740957367e+00
-4.039379183924548755e+00
-6.488784607004448368e+00
-9.222201525033279168e+00
-1.237460059505033172e+01
-1.368304357829641305e+01
-1.290138266923893973e+01
-1.120051795876647205e+01
-7.931507421377185452e+00
-4.329815464107027445e+00
-4.698875678431949088e-01
4.847215918026561710e+00
1.138545767150633736e+01
1.545605912954999539e+01
1.687786931768512133e+01
1.726033669103964741e+01
1.561937917960410083e+01
1.442705615508915074e+01
1.382006216548297495e+01
1.171308401556841616e+01
8.618165535274798117e+00
6.370267573236187530e+00
4.871167500367647563e+00
3.579762512466875712e+00
2.923029098562665240e+00
1.276481474026707419e+00
-1.439997309836158035e+00
-4.074634262765673753e+00
-6.990978790543765697e+00
-9.539577063546595070e+00
-1.154126593768277687e+01
-1.356735667271112256e+01
-1.540887113699140620e+01
-1.716248391981281429e+01
-1.887110455699419376e+01
-2.029801809189168083e+01
-2.146085879467333868e+01
-2.079005982961622934e+01
-1.806964032105814155e+01
-1.402810645093521913e+01
-8.177441567701297487e+00
-1.348167184612301783e+00
6.457979511164793962e+00
1.612366625848664015e+01
2.752804857413939743e+01
3.380831619495388907e+01
3.443686447599224465e+01
3.260720578809449677e+01
2.641494985341619284e+01
2.011274215100176477e+01
1.392443946298310387e+01
4.040869280600368540e+00
-8.696113111132239837e+00
-1.625452657127001999e+01
-1.838656180720320421e+01
-1.837953423834240141e+01
-1.413689112106926160e+01
-1.136600050076631163e+01
-1.037006377739285412e+01
-6.506330378900253564e+00
-9.756597028557409956e-01
2.083032571838049130e+00
2.848269326197296003e+00
2.480637082154183659e+00
-1.576574653301765494e-02
-1.022623236349520015e+00
-4.014624296493192190e-01
-7.826465162215943128e-01
-1.387969046551167374e+00
-1.790307004648516775e+00
-2.233925584175695978e+00
-2.374634001572136111e+00
-2.160610542399578282e+00
-2.518136284275476644e+00
-3.427608753406704345e+00
-4.394317450928799218e+00
-5.613817275864887435e+00
-5.475179478397892652e+00
-3.784335690501734906e+00
-1.444074488530574296e+00
2.006611596546925558e+00
5.779641074386792532e+00
9.812305722655821683e+00
1.490807830655578314e+01
2.091386088815705691e+01
2.306134518557196955e+01
2.099508403666035150e+01
1.687033079195648710e+01
9.360529994886434224e+00
1.430283321771597560e+00
-6.783131297454723985e+00
-1.794164586328669486e+01
-3.146971578215046961e+01
-3.777866772089446101e+01
-3.629425708133931749e+01
-3.119013342580931791e+01
-1.985003053019825359e+01
-8.555525511682130713e+00
2.393676422101273626e+00
1.843781177408981620e+01
3.832280758584515468e+01
4.825110513585032379e+01
4.760074276681103100e+01
4.209872254089724208e+01
2.804865683608495885e+01
1.492021264496500876e+01
3.159107261426378876e+00
-1.518732315629910090e+01
-3.819501389310258332e+01
-5.011932193770337562e+01
-5.045436178819544892e+01
-4.539878930666778700e+01
-3.079353170399246054e+01
-1.790061974536905964e+01
-7.224126234583560624e+00
1.046597956119540385e+01
3.286193565571523578e+01
4.478260614200156908e+01
4.591719073351842439e+01
4.193193436597495349e+01
2.886477223769426104e+01
1.798939763638798794e+01
9.782951281024915957e+00
-4.803730227930402386e+00
-2.344729174699966023e+01
-3.361324267824156919e+01
-3.520477558541539054e+01
-3.261294946888339297e+01
-2.260877977441784736e+01
-1.488225492574948561e+01
-9.817456192220872069e+00
1.977933965300269215e-01
1.315618274247633046e+01
2.042497753257331539e+01
2.209010196810747217e+01
2.089489508885332114e+01
1.465488728365613014e+01
1.041305883691749656e+01
8.422584136430932844e+00
3.302194479502621682e+00
-3.480890053013129037e+00
-7.756617394566604595e+00
-9.758020690864853464e+00
-1.046958956016557352e+01
-8.887391796950387501e+00
-8.872812355304015242e+00
-1.053783435790990097e+01
-1.111478922582849727e+01
-1.142051101667893143e+01
-1.117113752804919180e+01
-1.003148637607126048e+01
-8.697876766787816294e+00
-7.008700569576400419e+00
-4.386149401485546662e+00
-8.586411982396150444e-01
3.452878890912323140e+00
8.689399397119762725e+00
1.218067610949638890e+01
1.369700641482468662e+01
1.462492159082657217e+01
1.423298568700224287e+01
1.404666281495185309e+01
1.418449134707371151e+01
1.325127898995784292e+01
1.156562858591341936e+01
9.644343799814409479e+00
7.336102560828532404e+00
4.588863209020516365e+00
1.470705918481181040e+00
-2.692850791568895286e+00
-7.953974702121034746e+00
-1.395537441002841206e+01
-2.087624554742773952e+01
-2.401755702442413209e+01
-2.289992713049398176e+01
-1.988358130991399619e+01
-1.362711232800109329e+01
-6.783733152050499093e+00
4.979585194300471529e-01
1.074566423889077527e+01
2.345166786579259011e+01
3.012522518114571213e+01
3.030558391082200487e+01
2.770959219984529298e+01
2.005004071993698744e+01
1.294751231543473935e+01
6.698327380608411374e+00
-3.496559329179598663e+00
-1.648943442679162530e+01
-2.396576097560375018e+01
-2.574876385937194456e+01
-2.503454490135724342e+01
-1.966428281185268290e+01
-1.574414591234207350e+01
-1.356053159241817418e+01
-8.213761660484781402e+00
-9.777587034624289908e-01
3.584068210503275065e+00
5.637779555620991090e+00
6.498281849966119239e+00
5.055918919582431670e+00
5.259447200260710886e+00
7.259224210259025867e+00
8.160080613016482687e+00
8.807277765591670970e+00
8.948284215989373180e+00
8.233326771824934553e+00
7.365760928391377860e+00
6.186484502100416449e+00
4.082544423278037016e+00
1.081474514212130700e+00
-2.678234819602600680e+00
-7.346021474388257921e+00
-9.963289208736719971e+00
-1.027058895206797473e+01
-9.796563403081099963e+00
-7.726877002591393762e+00
-5.748984718712493169e+00
-3.989345875377193984e+00
-8.969307452994883523e-01
3.179517643471212018e+00
5.502751144445335640e+00
6.021732963115293380e+00
5.812379672292341759e+00
4.171844217784006936e+00
3.093345878665438420e+00
2.680893040879327671e+00
1.343033948515402809e+00
-4.974862193772469632e-01
-1.775331110660183453e+00
-2.581731070344309042e+00
-3.136646520111797454e+00
-3.196225997214235282e+00
-3.793080822186801981e+00
-4.960369972798718052e+00
-5.985355500191113620e+00
-7.092259290265562122e+00
-6.840016532297797269e+00
-5.009611933407299489e+00
-2.436371244735504149e+00
1.312879593445228421e+00
5.594739762091471391e+00
1.036560569113171582e+01
1.634372581778974620e+01
2.341746260314334549e+01
2.643065386110311366e+01
2.498852961019579411e+01
2.146650148915548328e+01
1.443127100608504598e+01
7.064613817676631768e+00
-4.747197980340681633e-01
-1.104830823205724499e+01
-2.403285215907209604e+01
-3.123814917485950815e+01
-3.226172536096193255e+01
-3.059315437388072922e+01
-2.403412715376204645e+01
-1.811638831118238713e+01
-1.311669354992345582e+01
-4.357859411224108470e+00
7.031866310996999658e+00
1.387058080785192438e+01
1.607588360193750887e+01
1.632322130320820008e+01
1.277287173642842255e+01
1.085176194274887074e+01
1.081654161676616255e+01
8.393361682448098549e+00
4.727587645895521717e+00
2.572016045008019169e+00
1.675221040988832844e+00
1.504315491983591713e+00
2.686546560445864262e+00
2.501061754400063730e+00
8.643735052022385457e-01
-3.584398734958810784e-01
-1.758005107083107754e+00
-2.276342372150065518e+00
-1.621652984840604494e+00
-7.155734071967385646e-01
7.832969077097010624e-01
2.743636626559993186e+00
5.101327388499075077e+00
8.232118650063735998e+00
1.211695595143859627e+01
1.246346754456704886e+01
8.921502579482764261e+00
3.516372147708930918e+00
-4.949055429899856584e+00
-1.390508525943879370e+01
-2.321750887122064100e+01
-3.523337182882846719e+01
-4.945137924766197557e+01
-5.546014595054187879e+01
-5.255483285699079232e+01
-4.533464394567332079e+01
-3.092508472256905705e+01
-1.597881202794832056e+01
-7.999116069175423727e-01
2.048436630236901124e+01
4.656967290465713916e+01
6.174607787256285008e+01
6.528732262564720656e+01
6.381684049629359379e+01
5.313184771094167758e+01
4.395813053375832880e+01
3.682874841688101242e+01
2.273293608305090530e+01
3.865003333048831813e+00
-8.178666811364029954e+00
-1.345807455402701436e+01
-1.605709524705629576e+01
-1.307385417734414368e+01
-1.367204569612895249e+01
-1.828911620076750211e+01
-1.991800163691002368e+01
-2.052603185230759308e+01
-2.097795030794914339e+01
-2.053779077919345752e+01
-2.014233173354024586e+01
-1.980151286433394020e+01
-1.719636345458921056e+01
-1.232298973610779846e+01
-6.270616889943599226e+00
1.501420302120464179e+00
6.492501806178116119e+00
8.242126320057208133e+00
9.318121041004202354e+00
8.483544262084869558e+00
8.103460622882380449e+00
8.415538092022632810e+00
7.178536956134406566e+00
4.904370987279158101e+00
3.711512941034532886e+00
3.491719001170526138e+00
3.568199781424970407e+00
4.427835793397843389e+00
4.280584712769730515e+00
3.024900841657383932e+00
1.937314098156035502e+00
6.111729728071284562e-01
-4.462228707433376074e-01
-1.060887012374809091e+00
-1.773318022939152971e+00
-2.416209044767424263e+00
-2.985168195699286375e+00
-3.528056507174500478e+00
-3.899549792079580524e+00
-4.103057251728911226e+00
-3.977777606762711304e+00
-3.470507684837583984e+00
-2.648832728842830164e+00
-1.444380070145238948e+00
8.203451159753905042e-02
1.946620123529151369e+00
4.256208907824161614e+00
7.017113848600511794e+00
8.369412395112670211e+00
8.155997647754636759e+00
7.271426187242031602e+00
5.196317026303264086e+00
3.055082016785727994e+00
9.111452406934520409e-01
-2.256970351748091019e+00
-6.226463384301768045e+00
-8.454859441444718016e+00
-8.837234178064713674e+00
-8.439485897084825439e+00
-6.587475719277723130e+00
-5.033286620613163009e+00
-3.867188371955372350e+00
-1.631691867861466694e+00
1.310879250748840930e+00
3.084050837469067385e+00
3.693045928458266403e+00
3.789599386605244646e+00
2.900314399735093751e+00
2.501622299265757743e+00
2.658705877472448353e+00
2.234222416227968022e+00
1.540989737199575105e+00
1.125734109060789745e+00
9.068472033776381336e-01
8.379383506283807348e-01
1.035563659778665491e+00
8.839004621748075552e-01
3.692595119240459356e-01
-1.093955401240994524e-01
-6.863278570922548560e-01
-9.879184743570074145e-01
-9.409114163156003796e-01
-8.195578159472656221e-01
-5.115944850156456392e-01
-1.305824370284708325e-01
3.021944916296848138e-01
9.429936072923048584e-01
1.769043349276228527e+00
2.043771822656273329e+00
1.721263121160246490e+00
1.137791090808736083e+00
9.395221297451378240e-02
-9.452595769858170849e-01
-1.953416314292402589e+00
-3.336570621998380837e+00
-5.000077663821130614e+00
-5.826048498117033958e+00
-5.758215757253151601e+00
-5.263246610358311983e+00
-4.038899950592004018e+00
-2.839233449848317825e+00
-1.697907023917150315e+00
2.711655314960337293e-02
2.184938174219339224e+00
3.537503398974970459e+00
4.050008951871844509e+00
4.212931329911061340e+00
3.702399419076614961e+00
3.412386495287678567e+00
3.386289361464666747e+00
2.899366536917309833e+00
2.137841811139403525e+00
1.193511689188593961e+00
-1.942987226944093565e-02
-1.425214119608596786e+00
-3.030643233761062483e+00
-5.086563346088976090e+00
-7.605350041563820440e+00
-1.048290861645160454e+01
-1.378631695273811886e+01
-1.431580273504865097e+01
-1.175161157825081659e+01
-7.653497238632547273e+00
-1.104437114730184355e+00
6.069724675350381737e+00
1.378089008712029440e+01
2.376875018886457980e+01
3.569173272221188142e+01
4.074462842114106564e+01
3.831063451091132066e+01
3.234367403203123104e+01
2.041130053209094797e+01
8.089129522962460683e+00
-4.354603689507067443e+00
-2.185939083174154263e+01
-4.332729757944147764e+01
-5.427875425986812274e+01
-5.397152063990881032e+01
-4.856496605146421075e+01
-3.415432598706624390e+01
-2.047683798634819397e+01
-8.002764557944722412e+00
1.154496942426449380e+01
3.619616125675285900e+01
4.918352424174793924e+01
4.995954128970056729e+01
4.518921132676270247e+01
3.044850440273125969e+01
1.768823131675917537e+01
7.461252187426293148e+00
-1.002879188682451783e+01
-3.232342999371433478e+01
-4.386956883274359598e+01
-4.438891188689519396e+01
-3.962012591687232543e+01
-2.551578433050547901e+01
-1.370523535298715245e+01
-4.675369699967228954e+00
1.087029198499100247e+01
3.053237211762460390e+01
4.065822924684641748e+01
4.106158675626075194e+01
3.660235480168427813e+01
2.373137953862135419e+01
1.284317532637935599e+01
4.339245776430812107e+00
-1.003781019963878229e+01
-2.815410126393702228e+01
-3.748270281978340535e+01
-3.781684723946752769e+01
-3.366304039296387174e+01
-2.175230631877999699e+01
-1.156496137768044719e+01
-3.468048412078191589e+00
1.010254253438173144e+01
2.720497231892460022e+01
3.624321256552430270e+01
3.702280168461519594e+01
3.374320892984592035e+01
2.338104312464159662e+01
1.469660081001299545e+01
8.037247238802091687e+00
-3.585397850068178904e+00
-1.837229553676343485e+01
-2.660450595219059267e+01
-2.820150013307990022e+01
-2.657104849148335290e+01
-1.920678274051602941e+01
-1.362550893013840536e+01
-1.012445618110263190e+01
-2.796064119599204645e+00
6.803280975329456304e+00
1.255344436194594238e+01
1.458160205793948272e+01
1.474771392299603967e+01
1.152602841985767945e+01
1.005210579932550985e+01
1.051237725432613779e+01
9.051814287939437875e+00
6.751489999189288049e+00
4.281924865044290485e+00
1.255040920075045641e+00
-1.916409991207076446e+00
-5.173308039760372345e+00
-9.938447040407774935e+00
-1.622653683949342707e+01
-2.331972221253099775e+01
-3.154921189631287248e+01
-3.493167042933334443e+01
-3.283927271818063787e+01
-2.834822242661915936e+01
-1.975258972898521748e+01
-1.033274362649439482e+01
-2.881087171143381087e-01
1.354496952425119538e+01
3.053594943343442836e+01
4.040362953957622238e+01
4.260910819281138373e+01
4.164584959544311715e+01
3.475371670559101744e+01
2.876333552368164348e+01
2.404028048609042756e+01
1.477516322116019509e+01
2.369146139034901566e+00
-5.466670154926898562e+00
-8.753526237789500897e+00
-1.024542370194214769e+01
-8.008717388611055199e+00
-8.078211141386118399e+00
-1.074637760883111426e+01
-1.137855586513150818e+01
-1.126973562438993604e+01
-1.153475794875201998e+01
-1.173929061399837082e+01
-1.224265662521737319e+01
-1.320667269305791081e+01
-1.278587858619878226e+01
-1.096350312495578372e+01
-8.755900371564262485e+00
-5.747477495425846961e+00
-3.376732924536361313e+00
-1.839262273569495898e+00
-1.284407346248230830e-01
1.363070270400817297e+00
3.227405016606266663e+00
5.575162849540874710e+00
7.786674398604708003e+00
1.000940524197933179e+01
1.119910459499272015e+01
1.116351508145496574e+01
1.049251587995004087e+01
8.850798635603723596e+00
6.707775111921201905e+00
4.077281280640305816e+00
4.045105879509131031e-01
-4.243396616577982172e+00
-7.102862521054705169e+00
-8.006253006237123770e+00
-8.244029930371441495e+00
-7.074492485388872431e+00
-6.279967919859024583e+00
-5.975464589662540682e+00
-4.632138472754403935e+00
-2.624460557201281574e+00
-9.542655006192070077e-01
4.856635193172986753e-01
1.929799625082471159e+00
3.164950576657861170e+00
5.176540055042182509e+00
8.015165518862987781e+00
1.103012520250926976e+01
1.445013529351162873e+01
1.578974161254082098e+01
1.474320949272038561e+01
1.265110655854344124e+01
8.789814756671903595e+00
4.440848788436473349e+00
-3.143053527889376197e-01
-6.768565022298595579e+00
-1.468205788128940625e+01
-1.918104459137736129e+01
-1.998627617639758469e+01
-1.926856016407080929e+01
-1.571281058555646126e+01
-1.250377212907784141e+01
-9.815795531697981247e+00
-4.913552759548451832e+00
1.551492969061265104e+00
5.493218229127302621e+00
6.879364680260672493e+00
7.228501663235253893e+00
5.501452748240261315e+00
4.802830249325321432e+00
5.284352285891049661e+00
4.517296961811787526e+00
3.161974660718657404e+00
2.432982051046542082e+00
2.157086894346929906e+00
