1.013647184945760813e+02
9.682171898189970705e+01
9.222166291435505059e+01
8.758251863011523142e+01
8.267604409549831246e+01
7.756470684401547544e+01
7.319171827429904909e+01
6.962654274866930848e+01
6.647085532556607745e+01
6.399094002398595649e+01
6.158936169235867197e+01
5.924786743914087594e+01
5.750635427327979698e+01
5.625451224011931828e+01
5.489570815379232016e+01
5.345634485938950320e+01
5.216191308402255089e+01
5.087811098729771686e+01
5.011701115886067015e+01
4.991924299506015217e+01
4.992893349789421364e+01
5.027020344203677382e+01
5.021644580338504937e+01
4.966562280527423923e+01
4.905649310749124226e+01
4.817774850630030414e+01
4.737615416664910839e+01
4.668536846372778371e+01
4.574492819133035937e+01
4.462455589096695263e+01
4.399084296642249825e+01
4.385252121728532160e+01
4.393319771115827876e+01
4.439974602148885197e+01
4.476871624399510807e+01
4.500832803532546933e+01
4.549763089184453690e+01
4.612947024210473046e+01
4.625430690864046568e+01
4.584911980183389346e+01
4.514261443693781928e+01
4.395792433775880426e+01
4.275975348501040685e+01
4.155820853750331167e+01
3.996224304483416034e+01
3.805969317752298053e+01
3.618071599990124554e+01
3.430007524326443047e+01
3.231058505421798088e+01
3.028354681881518573e+01
2.790829768638058184e+01
2.516227446116885602e+01
2.225220999860264826e+01
1.910258088237015173e+01
1.629565767401148690e+01
1.390530018294258241e+01
1.159805676410378439e+01
9.541719327535910011e+00
7.442204035274238905e+00
5.274723524094503624e+00
3.335023074385578212e+00
1.564565824856451348e+00
-5.358373638906765990e-01
-2.969068313385788027e+00
-5.531653839888115876e+00
-8.347126528626990449e+00
-1.104496934577075073e+01
-1.360050955956767815e+01
-1.629974194373528462e+01
-1.905969794076183277e+01
-2.130783469061562840e+01
-2.301705372256389381e+01
-2.439591078549192105e+01
-2.528586804703131108e+01
-2.608323833626926103e+01
-2.679569782566615643e+01
-2.708147239096383174e+01
-2.701372698919116999e+01
-2.689958470134327229e+01
-2.671679154533649836e+01
-2.635866436618773179e+01
-2.589111585713260411e+01
-2.502949419638093076e+01
-2.375111850356135079e+01
-2.224504804250512535e+01
-2.044092744570771458e+01
-1.884009122941762371e+01
-1.750604882727406775e+01
-1.614656710603249223e+01
-1.490529361215591919e+01
-1.352916199302295652e+01
-1.199493192818908760e+01
-1.055550225248688001e+01
-9.159212604602640084e+00
-7.367755690373284594e+00
-5.176480890084077302e+00
-2.762518621787493078e+00
-1.602400764758105112e-02
2.741723137112002551e+00
5.490788302747980687e+00
8.482575947019929785e+00
1.164645244046988815e+01
1.420981772840746871e+01
1.612252340309547805e+01
1.769672459181611401e+01
1.871580522409672298e+01
1.968447289544839052e+01
2.061646079615892546e+01
2.106335218353165573e+01
2.111854829639415598e+01
2.124836882823481687e+01
2.142882782054377699e+01
2.148806448524318213e+01
2.152991788382798433e+01
2.114575245423364080e+01
2.030337880130710460e+01
1.928357292819974234e+01
1.798693497474469538e+01
1.703952753524490049e+01
1.652644420446032569e+01
1.607513950526350044e+01
1.586698401659610980e+01
1.559738157407762671e+01
1.523774885878080632e+01
1.510083647747177871e+01
1.512536643115317148e+01
1.474756567383702688e+01
1.396094068877089001e+01
1.299770426895298669e+01
1.171696508685176674e+01
1.052985192238231349e+01
9.463219560054383805e+00
8.195660099224562956e+00
6.818344120891468130e+00
5.658434632611303527e+00
4.712609331606526730e+00
3.891790470665882129e+00
3.280954432877953408e+00
2.614080772431302435e+00
1.887092336136956261e+00
1.308084727963107374e+00
8.253797574063663767e-01
3.190404376874945713e-01
-1.945200379211620700e-01
-6.897079565647701305e-01
-1.190575698646841873e+00
-1.565283382108933363e+00
-1.806038326944896744e+00
-1.995225308852711876e+00
-2.100974177225386264e+00
-2.466151681441338006e+00
-3.130642869916142157e+00
-3.907965813307995528e+00
-4.896462225988421402e+00
-5.915435350443238427e+00
-6.951855952985269482e+00
-8.183575550358193951e+00
-9.575265406311979532e+00
-1.085144404783901173e+01
-1.201293649229449123e+01
-1.317075966913213669e+01
-1.425784871233845408e+01
-1.548402779282183594e+01
-1.686384945716664419e+01
-1.823851958701852638e+01
-1.965581315584494249e+01
-2.060490537610116135e+01
-2.101655421791107869e+01
-2.116441424624133916e+01
-2.089595315050292967e+01
-2.046662743899529602e+01
-1.988937681793021994e+01
-1.889637575992929541e+01
-1.753213572108944973e+01
-1.622162986152694231e+01
-1.495939476146920377e+01
-1.356236113066383453e+01
-1.212992196543005008e+01
-1.033174994863206742e+01
-8.138885746316320891e+00
-5.792322292224898028e+00
-3.212186386408676153e+00
-6.849496385587909852e-01
1.739132197358738585e+00
4.256598244933306852e+00
6.782267495723854900e+00
9.432235233960485132e+00
1.222273350967850902e+01
1.502058481777307541e+01
1.785001239932721262e+01
2.101893203861779824e+01
2.453621230825451960e+01
2.826988545656935869e+01
3.229898303115140124e+01
3.641131832844592964e+01
4.059348488375476194e+01
4.501789454606056040e+01
4.963871490530615915e+01
5.327193772737722099e+01
5.581733696845884651e+01
5.779776645291654091e+01
5.887538071482255475e+01
5.977200498792606709e+01
6.051142659725328343e+01
6.042575448900360868e+01
5.964690934160933722e+01
5.896365048054495617e+01
5.834599831798875869e+01
5.748636479622279438e+01
5.656349213302038237e+01
5.491346714446144972e+01
5.248216490807814694e+01
4.973490208366607845e+01
4.651054337717569354e+01
4.367518564203044917e+01
4.135421786844269576e+01
3.901432634227518292e+01
3.690786160941027561e+01
3.462937706538154004e+01
3.213711117158473485e+01
2.985683654222781058e+01
2.770634552082088931e+01
2.487188225083189153e+01
2.134040832326203585e+01
1.745052222792438812e+01
1.299740850641453527e+01
8.565988585449218817e+00
4.194113114934436837e+00
-5.800252527496896349e-01
-5.627586916537099526e+00
-9.923058470160430744e+00
-1.341530537769931364e+01
-1.649452523638970547e+01
-1.887789336008457752e+01
-2.126693436543843063e+01
-2.367974307957485536e+01
-2.551119632212529353e+01
-2.689326080124698137e+01
-2.839754891456066233e+01
-2.998911538176108849e+01
-3.146966847004179257e+01
-3.296540961093601396e+01
-3.396051404337241308e+01
-3.441658899294218799e+01
-3.468424819661569103e+01
-3.463867916831966909e+01
-3.514724418565290875e+01
-3.632470109070129638e+01
-3.766539288799829421e+01
-3.942047967833096322e+01
-4.116146634915869384e+01
-4.285081518186818528e+01
-4.492561094255500365e+01
-4.730069404148742507e+01
-4.921469795537197456e+01
-5.066166322032984226e+01
-5.195471338446979104e+01
-5.290501992497981121e+01
-5.407376154088160547e+01
-5.549863679756434465e+01
-5.674490908343279472e+01
-5.793818766727862624e+01
-5.915369359094434998e+01
-6.035049673940152104e+01
-6.158265693429344623e+01
-6.285929008999118395e+01
-6.403271986191305132e+01
-6.510623852966637060e+01
-6.615920550090591234e+01
-6.716062840222355135e+01
-6.821405424159003417e+01
-6.933489573731826283e+01
-7.045117673314705087e+01
-7.159192266063527654e+01
-7.271959602794748889e+01
-7.382738993460404231e+01
-7.495871687369908898e+01
-7.610496022618730194e+01
-7.705215726468851756e+01
-7.778524445308956103e+01
-7.839922742405758527e+01
-7.883483073119708706e+01
-7.922487840962398309e+01
-7.957521401694133090e+01
-7.976669744393065287e+01
-7.982495993351304264e+01
-7.988042029127930732e+01
-7.992794301483544928e+01
-7.992015769566066297e+01
-7.988705170142701206e+01
-7.971813600390183296e+01
-7.940560580175235827e+01
-7.902768301940533036e+01
-7.855832905595065085e+01
-7.794539209987189565e+01
-7.719025405980487164e+01
-7.629712730149597633e+01
-7.525139491809822800e+01
-7.409937891954450606e+01
-7.283875692344847153e+01
-7.143206231709092435e+01
-6.988644592585114879e+01
-6.820941411969469925e+01
-6.639519285609419796e+01
-6.444273220960928938e+01
-6.235106722574069948e+01
-6.010149691673034056e+01
-5.769098565895193076e+01
-5.512594778324260147e+01
-5.240001779190258446e+01
-4.958788765360264961e+01
-4.669527616142549675e+01
-4.368034797962302207e+01
-4.056273442045820588e+01
-3.729743992677713749e+01
-3.387954782737793380e+01
-3.034766635671424950e+01
-2.669123657269365779e+01
-2.284994695980604362e+01
-1.882217998365385725e+01
-1.462858863746349236e+01
-1.025295893904039346e+01
-5.738370564318243439e+00
-1.085734020054250015e+00
3.740974898511884028e+00
8.733596777206470207e+00
1.263441702594187355e+01
1.531939501785333846e+01
1.737197331372980713e+01
1.842800166940302375e+01
1.921822568845689005e+01
1.976826233288926460e+01
1.938011685649046001e+01
1.818494906380928811e+01
1.707549647166011653e+01
1.602368116059682279e+01
1.466856327049770847e+01
1.321363338615748440e+01
1.092310778873342691e+01
7.734688359778397526e+00
4.168365333675309259e+00
4.493142642404499010e-02
-3.756750867326779542e+00
-7.105312780491679803e+00
-1.055449022329085729e+01
-1.384787181826206037e+01
-1.738837241659321364e+01
-2.122063509750893573e+01
-2.491719061885989461e+01
-2.856081788681836642e+01
-3.300112443056074341e+01
-3.825482097510700186e+01
-4.396750344697522905e+01
-5.035454596795587889e+01
-5.681190828629000578e+01
-6.330152551630620650e+01
-7.030464657732888156e+01
-7.768942920019375720e+01
-8.313245992347242463e+01
-8.645274499281575231e+01
-8.864638857946914641e+01
-8.905436519929278916e+01
-8.912764546132345345e+01
-8.891103197414329884e+01
-8.708099365947113313e+01
-8.390387353953754257e+01
-8.087718137231239268e+01
-7.793746111411385868e+01
-7.451098725388861510e+01
-7.093517016531906449e+01
-6.593276545117434750e+01
-5.940075664189856752e+01
-5.222841410396045347e+01
-4.410547120862455017e+01
-3.679241658539401527e+01
-3.053841559588067867e+01
-2.427247235145219051e+01
-1.850641413295832649e+01
-1.240429008998727056e+01
-5.882761663423181631e+00
1.877037802107153208e-01
5.976175395992504136e+00
1.311196158851149285e+01
2.161865774887049696e+01
3.082084195086798317e+01
4.112763105278967402e+01
5.136202568889221709e+01
6.144767891891871159e+01
7.231074984380761350e+01
8.369142019746801964e+01
9.280264629494429585e+01
9.946586438074054115e+01
1.048032827998895158e+02
1.080341977231443451e+02
1.109823894583279440e+02
1.136971509885940321e+02
1.145601287417134984e+02
1.139089439107679027e+02
1.134128021111998521e+02
1.129840119351586623e+02
1.120093092217488220e+02
1.108596922603565389e+02
1.080683383850445836e+02
1.035196591198934755e+02
9.821974887564290668e+01
9.181151937472071722e+01
8.653836134286335380e+01
8.270466037771220158e+01
7.897438144530221393e+01
7.599697880756799862e+01
7.268037415744804264e+01
6.892149281672122640e+01
6.584053664531195693e+01
6.321731267106017071e+01
5.903128810239057600e+01
5.325864210176159474e+01
4.673074264587835813e+01
3.894221380423291379e+01
3.136553137806303226e+01
2.409632562573503378e+01
1.598243577648027980e+01
7.349938101680272950e+00
3.509282080786444435e-01
-4.926156816547919703e+00
-9.259334236229483039e+00
-1.205907888704995123e+01
-1.484004466183684912e+01
-1.763626040023522279e+01
-1.916034466250005153e+01
-1.969729194740849820e+01
-2.038019204037382792e+01
-2.112836905089890394e+01
-2.156275545063838095e+01
-2.192952937020035620e+01
-2.117797367365129801e+01
-1.923021120231851810e+01
-1.678972852507887481e+01
-1.360087132742248350e+01
-1.156384831912434308e+01
-1.092235397534853014e+01
-1.058096568618619671e+01
-1.108761277693632330e+01
-1.148796269083425514e+01
-1.169997274260727593e+01
-1.268615152327521578e+01
-1.425606965434876550e+01
-1.476664952743167802e+01
-1.420659487110217434e+01
-1.324657471086450755e+01
-1.147914948297778359e+01
-1.011988915322093874e+01
-9.249298860437637160e+00
-7.926734807045683340e+00
-6.423801175687155585e+00
-5.236707207503125794e+00
-4.311064471596642633e+00
-3.607584946147726956e+00
-3.243002479971530683e+00
-2.706245713646236339e+00
-1.997755062943459725e+00
-1.473819484979491889e+00
-1.033257440031411845e+00
-6.588727642006491081e-01
-3.912314587945062705e-01
-1.731162348824622499e-01
-1.229182684149190616e-02
-2.539800879527305544e-02
-2.146722892239425473e-01
-5.339967104184528690e-01
-1.013002504304013840e+00
-9.538618051274785348e-01
-2.888018029110486218e-01
6.282849956902070154e-01
1.994166951657476261e+00
3.413856544148544447e+00
4.862687992574144857e+00
6.712598885533233251e+00
8.885969971457178929e+00
1.087270204908070248e+01
1.267930246561974883e+01
1.450330752616360996e+01
1.622198787345953619e+01
1.823621157939462734e+01
2.057299877099403318e+01
2.293400526634899350e+01
2.541082483758824395e+01
2.732517342805378746e+01
2.857696034360388992e+01
2.955080688513245946e+01
3.004301261978537596e+01
3.037319890635888342e+01
3.056146042101302029e+01
3.026145774360744412e+01
2.952936110291208749e+01
2.896085019634022828e+01
2.855296956116088936e+01
2.804646747915894878e+01
2.758278542646198517e+01
2.670985520931167656e+01
2.538889641781886297e+01
2.395551736345426264e+01
2.230173971967964874e+01
2.076181224377704737e+01
1.940098930136128175e+01
1.797980598121633378e+01
1.659969897954784201e+01
1.513859636610256487e+01
1.357756120824154245e+01
1.206787400924455866e+01
1.058470211964224106e+01
8.748309573635578928e+00
6.547045403233711980e+00
4.147787675274758890e+00
1.453320817763456230e+00
-1.277188672054655694e+00
-4.026197006000598044e+00
-7.004425184656711600e+00
-1.015527193763477420e+01
-1.295666667884416690e+01
-1.538094017323488139e+01
-1.763388320543532117e+01
-1.957173006933900083e+01
-2.154644997080076863e+01
-2.356877727931374267e+01
-2.533401154405643041e+01
-2.690910865358243953e+01
-2.859270614036795877e+01
-3.036868392713357068e+01
-3.213302251223417016e+01
-3.395273931892423747e+01
-3.556320686665548436e+01
-3.694546541632399084e+01
-3.828199454239424426e+01
-3.950955626969014389e+01
-4.104824595164687651e+01
-4.295559425857936020e+01
-4.498522570481900829e+01
-4.725961883528804464e+01
-4.957518599028641404e+01
-5.191430522832377648e+01
-5.448793471133306809e+01
-5.725621805556371413e+01
-5.984721321413440620e+01
-6.225831705116723214e+01
-6.464426022019979712e+01
-6.691323401098115653e+01
-6.933957711731045492e+01
-7.194248472737646694e+01
-7.451029406615231210e+01
-7.710495940312166852e+01
-7.875969082285365630e+01
-7.935177150378417821e+01
-7.937758579043844520e+01
-7.854967552001386366e+01
-7.737113264029737536e+01
-7.586350197567864484e+01
-7.351065816889996540e+01
-7.039977603031024955e+01
-6.730212330218968475e+01
-6.420290277246452604e+01
-6.077257474056543174e+01
-5.718931209699456986e+01
-5.284233061437950596e+01
-4.767718509319525566e+01
-4.213346546662172187e+01
-3.606209467778403877e+01
-3.004770541645394033e+01
-2.418635522184624875e+01
-1.808636326142153550e+01
-1.191946758423381603e+01
-5.435680201377988574e+00
1.398322684801660998e+00
8.306934731578133224e+00
1.534307355066194134e+01
2.311573323083637277e+01
3.164193952724605197e+01
4.066491222418444096e+01
5.034133134149291067e+01
6.024942656201927349e+01
7.036384010162706204e+01
8.102747376137615731e+01
9.214996197278222212e+01
1.007599592874826442e+02
1.065951804677746253e+02
1.109848134243315769e+02
1.130777647237438686e+02
1.146635851274269413e+02
1.158021541113716069e+02
1.148242792962393821e+02
1.120555394116895087e+02
1.095092026482588778e+02
1.071123389809309572e+02
1.040719791414486224e+02
1.008450796131612321e+02
9.574661935438670923e+01
8.863780463123551101e+01
8.070224760232304106e+01
7.153059549981364285e+01
6.327271384006952815e+01
5.624232144881589335e+01
4.910809613190649259e+01
4.249664028610143163e+01
3.540660326385505385e+01
2.773296833803659567e+01
2.052988256445444648e+01
1.359366551877067764e+01
4.890040787164009473e+00
-5.615442727828249048e+00
-1.707580382236790939e+01
-3.000397286512142614e+01
-4.294171062140703299e+01
-5.579526657578798421e+01
-6.971855465879262681e+01
-8.439109534743737129e+01
-9.574311547598402683e+01
-1.034925592087707003e+02
-1.093207476219483993e+02
-1.120826041941405009e+02
-1.143946203398921142e+02
-1.163320723259362239e+02
-1.155498192096420951e+02
-1.125312729265528020e+02
-1.097866079699217323e+02
-1.071950046366594478e+02
-1.038191628297592217e+02
-1.002206293361403624e+02
-9.422120559163441555e+01
-8.564826395757805244e+01
-7.600596274118264262e+01
-6.476500562920585935e+01
-5.512306469113269713e+01
-4.752173558034697010e+01
-4.004188076466161306e+01
-3.361116932644696931e+01
-2.668867028232991956e+01
-1.912639710659903969e+01
-1.251531961231997592e+01
-6.544876019310766679e+00
1.694150970015200430e+00
1.223850082145657403e+01
2.388676136425836560e+01
3.736722946058613815e+01
5.056595484327302614e+01
6.334512823056223851e+01
7.736135601725294464e+01
9.214659894903422810e+01
1.036032877562432617e+02
1.115014442113594129e+02
1.174294892142747528e+02
1.202478943542068777e+02
1.227086165725586966e+02
1.248803552775264052e+02
1.243576662421475021e+02
1.216522884840587437e+02
1.191116758995223819e+02
1.165971837764044921e+02
1.132701689612902101e+02
1.096477885664008625e+02
1.036281629647759104e+02
9.504807979250294636e+01
8.533593628490326921e+01
7.397939127185458119e+01
6.439115210083942031e+01
5.702378268876967837e+01
4.986809121417813628e+01
4.390988086184911054e+01
3.746637598067979980e+01
3.038336866876081999e+01
2.437381374785887544e+01
1.909901062898888568e+01
1.153003838551476790e+01
1.635747119981015629e+00
-9.342619017609681720e+00
-2.216096844849882430e+01
-3.460121774929861971e+01
-4.651914747147110063e+01
-5.964488000665146217e+01
-7.348632354868007610e+01
-8.448643379307837620e+01
-9.247749526414338561e+01
-9.877698746862972712e+01
-1.024036421908924979e+02
-1.058164734645493610e+02
-1.090710898982496388e+02
-1.100530013468547423e+02
-1.092214695772204323e+02
-1.085103395807445423e+02
-1.077895427039800040e+02
-1.063923303797699873e+02
-1.047399156576271082e+02
-1.010603771511523377e+02
-9.521839692759503748e+01
-8.840449673262979502e+01
-8.018597716846385026e+01
-7.364668298772132005e+01
-6.918525318686711501e+01
-6.500882352545325205e+01
-6.200604909090031924e+01
-5.863506837355593859e+01
-5.475902147726601044e+01
-5.193453393755437020e+01
-4.985179887120862929e+01
-4.581724731011861707e+01
-3.980763750422852354e+01
-3.292170508156569042e+01
-2.448885757746710112e+01
-1.649215914176769715e+01
-9.060653426179589687e+00
-6.528075423159012125e-01
8.290583860372397140e+00
1.559066315503827660e+01
2.119858445926675827e+01
2.582250396530135461e+01
2.887549567123538807e+01
3.198038693838037005e+01
3.516603217051673624e+01
3.709504230170951899e+01
3.807480100815048019e+01
3.911770899742509755e+01
4.012916002157218998e+01
4.080403546472136611e+01
4.135532838953195522e+01
4.078709823925584033e+01
3.902829883410257850e+01
3.672675809176075035e+01
3.363883981333665218e+01
3.184202040704513337e+01
3.158978397298970719e+01
3.171101686481397763e+01
3.280175892288407624e+01
3.379216398907352215e+01
3.459493957192338343e+01
3.627264021296678465e+01
3.861192460100864565e+01
3.986784512198268970e+01
4.003339739510121120e+01
3.981380757605779053e+01
3.877798845252734594e+01
3.822901526828363217e+01
3.825281201522950170e+01
3.784652711114596713e+01
3.730193018824284223e+01
3.671808331117615154e+01
3.599400545885660563e+01
3.529130563935436982e+01
3.461025736554013577e+01
3.365311606625137841e+01
3.243011468316771584e+01
3.108455213982586329e+01
2.955343971954491522e+01
2.812641868411871471e+01
2.683807749954941357e+01
2.550325323688417001e+01
2.420102882376135511e+01
2.280420496556603638e+01
2.129440172765369965e+01
1.980170362666292405e+01
1.829694624462918284e+01
1.632023773509517639e+01
1.384328117306264438e+01
1.106260890626646543e+01
7.851862125427480521e+00
4.505014501954789807e+00
1.034130520917332818e+00
-2.819954005826065924e+00
-7.000318148765845017e+00
-1.124115066111910721e+01
-1.555482891834995485e+01
-2.003482865881974107e+01
-2.462058969867019087e+01
-2.954206957852230531e+01
-3.481521001292890105e+01
-4.027891861618796554e+01
-4.598747745243216656e+01
-5.055914189323251406e+01
-5.383815474059996831e+01
-5.651259567060697719e+01
-5.817904857298737653e+01
-5.959430540699690937e+01
-6.079218588781026256e+01
-6.102651735780865749e+01
-6.043368479965926099e+01
-6.006519028604969890e+01
-5.989912994078917308e+01
-5.950108302401106641e+01
-5.911530908115518201e+01
-5.790192870707104333e+01
-5.579083626171273380e+01
-5.338799549446339654e+01
-5.049124764367941509e+01
-4.796187409556289793e+01
-4.594012064893415470e+01
-4.386491294001896790e+01
-4.199097844184521477e+01
-3.994685338829172139e+01
-3.768851980115030642e+01
-3.562745519416012030e+01
-3.368834309897513890e+01
-3.100193604660231728e+01
-2.754929712798804076e+01
-2.370038989242382854e+01
-1.923500175761649444e+01
-1.476546204481861579e+01
-1.033219500398462998e+01
-5.446329479452947986e+00
-2.423732614563918197e-01
3.996799964386750226e+00
7.197811815246939915e+00
9.868006864864305783e+00
1.165142125125934314e+01
1.340423970790711117e+01
1.515062686273324388e+01
1.614207362062078843e+01
1.653930373894389660e+01
1.708771047033084045e+01
1.774666285296528656e+01
1.825043321756033166e+01
1.876514825488120053e+01
1.863074112431556983e+01
1.779754949253418417e+01
1.671859575897822126e+01
1.523452381427419944e+01
1.438673971282248587e+01
1.431644585399399361e+01
1.440952500047627893e+01
1.496832672867775038e+01
1.548546793545873435e+01
1.591525370846658127e+01
1.677971762994251392e+01
1.797799976745604766e+01
1.858271577615075287e+01
1.858533621958515525e+01
1.836908381571835491e+01
1.770355040970287774e+01
1.726916658025552209e+01
1.711175253302563704e+01
1.670278849874820892e+01
1.619442810763783669e+01
1.576057697523692269e+01
1.535964720107497250e+01
1.501818776701807323e+01
1.477103299961729022e+01
1.439119689815261260e+01
1.388072281410967079e+01
1.338137663921209963e+01
1.284679530545411374e+01
1.234384029470549393e+01
1.189284407658872844e+01
1.142998129374474026e+01
1.097691626718637892e+01
1.053610520871079004e+01
1.010317407225496034e+01
9.696513256787229196e+00
9.317207157262641815e+00
8.651348608069383772e+00
7.672206774661511020e+00
6.529503408010564058e+00
5.135329129680532567e+00
3.675044414858577024e+00
2.158393656050936915e+00
4.145366085811134638e-01
-1.520560604592024134e+00
-3.435676946674166565e+00
-5.336071124998900572e+00
-7.301627347860428330e+00
-9.282615753648952861e+00
-1.145082779015157293e+01
-1.381825185586713367e+01
-1.626009205634117905e+01
-1.881628071312131922e+01
-2.083196118626277382e+01
-2.222801966562533593e+01
-2.334078400422060895e+01
-2.397774713594780138e+01
-2.448616841703671199e+01
-2.488277854627206764e+01
-2.481822130024243123e+01
-2.435471165780309732e+01
-2.400859697382559688e+01
-2.377120184310950535e+01
-2.342619428673565452e+01
-2.309417796047728544e+01
-2.236794536073703910e+01
-2.121323513305368635e+01
-1.992588684403389010e+01
-1.840804152134918326e+01
-1.705039441511566167e+01
-1.591882479458747390e+01
-1.475428284453707661e+01
-1.367285778338925795e+01
-1.251062930375230486e+01
-1.124724034291534025e+01
-1.006760429636637078e+01
-8.938466146026321724e+00
-7.456573109942986832e+00
-5.612426663448339959e+00
-3.578750776389093335e+00
-1.253169780130433564e+00
1.082001900415324069e+00
3.408040634992396622e+00
5.951147034213166265e+00
8.649379185371111944e+00
1.073057155804361074e+01
1.214255773083320022e+01
1.320388707626405100e+01
1.369797255946709846e+01
1.412326962083748683e+01
1.449458672944319382e+01
1.436698319181193639e+01
1.383307744274624795e+01
1.336566625409767362e+01
1.294200921684721628e+01
1.238701461588214237e+01
1.180668166291468424e+01
1.079050099849320077e+01
9.306472619289024806e+00
7.638490328459161205e+00
5.687156527810608431e+00
4.054970247150241569e+00
2.825484927613202579e+00
1.637644452573630227e+00
6.665085939005397364e-01
-3.775488761317924435e-01
-1.522015036535623755e+00
-2.467006103117158844e+00
-3.270586960235169816e+00
-4.479957267010725275e+00
-6.101633817593587139e+00
-7.909088538182969863e+00
-1.003901062811441669e+01
-1.209310991989303297e+01
-1.404505348709534118e+01
-1.620625993614082105e+01
-1.848823906122424887e+01
-2.040406341549571678e+01
-2.193935887357747561e+01
-2.325962831171422351e+01
-2.423294079956233915e+01
-2.521399203398496169e+01
-2.620984812173516687e+01
-2.692485534780793088e+01
-2.742611848700103749e+01
-2.795100930967383590e+01
-2.847955747628344270e+01
-2.893713367052537322e+01
-2.937439193759876588e+01
-2.956342975517876681e+01
-2.948780871877969645e+01
-2.929759358217066634e+01
-2.893720514515875308e+01
-2.885371530569042875e+01
-2.910281551447221204e+01
-2.943017349139430650e+01
-2.996432538562557824e+01
-3.047742488566280628e+01
-3.095048956392169615e+01
-3.161126178416677490e+01
-3.241430524246862177e+01
-3.297978175207502005e+01
-3.330574234102825670e+01
-3.354634877122963843e+01
-3.360763346364304027e+01
-3.377219576020560510e+01
-3.405872023939321735e+01
-3.424926404336900987e+01
-3.440706355432914876e+01
-3.432070136458956711e+01
-3.394415696840908225e+01
-3.342123710821340410e+01
-3.268405353421029957e+01
-3.180109242760417132e+01
-3.077893896676803109e+01
-2.951977199524402806e+01
-2.803338201263282059e+01
-2.654973742421996619e+01
-2.507093411777430347e+01
-2.348814323453659370e+01
-2.185636885789468309e+01
-2.001022452823695374e+01
-1.793360170749236460e+01
-1.575162632236691884e+01
-1.342409089245336951e+01
-1.101142439378289950e+01
-8.531301506588400585e+00
-5.924193477024177312e+00
-3.209168382218337001e+00
-3.763995709614348373e-01
2.580148069338117800e+00
5.639196572087548098e+00
8.803879344156481324e+00
1.217329419187144168e+01
1.575373262137493491e+01
1.950058893951488059e+01
2.344082447282478299e+01
2.751384400843718936e+01
3.171655433561117476e+01
3.610293027059667992e+01
4.066099236117074156e+01
4.436085588274306701e+01
4.710469134958991333e+01
4.936721037859863515e+01
5.085180416176977047e+01
5.216346245805162596e+01
5.332406018734570807e+01
5.376101938855676110e+01
5.358407778238576924e+01
5.351458260615414986e+01
5.352963356563846986e+01
5.334088431042577838e+01
5.311314980989018153e+01
5.225074129624228192e+01
5.070434059588842501e+01
4.889552162002762259e+01
4.667990037266577730e+01
4.477593317352395275e+01
4.329130694208005536e+01
4.177557076962852989e+01
4.043883095004597550e+01
3.895224605961119124e+01
3.728029458408452257e+01
3.577310579133158797e+01
3.436380738400338686e+01
3.236170964967189434e+01
2.975423909495428276e+01
2.683050285093355569e+01
2.341611085307258477e+01
2.000396916052427798e+01
1.662593715786662329e+01
1.289104293120626110e+01
8.907567858145785777e+00
6.006327209575453629e+00
4.277766081138866916e+00
3.174375045191534461e+00
3.069969929289617205e+00
3.105463589886228171e+00
3.256083586802088536e+00
4.289599177270231323e+00
6.046928808427603386e+00
7.712314370556986987e+00
9.325459720253592266e+00
1.118944410007581070e+01
1.312177834589281744e+01
1.583163724107237869e+01
1.937484907779307974e+01
2.326185386453036585e+01
2.766479715628005565e+01
3.153534052103797691e+01
3.472888847976795290e+01
3.787340242035649851e+01
4.066466473181716879e+01
4.360825422547765839e+01
4.675234515525624346e+01
4.957492716607966088e+01
5.217768417300943895e+01
5.551218320718217569e+01
5.959003337997776129e+01
6.401811495793546669e+01
6.903440066194391989e+01
7.394663536006174809e+01
7.870945927160406086e+01
8.386472953550099874e+01
8.925895635196296496e+01
9.315267683377511787e+01
9.542933713566024778e+01
9.679456729344128973e+01
9.675913492721888076e+01
9.645117720792008242e+01
9.590052348267799687e+01
9.409938112299603574e+01
9.125523254577015564e+01
8.842149900555425290e+01
8.554339382642712053e+01
8.222918241308853737e+01
7.871257318547922921e+01
7.407023604463799415e+01
6.822792889344468392e+01
6.181843943103928041e+01
5.461609784678049806e+01
4.801036715147983358e+01
4.218979069276046090e+01
3.632260859411933041e+01
3.081042974209995577e+01
2.497718161884571231e+01
1.875749440356884890e+01
1.284370531480591993e+01
7.098471618040273157e+00
2.633106011989680972e-01
-7.678289745395608712e+00
-1.620971170916855897e+01
-2.564681488330213455e+01
-3.507567766241263740e+01
-4.443810053217907097e+01
-5.445192639582380423e+01
-6.491581017477143689e+01
-7.314528365640360619e+01
-7.894804356177196780e+01
-8.343916477249841535e+01
-8.586085944081762023e+01
-8.792729429461449797e+01
-8.968691473289983662e+01
-8.959515916863986718e+01
-8.796704262907519478e+01
-8.647419659516040724e+01
-8.503696335170096177e+01
-8.302537292642648481e+01
-8.081292707517778240e+01
-7.695212210239817807e+01
-7.132646550928602380e+01
-6.493503194005228352e+01
-5.742503364743502203e+01
-5.090085840204622514e+01
-4.565302447267914232e+01
-4.041421569227068034e+01
-3.579422543179968130e+01
-3.077894960410453251e+01
-2.526937354223696985e+01
-2.031109197977558978e+01
-1.569861380268073781e+01
-9.509932777209883170e+00
-1.718996401702332255e+00
6.881833017720054180e+00
1.677488293126540952e+01
2.656691390003683040e+01
3.616835920471313415e+01
4.667395947790338084e+01
5.777637056715262531e+01
6.641131267511298120e+01
7.239129884062752751e+01
7.693513089472946831e+01
7.918694212309790714e+01
8.117117976165005189e+01
8.294163061323992281e+01
8.271234758729431746e+01
8.085914101914475793e+01
7.919163269868882082e+01
7.761152226655553932e+01
7.546076491850945445e+01
7.314087547180328386e+01
6.905287846559654952e+01
6.307192779613227884e+01
5.629240962360248801e+01
4.832534753104251735e+01
4.167093841746049065e+01
3.666617523548531210e+01
3.182930096426091637e+01
2.788399527170659198e+01
2.360835477155340101e+01
1.888886550921045426e+01
1.497667031961857198e+01
1.162606819118857615e+01
6.598244998283437468e+00
-1.313566300797313069e-01
-7.641992656470607770e+00
-1.649271214885527570e+01
-2.504801229047286171e+01
-3.320103662302295788e+01
-4.222892878172376641e+01
-5.176877600355030751e+01
-5.932479680155331891e+01
-6.478673963702705407e+01
-6.906671253204663685e+01
-7.147837169359168286e+01
-7.376247441151089390e+01
-7.595774438842009602e+01
-7.657548291897140302e+01
-7.594166182237951546e+01
-7.538974904132297183e+01
-7.482676369668192251e+01
-7.379931287873307610e+01
-7.259704456643486026e+01
-6.998950462239189108e+01
-6.588367577989723145e+01
-6.110388078257690836e+01
-5.534980933092880662e+01
-5.080446245341988032e+01
-4.774840062831076182e+01
-4.491724629708911465e+01
-4.293989954507681261e+01
-4.072154985328268140e+01
-3.816613942330351961e+01
-3.637732144266649925e+01
-3.513548899488083777e+01
-3.254296576072468383e+01
-2.858458792708290375e+01
-2.403395606857057487e+01
-1.841920268122158078e+01
-1.314007182813840657e+01
-8.287999209307344017e+00
-2.776530185770893944e+00
3.082765021984992693e+00
7.724483695721318099e+00
1.111059810777960521e+01
1.375300179592977301e+01
1.522889997262464767e+01
1.669831734702855286e+01
1.818148055554372533e+01
1.871891314129548434e+01
1.852960213173586013e+01
1.834754136499586963e+01
1.810474882146620246e+01
1.757689692399037185e+01
1.691825442256692114e+01
1.540886036097170297e+01
1.299648876272414988e+01
1.014933875212001091e+01
6.690794385009127154e+00
4.106432319863058567e+00
2.577472960069424168e+00
1.264166278011030986e+00
5.923611954129897050e-01
-2.028977466670385255e-01
-1.184884305546456851e+00
-1.594570475321012593e+00
-1.585076502248502051e+00
-2.407922078124646426e+00
-4.069082047102422273e+00
-6.063426544976638688e+00
-8.700758933762562819e+00
-1.104830380501298137e+01
-1.304520726164014022e+01
-1.541086349570153224e+01
-1.793700170512370562e+01
-2.008205799336688102e+01
-2.187066483812535722e+01
-2.340812597427014907e+01
-2.455771252954466988e+01
-2.580319765277294408e+01
-2.714709143516194700e+01
-2.822677558278395438e+01
-2.913587957053393040e+01
-3.000534769595228468e+01
-3.080037388497578377e+01
-3.151606166730396907e+01
-3.217312366022697745e+01
-3.258527020990940315e+01
-3.274216363861125956e+01
-3.274729985788292197e+01
-3.255409061144555238e+01
-3.281493393049805007e+01
-3.359899073108659451e+01
-3.456081152396355805e+01
-3.588529161569541515e+01
-3.721504751939981048e+01
-3.852494660634670254e+01
-4.015725816854244101e+01
-4.204105351708057015e+01
-4.367141889163623603e+01
-4.505086081569222500e+01
-4.637786734108945552e+01
-4.752928877715771705e+01
-4.889300601471934726e+01
-5.049454581171067247e+01
-5.204054100393075544e+01
-5.361858064031734727e+01
-5.479392922336582217e+01
-5.549060937844235042e+01
-5.597526124259439939e+01
-5.611398152225975622e+01
-5.608631227076544690e+01
-5.590572492436993457e+01
-5.535887271307039015e+01
-5.447572299418192898e+01
-5.367379766453547774e+01
-5.295388993322752924e+01
-5.212757926905902650e+01
-5.129451535528929895e+01
-5.014571781601459577e+01
-4.865335650923513811e+01
-4.704915723080341650e+01
-4.525894156649096800e+01
-4.345729198181066977e+01
-4.168364556785495267e+01
-3.979916306876249621e+01
-3.785764509835767910e+01
-3.580646647730568333e+01
-3.363373169219418202e+01
-3.141325385829834360e+01
-2.913354734621238151e+01
-2.657038581612131622e+01
-2.371431344720331325e+01
-2.066517948539148719e+01
-1.736439197503276333e+01
-1.395928346330372882e+01
-1.045919843717461717e+01
-6.740722680955999024e+00
-2.835148687076685547e+00
4.079242259563385931e-01
2.917415294556882976e+00
5.070332272229880921e+00
6.624989326710728932e+00
8.100167556911765487e+00
9.513994188108107153e+00
1.038808552881987346e+01
1.081806205806874388e+01
1.137026903866245853e+01
1.202407133987989596e+01
1.255999995940312530e+01
1.310708746966384908e+01
1.319026069404199042e+01
1.277164923045497069e+01
1.218574803202433721e+01
1.131795405525866549e+01
1.078394664110071233e+01
1.067389923006462737e+01
1.060926647397384848e+01
1.077008428455420486e+01
1.087012428816809617e+01
1.088048188210857958e+01
1.110390766714112232e+01
1.148300618507154347e+01
1.143974918135653240e+01
1.096556803531711211e+01
1.030230101748846749e+01
9.305040719839050567e+00
8.390385811557306894e+00
7.586070355538990562e+00
6.564514614248590618e+00
5.418106225486275740e+00
4.194250118061927601e+00
2.859829995646533174e+00
1.457212829319322056e+00
-1.056971756956112674e-02
-1.651028035366650659e+00
-3.463128713247987989e+00
-5.393404457069243207e+00
-7.465804930570510756e+00
-9.596672919233315113e+00
-1.177599904326224234e+01
-1.406249068875835562e+01
-1.643409815668029594e+01
-1.892632737041975943e+01
-2.154627814843841449e+01
-2.425858756113559878e+01
-2.707261839298191219e+01
-3.013683024905476060e+01
-3.346224316652285324e+01
-3.698650341354417748e+01
-4.075158648014856055e+01
-4.466622411439051632e+01
-4.872796396600875823e+01
-5.302062740439112787e+01
-5.752775227506634081e+01
-6.216449840665824667e+01
-6.693616298546993448e+01
-7.187494177520598271e+01
-7.696259499005829241e+01
-8.227473858974232712e+01
-8.781803524902919378e+01
-9.354185628658277096e+01
-9.946517940801894042e+01
-1.039888438749552932e+02
-1.069451625263337604e+02
-1.090973592856247336e+02
-1.099802882888228766e+02
-1.105002485204920362e+02
-1.106917890358785570e+02
-1.096767981244171750e+02
-1.076176283987294937e+02
-1.056828751369855297e+02
-1.038404908177843140e+02
-1.016125435743897469e+02
-9.926709575812439823e+01
-9.585266656737515234e+01
-9.128855686559839455e+01
-8.625202702021783807e+01
-8.051197958016237521e+01
-7.513864620094804536e+01
-7.029680373985843289e+01
-6.530275076816435842e+01
-6.046991200795792309e+01
-5.531751634997391420e+01
-4.979047429341536457e+01
-4.440564350101892188e+01
-3.906425361929690609e+01
-3.271360351136486599e+01
-2.533157123692987867e+01
-1.735985298010257338e+01
-8.531222349571041974e+00
4.094889019374170491e-01
9.415039996806992662e+00
1.908035987488963414e+01
2.924293425199917351e+01
3.715517479929221878e+01
4.260642547023470428e+01
4.677032639720065532e+01
4.886871691879391477e+01
5.062410831949820533e+01
5.208978274091294480e+01
5.169884379685317555e+01
4.976817157566338778e+01
4.805918451579257322e+01
4.649648283377794655e+01
4.440802436906390227e+01
4.219070093761777684e+01
3.833988418670595166e+01
3.273492652522736535e+01
2.642315924843162733e+01
1.903943098090385178e+01
1.267113435478898786e+01
7.613343136749560536e+00
2.598587392816871677e+00
-1.766097048617765175e+00
-6.472682885250927498e+00
-1.161931309917587996e+01
-1.617305152220441045e+01
-2.033410886454760558e+01
-2.603001840609027084e+01
-3.328790357748425777e+01
-4.130841274287914899e+01
-5.057507345515521280e+01
-5.969388140890391270e+01
-6.857396272435983064e+01
-7.831100261343388524e+01
-8.859684911361782156e+01
-9.620780652345553108e+01
-1.009397232925830252e+02
-1.040848798317193769e+02
-1.047406774676832981e+02
-1.050219426091606749e+02
-1.049849736131264990e+02
-1.027555017523584127e+02
-9.872490166931393674e+01
-9.481420195386237992e+01
-9.092076686980504974e+01
-8.634029411268333831e+01
-8.149905633491567869e+01
-7.470488963052626730e+01
-6.582429053296718280e+01
-5.601612418850446318e+01
-4.486809108210803032e+01
-3.498384362325457175e+01
-2.671542495911635129e+01
-1.851356653648115724e+01
-1.113155334675792751e+01
-3.299540513241399964e+00
5.102296284650529756e+00
1.277331861587929396e+01
1.996982887430678488e+01
2.903381814972121688e+01
3.999290539867966032e+01
5.188443842051556487e+01
6.529435183204547855e+01
7.851568774299458653e+01
9.143794415980863732e+01
1.053970042439898407e+02
1.200150989765415943e+02
1.314687189828197234e+02
1.395187972790200490e+02
1.456886516579962745e+02
1.489079596970936166e+02
1.516931887110924038e+02
1.541095744350523660e+02
1.539298062402297376e+02
1.516190564511818479e+02
1.494438783443428918e+02
1.472805905508846536e+02
1.442996336860104236e+02
1.410027802122705225e+02
1.353874300685493210e+02
1.272950539621616457e+02
1.180941765447366265e+02
1.072961283794255962e+02
9.801443912223250265e+01
9.066778572138676395e+01
8.340627032691701004e+01
7.712986475394689023e+01
7.031533861612609826e+01
6.281911444169870151e+01
5.619774884861020325e+01
5.014334759216513504e+01
4.186084788039455162e+01
3.131732353723088025e+01
1.965986429486088127e+01
6.188926569055255733e+00
-7.057778921517657622e+00
-1.994896622458219326e+01
-3.407973899802748008e+01
-4.899952837906047876e+01
-6.071629466469205738e+01
-6.900391995870401729e+01
-7.541400296891409027e+01
-7.883585632498630957e+01
-8.194687844469513038e+01
-8.481438359433111884e+01
-8.509621049715200058e+01
-8.329021745743135341e+01
-8.169308922738592571e+01
-8.017074077316634373e+01
-7.790105883293891509e+01
-7.539061128790488908e+01
-7.058659597008829678e+01
-6.332966301575635981e+01
-5.501637046355569538e+01
-4.514659347520220933e+01
-3.704770838939120381e+01
-3.116170253686905411e+01
-2.552944769322677843e+01
-2.111247450188162489e+01
-1.627134974914286047e+01
-1.085605150583854694e+01
-6.536654922290280112e+00
-2.983484358530142266e+00
2.757896726647681263e+00
1.071766950452553147e+01
1.968435246129780936e+01
3.039503947876608692e+01
4.068592887231604038e+01
5.041596880646456924e+01
6.127245686592007701e+01
7.277507315492893269e+01
8.149391864628226756e+01
8.726920229472690949e+01
9.136697651691805788e+01
9.284143488892742369e+01
9.406789640321245827e+01
9.509950696043478047e+01
9.389558721783606643e+01
9.089972691582667608e+01
8.796909640623458415e+01
8.497740455090539058e+01
8.128577537715092660e+01
7.729819914009161153e+01
7.130969346866808678e+01
6.319000642602846085e+01
5.408335525271755273e+01
4.357316356772507504e+01
3.463935762883571812e+01
2.766630915621360742e+01
2.092255340821243692e+01
1.526649637159942863e+01
9.206604732639718236e+00
2.610527610845869262e+00
-3.017166445214415571e+00
-7.976333534735313258e+00
-1.486755401359827111e+01
-2.371322974160728947e+01
-3.345320920280838806e+01
-4.473501442864719024e+01
-5.564380852594883464e+01
-6.605520603975462279e+01
-7.745780722059903667e+01
-8.942611827400543234e+01
-9.881709027938080681e+01
-1.054767125040443290e+02
-1.105746892423577776e+02
-1.132416445150525703e+02
-1.156393323528111949e+02
-1.178157244627559805e+02
-1.179046559374249625e+02
-1.163082890882976841e+02
-1.147494361904185496e+02
-1.131131033738785305e+02
-1.107995162296971472e+02
-1.081835082599694999e+02
-1.036897912731504476e+02
-9.719633075943345091e+01
-8.976108296492428451e+01
-8.099834774512180502e+01
-7.362622865741072076e+01
-6.799591884236055250e+01
-6.252295731811744872e+01
-5.798987594743640273e+01
-5.303756051487480505e+01
-4.754375966698776779e+01
-4.287908198730842457e+01
-3.876932728860096944e+01
-3.283329236915268012e+01
-2.504864586757614475e+01
-1.638533228696288191e+01
-6.249351778141180702e+00
3.609581729759750779e+00
1.307887473092094588e+01
2.352157819551764106e+01
3.454989453509959674e+01
4.327727620409160636e+01
4.956291022504233723e+01
5.448416668533381824e+01
5.724343567937465593e+01
5.982678412670468759e+01
6.227971617113726666e+01
6.288950874789816936e+01
6.202669048032691990e+01
6.127736405729846325e+01
6.053738520779943855e+01
5.925589352311579461e+01
5.777911080140246725e+01
5.466009801335421514e+01
4.978794459692149132e+01
4.413688993464734267e+01
3.735367715261150323e+01
3.193329302457975771e+01
2.819947782819598459e+01
2.469937009135633232e+01
2.215224574182363071e+01
1.931301994576676506e+01
1.607078342981082741e+01
1.368407379027805604e+01
1.190272627856527698e+01
8.542493742259177125e+00
3.584085440779233522e+00
-2.080823592161523905e+00
-8.996157256325052032e+00
-1.555490109415997857e+01
-2.165242304838222509e+01
-2.853840370280609307e+01
-3.585567406385224132e+01
-4.156336965579046705e+01
-4.559373255574574557e+01
-4.864935036383082689e+01
-5.017452409078744324e+01
-5.164196460827790958e+01
-5.308045114494618844e+01
-5.325404662873118866e+01
-5.243982789212255113e+01
-5.165521424391698702e+01
-5.081730872804976684e+01
-4.959832309792852101e+01
-4.821560997420450434e+01
-4.569990689921713312e+01
-4.197957456902362594e+01
-3.769394716066275208e+01
-3.260586595163662338e+01
-2.858640183928663703e+01
-2.586907583839261093e+01
-2.338533038853680068e+01
-2.167272859694636367e+01
-1.977858116670891064e+01
-1.762217635107829850e+01
-1.615530665049073988e+01
-1.518718321570297114e+01
-1.312029626469104926e+01
-9.944887708968256135e+00
-6.308662394945877772e+00
-1.815470266402811284e+00
2.349202478303438202e+00
6.107884591168697419e+00
1.037722387517446165e+01
1.489280279356439429e+01
1.833485923013507701e+01
2.067051390897528051e+01
2.232937628311489675e+01
2.295424732448853078e+01
2.352232063461142175e+01
2.404955196750096391e+01
2.372611777169911207e+01
2.273566348517754321e+01
2.169635361052707268e+01
2.054994358202121418e+01
1.910616389783305635e+01
1.749419943116627962e+01
1.510585439156558252e+01
1.189611002764670644e+01
8.258928570454896700e+00
4.044385862587386526e+00
5.105221881472757905e-01
-2.190148894313631800e+00
-4.769670537746310224e+00
-6.868070921938596918e+00
-9.134934779797202253e+00
-1.162470114361408591e+01
-1.369480928784476959e+01
-1.547597057536089338e+01
-1.802905684308187162e+01
-2.135992883814464705e+01
-2.504171798095589452e+01
-2.933766569011675074e+01
-3.345842487639218632e+01
-3.735331458872107646e+01
-4.163257012445735228e+01
-4.612061031941742328e+01
-4.956169317454038747e+01
-5.189540691880214496e+01
-5.358470865598297195e+01
-5.428218838896911080e+01
-5.485494965034911985e+01
-5.532129483691736027e+01
-5.493355483039351839e+01
-5.385265519698749870e+01
-5.276226831709148257e+01
-5.161549145410336337e+01
-5.017469796625303502e+01
-4.858801207178111525e+01
-4.622736977926873436e+01
-4.304373590457809939e+01
-3.945742286577027613e+01
-3.531422156884963215e+01
-3.171388418533685538e+01
-2.879740027760355048e+01
-2.592477448553357888e+01
-2.341218791007464972e+01
-2.070747213611455706e+01
-1.776093631040858156e+01
-1.512764346074517441e+01
-1.269591783490306014e+01
-9.504488014689668418e+00
-5.544256620458583029e+00
-1.205844437821230297e+00
3.750729941951304269e+00
8.619051059407972559e+00
1.335403321455025960e+01
1.850632379773158576e+01
2.391961121410292179e+01
2.826835823559037308e+01
3.147948798010961013e+01
3.406322916525296307e+01
3.565110660853345337e+01
3.713709277819891952e+01
3.854292978166215278e+01
3.908864313055741491e+01
3.894036899367442572e+01
3.885392154456554437e+01
3.878388445176934596e+01
3.846095969687409166e+01
3.805135170847584192e+01
3.687633816614937388e+01
3.488315838575319106e+01
3.253224751145375393e+01
2.965801166866164706e+01
2.737859153830908809e+01
2.584146882141259383e+01
2.439001029455035763e+01
2.334702578471967982e+01
2.215942764486803540e+01
2.077683878601166967e+01
1.976118668273050361e+01
1.900115762869748082e+01
1.750720373990101919e+01
1.526941911135302021e+01
1.269288932641810952e+01
9.530739178871936446e+00
6.508304299035311047e+00
3.672709697297198872e+00
4.584845973558828724e-01
-2.973427665957113053e+00
-5.619125132647275755e+00
-7.440063323936423778e+00
-8.792557501530648523e+00
-9.402066268931411841e+00
-9.981463998873934429e+00
-1.054580517041874010e+01
-1.049170123880999839e+01
-9.953130760974080005e+00
-9.448459679274989753e+00
-8.938756517736127449e+00
-8.252586224023991335e+00
-7.501785546996233123e+00
-6.200780403323537193e+00
-4.313455370233487685e+00
-2.162933129765135742e+00
3.692979899904560437e-01
2.383310845497307096e+00
3.765015037573010037e+00
5.031538891163836347e+00
5.923851781103668834e+00
6.896569904301800058e+00
7.988681952984166834e+00
8.743655965794795648e+00
9.252448411115212323e+00
1.028973252994531329e+01
1.186075084542991220e+01
1.365031016966542055e+01
1.585061942366694510e+01
1.788814168692636741e+01
1.972522029593809023e+01
2.180579768232030347e+01
2.400192215192687684e+01
2.586111168628903556e+01
2.738671473257664601e+01
2.869963347254442354e+01
2.968130874787179607e+01
3.069816292598618546e+01
3.175438976421893855e+01
3.256114977026184931e+01
3.318851811623006398e+01
3.380175286786780475e+01
3.437693589587112086e+01
3.487695060055735752e+01
3.533395247799777650e+01
3.556388717024092472e+01
3.555462884726723161e+01
3.541918585392115659e+01
3.511208312091644501e+01
3.511331630135966719e+01
3.547752378758717384e+01
3.594210783639797313e+01
3.664386088257781182e+01
3.732759368089799779e+01
3.797384933771224524e+01
3.883120638164969307e+01
3.984880626193003650e+01
4.063909053471525112e+01
4.120205070877918274e+01
4.169211168378716792e+01
4.201402291235511655e+01
4.246096685471320598e+01
4.305214884067023462e+01
4.356361623255757820e+01
4.406119585837416253e+01
4.412330689154831731e+01
4.368211060644988208e+01
4.298185142705907680e+01
4.189365449376782635e+01
4.060521359163823263e+01
3.912779421674967750e+01
3.724834896425015529e+01
3.499813767358126881e+01
3.275978338456831551e+01
3.053120682922527251e+01
2.814140268830367120e+01
2.568043705859243175e+01
2.285863943281463406e+01
1.964945836002954138e+01
1.626657594691916131e+01
1.263966591377277737e+01
8.966541731069668231e+00
5.286222007980218685e+00
1.451106808512193425e+00
-2.479444712386168703e+00
-6.576542714540400070e+00
-1.085329386217802394e+01
-1.522221584786681348e+01
-1.969901176572150447e+01
-2.451838118205106909e+01
-2.968948158800700554e+01
-3.511068415781517160e+01
-4.084336173472767939e+01
-4.673104771927706480e+01
-5.276453016049420341e+01
-5.907435753526258537e+01
-6.562761094981172505e+01
-7.065117872916432873e+01
-7.398000295701429252e+01
-7.642191454959666430e+01
-7.746663721042008888e+01
-7.816371382385851518e+01
-7.854934208803314277e+01
-7.763375719923691065e+01
-7.560689706182448333e+01
-7.369598271677190837e+01
-7.185946473846763638e+01
-6.960809223848984573e+01
-6.722107049060993234e+01
-6.367903943871488082e+01
-5.889705347079890174e+01
-5.359343952968729496e+01
-4.752036176601122008e+01
-4.193144369499617596e+01
-3.701212601489287835e+01
-3.197887792853416755e+01
-2.719734846937336670e+01
-2.208890237571292658e+01
-1.659108698797152570e+01
-1.131588972858040520e+01
-6.145061026701969631e+00
1.209812206526219569e-01
7.504219680836018647e+00
1.550453422976782214e+01
2.442518890254785546e+01
3.340992827772952012e+01
4.240418795342697678e+01
5.208783545554170047e+01
6.227329961266394065e+01
7.003994006991300125e+01
7.516850589351577128e+01
7.889551075918076606e+01
8.039462926903318873e+01
8.150759622845578178e+01
8.228975116197376849e+01
8.107077953566104611e+01
7.818934453274502516e+01
7.550032163205736424e+01
7.292141583999288912e+01
6.974760306268369447e+01
6.639568639890381974e+01
6.127425895354836882e+01
5.425552057446108023e+01
4.644414539384422369e+01
3.745335918683782239e+01
2.952359006174251732e+01
2.296910087821055768e+01
1.643295419519573741e+01
1.056588881888144904e+01
4.298301171855991143e+00
-2.475251140299739028e+00
-8.644695489847832093e+00
-1.442624931019283707e+01
-2.188161828766035200e+01
-3.103954641581491813e+01
-4.104675338617950331e+01
-5.242054331421806523e+01
-6.366889956643943549e+01
-7.469505845233491925e+01
-8.667175733654809733e+01
-9.926945438685716283e+01
-1.089992126377018877e+02
-1.156387398514631855e+02
-1.205896209254669884e+02
-1.228747152682560255e+02
-1.247800798860897231e+02
-1.263669756115600364e+02
-1.256080690340293557e+02
-1.229264514459975857e+02
-1.204068848405647998e+02
-1.179389334483712872e+02
-1.147573637371692996e+02
-1.113251527395905214e+02
-1.058081393769828651e+02
-9.806167356384288780e+01
-8.934282577576651363e+01
-7.920487239998497841e+01
-7.046309553822186444e+01
-6.349874546909391881e+01
-5.663609477526381397e+01
-5.068989808270593755e+01
-4.428821550902856785e+01
-3.730161414852651802e+01
-3.113623820942513376e+01
-2.551533099403488691e+01
-1.790515369336420548e+01
-8.275861924279855231e+00
2.330571884810406225e+00
1.454795831646636195e+01
2.652962498465846508e+01
3.815582848793631854e+01
5.087161905029763886e+01
6.426817318951414393e+01
7.474947521239664638e+01
8.211238497113080825e+01
8.775208345300639223e+01
9.066798621354134013e+01
9.327307037977341508e+01
9.562737325192546223e+01
9.562018920597023453e+01
9.369988264431516711e+01
9.193079734664897273e+01
9.019134813685141694e+01
8.774272552991835994e+01
8.503969799995033441e+01
8.023485486254288901e+01
7.318440591173272480e+01
6.514388222479821877e+01
5.566279492566766152e+01
4.773894289136004687e+01
4.176982306041397663e+01
3.599005102702894732e+01
3.126548462097531456e+01
2.611779905276365810e+01
2.041133435617364711e+01
1.565067172060403600e+01
1.153811995366737975e+01
5.412006797910280831e+00
-2.755271838466151646e+00
-1.187315826724850254e+01
-2.260606284785657749e+01
-3.300526208032712105e+01
-4.294421769426641333e+01
-5.394332661047793920e+01
-6.557040378459160479e+01
-7.474323925331222540e+01
-8.131909571029700601e+01
-8.643567433209358342e+01
-8.924350647112264312e+01
-9.187880555782511749e+01
-9.438980234443121731e+01
-9.494257999502200107e+01
-9.393651349248142424e+01
-9.304011780124356790e+01
-9.214028553581552217e+01
-9.066401910214145232e+01
-8.897461270710689973e+01
-8.554077172509562388e+01
-8.024601270824450694e+01
-7.411868489618574074e+01
-6.678502634936232596e+01
-6.092532497231460553e+01
-5.688563384960009017e+01
-5.310965867697276366e+01
-5.036983197633023224e+01
-4.732512715597391662e+01
-4.385706560290371669e+01
-4.131928126726939610e+01
-3.944259172225390131e+01
-3.588935900861858386e+01
-3.064000595958477646e+01
-2.464815725878806418e+01
-1.733216516682538355e+01
-1.041427089494624525e+01
-4.006830098330093293e+00
3.228060984926184762e+00
1.090729634824475447e+01
1.739158237629885306e+01
2.266411478428453208e+01
2.722115808230275036e+01
3.062637874640193658e+01
3.414371572343033279e+01
3.779295876730563464e+01
4.055239721736829495e+01
4.266291269967346977e+01
4.482206588086229004e+01
4.695312038914754993e+01
4.886492096166453081e+01
5.070093699947523191e+01
5.174523234552141560e+01
5.194874602029491228e+01
5.176850482479190418e+01
5.102918106583629765e+01
5.136164106190524592e+01
5.295980395203770996e+01
5.491650268424895387e+01
5.769873656991974542e+01
6.045620342907606926e+01
6.312197185879568906e+01
6.653478555982169951e+01
7.052557653745843425e+01
7.374777778750905100e+01
7.619874634659775836e+01
7.842036349989419364e+01
8.008109229808651719e+01
8.219284079797154163e+01
8.482268344939895144e+01
8.719524264354603815e+01
8.953779010439376407e+01
9.182822013477115775e+01
9.397928737736008031e+01
9.616411395360155723e+01
9.835500934513152060e+01
1.003794684698273585e+02
1.022485305277315035e+02
1.040192576035987742e+02
1.056541171455677670e+02
1.074488484412865148e+02
1.094290134768535125e+02
1.114236654381139573e+02
1.135110853574100247e+02
1.155357959309168194e+02
1.174796249274601792e+02
1.194852690510568891e+02
1.215170050084187494e+02
1.232830224917185262e+02
1.247721349579528010e+02
1.260966447638957675e+02
1.271781665332052285e+02
1.282169588057738565e+02
1.292199413952893394e+02
1.300178202121962840e+02
1.306497300968406989e+02
1.312597560272888870e+02
1.318378402355870662e+02
