5.221899542330417532e+00
5.073098702724050391e+00
4.697321461581486446e+00
4.070989261680398208e+00
3.417933677885244492e+00
2.667513067907403723e+00
2.011336966829336603e+00
1.490591610681591961e+00
9.621977633117313466e-01
4.854599998486363033e-01
-9.759042842397008810e-04
-5.078747173650339786e-01
-9.513365366069816975e-01
-1.343361211763696383e+00
-1.910144551768036436e+00
-2.658754641519176509e+00
-3.487380483322384706e+00
-4.453626856239671028e+00
-5.404139006690785507e+00
-6.327728984359047182e+00
-7.348778665686605649e+00
-8.433307716077385052e+00
-9.066778061091696372e+00
-9.211251180992217513e+00
-9.083853583801818843e+00
-8.539284662792173464e+00
-7.902554437675885168e+00
-7.183456875633702055e+00
-6.087814920417297770e+00
-4.675492302181161186e+00
-3.269018190469502372e+00
-1.853597849117900820e+00
-3.072605361938166024e-01
1.297687197847168905e+00
3.239011745889922800e+00
5.538987274689244344e+00
8.005235469601355902e+00
1.070531099913834616e+01
1.245931884410134316e+01
1.313135651500586398e+01
1.332708215115029482e+01
1.270319654617219562e+01
1.189788664376782634e+01
1.094482529338948851e+01
9.213955454649797261e+00
6.822999052927768204e+00
4.697047340126356829e+00
2.823131642617477066e+00
8.209128287283234959e-01
-1.091033315116071600e+00
-3.638632274486309992e+00
-6.879314893570906086e+00
-1.028039985071366935e+01
-1.401355067422643863e+01
-1.640779221039244007e+01
-1.724213317347982155e+01
-1.742925182638708748e+01
-1.647584747338103384e+01
-1.522561675760564626e+01
-1.373011248830065512e+01
-1.111940624838345038e+01
-7.547520949729983109e+00
-4.425766185709782974e+00
-1.745406191841798238e+00
1.090106638971833242e+00
3.743868442828416132e+00
7.295765409303174742e+00
1.183267834666812313e+01
1.655113906703141069e+01
2.170566110116927305e+01
2.514007799302902413e+01
2.655604431457781089e+01
2.715496184030223148e+01
2.629673171023984324e+01
2.504355586322108351e+01
2.346325097365456358e+01
2.044247174015827184e+01
1.617405108239511691e+01
1.252702034660063646e+01
9.494304768664008520e+00
6.278528460774136732e+00
3.327155039073131704e+00
-7.787238763401295172e-01
-6.154132488771998588e+00
-1.173897616408753386e+01
-1.786749438267246859e+01
-2.220201840158152251e+01
-2.440024129115736784e+01
-2.580852579696540161e+01
-2.572933468999786655e+01
-2.527346447799860485e+01
-2.451964819940540607e+01
-2.227847787409888980e+01
-1.875218318676876450e+01
-1.604436858886428396e+01
-1.415661222363731930e+01
-1.218397246144833623e+01
-1.063406129146509471e+01
-7.932078609430293525e+00
-3.951459164419367287e+00
1.197465388141499831e-01
4.650187033796260749e+00
7.977637707334266359e+00
9.813549856862616494e+00
1.121200497127000695e+01
1.166724489260307074e+01
1.187187225623361719e+01
1.189137188845541360e+01
1.091946318109416580e+01
9.081675810934767057e+00
8.045252358093417655e+00
7.830059058963466434e+00
7.698978289902886019e+00
8.061296266753757322e+00
7.713600691269452803e+00
6.559430780695323371e+00
5.528125116717031773e+00
4.341313858478957677e+00
3.273203992727105494e+00
2.449717623478882000e+00
1.537766524591800410e+00
6.390575380124026150e-01
-1.946414899524006037e-01
-9.877124931675396180e-01
-1.671628407833784413e+00
-2.234029868586555612e+00
-3.240094852393212044e+00
-4.722832610399023245e+00
-6.398921418150365525e+00
-8.416121770638991251e+00
-1.043071225641540778e+01
-1.241356578222691986e+01
-1.466019469613607029e+01
-1.709470659651779201e+01
-1.860569798962083610e+01
-1.911710746344353851e+01
-1.909792676397159283e+01
-1.823754816917152155e+01
-1.724533937958210927e+01
-1.614533061244351941e+01
-1.430346134018252258e+01
-1.185302866478603612e+01
-9.474380371118488853e+00
-7.136671530910255967e+00
-4.589350386155909511e+00
-1.986164807463130177e+00
1.259122432623773324e+00
5.190923750353667820e+00
9.400879012788141864e+00
1.402979011983902069e+01
1.750098095372843332e+01
1.961986767902978457e+01
2.123488888240056482e+01
2.188624606604399148e+01
2.239464896390309789e+01
2.281157210818911452e+01
2.231194345210299090e+01
2.104944626065853086e+01
2.031705960121090015e+01
2.010626323275511140e+01
1.988171347973578662e+01
1.995350174161721668e+01
1.932887548793464916e+01
1.793182270159130809e+01
1.650314871207018896e+01
1.481131696774011175e+01
1.331706596525888919e+01
1.214024102283469198e+01
1.089131578921077903e+01
9.717242396475930022e+00
8.516588811495358513e+00
7.258885175480243923e+00
6.126790707844729233e+00
5.100013073992315960e+00
3.558124540683678116e+00
1.475567471961686250e+00
-8.608532042244567695e-01
-3.611302095751556251e+00
-6.370365192096450357e+00
-9.108319130043959433e+00
-1.216177239888376072e+01
-1.544197390283524918e+01
-1.803203052690691166e+01
-1.988007807894240031e+01
-2.135519175496132505e+01
-2.220429420217467253e+01
-2.303679266070550469e+01
-2.387230269352449596e+01
-2.417957099885938987e+01
-2.407454291492740595e+01
-2.408977559610329422e+01
-2.419797407921008059e+01
-2.421149021062493034e+01
-2.425028303392613438e+01
-2.384636432886076562e+01
-2.296604491277064852e+01
-2.193338640208108359e+01
-2.063666813691204638e+01
-1.925947999325487103e+01
-1.784642704852855388e+01
-1.622352597261649976e+01
-1.444470917299089940e+01
-1.247048342107872010e+01
-1.028075160162215695e+01
-7.939370587007278601e+00
-5.432844959474954827e+00
-2.503643777895659728e+00
8.654354639433357033e-01
4.564198777850084987e+00
8.664033742317469589e+00
1.300918240788004354e+01
1.759418302654559341e+01
2.256097176311366326e+01
2.788060036184016255e+01
3.167084387906668397e+01
3.376104723071080116e+01
3.501686773776718553e+01
3.490033970028119370e+01
3.453278037655987021e+01
3.395795957877822246e+01
3.212806838607121307e+01
2.925026465718608293e+01
2.663461215003532345e+01
2.424196294794014861e+01
2.155724388054990470e+01
1.888242096177551943e+01
1.513862287381089544e+01
1.024062086265940152e+01
4.957331144018486846e+00
-9.696963117118455600e-01
-5.342508941075720941e+00
-7.870329293502745571e+00
-9.783120655266053234e+00
-1.043649055039516504e+01
-1.093255035156093236e+01
-1.134914223600602945e+01
-1.055479612514458765e+01
-8.757203689016112236e+00
-7.843118272168073446e+00
-7.811136604212274293e+00
-7.871869150119406022e+00
-8.482494910055422110e+00
-8.219762809633015976e+00
-6.976245590965869603e+00
-5.827325632054443538e+00
-4.443897591550982185e+00
-3.630086990011425652e+00
-3.577920315167891552e+00
-3.667234845295958223e+00
-4.154323003208222786e+00
-4.819844713073481834e+00
-5.622126577113006007e+00
-6.904707197282785813e+00
-8.629392742761396562e+00
-9.803487307812751794e+00
-1.039755450726842945e+01
-1.087248212548838922e+01
-1.097847964293182521e+01
-1.138843711260077818e+01
-1.215718579588746096e+01
-1.274462946435439115e+01
-1.330386098484156321e+01
-1.341300943486707631e+01
-1.296686301436646893e+01
-1.227156686280405573e+01
-1.118723536248317885e+01
-9.828921295472017761e+00
-8.209791872658449563e+00
-6.139905840220341027e+00
-3.633086598769404318e+00
-1.204943674628705885e+00
1.136284085020734969e+00
3.640040509521074164e+00
6.181916591085333756e+00
9.124861610398145473e+00
1.250492865221685257e+01
1.604411424350945126e+01
1.983053523679882701e+01
2.236227242123985803e+01
2.345859998539225444e+01
2.388968715510855745e+01
2.321414613499256419e+01
2.223583037904982618e+01
2.099364409516764951e+01
1.868298495387639591e+01
1.544858866704383615e+01
1.249170199375834933e+01
9.794427804594983300e+00
6.854621885731829956e+00
3.954280859548385152e+00
1.496219873456671179e-01
-4.637460664617829131e+00
-9.718173133966153898e+00
-1.531814461572436059e+01
-1.918328127020298624e+01
-2.102047364329244772e+01
-2.205842363453521315e+01
-2.163400830551073994e+01
-2.089589170132720497e+01
-1.991556374622967240e+01
-1.751782740242456882e+01
-1.391445794164867955e+01
-1.100484815283622453e+01
-8.778656863666011390e+00
-6.437916355025546267e+00
-4.437561267707375023e+00
-1.325861977412311710e+00
3.011639490012119058e+00
7.491683264613220317e+00
1.245467187413763099e+01
1.585970152322846261e+01
1.739199737907892640e+01
1.826288227232262429e+01
1.786021751681423098e+01
1.711752449329770442e+01
1.610735064214149048e+01
1.380669751450111526e+01
1.038555665512495629e+01
7.737819098684215469e+00
5.871522915590523084e+00
3.965199353759665701e+00
2.478379753038140176e+00
9.370227512756512667e-03
-3.554267420926240373e+00
-7.147284459365004672e+00
-1.109652713007993796e+01
-1.380774724706383338e+01
-1.500937676100444484e+01
-1.569066635932304976e+01
-1.536602986265683768e+01
-1.471340150865057872e+01
-1.379084183626381765e+01
-1.181599573655552682e+01
-8.909431231474766122e+00
-6.638942002573267942e+00
-5.017703285623067444e+00
-3.351394933203947435e+00
-2.021745203675890945e+00
1.144926235139247517e-01
3.151596629032729968e+00
6.215011004755148782e+00
9.571876655571889714e+00
1.187553478062073786e+01
1.289854904629751431e+01
1.346975448664541908e+01
1.317898353742034701e+01
1.260511911848858269e+01
1.179603569671555441e+01
1.008738629231882200e+01
7.581738274749121764e+00
5.597743774511115156e+00
4.145327655514225107e+00
2.640760910379538640e+00
1.404530418599190922e+00
-5.277525353225580584e-01
-3.235986554653754066e+00
-5.984118054674477882e+00
-8.997948418226954459e+00
-1.106549116017823842e+01
-1.198781570125896678e+01
-1.250043734842974708e+01
-1.223574644090581209e+01
-1.172674334705670951e+01
-1.101596506301080325e+01
-9.501256373870674565e+00
-7.277618813645355900e+00
-5.512202503379469931e+00
-4.212236842969814710e+00
-2.863913496196059505e+00
-1.750499056503550310e+00
-1.438350889148004574e-02
2.415063597272680163e+00
4.884820108522866633e+00
7.595683594413003448e+00
9.502930829754248521e+00
1.043347092145417498e+01
1.102605823334770463e+01
1.096366712932927356e+01
1.070176305634957536e+01
1.027777636523735794e+01
9.174707514840552136e+00
7.473970820670561288e+00
6.188531212735102649e+00
5.325669650807943967e+00
4.439154705129494616e+00
3.775327905857034150e+00
2.592152114087106884e+00
8.288069902082673135e-01
-9.483063170061342140e-01
-2.912559530168571165e+00
-4.294194140436335516e+00
-4.956646236510127146e+00
-5.389210679176089869e+00
-5.356241035127369265e+00
-5.174087924116204107e+00
-4.871997309231528739e+00
-4.076616651337754860e+00
-2.844167227947131060e+00
-1.954697091856178348e+00
-1.417094624087531729e+00
-8.839095826452216809e-01
-5.460210530186668798e-01
1.600347384649241922e-01
1.280524048883811661e+00
2.381576541340194364e+00
3.594324264023868398e+00
4.313643032723208037e+00
4.432360919283493850e+00
4.330551445078000938e+00
3.822364739875953710e+00
3.157957626666600515e+00
2.358852997889897551e+00
1.129569633495744130e+00
-4.863527982839586650e-01
-1.880671131884626535e+00
-3.047907881454073653e+00
-4.260180040204716079e+00
-5.369614781456996333e+00
-6.818455205849027756e+00
-8.644026222733007359e+00
-1.050820968003227485e+01
-1.251484134810923976e+01
-1.376151637785797277e+01
-1.412136506218108067e+01
-1.409406186720758569e+01
-1.341012048277280932e+01
-1.251259193656953883e+01
-1.142782351267291219e+01
-9.687929384024208446e+00
-7.371759821400535984e+00
-5.264526084071342815e+00
-3.361881886853493651e+00
-1.325949522948605130e+00
6.564643425126811538e-01
3.183972770003080210e+00
6.306704066580199886e+00
9.580131228669911181e+00
1.314654703464885444e+01
1.565799643877329572e+01
1.693439811170736675e+01
1.771497604380948232e+01
1.760124006565385102e+01
1.727161266087421154e+01
1.676789539379791094e+01
1.538879740691323939e+01
1.325810124949581947e+01
1.152511071794587139e+01
1.018376830725299165e+01
8.747365104286181747e+00
7.490692960034118997e+00
5.536547754812269240e+00
2.814445332169589697e+00
-2.177420239689925596e-02
-3.178631387623268356e+00
-5.455111808996978340e+00
-6.665064929460993604e+00
-7.526678641859806618e+00
-7.680041956820100602e+00
-7.672387417774169549e+00
-7.547831229892888238e+00
-6.706298871905086223e+00
-5.248256337274872507e+00
-4.297507692826463277e+00
-3.860593994326399159e+00
-3.450784379929858758e+00
-3.341822574413112257e+00
-2.705503417316641901e+00
-1.476361880161975337e+00
-2.864919766590691141e-01
1.056295084752789215e+00
1.891287831823662557e+00
2.085650062418175743e+00
2.090806423249975232e+00
1.700817433979808779e+00
1.153077169612711561e+00
4.751872973996501548e-01
-6.400507970599145224e-01
-2.151343688316090130e+00
-3.335223343541022789e+00
-4.178642980060281786e+00
-5.010646152983147417e+00
-5.652658175103934646e+00
-6.615163076997596647e+00
-7.940632739917033334e+00
-9.230626960721620478e+00
-1.060345331822721171e+01
-1.139952664294333751e+01
-1.150852699136621915e+01
-1.132562681929683990e+01
-1.064885593973925815e+01
-9.766323841722233112e+00
-8.698359990761010963e+00
-7.114896335041825282e+00
-5.065144940385380323e+00
-3.182491358413336968e+00
-1.468471526306767361e+00
3.593949000222465551e-01
2.149230514503548406e+00
4.370804858727743714e+00
7.065082907332501883e+00
9.878706398332044003e+00
1.292356190069864752e+01
1.509018950355162758e+01
1.623088765494699715e+01
1.694982812589001853e+01
1.691864222443836141e+01
1.669845062289246940e+01
1.632254895532801697e+01
1.521151043596170105e+01
1.346710487056323657e+01
1.203274168605560668e+01
1.090243606084411709e+01
9.676137425181728702e+00
8.578784520890854637e+00
6.888094511734081493e+00
4.545428058729966025e+00
2.087556030281999764e+00
-6.561380858970775609e-01
-2.597989788743912065e+00
-3.575359187107801429e+00
-4.226742172246168217e+00
-4.227603584540761794e+00
-4.086397473584002071e+00
-3.842133641604298600e+00
-2.946400302932845605e+00
-1.492809617218101570e+00
-4.782922597123021591e-01
9.331028212940641053e-02
6.509429942523170531e-01
9.523869532015063477e-01
1.737274177332805758e+00
3.063834000808328017e+00
4.369705419162170479e+00
5.826712714945525562e+00
6.445807301492841646e+00
6.067985883062958052e+00
5.283358621477374228e+00
3.792224552146727046e+00
2.035734968550463098e+00
4.671955523731455284e-02
-2.669575590676354082e+00
-6.035291842385589689e+00
-9.119374617168713115e+00
-1.191896852755022529e+01
-1.484381030758153308e+01
-1.766948472316651220e+01
-2.108612601582074575e+01
-2.515167559475521841e+01
-2.934469382968919859e+01
-3.382797607915510696e+01
-3.646393143153847660e+01
-3.698166076539976643e+01
-3.650350207338401987e+01
-3.439786764553867471e+01
-3.177631659460481472e+01
-2.869566671885678844e+01
-2.402323490062085298e+01
-1.795783838935032151e+01
-1.224537765967074598e+01
-6.863582204768308159e+00
-1.074680310435801367e+00
4.710687813986627503e+00
1.185360921378241983e+01
2.046812406123824601e+01
2.955761819047088323e+01
3.944776537785873671e+01
4.626785378189169506e+01
4.953066871720570674e+01
5.129808240321211343e+01
5.043278683900483372e+01
4.894562435052268512e+01
4.695135835334234997e+01
4.241188036903908909e+01
3.569505665270843053e+01
2.998815537238388274e+01
2.526216287810042616e+01
2.018205318059320774e+01
1.550556364811833276e+01
8.770452287032549421e+00
-2.206842618524978983e-01
-9.645927708388644106e+00
-2.008671354070743931e+01
-2.747568681529128654e+01
-3.122340401571299040e+01
-3.367495497457387899e+01
-3.362043960286226962e+01
-3.300062506054602807e+01
-3.195646684599197584e+01
-2.842050652427751700e+01
-2.274951569866648526e+01
-1.859258830208101898e+01
-1.595488471630405058e+01
-1.327364495699731961e+01
-1.143179647588158510e+01
-7.701454327238559827e+00
-1.866911166229581864e+00
4.008607437056915579e+00
1.056095485580511628e+01
1.506963254732994173e+01
1.704796571953369977e+01
1.824310560833769657e+01
1.782283136261303014e+01
1.689009428078513153e+01
1.555187996911950599e+01
1.249818427915846542e+01
7.926539235893687696e+00
4.605312424746270672e+00
2.569271818196264157e+00
5.857558602986254748e-01
-6.660204258604076610e-01
-3.178117849578932841e+00
-7.112655919776644353e+00
-1.093071549662348296e+01
-1.509435356130619432e+01
-1.793991007921417591e+01
-1.913509675397299503e+01
-1.979854543923209675e+01
-1.941008993328534515e+01
-1.857809692481473718e+01
-1.736727287604529479e+01
-1.499517181028370238e+01
-1.156502202459551221e+01
-8.884596648123114448e+00
-6.982163144168568536e+00
-5.032694047132530102e+00
-3.479644418976207909e+00
-1.038216547248957067e+00
2.401232803717030517e+00
5.843141077244190740e+00
9.587855969555937108e+00
1.241863964701370904e+01
1.410710357803548121e+01
1.544509938592593556e+01
1.605611061477442192e+01
1.641784182406150805e+01
1.657651902312292336e+01
1.594808256240073518e+01
1.461556733847632294e+01
1.385904942420659225e+01
1.369580664904201761e+01
1.354883529685971055e+01
1.373177996788740352e+01
1.332686465767510064e+01
1.225731256580135131e+01
1.123190751730657411e+01
1.003659277405682460e+01
8.923914003207098489e+00
7.993231488458689249e+00
6.967619110831309470e+00
5.936292788241708251e+00
4.910972644837416468e+00
3.870575436941380065e+00
2.891027130406459644e+00
1.975512623710028448e+00
6.553474004371062644e-01
-1.095549202193137894e+00
-3.047761582299581828e+00
-5.323980161907536868e+00
-7.634817986220715724e+00
-9.957257042374124012e+00
-1.253910419439177737e+01
-1.531714123615297574e+01
-1.723413375726121188e+01
-1.821371295978151394e+01
-1.870844579901119786e+01
-1.842164880820231687e+01
-1.802094277259508104e+01
-1.752937713872466574e+01
-1.634591600148584334e+01
-1.459561704886768219e+01
-1.294169329149923264e+01
-1.135606295023895917e+01
-9.591242484472878971e+00
-7.797682143803127630e+00
-5.408747498125253017e+00
-2.381151596737061560e+00
8.887204356138993511e-01
4.536909705037452056e+00
7.129276221201697794e+00
8.486502404046516901e+00
9.386448293912154739e+00
9.410553432841208377e+00
9.300170576196389760e+00
9.103013688361864197e+00
8.071062621422171901e+00
6.343405568445966480e+00
5.106575336706383084e+00
4.354229174999087348e+00
3.594251716097856431e+00
3.111871195214861441e+00
1.999418636730532661e+00
1.876954007525566404e-01
-1.644132552545090498e+00
-3.707318251640929763e+00
-5.048891353116793823e+00
-5.503762960794971626e+00
-5.675784467139020961e+00
-5.275140661910064921e+00
-4.697551680821330677e+00
-3.980386795782158593e+00
-2.662189953522374530e+00
-8.145368639002218414e-01
6.143308588821243532e-01
1.613815387426296821e+00
2.603326721785582443e+00
3.350493548630410157e+00
4.540849762457508376e+00
6.229685113186003598e+00
7.888550539000644513e+00
9.676350117629244352e+00
1.075299431062786759e+01
1.097682864256431756e+01
1.085782080128777238e+01
1.013913899602302671e+01
9.183347570204567489e+00
8.017936054970869364e+00
6.225748604643658091e+00
3.869495307845464360e+00
1.761760893966927588e+00
-9.389436117308097574e-02
-2.059208547332761707e+00
-3.938379358325212465e+00
-6.330627804510256418e+00
-9.287349011955157607e+00
-1.235534817237930127e+01
-1.567650525551537299e+01
-1.770635846971253358e+01
-1.824198922974104420e+01
-1.811301815277539617e+01
-1.686204949116903506e+01
-1.527674445512178991e+01
-1.340087994057295262e+01
-1.042337076654875005e+01
-6.485782305993036623e+00
-2.883046119453478440e+00
3.964957775669815110e-01
3.902390327937871550e+00
7.327806944361567432e+00
1.167138217502859376e+01
1.701572513344899207e+01
2.262357856143888668e+01
2.873240861049822215e+01
3.274870810334968496e+01
3.433778405533299605e+01
3.489451353815824319e+01
3.365442096018068696e+01
3.194781822323406217e+01
2.985182618881481176e+01
2.600635037549417916e+01
2.065367855488816318e+01
1.595507828398672601e+01
1.189291759258506254e+01
7.556708732776738380e+00
3.460567415611865538e+00
-2.059486912688025750e+00
-9.137930351209519131e+00
-1.654198249781423158e+01
-2.466493652979358586e+01
-3.049064212481989244e+01
-3.359305128071864033e+01
-3.568236872033523355e+01
-3.586299036526222750e+01
-3.559968234675009313e+01
-3.499293950733976999e+01
-3.249752072584335849e+01
-2.838170145158847291e+01
-2.530579458612262655e+01
-2.326745524945290100e+01
-2.113094336562912545e+01
-1.953720297113978432e+01
-1.648341486559422719e+01
-1.181002705682402620e+01
-7.024026016634532965e+00
-1.656751495574205757e+00
2.365892032394964151e+00
4.697235648367529492e+00
6.590016934233393187e+00
7.456354089550567110e+00
8.070218639782716252e+00
8.511729280843717049e+00
7.859972549189842006e+00
6.256090405605081450e+00
5.681751471539306486e+00
6.166582177615264726e+00
6.830941640918958946e+00
8.164001207035987306e+00
8.749313467691916202e+00
8.474488383344079168e+00
8.441330724256484785e+00
8.324006088347806198e+00
8.321907686528536630e+00
8.573870949402566666e+00
8.748897672225206534e+00
8.933088469153474875e+00
9.263058171783546513e+00
9.715438283530657415e+00
1.030401145723996592e+01
1.105918179925674494e+01
1.140441167324679661e+01
1.130049199413324423e+01
1.104913062873279905e+01
1.049856462612396513e+01
9.984524349254456865e+00
9.537908077101651116e+00
8.863798085829062146e+00
8.036730664355445697e+00
7.241211654620116178e+00
6.457370487125166036e+00
5.648317057154018883e+00
4.854147375816271648e+00
3.896514744264411245e+00
2.768659341192408530e+00
1.590763157283839657e+00
3.231175356551836964e-01
-1.046368555107523912e+00
-2.508158427565936766e+00
-4.086263374269072379e+00
-5.782936809016909763e+00
-7.562417711508242490e+00
-9.428612475242490021e+00
-1.140239425902973913e+01
-1.347820378459815771e+01
-1.494204974425121257e+01
-1.572330884202093237e+01
-1.615302393009891091e+01
-1.602429255457237289e+01
-1.575453042868089426e+01
-1.535838626234518323e+01
-1.443814444398047137e+01
-1.306888800844729737e+01
-1.176692382296499595e+01
-1.051723942569956272e+01
-9.111014304667833130e+00
-7.666591615233446788e+00
-5.760564457963538665e+00
-3.357532042350534596e+00
-7.581987509823073790e-01
2.140095231456297320e+00
4.211854984387242595e+00
5.316991983664936861e+00
6.063006013057314014e+00
6.121286871637884097e+00
6.077093641677051572e+00
5.967353310265352206e+00
5.202971251064210101e+00
3.893558622754067056e+00
2.971707488680527920e+00
2.432244699194055393e+00
1.888437131466884189e+00
1.564381120857081475e+00
7.459276716508089766e-01
-6.214297627060778595e-01
-2.003661071799728965e+00
-3.567063103877750052e+00
-4.380971509935491781e+00
-4.297022329952024045e+00
-3.875016887436353752e+00
-2.834338710236113279e+00
-1.590043719065756811e+00
-1.751407237352992641e-01
1.873435561986325437e+00
4.480910601331331122e+00
6.771532258363381018e+00
8.740992109322975878e+00
1.077221210281863328e+01
1.265285542976760702e+01
1.502892971896711316e+01
1.795312838547248191e+01
2.093437133757168667e+01
2.412375348672726361e+01
2.604487249990786069e+01
2.649649481789194994e+01
2.628185968693333763e+01
2.496134750192237917e+01
2.327243523098449884e+01
2.125654387729207428e+01
1.814292256149089866e+01
1.406267389173916627e+01
1.027175199469173350e+01
6.759734517547020261e+00
2.988586438982276938e+00
-7.443956283033621446e-01
-5.404521546682929944e+00
-1.107311896093312065e+01
-1.703753040763350057e+01
-2.352810584975022934e+01
-2.819220783229641114e+01
-3.072272493858012510e+01
-3.239705234910147169e+01
-3.252164588669182166e+01
-3.229547975147551853e+01
-3.179089796914223243e+01
-2.977872428055441034e+01
-2.647838938183052093e+01
-2.387142286327688723e+01
-2.194518956478837524e+01
-1.986463993297159192e+01
-1.810299424486219166e+01
-1.514218345340878891e+01
-1.086083436168123839e+01
-6.388427095808697942e+00
-1.367589982040692709e+00
2.431386046322895567e+00
4.718601240909895189e+00
6.593043498570677841e+00
7.521949615990770610e+00
8.276539581639960730e+00
8.927533226895594254e+00
8.607167109038822872e+00
7.458456523955798723e+00
7.203599476709804605e+00
7.861071872488951229e+00
8.680351742566283946e+00
1.008478489752984508e+01
1.082452088994782535e+01
1.080251060978440236e+01
1.098368597343800523e+01
1.108061518086322472e+01
1.107396646575310051e+01
1.106424446537728734e+01
1.085011697343084691e+01
1.044953267299633737e+01
1.009296987289896741e+01
9.762490911100897506e+00
9.361346782165119507e+00
8.934877597876408117e+00
8.120512694422910016e+00
6.878805086641672339e+00
5.413979175389571630e+00
3.624857379582858030e+00
1.687147414735963524e+00
-3.832513117535930602e-01
-2.762518768409016889e+00
-5.415048260374627276e+00
-7.256006238100624728e+00
-8.202150087088798003e+00
-8.741701178431387831e+00
-8.571247718814904104e+00
-8.360932901757564650e+00
-8.139921684425935666e+00
-7.302049476848688769e+00
-5.975732566964558679e+00
-4.870562517031155281e+00
-3.963988391916479337e+00
-2.991101187132189754e+00
-2.116886545185948876e+00
-7.515134330520223394e-01
1.147040272807435812e+00
3.156388044760935596e+00
5.415016732311168646e+00
6.910773725746733653e+00
7.501814423725948977e+00
7.767662815757405248e+00
7.409294812790915508e+00
6.915633387415395461e+00
6.322628866387251634e+00
5.115690498674439368e+00
3.385857219729162093e+00
2.020047555870134737e+00
1.018665712895458597e+00
5.429571023346235759e-03
-8.049843520179928991e-01
-2.077682560350172736e+00
-3.864305490779900154e+00
-5.661975918865740809e+00
-7.625228015814023763e+00
-8.857861358164321075e+00
-9.216964644212508162e+00
-9.236658007182533936e+00
-8.645925563744155440e+00
-7.846145440824981776e+00
-6.867435307523544807e+00
-5.261482085360190908e+00
-3.099531651426879364e+00
-1.221510910429170593e+00
3.699632943328258761e-01
2.043560301559896430e+00
3.596660754749359867e+00
5.651903974764810989e+00
8.261196825791213172e+00
1.095377582434678487e+01
1.387626519619612075e+01
1.562149971898974599e+01
1.599849014325947749e+01
1.577572251189472752e+01
1.453507434742161131e+01
1.298061559471014625e+01
1.115330392654237635e+01
8.319547478788452466e+00
4.605619774207090344e+00
1.212310377047188137e+00
-1.868824883229653455e+00
-5.150412218490570737e+00
-8.347120213102133590e+00
-1.237908307717577472e+01
-1.732257845502409310e+01
-2.249576892176115095e+01
-2.811716460448484511e+01
-3.173362096612080663e+01
-3.302934857445357864e+01
-3.331860428067639646e+01
-3.187792824211979692e+01
-2.996824473881172324e+01
-2.766116170750084891e+01
-2.366799322727513655e+01
-1.821764022003413075e+01
-1.334798199522948714e+01
-9.040844403820823771e+00
-4.437144470536235730e+00
-2.072460310582618925e-02
5.780628441290275532e+00
1.309480467801040504e+01
2.075931558219788897e+01
2.914656355616030226e+01
3.495484046171542758e+01
3.773622116922251735e+01
3.931920064653768776e+01
3.872674618166626459e+01
3.760331208409851911e+01
3.605364924673419580e+01
3.236821039982452675e+01
2.684748519747463646e+01
2.233006473087936428e+01
1.880439660192865858e+01
1.506586820156767459e+01
1.179461392565428746e+01
6.832359948903999225e+00
6.146150236291780811e-03
-7.071089259575116692e+00
-1.490658672047119637e+01
-2.044012808607274678e+01
-2.320116376769757949e+01
-2.500422757201118529e+01
-2.493194363107564016e+01
-2.438835125364738232e+01
-2.348251920473899190e+01
-2.067909974775653126e+01
-1.623422698779548057e+01
-1.298850282527343936e+01
-1.095438701069472742e+01
-8.901020505567750263e+00
-7.518055187802799466e+00
-4.703433441992891595e+00
-2.891459571560750508e-01
4.126491471367343067e+00
9.033181092636537457e+00
1.241050454069853792e+01
1.388881504713694959e+01
1.477777440368249806e+01
1.445668961297166355e+01
1.372934764162181942e+01
1.267514648546395861e+01
1.032552623255653756e+01
6.823174417709206629e+00
4.252721231037440042e+00
2.641863383265757648e+00
1.057773425185103422e+00
1.202360513709122003e-02
-1.991320432584329669e+00
-5.075074585038778174e+00
-8.082569756531611915e+00
-1.136122365249468302e+01
-1.359297084851942827e+01
-1.452121622040379378e+01
-1.501868008352903239e+01
-1.467480174581621100e+01
-1.398621897504888167e+01
-1.300309525523007004e+01
-1.109978983627297389e+01
-8.361052466357200785e+00
-6.196141680965052245e+00
-4.625118124405438458e+00
-3.007450851079311427e+00
-1.688177619131836282e+00
3.392256923804722324e-01
3.160472641222864087e+00
5.997905245241049066e+00
9.087058503965069534e+00
1.123238053010083881e+01
1.223077144413584705e+01
1.281640789808013281e+01
1.262422607337552627e+01
1.216811026268055862e+01
1.148951419771700166e+01
9.997153125194458312e+00
7.781280219518226460e+00
6.017467124273882639e+00
4.714103826687772170e+00
3.349355791971009744e+00
2.208471181092062086e+00
4.307602154957458906e-01
-2.055794258051506063e+00
-4.595381367972279030e+00
-7.390075965624245846e+00
-9.411365254851274287e+00
-1.048783627848500899e+01
-1.125199047759236315e+01
-1.139172517265638973e+01
-1.135352877311718345e+01
-1.117503710266070271e+01
-1.034849496616934061e+01
-8.954091685270020307e+00
-7.996537836041962777e+00
-7.484170758269120149e+00
-6.974556780313414528e+00
-6.712657190045265843e+00
-5.964739454385712847e+00
-4.671165600333165635e+00
-3.393612135865796020e+00
-1.961163272640883415e+00
-6.456293505423462697e-01
4.675515488653846918e-01
1.632574878592275347e+00
2.758432546202158608e+00
3.876700764773937546e+00
5.006156317193497074e+00
6.048003223122842442e+00
7.007459464989739040e+00
8.304505871631805647e+00
9.958475881952805864e+00
1.176865652049320055e+01
1.384355813111537437e+01
1.591426989208975762e+01
1.795954153470648862e+01
2.020421122488320265e+01
2.258880084833481661e+01
2.390961891897814695e+01
2.407098788098477726e+01
2.359529862965227665e+01
2.214109871162386867e+01
2.045270587895294767e+01
1.855424473141300012e+01
1.576398365654738498e+01
1.221875958770548820e+01
8.695138872735681090e+00
5.160820764143058348e+00
1.317641205100554824e+00
-2.659208246856259894e+00
-7.430102725220842252e+00
-1.304828915681799550e+01
-1.905326339727918494e+01
-2.560532542471828066e+01
-3.013521973012456456e+01
-3.234308291979380101e+01
-3.355784685112507759e+01
-3.303137120916181857e+01
-3.214462504013681610e+01
-3.097234897339848914e+01
-2.814664521360403882e+01
-2.392261348087732742e+01
-2.033193968140895436e+01
-1.734866073217909843e+01
-1.413592255145344012e+01
-1.117487975357231988e+01
-6.877012947306144319e+00
-1.117102910521006631e+00
4.936139231471287303e+00
1.165765349054189670e+01
1.650220916079738132e+01
1.909932397988317021e+01
2.092543472529781567e+01
2.122392578925277107e+01
2.120326294051052685e+01
2.095375843475705935e+01
1.918599385668522217e+01
1.612321028963116731e+01
1.405705381527675790e+01
1.299289764628040622e+01
1.194998711546421788e+01
1.148405159299867861e+01
9.886646400386760902e+00
7.023784148242587122e+00
4.190906283411857558e+00
9.908797269946395536e-01
-1.414666702916151486e+00
-2.775150023878414807e+00
-3.929457783787067449e+00
-4.513179967912661184e+00
-4.904211766872687228e+00
-5.157594070133009190e+00
-4.752177953557498391e+00
-3.755038095271466148e+00
-3.509946077279628263e+00
-4.049700119128284648e+00
-4.759808253672677125e+00
-5.976055565287274440e+00
-6.769643719643469559e+00
-7.065478478509921167e+00
-7.600375446885326625e+00
-8.162046965879829585e+00
-8.329029363698980504e+00
-8.140262017686101359e+00
-7.640118905261825688e+00
-6.727290874116160779e+00
-5.813335256114227967e+00
-4.897082871853974950e+00
-3.684171296250235095e+00
-2.254513044172735015e+00
-6.193184329163918811e-01
1.257373648069464167e+00
3.331239283710286436e+00
5.611402837956852352e+00
8.194839544899744865e+00
1.108594605585023096e+01
1.425029559673019719e+01
1.771449623049730349e+01
1.972821461020127387e+01
2.011699921025849491e+01
1.972528326833048951e+01
1.805033346387520155e+01
1.609431404074093308e+01
1.390269141301355837e+01
1.051982940385719090e+01
6.131511196342755987e+00
2.004699013265772933e+00
-1.890428049695493051e+00
-6.059909219541437686e+00
-1.020861246806100375e+01
-1.535974869697635192e+01
-2.159374990681216033e+01
-2.817249608329701260e+01
-3.533955992066748308e+01
-3.998713105725089179e+01
-4.173071892652264125e+01
-4.221202102366608955e+01
-4.051946391716028728e+01
-3.827880828878446806e+01
-3.558069177999406207e+01
-3.078456382094961441e+01
-2.418772991533650440e+01
-1.831451350970954550e+01
-1.313791875240390006e+01
-7.603641904549782282e+00
-2.310108429473578529e+00
4.701580066713836104e+00
1.358897636776185536e+01
2.290727214771624176e+01
3.312001326199096951e+01
4.029412446865255504e+01
4.389078251717734247e+01
4.610340486481626954e+01
4.576762410319500418e+01
4.482917617504632801e+01
4.341524553814618770e+01
3.949612869017303041e+01
3.342811874828953478e+01
2.861387985058696160e+01
2.504289977596156547e+01
2.126978225759075158e+01
1.811139297923410751e+01
1.298827027709553938e+01
5.694534244295910597e+00
-1.837732795081037152e+00
-1.021364924368179139e+01
-1.630301012434909325e+01
-1.959580427962016103e+01
-2.201221469006116038e+01
-2.260808849220428840e+01
-2.275684087384104615e+01
-2.257696084159413985e+01
-2.052434449998956723e+01
-1.684976832361158827e+01
-1.456972939044423931e+01
-1.370971213751921347e+01
-1.295106631583643697e+01
-1.303096929051952735e+01
-1.174633709066598186e+01
-8.921819997619028442e+00
-6.247247000183192789e+00
-3.211973460283024107e+00
-9.472177666714866051e-01
2.554907848802572268e-01
1.302600774413528395e+00
1.827062139921738826e+00
2.098839280800700813e+00
2.177441145554829927e+00
1.590990245409184434e+00
3.837596812431854909e-01
3.593144513594900835e-02
5.953779607024907161e-01
1.365604624115632548e+00
2.719799544047138973e+00
3.664414020656892479e+00
4.116693511020016238e+00
4.877666064458499484e+00
5.720827400343821978e+00
6.194599840541864744e+00
6.344389208910508948e+00
6.220020067907801931e+00
5.715324294893808776e+00
5.275321469313587031e+00
4.901343129180991909e+00
4.279820253476850134e+00
3.499285160944734852e+00
2.564008447774330790e+00
1.436953907070338765e+00
1.732874907513766993e-01
-1.237164054919077660e+00
-2.889986350012372363e+00
-4.787036937778278656e+00
-6.894413077528410483e+00
-9.236986769826140531e+00
-1.068479341079275358e+01
-1.112627713322714662e+01
-1.111352966371916118e+01
-1.032367763729364007e+01
-9.401711928484909109e+00
-8.379737212855674855e+00
-6.644833151061344978e+00
-4.318440888512107279e+00
-2.217651214216015187e+00
-3.252387434315088810e-01
1.682302653547565807e+00
3.613123500776284303e+00
6.123040730925242592e+00
9.261752478110551579e+00
1.255263386836515949e+01
1.615025564126298718e+01
1.850829803301013143e+01
1.942423346745685109e+01
1.973941346883223247e+01
1.899793495257138431e+01
1.798338279033946918e+01
1.674327687729250158e+01
1.447185927180473719e+01
1.131230273331446234e+01
8.560305717777886514e+00
6.206873647120112913e+00
3.705381151311145871e+00
1.364767802648656048e+00
-1.808509710202787168e+00
-5.894390716630896421e+00
-1.015468612803380033e+01
-1.482371664968854930e+01
-1.808940022403598746e+01
-1.969529875519607032e+01
-2.066683409665292004e+01
-2.046536246059073960e+01
-1.997046828934445273e+01
-1.924155828091468834e+01
-1.734943845683318742e+01
-1.445449995892842487e+01
-1.215301850761189684e+01
-1.044265252436053792e+01
-8.640808184400714964e+00
-7.131398788152800705e+00
-4.710930035780168446e+00
-1.282746894698621354e+00
2.249196860370019202e+00
6.167184930589046488e+00
8.981171543607151975e+00
1.044945405676087091e+01
1.148146828000602859e+01
1.162764922564015890e+01
1.154498346172432477e+01
1.128888637268329731e+01
1.012223744026265848e+01
8.164528356239349804e+00
6.846233185182041936e+00
6.178356059463393279e+00
5.535389824854804353e+00
5.266307516959039425e+00
4.324011631741372597e+00
2.624657861601403575e+00
9.697720695583489370e-01
-8.838672559181814936e-01
-2.266457404615343840e+00
-3.026611966506010276e+00
-3.657834930820277552e+00
-3.947733588569603658e+00
-4.101513279525378586e+00
-4.150741798908406111e+00
-3.798349744976574183e+00
-3.079601803730867893e+00
-2.793329474972002124e+00
-2.959924497350348904e+00
-3.210408006639280387e+00
-3.744313033478323227e+00
-4.012077220226544227e+00
-3.968286141816224522e+00
-4.049306147263516564e+00
-4.129048636978188469e+00
-4.132592911364860733e+00
-4.100729216723992820e+00
-3.977497870426783155e+00
-3.753569898290106011e+00
-3.571960326746865810e+00
-3.428235772463297248e+00
-3.244679736335893683e+00
-3.050484491728499670e+00
-2.725142627618954982e+00
-2.250877741567046453e+00
-1.705558385381094944e+00
-1.054573362520759838e+00
-3.442662150567125656e-01
4.192900080983950062e-01
1.289606677976046445e+00
2.257309983125527442e+00
3.050617662578861466e+00
3.650951748117590157e+00
4.181034539348077672e+00
4.566172287877519942e+00
4.976794091214814308e+00
5.421440072345254713e+00
5.749049244087863997e+00
5.993352956512085328e+00
6.325587597788034699e+00
6.740601558677336236e+00
7.177203588441474658e+00
7.675780816425626263e+00
8.094212525595578356e+00
8.423488603764109683e+00
8.766529346832706793e+00
9.090749219378876589e+00
9.153478806263249723e+00
8.939634087251848271e+00
8.538253715242614561e+00
7.880274813847308657e+00
7.127852498967905959e+00
6.282591240889680684e+00
5.199640915428545007e+00
3.907352755348970419e+00
2.542731171454807537e+00
1.095457116565370148e+00
-4.862186439549421868e-01
-2.173741875455984296e+00
-4.094030430115592978e+00
-6.258865250791244783e+00
-8.585562927135210742e+00
-1.110664863470563013e+01
-1.287267537435794651e+01
-1.378179509677096526e+01
-1.430545638602035652e+01
-1.416905158348330218e+01
-1.390306452456133179e+01
-1.353314820147097386e+01
-1.254542412237142912e+01
-1.103792239248044460e+01
-9.729352305120150035e+00
-8.606517612473556511e+00
-7.377904166120220708e+00
-6.212256291123814833e+00
-4.537808080482967910e+00
-2.309501891240948179e+00
5.642139385372618721e-02
2.695568040602649873e+00
4.608613577289341734e+00
5.655255864516099962e+00
6.407168822918838380e+00
6.568868866952916719e+00
6.625175638301424641e+00
6.611503528526892381e+00
6.018402410049974449e+00
4.936145601912431680e+00
4.248047269050822194e+00
3.955122460826031805e+00
3.682522443017203440e+00
3.644372567673677121e+00
3.179160368317582641e+00
2.235731500805917538e+00
1.314970319965804935e+00
2.633983803041912153e-01
-4.508348714227933818e-01
-7.288130501867370326e-01
-9.035699236242865640e-01
-8.286037580146291548e-01
-6.604445776733256501e-01
-4.205936991107218637e-01
1.028683442108488250e-01
8.822873965929015627e-01
1.385848109096257996e+00
1.601542103001242667e+00
1.772147336486810776e+00
1.765233020765639704e+00
1.950504936080879270e+00
2.358091792399782172e+00
2.696045899510446819e+00
3.049197730815861096e+00
3.242158201304026655e+00
3.224681728226085120e+00
3.140103617439927053e+00
2.929185150090573231e+00
2.625328094366959686e+00
2.236112747696187952e+00
1.689122422857384009e+00
9.878785295301522051e-01
3.740131861259291535e-01
-1.455749145273437239e-01
-6.885610984854241279e-01
-1.195126625377785023e+00
-1.828631674646955529e+00
-2.604492846088843905e+00
-3.393386532765844343e+00
-4.233903183060546915e+00
-4.814788809257646740e+00
-5.090418426462282930e+00
-5.234994472871864701e+00
-5.154821569729568509e+00
-5.000147980658645075e+00
-4.779807463050056882e+00
-4.332680992671142484e+00
-3.685092548134282442e+00
-3.115714467900832396e+00
-2.623418876263434729e+00
-2.086996072435973737e+00
-1.572770604523261673e+00
-8.693094808004505625e-01
4.140307501885857194e-02
1.002152725034248570e+00
2.063337953682362169e+00
2.785401454103043850e+00
3.108535948182225006e+00
3.276945586948329492e+00
3.160575624378136883e+00
2.978317848352902697e+00
2.744334224927400978e+00
2.231145236286712130e+00
1.478881265573462445e+00
8.679696382979135150e-01
3.972458742276878674e-01
-9.464048756773754678e-02
-5.163161967202163360e-01
-1.156306678549960054e+00
-2.037547464986103840e+00
-2.943874824153198233e+00
-3.942915726262841147e+00
-4.558386588703426057e+00
-4.720202941914766193e+00
-4.702020380939124777e+00
-4.361436364261199294e+00
-3.924137217467414285e+00
-3.405737235843196764e+00
-2.563717577250139268e+00
-1.438828383832116087e+00
-4.587264692050769810e-01
3.766930405430789497e-01
1.251989300594179344e+00
2.064286137390412446e+00
3.134479498688377053e+00
4.488743126995561106e+00
5.885728897860512454e+00
7.400876790132046246e+00
8.356446170182579181e+00
8.659151117771919814e+00
8.682785609414484185e+00
8.225825208665137112e+00
7.624091064790881944e+00
6.897859771538286111e+00
5.695452406350958618e+00
4.077241300048538797e+00
2.626551182517148586e+00
1.340060853889445402e+00
-3.163138372036389256e-02
-1.349553949061416125e+00
-3.058869762186545049e+00
-5.196308699540364451e+00
-7.430991381739345591e+00
-9.868388464831033602e+00
-1.139130261758196028e+01
-1.185369246125539178e+01
-1.185839593493571265e+01
-1.107538660417238496e+01
-1.007418921028399517e+01
-8.887720879675296004e+00
-6.930859646527237850e+00
-4.306856291565833494e+00
-1.951633953581891401e+00
1.423343651945159771e-01
2.370781961770250135e+00
4.511238806361232534e+00
7.283718013868543117e+00
1.074689221415491680e+01
1.436754809987120751e+01
1.831616372501048318e+01
2.096307443123138725e+01
2.209077274339868069e+01
2.259143408305009615e+01
2.198317708679737592e+01
2.108605003815667800e+01
1.995008878878838843e+01
1.772721015544438927e+01
1.456670679917396072e+01
1.185326984681759122e+01
9.578788788711431579e+00
7.156548051781912889e+00
4.917129790305374115e+00
1.802152611910650570e+00
-2.273867288220055460e+00
-6.523223439971198800e+00
-1.119550863454085921e+01
-1.475759307297086309e+01
-1.697681556651869883e+01
-1.875971124239717014e+01
-1.964797418239767524e+01
-2.035095754846378924e+01
-2.092408323873694798e+01
-2.059707088208756787e+01
-1.950030176753019262e+01
-1.905053311322146570e+01
-1.925425900626255427e+01
-1.950014470481702133e+01
-2.013269992201471936e+01
-2.010348682119700570e+01
-1.932974878826889054e+01
-1.860969644341615492e+01
-1.769980578757414236e+01
-1.664630157082558171e+01
-1.553533120646265964e+01
-1.416424487575398139e+01
-1.256309104034873414e+01
-1.088251725231220490e+01
-9.102239319714605870e+00
-7.173748859514547327e+00
-5.124158427343348698e+00
-2.604734571834515400e+00
4.195062718841542915e-01
3.765254542366316848e+00
7.530248853829231592e+00
1.153600538610375459e+01
1.577004384590709130e+01
2.040802331224590915e+01
2.541529596408665981e+01
2.890077834200477014e+01
3.069879725512184621e+01
3.167607549849108395e+01
3.129484930107581775e+01
3.068896632074224229e+01
2.990412959293164619e+01
2.788798421470820799e+01
2.485184971710514645e+01
2.209044199784747775e+01
1.956421961131955811e+01
1.676975085801857901e+01
1.400585833224813470e+01
1.020374385083656499e+01
5.280672777725932576e+00
-1.169846779273120418e-03
-5.896821136170183664e+00
-1.012841420262572001e+01
-1.239677434665332001e+01
-1.396580475254643083e+01
-1.416722542293101483e+01
-1.414853785599656533e+01
-1.398777431884860256e+01
-1.250821037401930447e+01
-9.924631796266719874e+00
-8.174830704119408153e+00
-7.254007567639421339e+00
-6.350687212922946578e+00
-5.932493055923741210e+00
-4.530745940021284390e+00
-2.032942972226801537e+00
4.561277479958785186e-01
3.277712418025809260e+00
5.011109518706175159e+00
5.399730060717315538e+00
5.362587363581986288e+00
4.464791762552606791e+00
3.274765032717207980e+00
1.849180246362997826e+00
-4.923928875796123039e-01
-3.648098377089627586e+00
-6.167940002649967113e+00
-8.032989598904219264e+00
-9.889791678953793408e+00
-1.138234995961107465e+01
-1.355192526484108484e+01
-1.648329696033029990e+01
-1.937113278431611008e+01
-2.245683411148712239e+01
-2.433499220459694357e+01
-2.477643996994119036e+01
-2.461606984227005057e+01
-2.342567343484565967e+01
-2.182934382941123275e+01
-1.987094067791220553e+01
-1.684494374129295124e+01
-1.285925479805589688e+01
-9.243170003378304855e+00
-5.999008740857383337e+00
-2.537617896235836668e+00
8.221780802999066884e-01
5.068867888146142420e+00
1.028765150784528615e+01
1.573528911262391539e+01
2.164670813654867132e+01
2.583896514134735867e+01
2.801661882487816513e+01
2.937939783431144392e+01
2.928026920070281136e+01
2.881246173750521677e+01
2.804269489435905172e+01
2.583552328097473350e+01
2.238927061220377368e+01
1.957830598022860613e+01
1.739298087396827697e+01
1.503637686543472363e+01
1.295628783659473449e+01
9.723053078803859606e+00
5.220740029647336300e+00
5.144288207373729493e-01
-4.733128298294246861e+00
-8.615209755860533392e+00
-1.083422454931243806e+01
-1.253800967818685130e+01
-1.315521685611016167e+01
-1.354996957361487731e+01
-1.379390388827585490e+01
-1.293726214043177336e+01
-1.113944878146000228e+01
-1.019771232792480831e+01
-1.012462448534039083e+01
-1.014192948814701367e+01
-1.068857434743565626e+01
-1.044446895206418802e+01
-9.306174744715750791e+00
-8.284244126736293623e+00
-7.073295863666305472e+00
-5.899883944614937370e+00
-4.892098610420084093e+00
-3.718426739099205847e+00
-2.467353448298836405e+00
-1.235761492348297574e+00
3.086181404450979993e-03
1.216197582281038025e+00
2.384157071700308883e+00
4.066606984982408690e+00
6.302046646266979302e+00
8.807125862205804623e+00
1.173085472706209131e+01
1.474630650360243678e+01
1.782704003867980447e+01
2.126316442555281228e+01
2.498453531972580066e+01
2.734968581662719700e+01
2.822987926470965903e+01
2.834815668411728495e+01
2.724147442172399280e+01
2.592463207504422584e+01
2.443505675094886698e+01
2.184795677454256690e+01
1.835307803744110089e+01
1.501660784369707180e+01
1.179860862758551221e+01
8.294230095474022235e+00
4.747067586846680953e+00
2.590536352632556438e-01
-5.238813680692693708e+00
-1.111334875255233712e+01
-1.757964487301305212e+01
-2.247644910654684480e+01
-2.552939172903341714e+01
-2.791787463637675160e+01
-2.900996733314999432e+01
-2.991455706249571023e+01
-3.070385131330858286e+01
-3.025338836389184749e+01
-2.877084309559879216e+01
-2.805876325883213696e+01
-2.810877689909268540e+01
-2.817076424394558742e+01
-2.867833165133044915e+01
-2.825583650204334063e+01
-2.679801154600934154e+01
-2.533532222637809284e+01
-2.354755279547291380e+01
-2.175343311070054853e+01
-2.008758677643784551e+01
-1.816095826890565945e+01
-1.608503061749593854e+01
-1.390422966369385982e+01
-1.158368169812563409e+01
-9.200259685154193789e+00
-6.759586785150174748e+00
-3.630206374810874603e+00
2.296944690132178279e-01
4.514284209581394869e+00
9.392944029008619466e+00
1.449043460601311040e+01
1.978080132057094431e+01
2.559742323732083591e+01
3.186226135752667332e+01
3.627972993919334499e+01
3.866143012034970639e+01
4.003330416573736272e+01
3.974546167619916304e+01
3.920233054739787804e+01
3.845716869214532352e+01
3.622142002997529886e+01
3.275720397606564660e+01
2.959206947806686117e+01
2.667345127459631371e+01
2.341525853952844827e+01
2.016807901740099851e+01
1.565618130594013380e+01
9.781249754408291253e+00
3.447170519268416555e+00
-3.651106659602282534e+00
-8.900758020439967666e+00
-1.195759160463671478e+01
-1.428210814049093713e+01
-1.510885522445038731e+01
-1.574942359545878823e+01
-1.629643594230769921e+01
-1.540487310500719076e+01
-1.332211515634037013e+01
-1.228270547481828068e+01
-1.228440404927394169e+01
-1.239329313179387348e+01
-1.315066065693896924e+01
-1.286968717715038046e+01
-1.142317336739549205e+01
-1.008514117770963381e+01
-8.465530906808753642e+00
-7.309699142883173906e+00
-6.823714569483289694e+00
-6.369581604404314312e+00
-6.190463406341091712e+00
-6.145069831026037654e+00
-6.187912850247473173e+00
-6.611201411101851555e+00
-7.390590070133809419e+00
-7.498786390344410080e+00
-6.896105579512337158e+00
-6.067475351855756038e+00
-4.750659203741022019e+00
-3.620180838470400619e+00
-2.730218748932855544e+00
-1.527183229841229339e+00
-1.622920560718245642e-01
8.095116555660591962e-01
1.397782336061635045e+00
1.757093539440066410e+00
1.746056725375622953e+00
1.815712134150757162e+00
1.975681240500367641e+00
1.877432589240586536e+00
1.610697858340901956e+00
1.357940537648510970e+00
1.091716257212966390e+00
7.819110419287526037e-01
4.651244205992673963e-01
-6.556655841800543283e-02
-8.203033675695950988e-01
-1.669997771194615899e+00
-2.663553565763704167e+00
-3.103087743705440271e+00
-2.908884483842746338e+00
-2.446663171077898991e+00
-1.514932369038446858e+00
-4.868934655051943561e-01
6.149531194173054605e-01
2.158318226539583495e+00
4.072715916952275528e+00
5.815571401131805374e+00
7.393030638067480176e+00
9.025753207465212924e+00
1.058439483794577463e+01
1.249144116388348991e+01
1.477883963527438738e+01
1.713377910778063296e+01
1.965493899161310409e+01
2.113374003581247962e+01
2.141571391527070389e+01
2.114031082989640353e+01
1.995050019273834607e+01
1.846959559991621447e+01
1.673054010475772202e+01
1.409584807178864274e+01
1.067725344263038600e+01
7.463066405685867544e+00
4.441291321186149332e+00
1.194033943167959411e+00
-2.045968244176244344e+00
-6.047467615321712842e+00
-1.087472465845322489e+01
-1.596398541648320801e+01
-2.149898182244735168e+01
-2.533172175116628466e+01
-2.719058783472667784e+01
-2.822188995006502665e+01
-2.779414130443115738e+01
-2.702064124305815085e+01
-2.596514096344608191e+01
-2.349749051583670578e+01
-1.982121542577238316e+01
-1.670903450766039811e+01
-1.414515307841169189e+01
-1.138628382257727978e+01
-8.853938035886985247e+00
-5.179567527547335182e+00
-2.533137413047002462e-01
4.911891591978029048e+00
1.063925228089971498e+01
1.475971768955116659e+01
1.695504567122161887e+01
1.848586095182898958e+01
1.870635553655643335e+01
1.864278750856179201e+01
1.837172841030831805e+01
1.679472106299909129e+01
1.410077069789609716e+01
1.225276499726080992e+01
1.125568926062785557e+01
1.026766119062368077e+01
9.764614270364415205e+00
8.284229197373630171e+00
5.711310959123315101e+00
3.154708847417116768e+00
2.742269852436283184e-01
-1.956433891553450488e+00
-3.325079933244765584e+00
-4.540530969585852006e+00
-5.297022466903169580e+00
-5.906683596552461779e+00
-6.416484591278778460e+00
-6.391791227789593854e+00
-5.888215154649948602e+00
-6.042233975272544022e+00
-6.882687579923819854e+00
-7.889542853636956288e+00
-9.347328038097387548e+00
-1.047292923475099613e+01
-1.120335011716415785e+01
-1.216139588886961498e+01
-1.316848443358029819e+01
-1.363170345392482830e+01
-1.356011799267401763e+01
-1.310291964017917365e+01
-1.210596871134502095e+01
-1.105326552140071250e+01
-9.949018356373152017e+00
-8.413905023222863377e+00
-6.540067050775145496e+00
-4.507472542971608931e+00
-2.280901634915506460e+00
1.711803465232478727e-01
2.817344418162003095e+00
5.878881103291932142e+00
9.371116196337837323e+00
1.316579358075913575e+01
1.731913082623041333e+01
2.010396738396060812e+01
2.133928573680321605e+01
2.188131541643587141e+01
2.123265997677378181e+01
2.036266447420377901e+01
1.931947059212803097e+01
1.716929595966161060e+01
1.409273098658105283e+01
1.137960701404140629e+01
9.005753680706600761e+00
6.452090452274717336e+00
4.021810990769015604e+00
6.873737036593713379e-01
-3.630902590045426148e+00
-8.184457492995653283e+00
-1.321620578060168860e+01
-1.668698443786396624e+01
-1.831895960135800649e+01
-1.925198513262298050e+01
-1.888363884400559201e+01
-1.822292088760486095e+01
-1.733732490099561474e+01
-1.517652012412025364e+01
-1.192643892197403233e+01
-9.346369624441983603e+00
-7.431681397125056598e+00
-5.437211843360848285e+00
-3.786066664941881488e+00
-1.146141116246782721e+00
2.587775702290505464e+00
6.416145111177455007e+00
1.065059446433344270e+01
1.359343723786061275e+01
1.497189317113956974e+01
1.581408389636702161e+01
1.560799403644992722e+01
1.510741326527906736e+01
1.437399328156635470e+01
1.256502216127844029e+01
9.816983030222489859e+00
7.744049682799884593e+00
6.356469133851896380e+00
4.948585325286545711e+00
3.913042270135995704e+00
2.063726279993980395e+00
-6.951445619822071986e-01
-3.458671658471684562e+00
-6.503262524701281855e+00
-8.619464391852622143e+00
-9.590799680818703266e+00
-1.018855914512601935e+01
-1.004184710219455567e+01
-9.643265258877601553e+00
-9.038554462531337208e+00
-7.642439474087619367e+00
-5.541994077174514644e+00
-3.966019320072020626e+00
-2.928455151678667878e+00
-1.880607436798819254e+00
-1.122922092097586422e+00
2.319079311823908918e-01
2.257256903200007603e+00
4.270279541991031103e+00
6.477815328269496575e+00
7.863978421582595857e+00
8.253845911702027749e+00
8.275907614458034800e+00
7.619410093204383116e+00
6.714981995459320174e+00
5.598108530189437104e+00
3.768766585151255732e+00
1.302324458302671406e+00
-7.973066788558248463e-01
-2.522549618008222083e+00
-4.320277283562957038e+00
-5.946865043329454537e+00
-8.135947777299094241e+00
-1.094919696741353299e+01
-1.382727104114232120e+01
-1.694251997401717702e+01
-1.897870496488969039e+01
-1.974445036382310192e+01
-1.998446202869459043e+01
-1.930465903126895100e+01
-1.833717748959755411e+01
-1.712258879392598132e+01
-1.498492273977078604e+01
-1.203707516226855567e+01
-9.451165695548896295e+00
-7.224328067173004797e+00
-4.850102059900749829e+00
-2.608970983171241986e+00
3.843556776042402756e-01
4.203346491144988484e+00
8.186069522948420385e+00
1.254192284649693079e+01
1.581848933229742471e+01
1.780324796132321552e+01
1.933459497596370014e+01
1.997950737022470591e+01
2.042883352989845136e+01
2.073230775746889165e+01
2.015132140757748047e+01
1.881224003359662333e+01
1.802676337068407264e+01
1.779691122260842562e+01
1.755925837150276436e+01
1.763101601460348178e+01
1.703209630783853257e+01
1.568445284346883284e+01
1.432911582182350330e+01
1.273729449520111601e+01
1.129667145510537019e+01
1.012110783645413825e+01
8.858005744998848741e+00
7.634322362206860113e+00
6.390555430853952501e+00
5.099239060244974198e+00
3.904704059883797207e+00
2.795277561517145237e+00
1.197995145751713730e+00
-9.135213482976964894e-01
-3.269644109222523465e+00
-6.019052652817495463e+00
-8.794121587445225430e+00
-1.156732683144676876e+01
-1.464708486154537148e+01
-1.795307734825107460e+01
-2.031392721092662157e+01
-2.164857199949033628e+01
-2.245110034690063472e+01
-2.239359522958242010e+01
-2.222425272876778735e+01
-2.196804319654816240e+01
-2.095561183412737449e+01
-1.932726331464806435e+01
-1.780759361847383815e+01
-1.636444389225205143e+01
-1.472979057930669633e+01
-1.306757816287709240e+01
-1.075483064477739248e+01
-7.744204103140771345e+00
-4.470157367295047202e+00
-7.830581507702277788e-01
1.960919639883614396e+00
3.587733070617645570e+00
4.849708990882333204e+00
5.351180116533207354e+00
5.781485697957407410e+00
6.189117166763695721e+00
5.873867645348568090e+00
4.966641286892231832e+00
4.613009078031090837e+00
4.811203021770639410e+00
5.085780806673578347e+00
5.714420082129484157e+00
5.830324950777595383e+00
5.369088708126366072e+00
4.985360249303731450e+00
4.479223160645847024e+00
4.227035997174493076e+00
4.334339412631220689e+00
4.477169701346491948e+00
4.778835123366226512e+00
5.171398509916190989e+00
5.632100540726002080e+00
6.307519772186966911e+00
7.186363182936194249e+00
7.747460297601581836e+00
7.970828347030847638e+00
8.103514719019475621e+00
8.012721032730636850e+00
8.040642748656555483e+00
8.215199006281292071e+00
8.255990706330280204e+00
8.240036813903472535e+00
8.045478709252359195e+00
7.626266077490315709e+00
7.093016375135269058e+00
6.400184454725194705e+00
5.550355979136417872e+00
4.546757116478893579e+00
3.343177502638870369e+00
1.935331432238299065e+00
5.205522940781134311e-01
-8.961168549342448664e-01
-2.417681425463199751e+00
-3.996666362751920776e+00
-5.766236088223410050e+00
-7.741706112651416838e+00
-9.820226930118808539e+00
-1.203514714445160116e+01
-1.352697643000449546e+01
-1.419809699254842883e+01
-1.447667946225764091e+01
-1.411136607457502379e+01
-1.357502011393188113e+01
-1.288866872156365773e+01
-1.158658756555902514e+01
-9.754018421605545441e+00
-8.057234167518451784e+00
-6.483653381012347339e+00
-4.757586877767583822e+00
-3.034449500557604207e+00
-7.843267622710100584e-01
2.036662484208824786e+00
5.044699469498953093e+00
8.366920701989084108e+00
1.068966271688981884e+01
1.184448533061289588e+01
1.254466058558812414e+01
1.240459604133929794e+01
1.209824380591595272e+01
1.166755116366782019e+01
1.042655347225754880e+01
8.500032243917878816e+00
6.988185361361646919e+00
5.884779831347249690e+00
4.729376939012183811e+00
3.785632661217783301e+00
2.211734896526650118e+00
-5.814181149818620220e-02
-2.395740465266404495e+00
-4.998134358019481027e+00
-6.876197866460172392e+00
-7.867170190431778565e+00
-8.582152321141222728e+00
-8.722600712611844997e+00
-8.718104154990012233e+00
-8.606682325355377472e+00
-7.902550297425906756e+00
-6.684257148876257659e+00
-5.909643057815123335e+00
-5.587470929511608730e+00
-5.298500686234408619e+00
-5.277090047739696033e+00
-4.825390547426894550e+00
-3.887941087883606706e+00
-3.000892338639292056e+00
-2.002669472823565666e+00
-1.243199104372571417e+00
-8.143135265302084980e-01
-4.331522162031515855e-01
-2.137792491312626719e-01
-7.601103106069434512e-02
-1.463969978079449757e-03
-1.351103949416456174e-01
-4.641243363078019768e-01
-5.256031247002688200e-01
-3.044376508449827545e-01
-1.928520761368092071e-02
4.465078890972108971e-01
7.827187518382840992e-01
9.632572896311399901e-01
1.238246731277802937e+00
1.536828114799655642e+00
1.878881216377975338e+00
2.295057396479589951e+00
2.725518490320395060e+00
3.183908186925553885e+00
3.716915320632482977e+00
4.321738360274189006e+00
4.989436699152290267e+00
5.731227083246080767e+00
6.432617818005731181e+00
7.085582567441462309e+00
7.754644775964051995e+00
8.410242348526912437e+00
9.117652111596974862e+00
9.884477673655441166e+00
1.065406311664987271e+01
1.144187901083168768e+01
1.183806671905906427e+01
1.179370670179027414e+01
1.151147227675398632e+01
1.086997428558663792e+01
1.009135050679101475e+01
9.183880951687578786e+00
7.924652358054030898e+00
6.352220330239932267e+00
4.786782516452805503e+00
3.221088097297424291e+00
1.519684590578385786e+00
-2.438413208307314561e-01
-2.326116030334274942e+00
-4.749945412792897947e+00
-7.331855694284802993e+00
-1.013462771830259612e+01
-1.225111235656500597e+01
-1.357328286835464759e+01
-1.457522231281263281e+01
-1.499233656539159476e+01
-1.530867719660494153e+01
-1.555128427545873571e+01
-1.523861395580337508e+01
-1.446024113279342949e+01
-1.394572728811881035e+01
-1.368731220740305510e+01
-1.338356835930244770e+01
-1.320797767218019914e+01
-1.259348223895440988e+01
-1.149567804962356021e+01
-1.033363090405689277e+01
-8.973937730443585892e+00
-7.766622433564336347e+00
-6.787233356430363962e+00
-5.770611339349893676e+00
-4.824678428357977999e+00
-3.838822464991969774e+00
-2.792245134601615053e+00
-1.836580833233508070e+00
-9.494872213942217032e-01
2.866224979910889648e-01
1.885861302827922970e+00
3.661118427957493093e+00
5.719442544426905251e+00
7.779835703622327792e+00
9.822548331492386708e+00
1.207733590594225603e+01
1.448262183257865132e+01
1.614181930691831468e+01
1.699111417775961996e+01
1.740793442206791397e+01
1.714019772624103766e+01
1.675861763174827956e+01
1.628118962769234557e+01
1.519482015022956567e+01
1.360558284417663444e+01
1.207237830638208287e+01
1.057001654955013414e+01
8.889528305391170449e+00
7.156819979716005697e+00
4.890907710292768940e+00
2.054267867092455901e+00
-1.018783133980811106e+00
-4.444472080882358789e+00
-6.892148072208097886e+00
-8.199004827587899058e+00
-9.079578029126169625e+00
-9.146347681735603530e+00
-9.095232854682500090e+00
-8.969956484852520617e+00
-8.073319038673353987e+00
-6.536036554370890705e+00
-5.447519500061290820e+00
-4.800736821804597376e+00
-4.145812431729440029e+00
-3.744278952432154028e+00
-2.759625041600123119e+00
-1.128288431729128405e+00
5.250384880882587035e-01
2.395114713814981755e+00
3.619515250865241285e+00
4.048097468024966616e+00
4.230181252752390542e+00
3.903523295090982614e+00
3.424196391123715433e+00
2.826592620657657040e+00
1.694359451020368112e+00
9.215507034345268855e-02
-1.118215486129650493e+00
-1.926471521634945061e+00
-2.713733061488103893e+00
-3.268452436211949141e+00
-4.212258446455159344e+00
-5.595004641740163542e+00
-6.936536377322035207e+00
-8.380645767618581488e+00
-9.272598379213956576e+00
-9.494507650763695850e+00
-9.458241129931790780e+00
-8.961765653306084545e+00
-8.271855815265055867e+00
-7.410947970212331093e+00
-6.059804346947250231e+00
-4.263961058395686621e+00
-2.683207186044556103e+00
-1.322837265178712585e+00
1.142468974800834314e-01
1.468285567945010639e+00
3.219853471900202102e+00
5.410463078559520689e+00
7.674068870082900062e+00
1.012423456182965253e+01
1.176362152817581297e+01
1.245348898198822596e+01
1.274583620182850652e+01
1.234358849061140972e+01
1.173933694510557224e+01
1.096293687394841321e+01
9.497021064560531300e+00
7.429985921937994675e+00
5.628661829143336348e+00
4.088818344700054119e+00
2.439020982876193067e+00
8.860409329884579854e-01
-1.230171998189793392e+00
-3.964098754893250476e+00
-6.824424021028622001e+00
-9.967436247467958310e+00
-1.213652066612958080e+01
-1.315604501590223308e+01
-1.373274185224546606e+01
-1.349360031981062669e+01
-1.305394842884390449e+01
-1.245470818906844457e+01
-1.104939860839089505e+01
-8.950401454086668096e+00
-7.259039673127075432e+00
-5.973161390594996512e+00
-4.623016629267679534e+00
-3.473375996234855378e+00
-1.692346148216556712e+00
7.866679778400792467e-01
3.339319314033889707e+00
6.160686720465843536e+00
8.220732768217729358e+00
9.352481111018498439e+00
1.018457382341279960e+01
1.040629148632165268e+01
1.047186012010653933e+01
1.041962153485395604e+01
9.740068239344996215e+00
8.515847687819105616e+00
7.735232977889650030e+00
7.405812013171348518e+00
7.095522528955175545e+00
7.045464420848575493e+00
6.532200595457848813e+00
5.497827672706263158e+00
4.496123666479062919e+00
3.359061750627271969e+00
2.451189433561692166e+00
1.867000446020887772e+00
1.311462820694355269e+00
9.027135247159877585e-01
5.551928995241567355e-01
2.489923617111489684e-01
1.350290990237628941e-01
1.988974036911429488e-01
-4.086672815555104921e-02
-6.005851455026236518e-01
-1.254176369246694955e+00
-2.123505058952752211e+00
-2.886880792505461368e+00
-3.517976653635900064e+00
-4.277401285132619080e+00
-5.092260296960787969e+00
-5.673810525395655446e+00
-6.022708174730901476e+00
-6.222473156760786495e+00
-6.197662966617977887e+00
-6.174975749151712101e+00
-6.158195717659561197e+00
-5.967197980994576767e+00
-5.645772119231744490e+00
-5.298087614621588948e+00
-4.909448061696683574e+00
-4.456507813876346091e+00
-3.959740414880361215e+00
-3.304527132787746346e+00
-2.483516841869842562e+00
-1.567601194812217935e+00
-5.286488300883648295e-01
2.621379248239515958e-01
7.630312590685328633e-01
1.171025610477000267e+00
1.379683558934352350e+00
1.588831838994909207e+00
1.811717979812716317e+00
1.853450504411192634e+00
1.752726761009175460e+00
1.802436740810022586e+00
2.000694862453400447e+00
2.229836451895847560e+00
2.560679382808506155e+00
2.767765566480225647e+00
2.835158654407835765e+00
2.932107489954101087e+00
3.006907636071418199e+00
2.992450723635287080e+00
2.899121518150769017e+00
2.720121431971874060e+00
2.439455343858351277e+00
2.134070090914133022e+00
1.801332476033953300e+00
1.388026765379622773e+00
9.080395123757111220e-01
3.460017328642010503e-01
-3.068092360197720025e-01
-1.035340979604259859e+00
-1.846694788491991090e+00
-2.750284077896478774e+00
-3.747303381902913788e+00
-4.840965840867688996e+00
-6.035252809610535785e+00
-6.835658218102174999e+00
-7.194509510804296681e+00
-7.348153199438409722e+00
-7.155085314199940427e+00
-6.902344106976313398e+00
-6.602928371324777501e+00
-5.985617418594871175e+00
-5.103980354812387432e+00
-4.313528227915080393e+00
-3.605863232081262915e+00
-2.840244093203557973e+00
-2.099663292146279669e+00
-1.096522299655378507e+00
1.913458431490754896e-01
1.556223920510845904e+00
3.066295276176466800e+00
4.262914326960916434e+00
5.080465308958991955e+00
5.786036426312640479e+00
6.244075001182860518e+00
6.673654904541442612e+00
7.091978366544548606e+00
7.267339956149768021e+00
7.240967251624359058e+00
7.424182759100384388e+00
7.818581340582835715e+00
8.249597815259001266e+00
8.817542809854600705e+00
9.216859506070349539e+00
9.424373675644638126e+00
9.673059626455957627e+00
9.892514394029804592e+00
9.899189498522385833e+00
9.698377018251118642e+00
9.323978472305423537e+00
8.727734534551531809e+00
8.067304443210494114e+00
7.341153206861841696e+00
6.426317119338167849e+00
5.351304489520596341e+00
4.157526295097052405e+00
2.830913378140744285e+00
1.367062365208333352e+00
-2.295671801203210127e-01
-2.023559106220028436e+00
-4.020901054012919751e+00
-6.189569146056288496e+00
-8.547607900928380076e+00
-1.029089849183718997e+01
-1.133824835184524993e+01
-1.208269968827447549e+01
-1.229348751731512834e+01
-1.242932122989608423e+01
-1.251240959666115948e+01
-1.210525957255950757e+01
-1.129366651417874401e+01
-1.067080919195507249e+01
-1.022487810180240864e+01
-9.719164051744311195e+00
-9.293039761791270337e+00
-8.471809462207421149e+00
-7.219104972537862430e+00
-5.880262644452649567e+00
-4.343233721533880320e+00
-3.066055284480114551e+00
-2.127243883020819126e+00
-1.226651500260772298e+00
-5.015970205065521936e-01
2.369907760913777250e-01
1.010906200152177581e+00
1.602684401332874486e+00
2.049133723784022809e+00
2.815062203135093810e+00
3.909258683317509586e+00
5.129977724774390069e+00
6.593647213448742050e+00
7.971141609676724471e+00
9.238753388043862813e+00
1.065637691398959319e+01
1.215020080771298439e+01
1.291511422578337864e+01
1.289801985975234366e+01
1.242313232657735078e+01
1.126412189421821353e+01
9.944028637089649791e+00
8.476182589695479663e+00
6.393665613584101237e+00
3.792444385564686549e+00
1.152722926520599378e+00
-1.551804976432730410e+00
-4.499237687119235218e+00
-7.583685671395266503e+00
-1.122883625267794550e+01
-1.546911651461727999e+01
-2.001568675316045898e+01
-2.497252428821973069e+01
-2.825316874299994652e+01
-2.962265545258443211e+01
-3.014062690394073130e+01
-2.920118516884656401e+01
-2.794458104421586242e+01
-2.642928947372661241e+01
-2.353641886250332149e+01
-1.947638767166706586e+01
-1.586551140143089711e+01
-1.267874572268417843e+01
-9.254360129280561509e+00
-5.973394424685902315e+00
-1.561692495189526575e+00
4.081500123131626800e+00
1.002379141024772302e+01
1.656684537397427448e+01
2.149803995008668878e+01
2.450455482344365876e+01
2.685242848901086532e+01
2.788627957152588976e+01
2.867616261315006909e+01
2.929946641800579243e+01
2.862812154125076347e+01
2.686040613268191635e+01
2.595642365987179190e+01
2.591788587177235925e+01
2.591077930551607977e+01
2.640962530861508739e+01
2.594579377165748824e+01
2.440469319095974754e+01
2.289700561214138830e+01
2.108123138171658084e+01
1.932913246741846791e+01
1.779074296089542528e+01
1.603747372021246065e+01
1.419943656091901474e+01
1.230942830140428867e+01
1.033161324690017047e+01
8.366868180642203612e+00
6.420330606795136674e+00
3.788075509704597721e+00
4.272481724273266002e-01
-3.319811314746475617e+00
-7.639687209944195700e+00
-1.210602125857858269e+01
-1.668720725213924538e+01
-2.175519998294755197e+01
-2.721914826883486072e+01
-3.111115349521149653e+01
-3.327980851261585116e+01
-3.458764653786925436e+01
-3.448045885774686070e+01
-3.418218473388281353e+01
-3.373790144773420252e+01
-3.203647319277692418e+01
-2.930734764334628295e+01
-2.682461731492260526e+01
-2.454042637679543759e+01
-2.197328120532886331e+01
-1.941456472761921148e+01
-1.579000436337539881e+01
-1.101783523405295817e+01
-5.855845394897897016e+00
-4.721914619882200403e-02
4.343622705887986157e+00
7.041679951172298502e+00
9.213554727288011392e+00
1.025474289899384672e+01
1.119280552839528653e+01
1.210359888915880333e+01
1.193002813762060477e+01
1.086721382419496784e+01
1.069654498116287300e+01
1.141939172147314352e+01
1.229135050529910345e+01
1.374565479071054064e+01
1.444447993975632372e+01
1.428829157140143735e+01
1.429207677946602395e+01
1.414789594525494643e+01
1.391115382026643132e+01
1.369228943695309120e+01
1.323822035250787010e+01
1.258727226208521977e+01
1.193744694263367911e+01
1.126501441404777815e+01
1.050622835301783020e+01
9.698342367469514613e+00
8.412165677785266027e+00
6.605780566812884835e+00
4.508881340867091581e+00
2.002428326593662877e+00
-6.929901464842824765e-01
-3.560005731696880726e+00
-6.813026560049432412e+00
-1.040776511275611149e+01
-1.284276454860287409e+01
-1.399761206720740603e+01
-1.455045488651719232e+01
-1.407887093782704468e+01
-1.350290546565898886e+01
-1.286117981627820406e+01
-1.131475705564407441e+01
-9.038169037273702244e+00
-7.029279754555088466e+00
-5.256599357919693460e+00
-3.342143233668382507e+00
-1.517209434752881059e+00
1.046252240243650045e+00
4.409119535371954335e+00
7.979603061107479967e+00
1.195333294681542213e+01
1.442463246691655954e+01
1.514558592529170333e+01
1.515824185892138942e+01
1.390247338419134238e+01
1.234431859679511945e+01
1.054489021030877538e+01
7.514018923451231124e+00
3.430074974426135626e+00
-1.108557865808252885e-01
-3.117919867434681969e+00
-6.261365988869448174e+00
-9.159117489288790992e+00
-1.303136614343070221e+01
-1.797438049465048948e+01
-2.307803466222414812e+01
-2.862852867426607872e+01
-3.226746552046017058e+01
-3.366424497795910753e+01
-3.413769787370216591e+01
-3.298610081957220785e+01
-3.136219610070285668e+01
-2.933945611647229157e+01
-2.570241655613036258e+01
-2.065920787419813465e+01
-1.626257900924294475e+01
-1.250468194925306697e+01
-8.506431317956968385e+00
-4.758718971063315983e+00
2.960724527412824658e-01
6.785450439959821445e+00
1.354659008772562423e+01
2.094721914911390215e+01
2.649963188253578039e+01
2.983691149829921940e+01
3.240163857879073817e+01
3.345156368600802210e+01
3.416276040019292992e+01
3.462105967952854968e+01
3.356447543948461743e+01
3.120808379209777428e+01
2.980715864409484794e+01
2.936616770110153141e+01
2.891506169395370662e+01
2.899956892677520770e+01
2.793718554092797390e+01
2.559385406761735382e+01
2.324282244112289675e+01
2.049145566021698528e+01
1.800253978208175099e+01
1.597164283541051866e+01
1.379503643455301543e+01
1.169012310343987693e+01
9.556834463545195391e+00
7.348370350158479170e+00
5.311150949874212657e+00
3.425756778254442025e+00
7.101065924251459549e-01
-2.880936193861321382e+00
-6.884633409903459622e+00
-1.155569592081552521e+01
-1.626395805650025039e+01
-2.096199521686167699e+01
-2.617821802493939387e+01
-3.177477564519808695e+01
-3.570971023811174661e+01
-3.784038122506847657e+01
-3.902936205009846304e+01
-3.870449496727174932e+01
-3.816741917387422234e+01
-3.746138735226264771e+01
-3.542012604179581103e+01
-3.228735435556603051e+01
-2.932910995495823769e+01
-2.648928435791873071e+01
-2.329833779618340373e+01
-2.004257207029457888e+01
-1.563398397765239167e+01
-9.989473640424153089e+00
-3.867589889952607329e+00
2.993254464401025938e+00
7.955211085041385743e+00
1.068682518585577590e+01
1.262830258931937877e+01
1.301034174581447544e+01
1.319143003495251065e+01
1.326171040333357887e+01
1.184938620842119761e+01
9.210655486197030228e+00
7.540056518834454380e+00
6.828629229599297190e+00
6.166985016299770805e+00
6.084278738717801005e+00
4.907570407736479901e+00
2.510746515829558323e+00
1.496965848080605843e-01
-2.563547873592285864e+00
-4.020193354143200892e+00
-3.929144108281433123e+00
-3.331926086617593263e+00
-1.735924832117136329e+00
2.173710266541503955e-01
2.463883566947795867e+00
5.773255775449303684e+00
1.003073411576727736e+01
1.359626118829764962e+01
1.644869419476335537e+01
1.931984953844622765e+01
2.180729482282265153e+01
2.508902416557389614e+01
2.926124401512455364e+01
3.341332773974325221e+01
3.781860566606494700e+01
4.033069693270076783e+01
4.063334100395941562e+01
3.993151690034581947e+01
3.757888913414917909e+01
3.460033821231288442e+01
3.105646246739050653e+01
2.584140468758196008e+01
1.913388736022202252e+01
1.283706377781315666e+01
6.941093881715358016e+00
6.162678144481386067e-01
-5.685925971669147927e+00
-1.341219928777679904e+01
-2.268734718392698468e+01
-3.243874728426123966e+01
-4.301254247187443980e+01
-5.036188756423124602e+01
-5.397226894309450529e+01
-5.600255935799417983e+01
-5.526136044481222598e+01
-5.384393639419189270e+01
-5.186886650489469730e+01
-4.720543090989397683e+01
-4.023535160792411602e+01
-3.430883063288002433e+01
-2.939570397918036448e+01
-2.408829776981512438e+01
-1.918259420851402908e+01
-1.209180709357174877e+01
-2.607078082970072153e+00
7.358272892460160364e+00
1.841601107564718376e+01
2.631952657027639475e+01
3.045309019101715720e+01
3.326946339309116496e+01
3.350590925724856106e+01
3.318794125001233652e+01
3.246412144350813378e+01
2.917734515597802059e+01
2.370085564157322722e+01
1.985213611238833664e+01
1.763825685907002949e+01
1.542536728241238109e+01
1.413819719161855026e+01
1.092621835175189204e+01
5.565071025810802041e+00
2.133404875038409365e-01
-5.792453270327208692e+00
-1.009246575320769779e+01
-1.222652836889279016e+01
-1.379294835689778331e+01
-1.406182069336031581e+01
-1.390709389526867668e+01
-1.342996956538765296e+01
-1.152818887856443730e+01
-8.357785927810239102e+00
-6.463968416437775311e+00
-5.892921909875033393e+00
-5.497063872712359078e+00
-5.906320670973435050e+00
-5.323261916874557187e+00
-3.602100660239881957e+00
-2.148668431744538143e+00
-5.488967158900213139e-01
6.035177449360702440e-01
1.095661270723682579e+00
1.506983700166126816e+00
1.628072448481090451e+00
1.479437167921539009e+00
1.096632100832152901e+00
2.728825621882435826e-01
-9.966925296912696464e-01
-1.727886026877572867e+00
-1.878589350903885347e+00
-1.936775425241230586e+00
-1.652578819569838986e+00
-1.659161459159471219e+00
-2.014243442449342947e+00
-2.197646991124975635e+00
-2.355006267360045147e+00
-2.237292382027714854e+00
-1.758555178805579988e+00
-1.138985631073600846e+00
-2.890160650282942445e-01
7.682527292355590953e-01
2.023664656541784179e+00
3.575281991094265255e+00
5.425611316667962036e+00
7.179982209132430349e+00
8.826308617232124121e+00
1.056397518635399635e+01
1.229592912823699358e+01
1.428626006216916622e+01
1.656221709632058037e+01
1.891544645023490290e+01
2.140971790272446285e+01
2.289135335905620749e+01
2.322073419767615832e+01
2.298563606465338083e+01
2.184598556392300495e+01
2.041932038640781499e+01
1.873383651721847443e+01
1.616960113043758795e+01
1.283660602604588163e+01
9.656151760011010055e+00
6.613061020839136717e+00
3.320351094538050329e+00
-6.765494487750878250e-03
-4.094924666779019340e+00
-9.005515258457419847e+00
-1.421070395510282225e+01
-1.988526482558774333e+01
-2.399021182252835160e+01
-2.626999087142373668e+01
-2.781425578744028826e+01
-2.802503931784839253e+01
-2.796277669446656589e+01
-2.768972858063811771e+01
-2.613371765246370870e+01
-2.349008761512357069e+01
-2.144067076966596375e+01
-1.997185739315539266e+01
-1.838137322746329616e+01
-1.707030582813235853e+01
-1.474253403614742375e+01
-1.129562031184147664e+01
-7.691524619095259752e+00
-3.625422340750577455e+00
-5.069346032099752986e-01
1.427351609661311915e+00
3.067917581877708244e+00
3.989779869899789944e+00
4.793268794132286459e+00
5.536901806086934386e+00
5.536360608730118926e+00
4.903566452823707067e+00
5.032891135465266785e+00
5.942271207089714125e+00
7.022435632390184423e+00
8.617499014436237559e+00
9.722440149535946929e+00
1.025985172782609389e+01
1.100962879454707277e+01
1.174158339839610399e+01
1.215125428944122454e+01
1.229140247524590812e+01
1.213692225705462135e+01
1.161925907906400646e+01
1.109164551803459631e+01
1.054672035616366799e+01
9.747554619743162618e+00
8.761573899213832561e+00
7.504567716956168866e+00
5.939470224383105901e+00
4.147875081086426441e+00
2.096501686083174221e+00
-2.419774586233314762e-01
-2.868155037832666121e+00
-5.802672845545863822e+00
-9.057196308054725975e+00
-1.138605779535437890e+01
-1.267351421143213130e+01
-1.351810156165628207e+01
-1.356624950123852891e+01
-1.354575474471633534e+01
-1.349258373810149791e+01
-1.272585223608080973e+01
-1.138404272323362143e+01
-1.035433878566274224e+01
-9.617546796761127226e+00
-8.828007949088174655e+00
-8.194630392875735581e+00
-7.002557312121640898e+00
-5.199433053197713761e+00
-3.305448982551633108e+00
-1.153213166389316147e+00
6.203847911207213128e-01
1.901630248948811053e+00
3.115803398391408852e+00
4.070726313095224924e+00
5.018599067227661692e+00
5.989935918018143290e+00
6.686210311895874447e+00
7.156059050052011372e+00
8.056682804127460074e+00
9.401064062431750301e+00
1.090126702137194314e+01
1.272179518002869969e+01
1.439935001070603349e+01
1.589982868867695665e+01
1.758933335929342689e+01
1.936360035525805756e+01
2.026881150468275194e+01
2.024853299224866987e+01
1.967473499738593290e+01
1.828095219354278811e+01
1.670021711701545186e+01
1.494754403602902926e+01
1.246492559184866700e+01
9.368945627577936364e+00
6.205355244834515283e+00
2.940859241441347915e+00
-6.222455593735547463e-01
-4.364723846785602213e+00
-8.776483996137731225e+00
-1.389698304581146715e+01
-1.939527198292583066e+01
-2.539183919191367522e+01
-2.934250473812433668e+01
-3.096301681004383966e+01
-3.154080924600787839e+01
-3.033758234368115225e+01
-2.874833206855127798e+01
-2.684392345710277539e+01
-2.325821294904124770e+01
-1.824866097459813830e+01
-1.377704553534053566e+01
-9.811868412877498002e+00
-5.551164218992050259e+00
-1.457004809316480909e+00
4.019704718971527591e+00
1.100146921740399009e+01
1.835589744882055285e+01
2.644992974769505878e+01
3.201641759799566245e+01
3.461607960321252619e+01
3.605824945228420120e+01
3.537830279546249557e+01
3.420796424180307582e+01
3.265276965786935648e+01
2.902219378934428562e+01
2.361612905881323954e+01
1.923097502676838033e+01
1.585587210008114667e+01
1.230806454421089668e+01
9.258459514424430381e+00
4.581468137074113933e+00
-1.891600129468494318e+00
-8.570406180602105906e+00
-1.595333016353972688e+01
-2.140714570994224886e+01
-2.450634878112714077e+01
-2.685816978339438776e+01
-2.766904991517392887e+01
-2.810155367407507043e+01
-2.825438610809970896e+01
-2.682554507690523593e+01
-2.402717758442881291e+01
-2.238115398310338833e+01
-2.190707086419406124e+01
-2.150371911907592448e+01
-2.178666340859107464e+01
-2.091020104406412372e+01
-1.872718095063362398e+01
-1.665116536568135786e+01
-1.425389111603175252e+01
-1.221183993316241789e+01
-1.074045853114694360e+01
-9.206249885611697437e+00
-7.837095821858762967e+00
-6.560677652961029338e+00
-5.331585531870690176e+00
-4.394752218258425103e+00
-3.739670439423250503e+00
-2.320733875961748627e+00
-9.099652064861948886e-02
2.446899632663076307e+00
5.562013839501716461e+00
8.583226451244645006e+00
1.145596159029131300e+01
1.473886649363953261e+01
1.828228681010294210e+01
2.089100770074081481e+01
2.251097269759408803e+01
2.359843766347101024e+01
2.382711222638450010e+01
2.401706650615630423e+01
2.419221796789060264e+01
2.365120695383253135e+01
2.255069574932233678e+01
2.152976518588240396e+01
2.054775016337580951e+01
1.939055666417260326e+01
1.819957414477815760e+01
1.639406588580811786e+01
1.393292048635183100e+01
1.121112057931687644e+01
8.089345676048729672e+00
5.607931563761545668e+00
3.903496977092504761e+00
2.378717212357182476e+00
1.335677289820732527e+00
2.575020075620382265e-01
-8.981280573841490256e-01
-1.603543131417287659e+00
-1.959774790654913668e+00
-2.865519930109748259e+00
-4.324715486934437969e+00
-5.966320914403864251e+00
-8.011333354306916732e+00
-9.791175603450460230e+00
-1.125908884245551000e+01
-1.292817494804722322e+01
-1.464705273615241765e+01
-1.585507688755523148e+01
-1.655009663671953746e+01
-1.688486631203586796e+01
-1.670952593086520466e+01
-1.646533700984535287e+01
-1.615503378096339304e+01
-1.542255409478953254e+01
-1.434979154062803630e+01
-1.314849814241030757e+01
-1.178734297547654108e+01
