1.356955877447919079e+02
1.505124868288743585e+02
1.653496212588948424e+02
1.801359151302513055e+02
1.957296386495733316e+02
2.118876620232254879e+02
2.192084096244759337e+02
2.168231757326178979e+02
2.089562911317293867e+02
1.928965814730333364e+02
1.742338739507876824e+02
1.531432244669568092e+02
1.243516054695072626e+02
8.886064487053099015e+01
5.310440895414157580e+01
1.684415402399422490e+01
-2.249305239455563665e+01
-6.345586404981356310e+01
-1.114319582395416433e+02
-1.668814415324145273e+02
-2.260372285271994315e+02
-2.902197313686747293e+02
-3.339793471873987869e+02
-3.544131956996849340e+02
-3.644789795905823553e+02
-3.567709797005372252e+02
-3.451419493637509959e+02
-3.302982008188748182e+02
-2.985982516585942790e+02
-2.525890920070492598e+02
-2.121180802497775630e+02
-1.768836097843187360e+02
-1.387296020582709559e+02
-1.023335422991570596e+02
-5.206684280480592975e+01
1.331502035071388335e+01
8.237573540916596926e+01
1.588202725297547317e+02
2.120432456668105203e+02
2.378541338135227647e+02
2.534089851903636088e+02
2.496621174525134279e+02
2.417294720333562736e+02
2.306314507026037859e+02
2.006152181970973345e+02
1.544687587737407455e+02
1.187360567235502629e+02
9.336396257329340642e+01
6.710340372307385337e+01
4.634626820184762863e+01
1.102809386695432181e+01
-4.043133789874406858e+01
-9.295556212572455479e+01
-1.512327648188094145e+02
-1.883954624346621074e+02
-2.001921642154561596e+02
-2.027044611211237282e+02
-1.878358919969023475e+02
-1.676670426553419588e+02
-1.431428105009434546e+02
-1.008490837540699232e+02
-4.296304469345315624e+01
5.276591491528034084e+00
4.375259871166709758e+01
8.348610989337157662e+01
1.183591362840653431e+02
1.670126593068497414e+02
2.309647623455952328e+02
2.960527604747986743e+02
3.666364365701437578e+02
4.123545110366392237e+02
4.286622445805897996e+02
4.330164949947640025e+02
4.162991711214857560e+02
3.927890964444377460e+02
3.634473636375739716e+02
3.128058962298356391e+02
2.434098237013875519e+02
1.827195272070211729e+02
1.307148889376640284e+02
7.547052134517247168e+01
2.357363113770684038e+01
-4.559695795969274457e+01
-1.337557174089100727e+02
-2.254320668679902440e+02
-3.254974989946122719e+02
-3.979355584681779874e+02
-4.375531165918582133e+02
-4.648867541675830353e+02
-4.692015130932932152e+02
-4.678157732157274609e+02
-4.619161021470273454e+02
-4.330815204802780158e+02
-3.844607419611073169e+02
-3.481934512348399835e+02
-3.242668095247871634e+02
-2.988840232114498008e+02
-2.797852351316150816e+02
-2.428194282791984620e+02
-1.860413217619422142e+02
-1.276244651784118531e+02
-6.190603206282010973e+01
-1.184452879083767485e+01
1.841411178319015818e+01
4.386902144269794235e+01
5.751474503975563835e+01
6.855128209594337818e+01
7.795023471101569612e+01
7.475552350116876710e+01
6.065407395962908765e+01
5.939559700829866529e+01
7.135572893050708387e+01
8.600044286704073215e+01
1.092046778473144002e+02
1.240332100022260562e+02
1.291535476660965855e+02
1.377706696859505939e+02
1.459997504417582377e+02
1.532455337769280845e+02
1.608769157479334808e+02
1.663479019810556565e+02
1.698313441988186412e+02
1.746915210244093259e+02
1.807215241907568384e+02
1.864442899463496985e+02
1.925421987558954413e+02
1.942721744533707806e+02
1.911110072987367801e+02
1.858075795525830358e+02
1.770462739705930915e+02
1.670946415564123981e+02
1.561833857806811352e+02
1.420408467618369457e+02
1.251408403800162716e+02
1.102629579541739133e+02
9.754227968477995603e+01
8.500919609988335424e+01
7.390160931612294348e+01
6.087055121466972452e+01
4.573059844785024097e+01
3.120714619552135360e+01
1.659173995907482180e+01
-6.128890921793521684e-01
-2.031125798628455925e+01
-4.179587193800090006e+01
-6.567311121259356810e+01
-8.978676743917081637e+01
-1.140577264611095956e+02
-1.400679843347791689e+02
-1.673578262955882110e+02
-1.873285471893593410e+02
-1.992733621302422762e+02
-2.068945130918104667e+02
-2.077348664064137154e+02
-2.071306967007175786e+02
-2.052367286535233291e+02
-1.971450412090068482e+02
-1.838237523705043088e+02
-1.709874307850606669e+02
-1.584057250845041835e+02
-1.438512538281574109e+02
-1.286121878250566795e+02
-1.078429292987835311e+02
-8.114349886523646660e+01
-5.189165503397816082e+01
-1.890587902820193733e+01
6.616987163058735355e+00
2.326843764312316054e+01
3.722948279692560192e+01
4.524402545208651105e+01
5.307451152476473766e+01
6.112745581293856389e+01
6.360171596608471134e+01
6.159996258660670065e+01
6.456136411281872256e+01
7.247651104727862048e+01
8.145218646742014812e+01
9.378292129331731530e+01
1.023289792971525713e+02
1.065707066612300764e+02
1.119129331361558428e+02
1.167167818168900908e+02
1.182477809425030557e+02
1.167831848667169936e+02
1.123942917116009710e+02
1.044035159669021624e+02
9.560554361572957305e+01
8.593435611511711159e+01
7.337299079862620488e+01
5.842958455277845786e+01
4.101206679338063310e+01
2.083149801803518386e+01
-1.785264346896042742e+00
-2.697184123708967007e+01
-5.535275625302060831e+01
-8.699003174415375383e+01
-1.217522108229248232e+02
-1.598426083121534589e+02
-1.849999825433609715e+02
-1.956324453249265787e+02
-1.995654648845028305e+02
-1.921408676143960861e+02
-1.827437950931121975e+02
-1.718072231342426903e+02
-1.504348143637185444e+02
-1.203782613633083685e+02
-9.341793431090260924e+01
-6.928785198903025844e+01
-4.331086274053281926e+01
-1.824158798278255489e+01
1.542013686364085245e+01
5.840640381878303344e+01
1.038425584573284794e+02
1.539788386455502689e+02
1.895237389546576026e+02
2.078786580880255599e+02
2.197976379109135792e+02
2.195932417959301404e+02
2.168644088442808311e+02
2.122549442362320633e+02
1.958181423911912020e+02
1.693304972138544144e+02
1.493504772636834730e+02
1.358328856910230797e+02
1.217874791959149974e+02
1.111992322613171069e+02
9.152211982927018141e+01
6.177303516038611519e+01
3.136953704539294563e+01
-2.618514053483688375e+00
-2.742899522439662263e+01
-4.082081788141217515e+01
-5.096123763187539879e+01
-5.396476200704351811e+01
-5.507552221604061060e+01
-5.480702780538899077e+01
-4.700609601534882387e+01
-3.262572248666142372e+01
-2.454064198965733823e+01
-2.291579995707870410e+01
-2.205210646408022157e+01
-2.511525177223171212e+01
-2.284130467394275854e+01
-1.448986349587422495e+01
-7.230883000182538822e+00
1.074989959681316831e+00
3.308867950526992896e+00
-2.020664905174692549e+00
-1.001539848922694453e+01
-2.292186996285853340e+01
-3.828354263815946013e+01
-5.582233986619854704e+01
-7.883878040962218847e+01
-1.069276993030383522e+02
-1.321490502046851532e+02
-1.543682544441419680e+02
-1.772459963383850550e+02
-1.988346308704215915e+02
-2.247451500822078287e+02
-2.554657887370928222e+02
-2.866421981663866632e+02
-3.195902476429519083e+02
-3.393944987621653695e+02
-3.440702057783237819e+02
-3.415690106555752550e+02
-3.274506597039815574e+02
-3.092998300006613590e+02
-2.875058097420446188e+02
-2.542065652468253916e+02
-2.107399051654863626e+02
-1.695990896595141919e+02
-1.306438207511336032e+02
-8.852891135075306295e+01
-4.619299707514536379e+01
6.049726638869598716e+00
6.902727042523380874e+01
1.356387182942270329e+02
2.082093752733022427e+02
2.655128822035806024e+02
3.047351863220560517e+02
3.376064257539932214e+02
3.578770269158108022e+02
3.762522924569436213e+02
3.934334159840469169e+02
3.984124489885857656e+02
3.931741176799404798e+02
3.959066177556841808e+02
4.065559757237957683e+02
4.174693476176311151e+02
4.330256007135628238e+02
4.394203674658392060e+02
4.355792489054371686e+02
4.318623763402371765e+02
4.250494214266183803e+02
4.110560691414948451e+02
3.904842889978343123e+02
3.628253007416620903e+02
3.270753105334413249e+02
2.878401273451389102e+02
2.449061952169384142e+02
1.950173398404115801e+02
1.389634395486884841e+02
7.558616361677343320e+01
4.292829877066624000e+00
-7.397166584052601479e+01
-1.597369401956685522e+02
-2.535173802519373680e+02
-3.554299881694730630e+02
-4.658162584764577332e+02
-5.849468409992039142e+02
-6.662353802536277954e+02
-7.051422856989419188e+02
-7.238204772123818884e+02
-7.088951184349446066e+02
-6.873761683315838127e+02
-6.604259800122847537e+02
-6.024329494552573578e+02
-5.183911734832056482e+02
-4.418125229969607517e+02
-3.718581061702443549e+02
-2.951796532828628870e+02
-2.195624582232276794e+02
-1.178087544297747229e+02
1.222667628062800738e+01
1.509861342402940352e+02
3.049572577493040058e+02
4.145757916854263954e+02
4.720189536287116425e+02
5.101788786801977267e+02
5.115562469602323290e+02
5.062199530075147891e+02
4.961587329316335513e+02
4.505230611431682632e+02
3.749082258755817634e+02
3.198945400041544076e+02
2.853104145591897236e+02
2.499342083766912879e+02
2.259407537965909114e+02
1.748991868026207044e+02
9.383190992017060239e+01
1.157092140091522126e+01
-8.084314245342588379e+01
-1.481444405761957341e+02
-1.838556341368397682e+02
-2.111832572869838884e+02
-2.193335132910139862e+02
-2.221579116087349064e+02
-2.211430888594813666e+02
-1.995563002180502110e+02
-1.599151912039647243e+02
-1.388416716157941835e+02
-1.369120962355530366e+02
-1.378082713775766308e+02
-1.505761351947531068e+02
-1.491240094521014612e+02
-1.313708528436359586e+02
-1.176421565872247328e+02
-1.019344224499601950e+02
-8.811802579382683120e+01
-7.877771473075998188e+01
-6.772453482769954292e+01
-5.660600492453009736e+01
-4.783103781684059896e+01
-4.096866061283488847e+01
-3.638538841751746133e+01
-3.462520234595631763e+01
-2.489692962506140361e+01
-6.483138160477520451e+00
1.498122102419392299e+01
4.232975069251483546e+01
6.923912655145842621e+01
9.512564801841959650e+01
1.255184439842588375e+02
1.590088969788193651e+02
1.807918618116688947e+02
1.900654140507667762e+02
1.928107140648531015e+02
1.849649221248685080e+02
1.763544881463635363e+02
1.673159268379993136e+02
1.493140639206660865e+02
1.242340283879392899e+02
1.004275501844866909e+02
7.744879030566200129e+01
5.240796782133556064e+01
2.718469930642584487e+01
-5.598124604249905545e+00
-4.645960598521811846e+01
-9.029769312944404192e+01
-1.388678388111224535e+02
-1.728146753371139255e+02
-1.897386705666796729e+02
-2.000686704488762473e+02
-1.981566125983507050e+02
-1.940349840851025078e+02
-1.883325354361931829e+02
-1.709363522444212435e+02
-1.437207576270195943e+02
-1.225182941660923888e+02
-1.072174863747106173e+02
-9.125277937794298566e+01
-7.841576758077778209e+01
-5.654115710057567412e+01
-2.469091565670091981e+01
8.068589887653201842e+00
4.457995109492101449e+01
7.300016247856426332e+01
9.122932866874941737e+01
1.069461771507196914e+02
1.165494592977698716e+02
1.248394130391135803e+02
1.323153187066090481e+02
1.333133401405010545e+02
1.287171854324406866e+02
1.305818318611312918e+02
1.390850514169122789e+02
1.488979592041424382e+02
1.629983444319420869e+02
1.727625450887363172e+02
1.775134168894598758e+02
1.839617931672368627e+02
1.901282432876203359e+02
1.907570278392101102e+02
1.860310512432263863e+02
1.769657147551000662e+02
1.622033252346534198e+02
1.462849018210220038e+02
1.291969939326107522e+02
1.074459076988457582e+02
8.187673170280014290e+01
5.363032209649256288e+01
2.232466836773296848e+01
-1.210298606173832603e+01
-4.951782110018257299e+01
-9.169775540993005336e+01
-1.387840909727642895e+02
-1.898723066662612382e+02
-2.454428110095807085e+02
-2.845801086521430534e+02
-3.051578981697404629e+02
-3.173992521754043992e+02
-3.152941249307361886e+02
-3.107385235976988724e+02
-3.043013633235333373e+02
-2.846081719606980869e+02
-2.538757973889937034e+02
-2.275167565780696179e+02
-2.052147769459211588e+02
-1.808028430751687381e+02
-1.578946091893986647e+02
-1.241416737074840029e+02
-7.858813511222297166e+01
-3.020075594966301935e+01
2.394308926397443571e+01
6.289785647623151021e+01
8.370114293091984337e+01
9.839478964800574090e+01
1.007830097446389459e+02
1.009680306072405074e+02
9.970032867419489264e+01
8.633120088515957491e+01
6.274362833488484625e+01
4.751722382129422328e+01
4.068339434644259001e+01
3.434999151352756996e+01
3.302515031677950930e+01
2.281984383937507133e+01
2.661430915946280784e+00
-1.692064880087646728e+01
-3.914611452013532045e+01
-5.037992305649007818e+01
-4.814826590711119536e+01
-4.121718351032576066e+01
-2.539835040199231386e+01
-6.147714024048053894e+00
1.601473417609538430e+01
4.764586710591296281e+01
8.778501073322243542e+01
1.225378371993566731e+02
1.517431055637994177e+02
1.816231784729949652e+02
2.087817505761039456e+02
2.432350002667316460e+02
2.858163033538827449e+02
3.288153315777764192e+02
3.745694169824607229e+02
4.013541565150579231e+02
4.061402555948828308e+02
4.008197909080125783e+02
3.788978326127997320e+02
3.511069659657459283e+02
3.180468187967113636e+02
2.683994668918070374e+02
2.040561766717765693e+02
1.437119954363356271e+02
8.722012428062875244e+01
2.652175897711534702e+01
-3.396096863591783688e+01
-1.085694095325902708e+02
-1.985267973886074913e+02
-2.932470297299967683e+02
-3.961608207992342159e+02
-4.688825654088303736e+02
-5.065022003672453366e+02
-5.296149634181665533e+02
-5.269219954179872047e+02
-5.182147510539454061e+02
-5.046422319700193384e+02
-4.660457446055297623e+02
-4.060420523492556413e+02
-3.565609038243653686e+02
-3.173452293858680946e+02
-2.749790021691518405e+02
-2.370648588281539730e+02
-1.790157149759745607e+02
-9.885864042564084286e+01
-1.482205054116224829e+01
7.889574789926568599e+01
1.478494205669758799e+02
1.867757477345573704e+02
2.161986122267812789e+02
2.258256323547292936e+02
2.314903153502229998e+02
2.344720156372771669e+02
2.175335034325775325e+02
1.836017591574789947e+02
1.647057018669814283e+02
1.610312183658915330e+02
1.587640199677797455e+02
1.657144928872062906e+02
1.582647175438510203e+02
1.345685775809914446e+02
1.126652169863368300e+02
8.708742207267019353e+01
6.798041134844740441e+01
5.824962048744563248e+01
4.910755223078251674e+01
4.390339223508960487e+01
4.086853633442083122e+01
3.939777890160616636e+01
4.344542998421481883e+01
5.273089685935170934e+01
5.289481049518541056e+01
4.338138387652065830e+01
3.102439786563071777e+01
1.216618892757147208e+01
-3.772880024141422872e+00
-1.601632493937810864e+01
-3.228185426653828927e+01
-5.044463188492883177e+01
-6.237258979714334117e+01
-6.814773399631222617e+01
-7.008688855459253375e+01
-6.609459597463749958e+01
-6.266335933250559975e+01
-5.992054001729620438e+01
-5.278303341321573328e+01
-4.252655087565604930e+01
-3.193626256316628798e+01
-2.060528145249710263e+01
-7.996420798875996994e+00
5.337095095349683405e+00
2.250857909186698080e+01
4.369249124690603736e+01
6.695436631253012649e+01
9.304315611719675871e+01
1.078774271750444171e+02
1.098998607649772481e+02
1.063070445878992132e+02
9.303283830484227224e+01
7.776513505434984097e+01
6.092490758929663031e+01
3.500227788956249242e+01
1.435558915452223028e+00
-2.900246958477697845e+01
-5.647155620452485891e+01
-8.534278007192106941e+01
-1.130667091374291005e+02
-1.481209071208054695e+02
-1.911584223615595022e+02
-2.359536856776330467e+02
-2.845010234537764973e+02
-3.155600168655315088e+02
-3.263640905228946281e+02
-3.283627998331191407e+02
-3.152855962318752745e+02
-2.979544833137628075e+02
-2.769941186146115797e+02
-2.412875702858859768e+02
-1.927964929149596287e+02
-1.492052962556685429e+02
-1.103608767207110759e+02
-6.878995266537435782e+01
-2.869084495442004012e+01
2.356093441406763844e+01
8.907839119901055369e+01
1.577846304638189565e+02
2.329089598074270100e+02
2.868974857651114121e+02
3.159780825843437810e+02
3.355044950644820005e+02
3.373189332937217273e+02
3.350693773467024812e+02
3.296447996595924224e+02
3.068159463321205180e+02
2.690814019904062206e+02
2.402918588576183652e+02
2.203735662772627961e+02
1.991957002171106978e+02
1.824840872109541579e+02
1.521561904409846875e+02
1.067689013221921073e+02
5.986608323569299728e+01
7.205753377344806587e+00
-3.298273783773137069e+01
-5.750649963808573517e+01
-7.809047381359472695e+01
-8.919802204067011075e+01
-9.833232569551122992e+01
-1.062527043921722054e+02
-1.041892105154814629e+02
-9.352392837417933436e+01
-9.274062915723226297e+01
-1.021030168182537210e+02
-1.134580822013481765e+02
-1.313696486897628120e+02
-1.425868961547311642e+02
-1.460720887505654844e+02
-1.521266416391416669e+02
-1.577090013020453796e+02
-1.567499239474410615e+02
-1.497342314030506714e+02
-1.372833370490312461e+02
-1.178939501739409650e+02
-9.739295983798599821e+01
-7.571951473510505082e+01
-4.861400208432856829e+01
-1.716993085798373286e+01
1.828970240159736704e+01
5.830661039255043221e+01
1.023944415832339843e+02
1.506711136074571300e+02
2.046910028487606041e+02
2.645697386178509873e+02
3.297481857337389215e+02
4.006765315525184974e+02
4.471039738927200347e+02
4.660218593307104697e+02
4.720258362710153506e+02
4.564305585998956758e+02
4.365928079284136629e+02
4.133047217223875123e+02
3.700382849801098928e+02
3.100171636536242090e+02
2.552161891958236026e+02
2.051322654747286265e+02
1.509971950695355076e+02
9.793892502376345988e+01
2.823391445253292886e+01
-5.950219598423105793e+01
-1.524639152846488628e+02
-2.548624410203078128e+02
-3.333892767803750985e+02
-3.834864398822636531e+02
-4.239844792487684799e+02
-4.450649234988846956e+02
-4.631284199453305064e+02
-4.793400483923774686e+02
-4.766318535495697688e+02
-4.580640811702848509e+02
-4.526386272659108272e+02
-4.603480729809481886e+02
-4.689473185650539335e+02
-4.854543581580704199e+02
-4.880489329519997455e+02
-4.750496700231574891e+02
-4.629362443063683372e+02
-4.466430992374871494e+02
-4.257910639302650679e+02
-4.020011413045594963e+02
-3.716747249574610805e+02
-3.350264536045723958e+02
-2.959284619228952238e+02
-2.539660399616414850e+02
-2.073717140909809302e+02
-1.568239517016332059e+02
-9.614372642328106622e+01
-2.456670502974659698e+01
5.457113073110361512e+01
1.430657898721491392e+02
2.380911726764945797e+02
3.394793387618520342e+02
4.502733538511393476e+02
5.699798935212710376e+02
6.548538258585912217e+02
7.009576113749205888e+02
7.285712040253746409e+02
7.252328391166672645e+02
7.169527664460316601e+02
7.048130789465702719e+02
6.645599969821112154e+02
6.010429528225249669e+02
5.446476593756133298e+02
4.945084352147940194e+02
4.387488881707193968e+02
3.844062577562295360e+02
3.065436003280507862e+02
2.032337433561377793e+02
9.232643854314486020e+01
-3.211711286140793220e+01
-1.240507650952097976e+02
-1.771996049306560224e+02
-2.177106858529278384e+02
-2.320429732730053445e+02
-2.428705004111261587e+02
-2.518559986146152312e+02
-2.354615139409295068e+02
-1.979550761448405751e+02
-1.794701984017753205e+02
-1.800406288888100903e+02
-1.827799625950855784e+02
-1.974325337652363146e+02
-1.938872378368309342e+02
-1.698631492877694313e+02
-1.481795425339516044e+02
-1.218793384578764716e+02
-1.044774043783841933e+02
-9.969825030338557781e+01
-9.607064061049636905e+01
-9.801211077199798183e+01
-1.029104914575246710e+02
-1.099673197797725237e+02
-1.245255056568132517e+02
-1.461494915821380971e+02
-1.563101697417629055e+02
-1.543151135302244370e+02
-1.489292150508317718e+02
-1.354379310027531744e+02
-1.260551584605434954e+02
-1.217779966455649685e+02
-1.126236463774765184e+02
-1.013452462024127811e+02
-9.047584617343846958e+01
-7.908972372707364684e+01
-6.792659591024472832e+01
-5.737239435735946813e+01
-4.359540541161499760e+01
-2.658641609421928109e+01
-8.507266487316705650e+00
1.148272139359202981e+01
3.127867688388695555e+01
5.053692756438824318e+01
7.089797602599773541e+01
9.178243339888723540e+01
1.138652379122004277e+02
1.373301556360046334e+02
1.613672475655586993e+02
1.861607804624530900e+02
2.013414990606320600e+02
2.057282485924960724e+02
2.042983453847251383e+02
1.939879193272071802e+02
1.805830678208102995e+02
1.642749121701835406e+02
1.393439023296964479e+02
1.067937435803827668e+02
7.460146749823809387e+01
4.256371920992177849e+01
7.329059659800727822e+00
-2.927785372591951329e+01
-7.371170960560152707e+01
-1.265464584385818370e+02
-1.831933572802450954e+02
-2.452355483231672792e+02
-2.875290353518112738e+02
-3.071268066767209461e+02
-3.170491828302782551e+02
-3.099696006314840133e+02
-2.994080381784266933e+02
-2.860972489251122397e+02
-2.566420840611259564e+02
-2.135401888708172748e+02
-1.768036354623610009e+02
-1.461899993416144241e+02
-1.134494812525840928e+02
-8.332764423162893763e+01
-4.020243870873612479e+01
1.715474758337937189e+01
7.723514049085856925e+01
1.437222094959955143e+02
1.944939400289177911e+02
2.261996798681844041e+02
2.519926758673994698e+02
2.652748302528289059e+02
2.762561598538442240e+02
2.857629363624233747e+02
2.827208810509224008e+02
2.690241523876278507e+02
2.651229521434412391e+02
2.711316170638729091e+02
2.782508378198974128e+02
2.914683263310676011e+02
2.956927083284201103e+02
2.897502443340634954e+02
2.851672655775427643e+02
2.784535237505539840e+02
2.690381130879463285e+02
2.580535232574682141e+02
2.431862296056936827e+02
2.245231685621720885e+02
2.049748089799839192e+02
1.842929187260202184e+02
1.611030542007723909e+02
1.359432377523976641e+02
1.047058455532405361e+02
6.687765193417841658e+01
2.475262591709003601e+01
-2.285422688796399271e+01
-7.409129149843032280e+01
-1.288234298355224610e+02
-1.890409698522616111e+02
-2.544064011677700421e+02
-3.046007150308971063e+02
-3.378924916112525239e+02
-3.636482521202710245e+02
-3.761248292854029955e+02
-3.875664715114107821e+02
-3.985078487799244158e+02
-3.976695250084151212e+02
-3.873686392270726628e+02
-3.814840189300434190e+02
-3.796238306597587098e+02
-3.764591976581842800e+02
-3.752210025587668838e+02
-3.645070091500722356e+02
-3.434722182806577848e+02
-3.203082982485071284e+02
-2.923241078655681804e+02
-2.654741593699454256e+02
-2.410973345603591440e+02
-2.143344453545129227e+02
-1.869967866072493621e+02
-1.574038618563473051e+02
-1.251131786724946835e+02
-9.254327332122053917e+01
-5.930226613354916054e+01
-1.792807285077723378e+01
3.191227769466438602e+01
8.692090966040919398e+01
1.490611702410270141e+02
2.134812989833249617e+02
2.798911447004057322e+02
3.523961037825001767e+02
4.299815210410899340e+02
4.828846963274858126e+02
5.086026026631766399e+02
5.204117128737821076e+02
5.098489162184908992e+02
4.950562896182880195e+02
4.766864698413214114e+02
4.380070393817874788e+02
3.823717459641193273e+02
3.297350239608990137e+02
2.793962046183030452e+02
2.236249723816495134e+02
1.669822095444279455e+02
9.278461591658451368e+01
-2.862281844739307246e-01
-1.004487714200182040e+02
-2.117160520348095929e+02
-2.913756194217972393e+02
-3.340729340439721682e+02
-3.629394800254306688e+02
-3.654960464175886159e+02
-3.638323971348128794e+02
-3.593524769381348278e+02
-3.297506348431653009e+02
-2.791589677445498410e+02
-2.429795217755267061e+02
-2.210155480940416908e+02
-1.985618152199307360e+02
-1.841211653677502511e+02
-1.505960472363310032e+02
-9.590939080198447186e+01
-4.031963007377529351e+01
2.248873721084956046e+01
7.002201260916511671e+01
9.797511053591406949e+01
1.216059548711771612e+02
1.340054694814724883e+02
1.435989845634044570e+02
1.513986635545259105e+02
1.469269895314550070e+02
1.317302369104574211e+02
1.298662621833958326e+02
1.417984168365264566e+02
1.567630553357236636e+02
1.807415460110314314e+02
1.967892406414435129e+02
2.035729504463842829e+02
2.144075548849775714e+02
2.254213929914535015e+02
2.297029110397169234e+02
2.280091883583619961e+02
2.207767870269272521e+02
2.063640154715903634e+02
1.918029017646480270e+02
1.770383363335355682e+02
1.571145474427446516e+02
1.333886208679382435e+02
1.056154657810990898e+02
7.315004957880979930e+01
3.694809311970814747e+01
-3.266292796752792160e+00
-4.889462670783652953e+01
-9.999988455345496163e+01
-1.562278924464274610e+02
-2.179842588522162714e+02
-2.628034971608605588e+02
-2.885080010758393314e+02
-3.060226629838583108e+02
-3.089418373485728466e+02
-3.102023217719714694e+02
-3.104492035522211495e+02
-2.974594554933308928e+02
-2.736800150667569369e+02
-2.553541478560096039e+02
-2.421476036004006858e+02
-2.276625021122174530e+02
-2.157222858202800353e+02
-1.932933025763623505e+02
-1.594031272375692367e+02
-1.235422236585116877e+02
-8.264972389826191090e+01
-5.033845759506978368e+01
-2.888347751273969877e+01
-9.583090080680037204e+00
3.480041826583498477e+00
1.606198500769806969e+01
2.876496383758306408e+01
3.504040440941258794e+01
3.598584976345998854e+01
4.505559293285580935e+01
6.244975487467613107e+01
8.232422676009012719e+01
1.080191853398076205e+02
1.298938588316729579e+02
1.472294783322816727e+02
1.675572850432773180e+02
1.886896853407422725e+02
2.025303917426070086e+02
2.090796074476263584e+02
2.105504847608711714e+02
2.047973982723165420e+02
1.982170971705378975e+02
1.908656070640426492e+02
1.776175389732691485e+02
1.596743774744891198e+02
1.399734273560269173e+02
1.180659748859396103e+02
9.323982988579271591e+01
6.604564328657212968e+01
3.318222905225286468e+01
-5.596732315716634432e+00
-4.830428405131294767e+01
-9.577781979642584531e+01
-1.293365963481741687e+02
-1.469888917970006617e+02
-1.581879117362649367e+02
-1.575649174865289694e+02
-1.555057135789613483e+02
-1.525795880370395992e+02
-1.387661746724521663e+02
-1.160274469523642011e+02
-9.858178561397228634e+01
-8.622480326231429615e+01
-7.324722288670606929e+01
-6.302666560715930899e+01
-4.436651862303815363e+01
-1.642846840822446097e+01
1.254300598211475304e+01
4.516532105019059884e+01
6.786231100097766955e+01
7.845340490055218652e+01
8.526744272446065054e+01
8.422716335780988572e+01
8.130989291874624314e+01
7.704338408925248416e+01
6.474711027373504635e+01
4.552492257799922015e+01
3.231341248304946134e+01
2.522254135238948791e+01
1.862492454927054908e+01
1.568657857625980689e+01
6.960235144628200032e+00
-8.295591567980803660e+00
-2.282508962604300606e+01
-3.881084730483152612e+01
-4.992925345083426691e+01
-5.477135629479851531e+01
-5.790109467902946960e+01
-5.730980746072309984e+01
-5.498331655110866478e+01
-5.119686732819448594e+01
-4.310964214591495391e+01
-3.105130492097748629e+01
-2.240599125221129029e+01
-1.733692251045475530e+01
-1.242118033988294101e+01
-9.487682334560078701e+00
-3.406063559669481933e+00
6.262086351359007708e+00
1.548369506701761189e+01
2.544981722451577610e+01
3.273752141464468224e+01
3.656171853717050624e+01
3.939592746727963402e+01
4.014083944525039271e+01
3.985370282935606667e+01
3.867465996495877789e+01
3.505677290111872679e+01
2.916697959138605611e+01
2.510386632743233903e+01
2.295668315952161365e+01
