2.164382256023427153e+00
2.401577339691575830e+00
2.624281668573102522e+00
2.828879845433012630e+00
3.052650263985990264e+00
3.284946826934088904e+00
3.393190692455822610e+00
3.367962560694161223e+00
3.263650357092892307e+00
3.042770873170423496e+00
2.789961023074651880e+00
2.507390029818326038e+00
2.118638539348243199e+00
1.639114123612223528e+00
1.149502302332987114e+00
6.455417657090960493e-01
9.676262562686836766e-02
-4.790417595014245244e-01
-1.152566514872284120e+00
-1.929690253848660664e+00
-2.762157406943892113e+00
-3.667381854680892950e+00
-4.355258866441726440e+00
-4.792582609764078683e+00
-5.129125982883845580e+00
-5.280725312204970656e+00
-5.404528237712223238e+00
-5.509227970170513800e+00
-5.440238859697642759e+00
-5.226852575288581271e+00
-5.097453155105174716e+00
-5.049256730229408241e+00
-4.988833040452206546e+00
-4.970440351319114214e+00
-4.815642146996956363e+00
-4.510659726301760486e+00
-4.187118457390934800e+00
-3.803110718846405280e+00
-3.471081694025858422e+00
-3.215022318472538387e+00
-2.950500883793232276e+00
-2.712149123944166629e+00
-2.463896328639320732e+00
-2.199181918438712025e+00
-1.966978916908157071e+00
-1.760053211697313991e+00
-1.445808385517267647e+00
-1.019916915372803601e+00
-5.417566867219113513e-01
2.258585908529193303e-02
5.835646003266617976e-01
1.134834032092262301e+00
1.749386128254112327e+00
2.407536267454309264e+00
3.046628770232620464e+00
3.669187145859732269e+00
4.291116084655292262e+00
4.896996756277737894e+00
5.540922465759248183e+00
6.224248341887472336e+00
6.906816104374847498e+00
7.599741716549068826e+00
8.321201977939523431e+00
9.068196137503951704e+00
9.839516967167799777e+00
1.063894298510429692e+01
1.144480045233675902e+01
1.225653652567824103e+01
1.308785935213914087e+01
1.393395385249172413e+01
1.432486330992811041e+01
1.421329111470188877e+01
1.381522723350128423e+01
1.299377401806049726e+01
1.202108729081378513e+01
1.090556360170899808e+01
9.385402316539792622e+00
7.508551216080376456e+00
5.608406819860253911e+00
3.673521853116169300e+00
1.567544935871649781e+00
-6.342857187734840529e-01
-3.208507812796071335e+00
-6.179480189303493631e+00
-9.353449889948297624e+00
-1.279853925494160016e+01
-1.538289085951556778e+01
-1.697558054115399528e+01
-1.816065736225160521e+01
-1.860894913430007236e+01
-1.893217850221294540e+01
-1.916351397977176063e+01
-1.869927101847921591e+01
-1.765281884182858008e+01
-1.691947581805441558e+01
-1.648810671060682509e+01
-1.599093411640424200e+01
-1.564031396054861389e+01
-1.473645082252948946e+01
-1.322466693326073006e+01
-1.162044517871365557e+01
-9.758971460667634545e+00
-8.161994793096765122e+00
-6.931419794757267994e+00
-5.697627250156346079e+00
-4.619583243757735325e+00
-3.508665385992655317e+00
-2.337044502967530857e+00
-1.341272861337829525e+00
-4.841867074197629961e-01
8.132305291804567959e-01
2.566645138408982785e+00
4.519783422638963266e+00
6.819461759692720726e+00
9.066912728724773274e+00
1.123360036963202724e+01
1.364024606940191475e+01
1.619839257776466468e+01
1.797283652892514993e+01
1.890559116717758670e+01
1.937261624518225744e+01
1.911292432849175071e+01
1.874034612458298810e+01
1.827209223060796717e+01
1.716564576364628181e+01
1.553529901299318716e+01
1.393287836843518868e+01
1.232885677443348627e+01
1.052266407628874312e+01
8.636989717819671952e+00
6.185527813711482636e+00
3.130530613982528632e+00
-1.944968994090180425e-01
-3.907634920581159133e+00
-6.593550164824581117e+00
-8.082015034690716249e+00
-9.129414829379189911e+00
-9.324616485855422354e+00
-9.413394496471374495e+00
-9.442543468977790511e+00
-8.669128245845124425e+00
-7.233819085524648251e+00
-6.286670641281133953e+00
-5.819872961899950070e+00
-5.360706548380472114e+00
-5.185391353429849026e+00
-4.409538910945460799e+00
-2.966586774177915053e+00
-1.516997937221122861e+00
1.447809623743888663e-01
1.218981873775458524e+00
1.558163853214457717e+00
1.690206245903270066e+00
1.370286263101027746e+00
9.101796698466887436e-01
3.437596422345138292e-01
-7.072655207015945411e-01
-2.186250321647991601e+00
-3.263645673192956398e+00
-3.926399778256135065e+00
-4.544444889447844638e+00
-4.912925285628959138e+00
-5.622601022148796091e+00
-6.720696646333268021e+00
-7.747026753094130136e+00
-8.837581393159096521e+00
-9.488386593982260919e+00
-9.598109157203071007e+00
-9.501568007497887436e+00
-9.040205089767466617e+00
-8.397776801744695874e+00
-7.592100776558680764e+00
-6.384585063877130651e+00
-4.805126270899823915e+00
-3.396684051099533086e+00
-2.166035465763813672e+00
-8.633171789424454179e-01
3.795211676435175097e-01
1.951520279252183965e+00
3.887303210212595506e+00
5.888406006276871274e+00
8.047001816416944564e+00
9.688764146861089444e+00
1.071465621006883850e+01
1.150951398289028660e+01
1.187139788662812023e+01
1.212279248116315777e+01
1.228520017634413364e+01
1.201317797937217691e+01
1.136467606804097308e+01
1.094867468981117398e+01
1.076491900576587213e+01
1.055035889945351357e+01
1.045140094065584080e+01
1.001053908682853510e+01
9.190322842820839000e+00
8.334534407946931012e+00
7.335497098233037860e+00
6.462226477076628228e+00
5.775790273437772626e+00
5.068953724771004588e+00
4.425783853562767156e+00
3.766114501309014706e+00
3.074271220325574205e+00
2.465886739596087285e+00
1.925285262665504593e+00
1.120381612754264733e+00
3.979452460308086081e-02
-1.165825308540137328e+00
-2.581411464585301019e+00
-3.984089054320594236e+00
-5.357588204996561743e+00
-6.883891964078481251e+00
-8.513790944608443212e+00
-9.790155859582394982e+00
-1.068820865152327571e+01
-1.138801738086274540e+01
-1.176338894877812891e+01
-1.212099088952124681e+01
-1.246982855575262050e+01
-1.254333947802565774e+01
-1.239950958555257898e+01
-1.229840868654341790e+01
-1.222545815502785871e+01
-1.208946968633984653e+01
-1.194842063233431340e+01
-1.157094872698622545e+01
-1.094003549697691469e+01
-1.021439494668766912e+01
-9.338372923902438671e+00
-8.519440848461107052e+00
-7.790986458205114928e+00
-7.011687620301800372e+00
-6.241724449666481433e+00
-5.393706908138717893e+00
-4.454824221176775900e+00
-3.520933168709388106e+00
-2.572828834577997270e+00
-1.399189726741802975e+00
6.367888434241172901e-03
1.555903605758629071e+00
3.304215302737628424e+00
5.106067503062991619e+00
6.953369603852892489e+00
8.965327849327769272e+00
1.111134593989878283e+01
1.271640022533160952e+01
1.372665268876316524e+01
1.443795140552000511e+01
1.465913236628997396e+01
1.480840570860195271e+01
1.490036977086010950e+01
1.455307671387340562e+01
1.384415083723944484e+01
1.321832495153300613e+01
1.265909299344542482e+01
1.199619008299155354e+01
1.133109963791618391e+01
1.028948391091969228e+01
8.842132434440935995e+00
7.252726376380128848e+00
5.431325512729886285e+00
3.958322787755347960e+00
2.914843998568727557e+00
1.958631511018391391e+00
1.259524565722487388e+00
5.381189740109294517e-01
-2.298318861778598232e-01
-7.529884341721990726e-01
-1.085817338740299620e+00
-1.750811672640113725e+00
-2.752142562780678148e+00
-3.871321478836720065e+00
-5.237425798235419983e+00
-6.466193685558280002e+00
-7.530543982266540759e+00
-8.727350361717633120e+00
-9.969786850531232147e+00
-1.082341259320419447e+01
-1.127608745687611957e+01
-1.146849750295715431e+01
-1.128224289030292127e+01
-1.103595254244116397e+01
-1.073383319034365257e+01
-1.010944919701451461e+01
-9.221779211033704016e+00
-8.272027212764623272e+00
-7.239936479003736380e+00
-6.062085647991012571e+00
-4.779591699223850298e+00
-3.192221858566766102e+00
-1.284079803149342336e+00
8.170560548219754082e-01
3.161420541757404390e+00
4.870867289744825968e+00
5.848517269896674087e+00
6.547122049532738686e+00
6.713814714340371026e+00
6.829858502441443768e+00
6.923219180422200303e+00
6.526114894227439400e+00
5.729821706247806290e+00
5.217846174856719088e+00
4.982563876862037056e+00
4.748118178509199261e+00
4.677849509483911206e+00
4.238507527096970762e+00
3.390568956679782087e+00
2.529350773962939503e+00
1.530813521263728827e+00
7.563220254535928389e-01
2.814897230981760479e-01
-1.558898682624927090e-01
-4.439391282140711104e-01
-7.024320525810174853e-01
-9.500220875838206736e-01
-1.025855954782433299e+00
-9.524938868598886721e-01
-1.141495543458499906e+00
-1.603791060773249066e+00
-2.153640049311528859e+00
-2.894734947361553790e+00
-3.544212511320339765e+00
-4.080455301323377526e+00
-4.729861722870928986e+00
-5.428766286206729852e+00
-5.841489092880483014e+00
-5.959731235821086770e+00
-5.895549966973349321e+00
-5.558580502363462017e+00
-5.194940466468157325e+00
-4.809501787405638495e+00
-4.198382770463815028e+00
-3.408313342148541203e+00
-2.593335601379029853e+00
-1.738944240015410037e+00
-7.987032176893523738e-01
1.950453940557742294e-01
1.393720008035437496e+00
2.808164084403978134e+00
4.339960224131154121e+00
6.026183337472992285e+00
7.200058645990669248e+00
7.786968623226287356e+00
8.129043492560493078e+00
8.033460528286276769e+00
7.863717178486443693e+00
7.639871282275147557e+00
7.006271860604844193e+00
6.030927629131274337e+00
5.230727631620193385e+00
4.598742466644243798e+00
3.924730543032398877e+00
3.331336796472246675e+00
2.413267525554073867e+00
1.139412679601491174e+00
-1.917739831586847965e-01
-1.675453888785750189e+00
-2.734700140309858085e+00
-3.282047012248361373e+00
-3.659557799096722519e+00
-3.694970604469410613e+00
-3.654253620172932315e+00
-3.558542565324561480e+00
-3.118803729237820122e+00
-2.384083473864561764e+00
-1.885500129529942059e+00
-1.625525491592191507e+00
-1.375202116785374518e+00
-1.263732697799191840e+00
-8.982717222063262286e-01
-2.479088079583961768e-01
3.881148706502376422e-01
1.100969506887335525e+00
1.539168391722679718e+00
1.635944121134823570e+00
1.623290489172700024e+00
1.392526370993397045e+00
1.078214709941743177e+00
6.942794133629057729e-01
7.401032247250272089e-02
-7.590337786134476739e-01
-1.434825533345796211e+00
-1.948002073520480604e+00
-2.465459129922234371e+00
-2.896353408026520970e+00
-3.504909571467502705e+00
-4.313120585076775981e+00
-5.116344011170435024e+00
-5.976057439763103218e+00
-6.513012059441237511e+00
-6.666795216940842650e+00
-6.660138657070590718e+00
-6.377872553719238446e+00
-5.991596436190793185e+00
-5.513037856022052985e+00
-4.750664729981576961e+00
-3.734327231881170217e+00
-2.818601849005619719e+00
-2.003779829149529235e+00
-1.133464781922055575e+00
-2.926400001331077583e-01
7.832861837531632787e-01
2.116972421118086700e+00
3.509759503712543083e+00
5.024493138888115773e+00
6.120971948602986323e+00
6.724706801394328970e+00
7.136183204235025279e+00
7.195084205332696214e+00
7.168811895379740839e+00
7.074386748702637284e+00
6.632310937253793170e+00
5.891217320592582851e+00
5.320832239239178918e+00
4.919560244331194987e+00
4.487237030085036160e+00
4.136455397628964192e+00
3.510817896131803284e+00
2.581588788315662519e+00
1.615318417859305411e+00
5.281801533723332609e-01
-3.129174033708452818e-01
-8.445086153939140861e-01
-1.301606331483350809e+00
-1.573056012790656322e+00
-1.811567401692262713e+00
-2.032521050217919178e+00
-2.058945781053964197e+00
-1.919155641275943625e+00
-1.983409530562142864e+00
-2.256992607705196718e+00
-2.577154093060955553e+00
-3.035403351814080164e+00
-3.366155841310158880e+00
-3.548818564457340674e+00
-3.789996420609266004e+00
-4.028861139692772042e+00
-4.089576737250093963e+00
-3.976405823513319060e+00
-3.727341562745817960e+00
-3.296564256000149129e+00
-2.832121668852190854e+00
-2.333982200735204682e+00
-1.686838181849236840e+00
-9.182573437295633578e-01
-7.393942306124604014e-02
8.580612551520013787e-01
1.883869173457897617e+00
2.996830092255403422e+00
4.260119968293721193e+00
5.678715325913941570e+00
7.218592956015607243e+00
8.896518709483448362e+00
1.000902556940737398e+01
1.048394414812595876e+01
1.066534434023408906e+01
1.035076429709751267e+01
9.939176169062513111e+00
9.449448898467359470e+00
8.499090446438843927e+00
7.162184277021693468e+00
5.958307662574438446e+00
4.876682608225408444e+00
3.708746384802859453e+00
2.576155876057256044e+00
1.062530830976256446e+00
-8.646491943500284050e-01
-2.903358524657319695e+00
-5.152353154924441014e+00
-6.860771900161926062e+00
-7.924357935894730254e+00
-8.770332048433218119e+00
-9.176957042557308597e+00
-9.510814810553357646e+00
-9.798314328636799075e+00
-9.655804937030136870e+00
-9.151571409971149151e+00
-8.944567792934106976e+00
-9.035076741719755944e+00
-9.144025578666049370e+00
-9.430983007149643882e+00
-9.401336644093865047e+00
-9.016850006428708042e+00
-8.651506330185060989e+00
-8.190477688692260116e+00
-7.657991441254231368e+00
-7.094282659581858219e+00
-6.402470975474649606e+00
-5.597051119496429195e+00
-4.747123382701651906e+00
-3.842720247851528548e+00
-2.861986278931703431e+00
-1.817052719367165725e+00
-5.439678996438870318e-01
9.738192232493620981e-01
2.650777204027289446e+00
4.533010775430905248e+00
6.536771478429781901e+00
8.656483650705132149e+00
1.097494113152438899e+01
1.347609569129960327e+01
1.511304542016838681e+01
1.579186499846203340e+01
1.599416331743169373e+01
1.542130369925512312e+01
1.469704555914332644e+01
1.384615514595253138e+01
1.228666741357148595e+01
1.013417890186029169e+01
8.111041743657873226e+00
6.195298271857332395e+00
4.104034616636026200e+00
2.003714148032228692e+00
-7.013066863717652977e-01
-4.057832818054427193e+00
-7.641493192184971583e+00
-1.159486198560441395e+01
-1.432064428624704711e+01
-1.561875994624378450e+01
-1.634750454543568665e+01
-1.603925255135067118e+01
-1.552190415653984168e+01
-1.484572437824538760e+01
-1.317371333683601087e+01
-1.065929529371086382e+01
-8.618698171196456315e+00
-7.042242845954834962e+00
-5.381523086088733088e+00
-3.951139657281926176e+00
-1.738907503330125115e+00
1.334334202570726102e+00
4.515606604317625283e+00
8.042237051769994594e+00
1.051174120749190166e+01
1.170736844298426149e+01
1.246430002623633904e+01
1.236207239722974904e+01
1.204042857549360868e+01
1.154990845872657168e+01
1.018886788401440846e+01
8.074167319544613974e+00
6.509694194116582899e+00
5.501657413416197073e+00
4.484786570390040694e+00
3.775861691060755643e+00
2.411320559666599639e+00
3.142465538781904488e-01
-1.782022111255995300e+00
-4.101804081402081970e+00
-5.759981937230486793e+00
-6.591049693270142562e+00
-7.175877070442104433e+00
-7.241695181359265376e+00
-7.133043220920243677e+00
-6.885273454948516836e+00
-6.076982416759126870e+00
-4.769133951890111689e+00
-3.887878644665615280e+00
-3.446639561879622171e+00
-3.029479672009255609e+00
-2.864049211582822885e+00
-2.288501881667893034e+00
-1.248398492609018140e+00
-2.567493518175433254e-01
8.400208722017655782e-01
1.700238710617613336e+00
2.234808314579168620e+00
2.716670153496002271e+00
3.034248723004254966e+00
3.268566325047501664e+00
3.436853161448635063e+00
3.395700741406039391e+00
3.157788115796939632e+00
3.174064888213364632e+00
3.458711997252612580e+00
3.798495565584302458e+00
4.306735743715528031e+00
4.679918513462726359e+00
4.892222962605106140e+00
5.187423917755288549e+00
5.495892562489532729e+00
5.642694917837984825e+00
5.637361628325375129e+00
5.511672272759486901e+00
5.222020511207228211e+00
4.924544189020587659e+00
4.619804737634165548e+00
4.191348696553792053e+00
3.669337071925836469e+00
3.080724532658736248e+00
2.412820591578362261e+00
1.671168872195334831e+00
8.580567246727344166e-01
-7.781696761760686920e-02
-1.139455625660541038e+00
-2.301866161373622433e+00
-3.578485772365743056e+00
-4.613547316738569215e+00
-5.371216542920191017e+00
-6.030151935562228616e+00
-6.489047289514516592e+00
-6.949007916101399118e+00
-7.421463003781935797e+00
-7.715300627220048391e+00
-7.869165088040809053e+00
-8.147740072358072183e+00
-8.547183837945290463e+00
-8.963145779502116994e+00
-9.458777594881942363e+00
-9.825217222464956990e+00
-1.004751204197713399e+01
-1.027991718759622941e+01
-1.047405239831132207e+01
-1.041976745489979628e+01
-1.011045548594542964e+01
-9.608044565606336462e+00
-8.853918814752905320e+00
-8.002553545774752308e+00
-7.053500051797664483e+00
-5.875186440094757323e+00
-4.494484266746309409e+00
-3.003494087922896849e+00
-1.390064151375530743e+00
3.767730492709431833e-01
2.280043606039649173e+00
4.417205243071758325e+00
6.797861307610759241e+00
9.363725923814012475e+00
1.214085578124424458e+01
1.414230309251507300e+01
1.526541968858314036e+01
1.599482567455792648e+01
1.604598747007506176e+01
1.597696058782565309e+01
1.581423584043129971e+01
1.502143057536929938e+01
1.370202010138573279e+01
1.259251619499143615e+01
1.167838144789493882e+01
1.066298600659819940e+01
9.719030988855907438e+00
8.257913696481438137e+00
6.233602286702553563e+00
4.073749604355831444e+00
1.638823744422791773e+00
-2.040666397507697183e-01
-1.327308571976050899e+00
-2.243833646264859372e+00
-2.696647136194497030e+00
-3.092478232142895411e+00
-3.464747474825700113e+00
-3.378510487715396859e+00
-2.910420152595416532e+00
-2.853007499261155377e+00
-3.210999637116713767e+00
-3.646539036291148506e+00
-4.353563133793561413e+00
-4.747181778638947414e+00
-4.783169138990799318e+00
-4.909466472520765734e+00
-4.991679334604354423e+00
-5.101065555746341573e+00
-5.292028820720368287e+00
-5.432662822708976158e+00
-5.554240905974049625e+00
-5.717914946206349214e+00
-5.913287415899596944e+00
-6.139077755191570951e+00
-6.407830177011747175e+00
-6.495665796149874716e+00
-6.385857018784524719e+00
-6.195224610304292057e+00
-5.863979104737340187e+00
-5.519093606286416431e+00
-5.171563999316903804e+00
-4.707150802428483161e+00
-4.153262020680146271e+00
-3.666338664205412545e+00
-3.246549868269487327e+00
-2.838038991303732494e+00
-2.480332396486093494e+00
-2.054389185000824458e+00
-1.554826329934691165e+00
-1.074538427021153764e+00
-5.884163545806558870e-01
-2.906913190725006479e-02
5.989292693261879519e-01
1.280671325337320532e+00
2.032087954402139740e+00
2.789695239868310139e+00
3.551649142494897937e+00
4.362837831451195747e+00
5.209740634746101939e+00
5.859669466276936411e+00
6.293478984496009510e+00
6.610470342203791816e+00
6.743999790282333429e+00
6.839043519194262011e+00
6.899511681221199844e+00
6.792023720521231489e+00
6.542715002924659018e+00
6.306580370427437465e+00
6.077214751601836440e+00
5.793974960868068180e+00
5.491680656270798266e+00
5.038545578423432758e+00
4.423544245675500086e+00
3.738261654638198372e+00
2.950441223331954355e+00
2.283349811627345183e+00
1.766775597939035158e+00
1.270384881038489233e+00
8.589465143190520013e-01
4.219473908771856352e-01
-5.026698466975395435e-02
-4.449300989624385139e-01
-7.839865765723075253e-01
-1.266140674870985805e+00
-1.893147612214399755e+00
-2.583123990164078787e+00
-3.385435269950993753e+00
-4.153965809081505256e+00
-4.878923626029015637e+00
-5.673718179993373134e+00
-6.505689161826256672e+00
-7.054059207689443944e+00
-7.298570598031675516e+00
-7.366011106697603061e+00
-7.166321590053779111e+00
-6.910398715599615826e+00
-6.603248655810849854e+00
-6.057634074876805386e+00
-5.312200980474614198e+00
-4.555863692812706311e+00
-3.777774664509439440e+00
-2.908343737539611062e+00
-1.989033844663956607e+00
-8.518933850453587198e-01
5.167528832389496340e-01
2.002928283655013963e+00
3.647943136759491001e+00
4.776629150976980931e+00
5.311682658836853754e+00
5.602330567542531448e+00
5.452787101472506670e+00
5.228433749635980732e+00
4.949701081118536905e+00
4.257173683030564426e+00
3.219077988929551104e+00
2.367165286318295259e+00
1.695120473918920290e+00
9.855446676867776201e-01
3.648788217466669703e-01
-5.819761497269568817e-01
-1.886955633610089667e+00
-3.243584947945203467e+00
-4.749248731346865426e+00
-5.675016110073030973e+00
-5.916829542877112047e+00
-5.889362045282388713e+00
-5.375792052248533182e+00
-4.727156992640837885e+00
-3.967555937029885182e+00
-2.724483728826911033e+00
-1.061917187784067185e+00
3.768752141128553501e-01
1.592659647081594354e+00
2.860955767657982651e+00
4.027028997501863827e+00
5.575233232416923812e+00
7.544556882200207149e+00
9.571020244276633449e+00
1.176825222175930108e+01
1.317061542701059551e+01
1.364313314773276886e+01
1.372288017561421292e+01
1.312229504963364413e+01
1.231514403537016378e+01
1.133075380125590748e+01
9.670010216292693528e+00
7.418039813839744312e+00
5.413078056612779854e+00
3.651186239281952073e+00
1.773031072923355156e+00
-2.138229422132711943e-02
-2.369690280425222451e+00
-5.324514988392302861e+00
-8.410978002469896353e+00
-1.178001838704254922e+01
-1.413334714509387702e+01
-1.529252040729558004e+01
-1.597961072148778605e+01
-1.580963714231098116e+01
-1.542515289205364581e+01
-1.486723252018253838e+01
-1.346465076770048519e+01
-1.133442189277743140e+01
-9.600972488424334372e+00
-8.260231258818230060e+00
-6.833485577255924426e+00
-5.590187910252972792e+00
-3.676754300723059643e+00
-1.024422830422608399e+00
1.728600285241905121e+00
4.783077150740737693e+00
6.973319298289539780e+00
8.117837881969023783e+00
8.913617200703534138e+00
9.010874820571514121e+00
8.939551872451810155e+00
8.742023217857262551e+00
7.835738372449335465e+00
6.317585561345810952e+00
5.279834290294648014e+00
4.728578712826776886e+00
4.189883144669633630e+00
3.929536007553719568e+00
3.142176490100844877e+00
1.763725297237529244e+00
4.082417822623968240e-01
-1.111481577619352512e+00
-2.190264090510380512e+00
-2.703143662639801992e+00
-3.072183606679621093e+00
-3.108273419474687493e+00
-3.021605809468964843e+00
-2.838700130165738411e+00
-2.281608046381768506e+00
-1.387154225993757706e+00
-8.328096298017073629e-01
-6.324996172052382848e-01
-4.774892982588901935e-01
-5.358262709432091153e-01
-3.332703154491155617e-01
1.691819896225867093e-01
5.990176285041753923e-01
1.065544051827425287e+00
1.372049713950118655e+00
1.457845002222591946e+00
1.494485280849657816e+00
1.414819961797917358e+00
1.246860956700150957e+00
1.000563321281377149e+00
5.990195500885683311e-01
4.476613866757703231e-02
-3.722950886122421421e-01
-6.420101881017916678e-01
-9.059255268006214390e-01
-1.091317158117779407e+00
-1.390081646440550545e+00
-1.819764324750695828e+00
-2.225733193073819560e+00
-2.652605289899684138e+00
-2.943302933890523221e+00
-3.064500858570290198e+00
-3.122054830710126794e+00
-3.065809359218867325e+00
-2.951043093662104155e+00
-2.783025116951598488e+00
-2.487369125639754763e+00
-2.072635077329480158e+00
-1.716252245368217855e+00
-1.420725221206680766e+00
-1.103423407563788983e+00
-8.074744095674802891e-01
-4.063667111628906370e-01
1.114067363105947922e-01
6.486763664505477145e-01
1.235535612948073902e+00
1.592894582734355469e+00
1.682439800309070144e+00
1.657436348464716103e+00
1.434842468050367303e+00
1.153911352439720872e+00
8.228796031201196515e-01
2.963404877438028939e-01
-4.007019415901442172e-01
-1.026814381256069941e+00
-1.583327045802035205e+00
-2.173454496841003447e+00
-2.739650353984343756e+00
-3.466190259306026089e+00
-4.368258555533529375e+00
-5.308853861022156728e+00
-6.331620115936952509e+00
-6.771425100175911815e+00
-6.546934682273017891e+00
-6.002394813164459997e+00
-4.942133141153891351e+00
-3.717817024163970530e+00
-2.346946372105842116e+00
-4.751926203299675633e-01
1.834210477454617072e+00
4.048604546639187340e+00
6.175765562656873264e+00
8.439042148054742398e+00
1.071341396109607480e+01
1.341660410662531611e+01
1.658336579060148352e+01
1.990872589259318559e+01
2.349263270776182466e+01
2.572526669153383239e+01
2.641391242227944147e+01
2.638863187896571461e+01
2.517761684593837757e+01
2.363959583499984518e+01
2.181803415168049654e+01
1.885416599887057032e+01
1.490375933789453811e+01
1.124665826044351391e+01
7.864352038943606793e+00
4.223785849967619299e+00
6.259972270402394123e-01
-3.933149896094321640e+00
-9.535819980532446394e+00
-1.544775514586468113e+01
-2.190828706473311271e+01
-2.651612816633587144e+01
-2.895825646152587041e+01
-3.054217027384364513e+01
-3.056080834078149522e+01
-3.023645435170937290e+01
-2.964432150540108424e+01
-2.753204940651182042e+01
-2.412424077010156864e+01
-2.144240089628609169e+01
-1.947458253066059441e+01
-1.737022925878693513e+01
-1.561281806065547073e+01
-1.265563395211323439e+01
-8.375883221536296830e+00
-3.926080546898952583e+00
1.057155051729063322e+00
4.791795446051086316e+00
6.983758794994602503e+00
8.741401749594682968e+00
9.527521643003664664e+00
1.011382079755014551e+01
1.057097448417092167e+01
1.002646613967482736e+01
8.622727592361711046e+00
8.097601962140135612e+00
8.469506339153658914e+00
8.979265295475718389e+00
1.005366568277235828e+01
1.043150929446683328e+01
1.001410947982977362e+01
9.774399419669924427e+00
9.421809522574571716e+00
9.016429011129218907e+00
8.667318768569739262e+00
8.133264988532262763e+00
7.455143138609430231e+00
6.818907709272073348e+00
6.204311446508683936e+00
5.557554899737396248e+00
4.915637026308266933e+00
3.854303410801464214e+00
2.334951853186254311e+00
5.867264101515197172e-01
-1.506204182492654642e+00
-3.719599806051398172e+00
-6.033888328684277269e+00
-8.660984418785213634e+00
-1.155391423662526051e+01
-1.348972204016341436e+01
-1.437432808588481237e+01
-1.475188309667389319e+01
-1.427925271406228269e+01
-1.371332185027702444e+01
-1.308473166992911096e+01
-1.170731274738051653e+01
-9.724612516548637231e+00
-7.931249037471062913e+00
-6.299660783144607201e+00
-4.531491809865395126e+00
-2.809993296755295855e+00
-4.700029601787014677e-01
2.537458072045362556e+00
5.739600419452362878e+00
9.293998489574907040e+00
1.179770709373898008e+01
1.306571317756922923e+01
1.387618348041111815e+01
1.381708881683325352e+01
1.359267763512714566e+01
1.325039380722531490e+01
1.206598514106364561e+01
1.017071620325081227e+01
8.754543680242894865e+00
7.813675256934139668e+00
6.848761834173098251e+00
6.146342982862559090e+00
4.803196570079097505e+00
2.749416129429289590e+00
6.630452088378482323e-01
-1.666379740614572613e+00
-3.366587245071275714e+00
-4.280692257662442657e+00
-4.974217138234457991e+00
-5.180699054661709546e+00
-5.250250467949961752e+00
-5.218481875581296059e+00
-4.668030745296457340e+00
-3.662278832521405292e+00
-3.093023005113303192e+00
-2.972675576718077917e+00
-2.904728854571466012e+00
-3.108723418404323091e+00
-2.945588540971723734e+00
-2.364012160599080037e+00
-1.859652176061047379e+00
-1.284951516028520091e+00
-8.640937947531333041e-01
-6.727862801142180382e-01
-4.980131025915223719e-01
-4.171752198335094697e-01
-4.138273460257653746e-01
-4.741024995868139968e-01
-6.781738302552109410e-01
-1.025328559585946042e+00
-1.158388669540176386e+00
-1.062052337014389725e+00
