-3.401274854329346908e+01
-1.643381800808680993e+01
-1.136448077900467757e+00
2.402597582189041248e+01
2.871572812255528362e+01
8.176903570733466964e+00
-4.396889644619372817e+00
-1.625956302666046227e+01
-1.809189979074072241e+01
-3.971953911204758825e+00
3.701731116788610443e+00
8.283674832006497013e+00
9.875067513740116709e+00
4.383863045289331239e+00
-2.883221670279496607e-01
-5.479275923595707809e+00
-2.914045393026675868e+00
9.526167365192458547e+00
8.098133671029057012e+00
-6.172117783083602482e+00
-2.596684456408515018e+01
-5.651574343663455124e+01
-3.896578328976553252e+01
3.185974436363515139e+01
9.527942613877790734e+01
1.642812466368305309e+02
9.121902288501684097e+01
-1.484945044526039908e+02
-2.232329581822659463e+02
-1.537365350881885888e+02
-3.563061196128872155e+01
2.013813918673287162e+02
2.340180314918960391e+02
4.129644211144228194e+01
-5.342557819327696933e+01
-1.163544600124457702e+02
-1.117757279494805971e+02
1.603983165821182766e+01
5.668296314729980878e+01
2.726095424464492822e+01
1.762268212953478397e+01
-9.732510392974511149e+00
-1.621170024169252954e+01
6.780379135119190437e+00
9.396276109355028439e-02
-2.834779119816785808e+01
-1.823488239551103973e+01
2.494927323017903831e+01
3.513867969827529691e+01
1.970131353926045392e+01
4.446590498577796424e+00
-2.256599211494831181e+01
-3.738810950143791700e+01
-3.678024209335364247e+01
-1.420423818554197659e+01
3.903436796861928570e+01
5.474154547617248312e+01
3.284123105395523368e+01
4.906123724417851051e+00
-4.460186815847907837e+01
-5.168858442098566286e+01
-9.768820456184695189e+00
1.122054504432370159e+01
2.508723963854557226e+01
1.989358926114738679e+01
-1.704500669851982408e+01
-2.096483810599748310e+01
4.849702549750211311e+00
2.803525277429515228e+01
6.098538210414027816e+01
4.245996320125689749e+01
-3.601270505276067979e+01
-9.498952857116276505e+01
-1.477471709060513660e+02
-7.643310746119858834e+01
1.454240711743564134e+02
1.973642602227749876e+02
9.397419531488209543e+01
9.672394625905091914e-01
-1.450270097571664394e+02
-1.599603896878308831e+02
-1.383817438412709677e+01
4.813969839180292354e+01
6.659521348212511782e+01
6.204783317367292739e+01
-7.678838645740790447e+00
-3.183831833197644201e+01
-1.545673974347551116e+01
-1.217887702824547347e+01
-1.242691766828680988e+00
5.396603510725746844e+00
3.058524200653612191e+00
7.891881797418277777e+00
1.648826667059715234e+01
8.668405550844596519e+00
-1.527047157982782899e+01
-2.089589983696630071e+01
-1.031599874388339444e+01
-5.793129697936677536e-01
1.503708119271932198e+01
1.479644105256223341e+01
-4.587427936283172691e+00
-1.037460861781279498e+01
-6.862376690881364816e+00
3.804975667799334715e+00
2.799594505400552080e+01
2.035804508451459682e+01
-2.094441334329051685e+01
-2.838869602472098208e+01
-8.510640434308818669e+00
6.228444100830593300e+00
2.763124583127420664e+01
1.023300863168682184e+01
-5.332824923253962623e+01
-4.376794082239855754e+01
3.477264912393121676e+01
5.230051757548068281e+01
2.622213958071238338e+01
-5.392347855851302718e-01
-5.032210743642948358e+01
-2.996000023317231964e+01
7.024724365518856928e+01
6.454394197912176878e+01
-3.553013525156568875e+01
-7.818568579293021514e+01
-9.291929508280628625e+01
-4.355941104697735966e+01
9.993774980863673818e+01
1.231134565405212413e+02
2.982590460424127343e+01
-2.104672087217451804e+01
-6.977454558630850556e+01
-5.990639238720120119e+01
3.618117636911872381e+01
5.193652322062200000e+01
-3.378552340398999210e-02
-3.164184579854876134e+01
-7.211696485752163710e+01
-4.561384494418888380e+01
6.431324521118750681e+01
9.306515981479742550e+01
5.302691922491766974e+01
8.714816985911095770e+00
-7.161911197988601430e+01
-8.464071597441082417e+01
-1.913884637113688214e+01
1.705968565715387086e+01
4.679934315833269665e+01
4.026489550669582940e+01
-2.233872615409900675e+01
-3.454481960836467636e+01
-4.003733937434020618e+00
1.758604038404884662e+01
4.951825606856466777e+01
3.167096788597596557e+01
-4.600591723850992310e+01
-5.797487864310564731e+01
-1.303689860246895016e+01
1.075130557458991376e+01
3.511627555472460926e+01
2.812215278456646672e+01
-2.344503793862388719e+01
-2.682246327261638541e+01
1.203562293684334072e+01
1.804314871273653864e+01
5.509456572083136550e+00
1.075202485522381846e-01
-8.712230809609229354e+00
-1.359839721252912703e+01
-1.194551171767310294e+01
-4.867491557355693388e+00
1.058550707898112009e+01
1.941190252832133822e+01
2.155708860028396501e+01
8.781973436668318200e+00
-2.386843118296446065e+01
-2.857444359958853752e+01
-5.555423082592461981e+00
6.923095350299411699e+00
1.799402497966653769e+01
1.315143292583313439e+01
-1.464157882176032288e+01
-1.522820268935053001e+01
8.888686500116547151e+00
1.043233830723632316e+01
-3.133889979489675515e+00
-5.739502911958201281e+00
-3.831818753690065193e+00
1.999260119997767315e+00
1.567812316595900590e+01
1.011199717401633968e+01
-1.571179230933657855e+01
-1.790801585338839885e+01
3.755743867785589496e-02
5.833481658312951623e+00
6.441457347764845132e+00
7.949355812526317955e+00
5.728599054301932725e+00
3.145117513071388426e+00
-6.513911744358263922e-02
-1.259686869580869306e+01
-3.476360505933953959e+01
-1.999917963017606581e+01
3.385765764865224270e+01
4.046838280285602707e+01
5.237026737974090906e+00
-1.006069351374756948e+01
-2.012288047406593705e+01
-1.482294929552630336e+01
1.608985100565708493e+01
1.903184217926510513e+01
-3.499304958279276345e+00
-1.231494746901934789e+01
-1.652813808248287231e+01
-6.702814162235799067e+00
2.405135181388535059e+01
1.557643405077419274e+01
-3.216009524136448761e+01
-2.946174154006270740e+01
1.631403084430217376e+01
3.353374598025179409e+01
3.580734790564876135e+01
1.506202025059716476e+01
-4.221948361269377159e+01
-4.612633682790330170e+01
3.246517192099991345e+00
1.858535055771011812e+01
1.546804313766516970e+01
5.312794432770929554e+00
-2.633695004409439733e+01
-2.301634377131099995e+01
1.676365131638853967e+01
3.140517360119095969e+01
3.060379185441483685e+01
1.377661916851438306e+01
-3.083084623231953714e+01
-4.424354929689564386e+01
-2.681271986940929608e+01
-3.926066076679762595e+00
3.761857946583491952e+01
3.835540079685008408e+01
-7.450261506771370890e+00
-2.034645401794539055e+01
-1.151259558172680109e+01
5.819816806850701241e+00
4.595403857757897725e+01
3.301650312023261336e+01
-3.687375477234477472e+01
-6.613425037257425743e+01
-6.757656401868744922e+01
-3.233347857367884615e+01
6.041719216568174744e+01
1.116624221880871204e+02
1.249862412082534604e+02
5.588728483460072738e+01
-1.250095910950280995e+02
-1.767100781147219948e+02
-1.034901318125503593e+02
-1.274029650389501001e+01
1.483512250327895856e+02
1.539321139986531364e+02
-1.946966107249800260e+01
-7.388891779961760164e+01
-5.301793331808564602e+01
-7.868532411551630190e+00
1.139590867114928727e+02
9.271576248154106281e+01
-8.066295403222144955e+01
-1.274349636832514534e+02
-8.335966399506624214e+01
-1.916739063349233163e+01
1.153025348530946417e+02
1.241164583151027472e+02
-5.786521108244048861e+00
-4.792767267354813043e+01
-3.914239130360653718e+01
-2.580181735933086173e+01
2.929236202323991733e+01
3.368311677291990236e+01
-1.564332239583274919e+01
-3.035700033171510626e+01
-2.732967462222868349e+01
-1.403466119294463432e+01
2.379499596359584501e+01
5.041074976097421256e+01
6.739573748011440557e+01
3.442963612287485375e+01
-6.111447243972652643e+01
-9.816055740583342981e+01
-8.269415001171350355e+01
-2.752982852899263833e+01
9.600913106221497628e+01
1.187755944882621577e+02
3.584143594663881771e+01
-1.758152355003527489e+01
-7.655286626723133736e+01
-6.450461427178709073e+01
4.418090821871032148e+01
5.793697927495270505e+01
-8.461442294333563652e+00
-4.071300673260890335e+01
-7.122701264202150639e+01
-4.344802370924442414e+01
6.272929280838948785e+01
1.013305187451996261e+02
8.318330907615712988e+01
2.855966089946723585e+01
-9.433377572123757204e+01
-1.292792402718957590e+02
-7.214066121062354853e+01
-8.608533520624600754e+00
9.724919552900398401e+01
1.195894385329747536e+02
4.208611488370230802e+01
-1.384484975459364975e+01
-7.869297261743828642e+01
-7.878875881273555137e+01
9.396277272105100664e+00
3.736405133035230364e+01
2.252762350721793538e+01
1.309042113347455860e+01
-1.666102554560200844e+01
-1.962386018611901761e+01
8.718457361451784848e+00
6.469763863273383819e+00
-1.812445390119342647e+01
-1.662678590666726919e+01
3.482490046434809638e+00
3.123126742292024716e+01
7.520131275325282161e+01
4.830224246413666833e+01
-5.696017425466431661e+01
-9.747156151997559448e+01
-8.682974608735661093e+01
-2.869649447029058109e+01
1.086285353479940028e+02
1.126975368676952769e+02
-2.193079688043587439e+01
-5.901091832323630371e+01
-3.551248886707425356e+01
5.567351978016500169e+00
1.047900250827257622e+02
7.990592071439220945e+01
-7.848209730982208043e+01
-1.192971155717002176e+02
-7.135300622688011174e+01
-1.143241860610677385e+01
1.061817124947150575e+02
1.063895530932345110e+02
-2.563928487829908676e+01
-5.658011626891955359e+01
-1.792848359512153777e+01
2.347137620682993031e-01
3.549467758632350467e+01
2.937432449610351526e+01
-2.944709763039039174e+01
-3.924189544971410015e+01
-1.068335144544216497e+01
4.031528228391414892e+00
2.148051636802242115e+01
2.589143746978546901e+01
9.951166995415636762e+00
-1.164667419734707554e+00
-1.270084658584545956e+01
-2.469409620184040577e+01
-3.340818145819243057e+01
-1.532304133431537707e+01
3.386160628362711122e+01
5.224374134439051431e+01
4.267907151162266643e+01
1.502943111646075636e+01
-4.524165983459249674e+01
-7.315310652905897371e+01
-6.740701298254323603e+01
-2.582388053949725304e+01
7.013467953361634954e+01
1.050490935408646607e+02
7.828367354261138189e+01
1.936117257138770142e+01
-1.005917395743967404e+02
-1.236806406756717962e+02
-4.186179420488853253e+01
1.078221050119602431e+01
6.803604575441323732e+01
9.253354126126477297e+01
6.242533210736014126e+01
1.272042740508885572e+01
-7.437496692566178069e+01
-1.033586169827087673e+02
-6.572552675779635933e+01
-1.115879029225245311e+01
8.607066290598262981e+01
1.020098379316964810e+02
2.501763151542986918e+01
-1.996366562936139744e+01
-6.032732189846937132e+01
-5.097252598670431922e+01
3.165996854384775361e+01
4.418010395570262006e+01
-3.333553167455344468e+00
-2.515241496031758217e+01
-4.587511509573121771e+01
-2.837535722386147796e+01
4.166957951767612656e+01
5.894617035914407666e+01
3.007418537389049362e+01
1.514198081588856937e+00
-4.708245475802094404e+01
-4.876063937578764040e+01
5.113561630741350506e+00
2.134595963312548150e+01
1.312878465452889820e+01
8.202258948720441367e+00
-8.820061987652874080e+00
-8.792637002022921422e+00
1.090363846848081231e+01
1.133504895032649173e+01
-2.537740631153976967e+00
-1.211703268988821414e+00
1.036958751305316007e+01
-1.401622141190304838e+01
-7.343561216306400752e+01
-5.105650329551518496e+01
5.247556340508923256e+01
9.429112443046858516e+01
9.215808767787677880e+01
3.532323763799315941e+01
-1.073248631822697519e+02
-1.272951354634637795e+02
-2.307264457252602696e+01
2.754870867163920778e+01
6.423205702083083679e+01
5.683546942273891034e+01
-2.496577734873160281e+01
-4.275592555400763217e+01
-6.220225580372142460e+00
1.527119887612913018e+01
4.651742881501052551e+01
3.121984736296920815e+01
-4.219288682400790691e+01
-5.474110370661507829e+01
-1.544182351230529804e+01
6.855996397274342513e+00
3.279245387794566824e+01
2.997382854254769313e+01
-1.290561115960806404e+01
-2.118769626609111256e+01
-1.780400911302672418e+00
7.415486494694088826e+00
1.899806528096323177e+01
1.276180376611271328e+01
-1.714583399577049505e+01
-2.353649993411026742e+01
-9.983816566645893786e+00
3.690740827927331269e-01
1.608008373821565584e+01
1.776075341302296096e+01
1.634772312238734537e+00
-4.620904288077435140e+00
-5.360563646250218639e+00
-4.487324915165480377e+00
2.709856023278550463e+00
4.141048574024355666e+00
-4.735948409238324719e-02
-1.151551778995081854e+01
-3.352818174567228482e+01
-2.478114155241744854e+01
1.665577982195848605e+01
5.563054246646793644e+01
1.010711147827075393e+02
5.652005198937747110e+01
-9.263887433236472191e+01
-1.367692228499726639e+02
-8.929725611284960962e+01
-1.894233268409170279e+01
1.177447523634513971e+02
1.419136943486185771e+02
4.002611120711965498e+01
-2.104452578253706108e+01
-8.005401952563512680e+01
-9.078453221763172110e+01
-2.435797488545713563e+01
1.540582844835979515e+01
4.548288984658125145e+01
6.218648727128525167e+01
4.700161123904275229e+01
1.129509162837824832e+01
-5.457688266578786340e+01
-7.872639732446214111e+01
-5.691472623664333241e+01
-1.431581324717827286e+01
6.863450456070084726e+01
9.300545371094641212e+01
5.289979354023576974e+01
6.584445770334130366e+00
-7.017990051786199501e+01
-9.131803309827816406e+01
-4.570826449308256656e+01
-3.644532541394749359e-01
6.720798171380396013e+01
8.284781624488596208e+01
3.344936029387460508e+01
-5.446045363076299495e+00
-5.332235654305726769e+01
-7.133677935505022560e+01
-4.599924121229452112e+01
-1.000238292565614096e+01
5.099081166970563572e+01
8.514757100741630325e+01
8.675210570480361127e+01
3.561249762125743246e+01
-8.750133239760353376e+01
-1.267790117717445497e+02
-8.308180952818550224e+01
-1.436039460418662372e+01
1.157859825685555961e+02
1.231144705828341586e+02
-6.887198240126155113e+00
-5.022191467705730616e+01
-4.215920839878013737e+01
-2.260636655048727306e+01
4.642988021019418454e+01
4.561233108651835266e+01
-2.849954658815900999e+01
-4.662096436455065884e+01
-2.916118372437864181e+01
-7.675124478712048059e+00
3.908570101821001685e+01
4.877139314133810188e+01
1.728548493610621861e+01
-3.187810834453599362e+00
-2.613983987715558754e+01
-3.985429653521413229e+01
-3.635824329959763190e+01
-1.249277531209051517e+01
3.928306639823397006e+01
5.955912220239567745e+01
4.777464611659861760e+01
1.458873229278958661e+01
-5.555292731602911971e+01
-7.979308605465601545e+01
-5.550766808359343685e+01
-1.445733517531438217e+01
6.413080354717789078e+01
9.520241160241140221e+01
7.305454878808679098e+01
2.269473554637608004e+01
-7.947775341007138650e+01
-1.119842490398116155e+02
-6.902288185411201482e+01
-7.120871186853843682e+00
1.042300818516505387e+02
1.016560196173089849e+02
-2.986180048662869524e+01
-5.957247719782777295e+01
-1.675163689391390776e+01
4.692804480266141276e+00
4.248700290348179465e+01
3.157397184865804363e+01
-4.093619201270947627e+01
-4.041127201772254551e+01
2.312669404348132929e+01
3.027222700618191098e+01
2.219427613418503142e-01
-2.173782099423729619e+01
-5.397957572879577981e+01
-3.400817450086499605e+01
4.772717805966330218e+01
7.046118626109671368e+01
4.390989765492100361e+01
9.734970433285930369e+00
-5.569767774087333123e+01
-7.068509601272459975e+01
-2.815393165165304623e+01
5.177026686307740988e+00
4.832422512407963211e+01
5.029459482333003706e+01
-1.719903893343827317e+00
-1.963279158483036113e+01
-1.512284672823619402e+01
-8.655996912354650519e+00
1.514020262738484845e+01
1.605717107110899633e+01
-7.559144528464298851e+00
-2.541090326858407877e+01
-4.590370402509981318e+01
-2.969184030810171393e+01
3.091020082208272157e+01
7.453601142041682692e+01
1.099114333036129381e+02
5.794975302449014265e+01
-1.013870982669177039e+02
-1.500102374041132123e+02
-9.870087684876342848e+01
-1.993944279464261626e+01
1.329681914937914087e+02
1.439244306161425015e+02
-3.526532975926929492e+00
-5.704986965494492068e+01
-5.857598955772780869e+01
-2.393429594360056001e+01
9.141393252731526786e+01
8.115181709062481730e+01
-5.692792108998226297e+01
-1.014826043251951972e+02
-8.685966027469261519e+01
-3.217314978679593906e+01
1.030572170174039712e+02
1.262164660716381235e+02
3.361971678922664353e+01
-1.927785138090372641e+01
-7.078836717662811395e+01
-7.344223601001982615e+01
-7.317388817829715286e-01
2.717458612694876052e+01
2.458987503546747533e+01
2.236924556017823917e+01
-6.642956122453615997e-01
-1.153392970721155741e+01
-9.602710663086348575e+00
-5.236485533042859686e+00
9.144663000106799444e+00
9.554429413599143217e+00
-5.033816621437575023e+00
-7.772086874051217009e+00
-2.867528281656393840e+00
4.557363256756509218e-01
6.338736368031483437e+00
3.927698633130329853e+00
-8.315873608131386874e+00
-8.293193423235958761e+00
2.536393689627067349e+00
6.380926912560529018e+00
6.709882118418884822e+00
2.138746954062956007e+00
-1.055819599592597946e+01
-1.245706185401777022e+00
3.110926299855989541e+01
2.522845140100897154e+01
-1.629477606497098208e+01
-4.517451243051663567e+01
-7.211699516329508697e+01
-3.858414813480080596e+01
6.901817995765692615e+01
1.018450339232942810e+02
6.826999879059523835e+01
1.816272866265704877e+01
-7.972860905653206487e+01
-1.094410903024165549e+02
-6.247706462765088276e+01
-5.602783773096207121e+00
9.027320833076261408e+01
9.609392576017881993e+01
-3.185602467988377651e+00
-3.973716207953881963e+01
-3.975924874659308728e+01
-1.900649910547315002e+01
5.238083030669579188e+01
4.653348241567007904e+01
-3.830833725804846068e+01
-5.140223103525958948e+01
-1.275960994734758280e+01
5.687696090393741244e+00
2.736025211519019251e+01
2.837028319078303795e+01
-1.497835138207618044e+00
-1.099622973338006382e+01
-6.304985130296335782e+00
-6.512579321870251903e+00
-3.191349165253716258e+00
2.222562092254003918e+00
8.744807516892732835e+00
4.215408022059183857e+00
-1.319418960836802057e+01
-1.044889272131620750e+01
1.134974851065761747e+01
1.286877909869856040e+01
-1.378643164646709662e+00
-4.376324438841914244e+00
-1.862270915890887668e+00
-2.161620663359931527e+00
-1.611857870805574633e+00
2.095302800748794769e-01
2.833777054295133269e+00
2.546533923650347919e+00
-1.014785246440516708e+00
-2.563181570320742342e+00
-2.825563813835235027e+00
-2.600731599633713476e+00
-9.179176330112114313e-01
-2.299079765257656227e+00
-6.913698474826186491e+00
8.241438635921127798e+00
4.421260765043298591e+01
2.926176772960880612e+01
-3.694843764923616902e+01
-5.320276456183642466e+01
-2.936666484388019427e+01
-3.597558703657051549e+00
4.294954910494443112e+01
4.719341828992023835e+01
2.222973348824111461e+00
-1.498854075882897341e+01
-1.730203602151711451e+01
-1.595382920926354586e+01
1.855714415407680118e+00
8.559078041145950166e+00
4.872714429422402738e+00
2.335776171005256252e+00
-4.605772526187835503e+00
-5.024759759810389248e+00
2.308320735951214342e+00
4.286866774413242709e+00
3.075182523314194505e+00
1.062225069565169822e+00
-3.894662984888715762e+00
-2.741243352197419547e+00
5.002645120514278787e+00
3.909599990951179826e+00
-4.891209326971337923e+00
-1.169323650108265333e+01
-1.916230091172742434e+01
-1.298432995450910532e+01
9.570553899386577967e+00
3.810152128528298476e+01
7.699077809311259557e+01
4.617919346564628569e+01
-6.286882815106228151e+01
-1.061918725855547621e+02
-9.611376270231713193e+01
-3.335580007436527694e+01
1.150015209591815051e+02
1.385480475314167563e+02
3.363163764314298021e+01
-2.309687869029048102e+01
-7.309279268182228861e+01
-7.830259781068400571e+01
-9.028559933766269197e+00
2.368369998676244492e+01
3.411770879952550217e+01
3.401833476926560706e+01
2.932518292837983154e+00
-1.193196553731626253e+01
-1.342676024627810882e+01
-1.383459761466357563e+01
-3.734090980482077882e+00
3.492734411195192568e+00
8.262400309192543091e+00
7.022856136184558729e+00
-3.677383920520098215e+00
-6.021718889219708437e+00
-1.122782179204483199e+00
4.398385102350962583e+00
1.406868048181257791e+01
9.505287376748817962e+00
-1.108240101521432130e+01
-1.964201583134342499e+01
-1.930579766189551805e+01
-7.207546234749655056e+00
2.295426666303856322e+01
3.193138877420063082e+01
1.993846914300136675e+01
5.116092456670700450e+00
-2.127458701810634167e+01
-4.065258643406785666e+01
-5.098681059315960340e+01
-2.503032547630698801e+01
4.599418955024363953e+01
7.553816382957943176e+01
6.744163040093694406e+01
2.353712333279690228e+01
-7.769012800108716021e+01
-9.660661159383442964e+01
-3.041912659008094622e+01
1.475639399720211387e+01
6.780072810640716341e+01
6.173476816716878801e+01
-2.352610059446025659e+01
-3.693010035654923229e+01
8.140943979535700592e+00
-1.633102980828933237e+00
-4.406685393435330411e+01
-3.006230830030569834e+01
2.977603803837721941e+01
5.477136877467099652e+01
5.660490209593842081e+01
2.271305524796494879e+01
-6.467182552410932317e+01
-7.531200214381289015e+01
-8.925095337172074039e+00
2.115195711273032586e+01
3.915930105115691617e+01
2.597401052870286620e+01
-3.835201685587200160e+01
-3.908215403726147485e+01
1.996311589169925682e+01
3.665487603192186583e+01
2.959492068196448500e+01
1.068732483542715173e+01
-3.708033979994787899e+01
-4.322115916749672238e+01
-5.984979241605144828e+00
1.004488823609785797e+01
1.822455913288057516e+01
2.012046697616843716e+01
5.460963157537182866e+00
-3.965695843410274257e+00
-1.072093629902424716e+01
-1.277174261135832900e+01
-5.725480374484985369e+00
1.027813423234483992e+00
9.479786249152432731e+00
1.051806872461045117e+01
1.906558791355314808e+00
-2.272235035695628458e+00
-4.310651031875108785e+00
-5.879889703913391052e+00
-4.608767986859424681e+00
-9.007118126452355877e-01
5.980504487691672644e+00
7.441007076849129653e+00
3.011928222863214710e+00
-3.300500581018054325e-01
-4.512956758466233786e+00
-6.672444032747714360e+00
-5.676264872884403623e+00
-2.124304851256475501e+00
5.282881159317116548e+00
9.010604226154317331e+00
8.908098360316152764e+00
3.940885447494699712e+00
-8.138981315303079001e+00
-8.406896386484723038e+00
3.505649891207277769e+00
5.582518407820781015e+00
9.771301737756707961e-01
-1.722708115886968372e+01
-5.410730709432930041e+01
-3.862052190416041952e+01
3.185348123591878533e+01
9.199433036393176621e+01
1.562836367522494356e+02
8.906988558426506586e+01
-1.335676083229764686e+02
-2.210358236537896346e+02
-1.944823768343920563e+02
-6.731269894632903572e+01
2.275115922156585953e+02
2.835322006198118743e+02
9.240979794264771385e+01
-3.308365995556445682e+01
-1.765337617766217591e+02
-1.833069313964885509e+02
2.264440433653174711e+00
6.987137042725348124e+01
5.888854711258333907e+01
5.463939830953241739e+01
3.809060662251265938e+00
-2.189069714250673826e+01
-1.972115125154166648e+01
-2.478724488314480823e+01
-2.146085135992721860e+01
-4.575737540749922339e+00
2.558388047202608462e+01
3.339656876622917281e+01
1.720290249056976606e+01
7.404009184979202240e-01
-2.450729546283153937e+01
-3.031576205522316414e+01
-1.204934832616743101e+01
2.039635221083921479e+00
1.921884357498683471e+01
2.348969848310833441e+01
9.632241338591510882e+00
-1.670775104871094818e+00
-1.542461398851955146e+01
-1.890812785779178640e+01
-8.100313613761132459e+00
1.580787026911689042e+00
1.418251713621739718e+01
1.881486955952651385e+01
1.252182869091595485e+01
2.652085184968488107e+00
-1.459489527502339179e+01
-3.115923752865761998e+01
-4.645183579047262867e+01
-2.696238921193567961e+01
3.318222137985677023e+01
7.683571555086589910e+01
1.109002032937939077e+02
5.658050294054882556e+01
-1.060702118896034136e+02
-1.532669545165421994e+02
-9.515463895325473231e+01
-1.644680597602391003e+01
1.302576957727379749e+02
1.500971746209571336e+02
2.579990657379794428e+01
-3.569035037104535490e+01
-7.544732685174317055e+01
-7.508415711020717254e+01
1.167989422493219909e+00
2.842439955243373007e+01
1.750309705004259797e+01
2.917317482357831082e+01
4.244536623418887444e+01
1.906486516530444320e+01
-3.931915508118141389e+01
-6.039247979492179041e+01
-4.747610966214001138e+01
-1.317304395557014729e+01
5.970242077022852101e+01
6.945460004549093469e+01
1.172650444322743013e+01
-1.664224648917213756e+01
-3.592778037356914922e+01
-3.219112446425386054e+01
1.142422757126982802e+01
2.017936416867645733e+01
-1.024420645095499793e+00
-2.692571323895235125e+00
2.858369512341349061e+00
9.527149962093993674e-01
-2.824319653046564849e+00
3.200334732159258455e-01
9.789711876431631765e+00
7.472534241879454697e+00
-6.110405244332334007e+00
-1.695177885254062389e+01
-2.842474447123213821e+01
-1.672209855025732850e+01
2.263917027907158541e+01
4.412033584566810873e+01
5.211919881521591691e+01
2.408912835729659463e+01
-5.236053841541377807e+01
-7.593209125624245814e+01
-4.939294906992911649e+01
-1.036376650185101234e+01
6.357264197257124749e+01
7.856681624003007869e+01
2.705519944915148400e+01
-8.079799071471924776e+00
-4.793639253275954104e+01
-5.196727265668041440e+01
-5.111746098685877371e+00
1.698005137005491960e+01
2.552349554286410793e+01
1.930910080654751226e+01
-1.593600920967875112e+01
-1.959000800917404561e+01
6.623069924690899946e+00
1.128411720158267784e+01
4.479356478311085077e+00
-6.265206294175285073e-02
-9.690773483662407983e+00
-8.464678283430897565e+00
5.383155876037098331e+00
5.699019053121452849e+00
-5.064085775142263657e+00
-3.167823860182656381e-01
1.681587461476257417e+01
1.240099625123727023e+01
-1.125908321526039835e+01
-2.012698037170002863e+01
-1.905599698585618640e+01
-6.937569843460376973e+00
2.323581651695683448e+01
2.615918019951457651e+01
1.253789880086492614e+00
-8.191171440686533245e+00
-1.044632107608102167e+01
-8.471373470636942571e+00
4.838203968625733431e+00
7.207969669803701684e+00
-8.142144565940288015e-01
-2.428792215530544585e+00
-1.520512601778849504e+00
-7.501149963945556998e-01
2.134358805967289108e+00
8.049866529451144004e-01
-5.030870534295620367e+00
-3.822916941558742732e+00
3.777953104271416063e+00
9.644544880373278062e+00
1.579820362310628568e+01
8.974636314040843388e+00
-1.335016338853448481e+01
-2.975320367516588504e+01
-4.309968328962589368e+01
-2.366519329585813836e+01
3.587381507381237356e+01
7.073955701196736356e+01
8.665411587480829780e+01
4.047487681337894827e+01
-8.682393682382848965e+01
-1.319897907467261007e+02
-1.009183314707840111e+02
-3.188785466428171134e+01
1.127547008408664766e+02
1.645452487540495099e+02
1.166010382684679172e+02
2.813433796953234634e+01
-1.442473002004144007e+02
-1.838169966051806341e+02
-7.670850041234155015e+01
8.837606497201054623e+00
1.222593104695077244e+02
1.383737955406039362e+02
2.589867727645546935e+01
-3.334729319758682919e+01
-7.135971796353211971e+01
-6.434005234869161427e+01
2.151715081764744752e+01
4.307985287981515654e+01
1.010491585142258408e+01
-1.031384576523739938e+01
-4.433288794874803784e+01
-3.213514990548011241e+01
3.680296613405339201e+01
5.599435253240829269e+01
3.606965734075889429e+01
9.121930602292543711e+00
-4.489305182397279026e+01
