-1.118302318127020243e+02
-1.280242095083802099e+02
-1.263590868902236934e+02
-1.193365985346021887e+02
-7.210920933976991876e+01
1.529548737352537557e+01
5.778818556978603027e+01
5.580263630065264380e+01
5.163483101872616743e+01
2.599688834504270929e+01
2.464927618967549705e+01
5.319560912335688840e+01
7.427604092761893639e+01
9.920033401922893290e+01
9.802054705344379215e+01
6.387395829702723660e+01
1.945465757728516110e+01
-4.470265358182621895e+01
-1.025279711821956568e+02
-1.506808933753598012e+02
-2.102343980616368242e+02
-2.745690474189347015e+02
-2.567642697509601817e+02
-1.498601907262483053e+02
1.072895313420906760e+01
2.500335474981381196e+02
3.540753855084042243e+02
3.054831503337154004e+02
2.291369536391970030e+02
6.906358994258653183e+01
-4.409218806846051564e+01
-9.454709578188074204e+01
-1.928944219080615881e+02
-3.074141309168457497e+02
-2.812301217506986859e+02
-1.104253450286405069e+02
1.552630185651978536e+02
5.584492756845057784e+02
6.505201813349540316e+02
3.958208472784513674e+02
4.636868295788852379e+01
-5.162123186759772580e+02
-7.252300638869148770e+02
-5.207577435842958948e+02
-2.739117364306909508e+02
1.649318797160775603e+02
3.616768874435041994e+02
2.555476937022050663e+02
1.791258085147377983e+02
1.699853791930076596e+01
-6.318858478938322776e+01
-1.943148728406065118e+01
-2.633570937186340899e+01
-3.616230352832423733e+01
-3.359916273020161981e+01
-3.692886485355231940e+01
-1.554541778455089585e+01
2.976898901131333730e+01
4.706222930830580964e+01
3.829187145264864256e+01
2.772945715414116563e+01
4.368974185404612243e+00
-1.185859322979812447e+01
-1.827488067876942068e+01
-3.297045535106367709e+01
-5.119079064576717997e+01
-5.335582247597071159e+01
-3.969394078194434172e+01
-1.597555605093356945e+01
2.279064308957526563e+01
3.188031293576607439e+01
7.906155114316344878e+00
-2.338967915969681499e+01
-7.361550752166168365e+01
-4.899936394910362480e+01
6.056115112644130249e+01
2.009831021514668237e+02
3.982525143210266947e+02
4.306037305886968056e+02
2.753124840497960690e+02
5.995440089452157650e+01
-2.763614887424398034e+02
-4.644384343603612706e+02
-4.765260613077451808e+02
-4.942058007020042965e+02
-4.475690673386626486e+02
-3.304430473846745144e+02
-1.520210157089418601e+02
1.442082830620433640e+02
5.637671379168702970e+02
7.160348563462308675e+02
5.793956342509294473e+02
3.489387788865394668e+02
-7.699012991874636214e+01
-2.892773959346873767e+02
-2.500150528935784280e+02
-2.429716636715320988e+02
-1.655591841192515687e+02
-9.559902585032467925e+01
-6.051224038579440645e+01
6.028129046887589482e+01
2.464257592041075497e+02
3.009241812193271244e+02
2.244795175365854050e+02
9.776581980160423768e+01
-1.267524946051180734e+02
-2.422791405205714454e+02
-2.319589776079143917e+02
-2.351878304167422016e+02
-2.008324710356806406e+02
-1.316712202941896237e+02
-3.718509902457897454e+01
1.258014862095284627e+02
3.578974848913526330e+02
4.011094141762482082e+02
2.409137168974281167e+02
2.881534424137983219e+00
-3.807450751196354872e+02
-5.008173000545821196e+02
-3.192812491961427668e+02
-8.971048797935840469e+01
2.952433689329291155e+02
4.408367055300071797e+02
2.982256949399736641e+02
1.458145262204136259e+02
-1.214779759108995876e+02
-2.398870011583298663e+02
-1.662830030924179994e+02
-1.137954952710587975e+02
-1.054962655125086712e+01
5.392789463947804762e+01
5.356550427490938660e+01
9.029072066255758955e+01
1.378985521665350404e+02
1.335159636675522847e+02
8.314114170333472487e+01
-4.277172880408286026e+00
-1.432530307163113719e+02
-1.958997806367117676e+02
-1.535142405811019160e+02
-9.471560056610135803e+01
1.540948317925822764e+01
7.102669723204306251e+01
5.948374395330366582e+01
6.064173301756422063e+01
4.739943908711758525e+01
3.865035145961284258e+01
4.272031948536348978e+01
2.872782666255366024e+01
2.300112103967032695e+00
-1.067131217199270665e+01
-1.259854060890551786e+01
-1.194753340116600526e+01
-3.437882822022432450e+00
-1.493930042627428811e+01
-4.879651802801707561e+01
-8.760216644008602316e+01
-1.384828736575711048e+02
-1.474910894332420526e+02
-1.083594556420132733e+02
-5.242258022917009441e+01
3.548586379399850443e+01
1.108376777175123493e+02
1.691909283951803502e+02
2.454215400910364053e+02
3.287829715700537463e+02
2.935144694997752026e+02
1.301287644593465984e+02
-1.107792826993347575e+02
-4.652126128677033989e+02
-5.522261022355461364e+02
-3.393748123534174397e+02
-4.043054300313526284e+01
4.463959337006140800e+02
6.098709006974560225e+02
3.969052149799838958e+02
1.385526705898568594e+02
-3.002284711476112307e+02
-4.856554818290557023e+02
-3.596007902589504965e+02
-2.422208671326796718e+02
-1.775157053309843391e+01
1.040803224000283649e+02
8.050603637603303753e+01
1.074503376667165355e+02
1.271350331777476868e+02
1.252384718116454962e+02
1.203693537749402225e+02
7.286299875373471480e+01
-1.742857989332699375e+01
-6.169159831576657638e+01
-6.114800294567043437e+01
-5.956997928592185332e+01
-3.723361039487274127e+01
-2.488977639616252091e+01
-2.679912427963753885e+01
-1.247471527568422900e+01
1.106596924544776961e+01
1.865408011980476388e+01
1.205942329792726930e+01
-1.470652651703376224e+00
-2.756938147254593474e+01
-2.523854221190692115e+01
8.645052805946653152e+00
4.984436444154130896e+01
1.088964195071312133e+02
1.184354950342597164e+02
7.087662198846074091e+01
6.900968575120291604e+00
-9.205729177057583001e+01
-1.313741370588747941e+02
-1.008267428428388257e+02
-6.151572556333162112e+01
1.181043815453960022e+01
5.339423767140851851e+01
5.418607360212257618e+01
6.704290283051651045e+01
7.494519429324940063e+01
5.404883339194181957e+01
6.615248832268113333e+00
-6.988517622358534709e+01
-1.818998397409488348e+02
-2.058983344402700482e+02
-1.334487827827652211e+02
-2.957299348895581659e+01
1.382280023037107526e+02
1.993821162174311041e+02
1.370012844216602161e+02
6.031083661222775305e+01
-7.546899617266103633e+01
-1.483317893433383006e+02
-1.413720507066124696e+02
-1.504911082048234903e+02
-1.437268146480764415e+02
-5.689401255057389761e+01
1.086977909307216379e+02
3.491838235902176280e+02
6.829087339372932774e+02
7.141785614840664493e+02
4.115812809359952098e+02
-1.980705362133271663e+01
-6.870344359983082541e+02
-9.419511667806583546e+02
-7.227680749813134753e+02
-4.315572977586473939e+02
1.025700577794957695e+02
3.619414785303624171e+02
2.807021435164358536e+02
2.507439874130008093e+02
1.373777377024289592e+02
7.050222163805058528e+01
9.365901183809793906e+01
3.528568954836998728e+01
-6.717224027196051850e+01
-1.074351952491068971e+02
-9.936798849731810890e+01
-6.590434336391524539e+01
1.424652010026429316e+01
6.067198485933756302e+01
7.016180296466039579e+01
9.876462741129066103e+01
1.288234255020483658e+02
1.268431309995138463e+02
9.489283056199664657e+01
3.576620776685243186e+01
-5.928458844406592476e+01
-1.313443000514704124e+02
-1.784584157588122082e+02
-2.373588982578048956e+02
-2.945747018562792618e+02
-2.679634859397669970e+02
-1.516092917959946931e+02
2.666124602744803695e+01
2.910378926588065838e+02
3.913087040086061847e+02
3.079754257875296730e+02
1.827656986092501938e+02
-4.998336721994141385e+01
-1.807712169579393446e+02
-1.865923084140084427e+02
-2.239768349634371418e+02
-2.401221313166210223e+02
-1.519706944234976334e+02
3.625649345480132268e+01
3.282621899102432508e+02
7.477662723892249232e+02
8.130627161377472021e+02
4.889423622811765426e+02
2.733038988220053866e+01
-7.000639490632150910e+02
-9.832632776652362736e+02
-7.532523121983745114e+02
-4.593530165718186709e+02
8.496134916502425938e+01
3.599403466002695495e+02
2.955017516047977892e+02
2.970543204744263335e+02
2.290250550095623510e+02
1.496844057310159712e+02
9.829730203754861861e+01
-6.311917916452157584e+01
-3.162515315882658342e+02
-3.839621937752431222e+02
-2.642106944063740457e+02
-7.768764554092129515e+01
2.429925954848514777e+02
3.775120598582957427e+02
2.975439269079754467e+02
2.130702520915419882e+02
4.272422030311569330e+01
-5.397932999289209022e+01
-4.938110882585630890e+01
-8.661918975814575106e+01
-1.236133950866944105e+02
-1.347971142701870804e+02
-1.324506253012730497e+02
-9.547506429379153303e+01
-1.958939538583310025e+01
2.226309654447342012e+01
3.037417160488944390e+01
4.438622005422064376e+01
4.826525524939869172e+01
4.361196153758261573e+01
3.258883332317929415e+01
1.787156921708046298e+00
-4.922810073669435127e+01
-6.875401812261338819e+01
-5.538167660386955760e+01
-3.525162418120829244e+01
4.243837370187732105e+00
5.414810650966838068e+01
1.134560851043303700e+02
1.973216938708809494e+02
3.047970276346117657e+02
3.179198497774930274e+02
2.282155184372474253e+02
9.167884790831851660e+01
-1.239196843408424371e+02
-2.927064936307779703e+02
-4.047768898275507468e+02
-5.494322514242742272e+02
-6.963609154529615353e+02
-6.204783757449031327e+02
-3.059430538613834756e+02
1.659123717975382135e+02
8.603347199213413887e+02
1.088246773092397234e+03
7.938289505557506800e+02
3.650882155471758779e+02
-3.803200828448843254e+02
-6.949889907655851857e+02
-4.996243675421454782e+02
-3.074168072773096014e+02
7.547003206226904126e+01
2.553158361346377490e+02
1.617223962026402546e+02
1.424791718259162394e+02
9.161947340655923711e+01
4.507658265341018478e+01
4.051137108065492498e+01
-2.401231613050551061e+01
-1.322944142491230082e+02
-1.684339206182941382e+02
-1.381462293280584106e+02
-8.440804567611135667e+01
1.838002013183454153e+01
6.768263463185844842e+01
5.521786676749449896e+01
5.099569962893186670e+01
2.989117876765258330e+01
2.401863410527160170e+01
4.162736514007549005e+01
4.734316762010536195e+01
5.008964990387151772e+01
4.690477498917959309e+01
3.302175986472695968e+01
1.657406322081198624e+01
-4.740841408606216945e+00
-3.934945802868455189e+01
-8.736826835773658217e+01
-1.472326805198235888e+02
-2.213196168727437225e+02
-2.131771206938495595e+02
-1.137990077485851401e+02
2.922082109916106063e+01
2.430881227233192021e+02
3.215794970367064138e+02
2.460373939385949882e+02
1.388698629124727972e+02
-5.460721942038347976e+01
-1.455028019798610899e+02
-1.120561784059003401e+02
-9.120274350115381878e+01
-3.411367495158319940e+01
-4.144504152858385915e-01
-5.835345200889416439e+00
1.800445107001326406e+01
5.467912788303876681e+01
6.370969914826763159e+01
5.003474405574066708e+01
2.050795732612310474e+01
-3.346804038385933922e+01
-6.489089579617647985e+01
-7.167470566488252359e+01
-8.370553238656874839e+01
-9.007018727126873614e+01
-7.895444574125222914e+01
-5.121222587886797584e+01
-3.729272991459237740e+00
6.714662942933205159e+01
1.064269788411022120e+02
1.113697078337888655e+02
1.121182386805273410e+02
9.494216795886242721e+01
6.932328227744497440e+01
3.674284575297646427e+01
-1.916567442056103232e+01
-9.721182235635991731e+01
-1.148961433737129596e+02
-6.757441728554881877e+01
5.529163455536725280e+00
1.262412282412017532e+02
1.865281906624610144e+02
1.769204532608030149e+02
1.681590976603930585e+02
1.327999553471771321e+02
1.626135567262360127e+01
-1.833032617797213391e+02
-4.635097660263680268e+02
-8.417513530188606410e+02
-8.623228481084520354e+02
-4.876533856730447951e+02
4.941880360080621415e+01
8.734877427530441310e+02
1.168009467295021295e+03
8.563582937594745772e+02
4.365719558421356510e+02
-3.072894294492263043e+02
-6.474676957341366688e+02
-4.959191957959870365e+02
-3.833931260195420805e+02
-1.199318402430536565e+02
7.001134765115826042e+01
1.267221408209842934e+02
3.136217794335552185e+02
5.694936406173400201e+02
5.859895672544221270e+02
3.676617812552102009e+02
1.466394346508601920e+01
-5.494789251994875485e+02
-7.751863674685885144e+02
-6.211793679067286575e+02
-4.166122222074587853e+02
-2.105363178624774179e+01
1.900017159124645900e+02
1.674897575893133990e+02
2.085277245507566022e+02
2.167606683330792237e+02
2.061898676175339915e+02
2.044564756008290942e+02
1.277061272591750480e+02
-1.742945247033563305e+01
-8.814270193195217473e+01
-8.822133161266592083e+01
-8.346101149571047983e+01
-4.239824005349828440e+01
-2.093813470314092839e+01
-2.553583126402527981e+01
-4.134109804266425492e+00
3.069655618143201892e+01
4.674795530241951269e+01
4.785286266763067431e+01
4.083611148323111451e+01
1.896592057503871231e+01
-1.851848751962061002e+01
-7.344249695911881304e+01
-1.514512570436275212e+02
-2.546901479420560577e+02
-2.696322915175385901e+02
-1.874845399052182700e+02
-6.488923998869711340e+01
1.291106800028530586e+02
2.572736772772268523e+02
3.076320862119262074e+02
3.733185180900700857e+02
4.199891598845199496e+02
3.480926730187989051e+02
1.533897921265773618e+02
-1.459059770762918333e+02
-5.798650918914461272e+02
-7.011974500396487429e+02
-4.760948201582504566e+02
-1.461406632761045330e+02
4.072673653926022439e+02
6.163616656855901965e+02
4.240780456267244176e+02
2.034135150766337006e+02
-1.937211482181849362e+02
-3.730887604467699248e+02
-2.764815476632240347e+02
-2.153021212524571979e+02
-8.454157069195753138e+01
4.390447691443023714e+00
1.517223069424997917e+01
8.675657924975777746e+01
1.862844276141019009e+02
2.031611709522382796e+02
1.446007074856851204e+02
3.755342992806806279e+01
-1.436516390922907078e+02
-2.116231430576293917e+02
-1.538158457287083820e+02
-8.195330043482454130e+01
5.104611106145141264e+01
1.185211539121720818e+02
1.034989195312718664e+02
1.055185631685181846e+02
9.175304989144848378e+01
6.194856225963562935e+01
2.452004714479751257e+01
-4.703725615883556799e+01
-1.522335027057424668e+02
-1.724438030559775257e+02
-1.022322836701982283e+02
1.365194897504305560e+00
1.689028482764549040e+02
2.223002231041342327e+02
1.448913736924085640e+02
4.775517226730504206e+01
-1.157680039380627903e+02
-1.907564396005290348e+02
-1.574581928245244171e+02
-1.290007928334299834e+02
-6.441777159754258264e+01
-1.843131560154694881e+01
-4.159848742850315695e+00
3.848878573954644366e+01
9.474009743662308836e+01
1.190465085579579210e+02
1.145599095186204863e+02
9.171010277575379632e+01
3.990182310140829003e+01
1.175081915203884186e+01
9.703081423471587641e+00
-8.607963386981127840e-01
-7.825489845376787379e+00
-1.919916096140839912e+01
-3.850271121152964326e+01
-5.258355879880971173e+01
-6.378684394037239969e+01
-3.448500415778084971e+01
4.138794470314461194e+01
1.447597733615519360e+02
2.875824933840833637e+02
2.501365877605773562e+02
1.154741162724832293e+01
-3.134051525136125633e+02
-7.859454009586255552e+02
-8.649383291261639215e+02
-4.983397968276217398e+02
3.333452412457506675e+00
7.869014087574988707e+02
1.064009246327351775e+03
7.524676940263855158e+02
3.542777575442104876e+02
-3.403295112202561654e+02
-6.420612263979039653e+02
-4.624568362467846327e+02
-3.077342589663090848e+02
4.312263032556602482e+00
1.816681765164149738e+02
1.601498250616632788e+02
2.294406036142524954e+02
3.091546468113740502e+02
2.871305293314567280e+02
1.843485403999956418e+02
-9.739090592205265295e+00
-3.194377553713472935e+02
-4.323071197128130621e+02
-3.320454398702687513e+02
-1.899598140137532312e+02
7.220931037747307357e+01
1.963069185499686853e+02
1.530526427921072354e+02
1.313294457010470637e+02
6.500645710466751837e+01
4.100203202580315676e+00
-3.227841459114399214e+01
-1.218572620019151032e+02
-2.507380213700396894e+02
-2.834744997863548974e+02
-2.191402138355365139e+02
-1.125390020318339026e+02
6.988036980461565406e+01
2.087579690342392382e+02
2.956005142328968418e+02
4.169285829029669230e+02
5.448386648708320763e+02
4.867901963676180230e+02
2.309490997957219065e+02
-1.539441007725460224e+02
-7.228997300154962886e+02
-8.839370870594907501e+02
-5.887433883437084887e+02
-1.692906476175426747e+02
5.314646189799110516e+02
7.914074255734228700e+02
5.348025642899584682e+02
2.406370159144871650e+02
-2.804799179469615069e+02
-5.091973167413653414e+02
-3.690885848163591731e+02
-2.657317076145191663e+02
-6.019660284071913736e+01
6.418604784342201697e+01
5.743766847956583632e+01
1.209838169113275228e+02
2.019764726353025992e+02
2.108725788993301080e+02
1.625626404828046816e+02
5.758674060728227317e+01
-1.230759068570092722e+02
-1.937502778815232318e+02
-1.453361627539033236e+02
-8.344637154913947086e+01
3.748896370595906546e+01
7.925490771576443194e+01
2.438414196078102947e+01
-2.369334501722548225e+01
-1.009991510372049959e+02
-1.364458753549574226e+02
-1.150277261729981717e+02
-9.978280179677055628e+01
-7.034165365372564338e+01
1.865010307087328911e+01
1.664714703700542771e+02
3.691010267650146375e+02
6.393832122647252163e+02
6.519760964754651695e+02
3.795552372838976680e+02
-1.186897465445513156e+01
-6.115370383808264023e+02
-8.493884142137779918e+02
-6.722946499462218526e+02
-4.302469940723867126e+02
2.696146782882561155e+01
2.750669741678167952e+02
2.602563485615582408e+02
3.128757548758149483e+02
3.240404439884661656e+02
2.455672763745045017e+02
1.006605915444534389e+02
-1.759765914049603452e+02
-5.963666116869635516e+02
-6.954867269552129301e+02
-4.495919667580784562e+02
-9.457362918460870560e+01
4.888255195106531801e+02
7.365364312856031574e+02
5.933841972926940116e+02
4.303025401257113458e+02
1.011358203927307358e+02
-9.217311995667918723e+01
-1.003060453037356012e+02
-1.892591594924794833e+02
-2.802411476229647178e+02
-3.061687038867654564e+02
-2.876054768001896491e+02
-1.942041594495568972e+02
-1.211211572082035026e+01
8.352415286674252570e+01
9.015080661616764246e+01
1.058437751607402504e+02
9.070901292532458626e+01
9.044148041402714000e+01
1.144076505534440287e+02
1.090577967331644942e+02
8.521503932560224825e+01
5.714787333862152963e+01
1.789531116325474969e+01
-3.264018840050029269e+01
-9.393520936538429567e+01
-1.206400648981262975e+02
-1.081359123311442119e+02
-7.833693143523926494e+01
-1.810916149074507686e+01
2.175572564079106996e+01
3.758077889971145424e+01
6.586690776967941474e+01
9.461925972548590380e+01
7.419972834493965763e+01
2.735888458422931713e+00
-1.058093872143022338e+02
-2.655537253363111176e+02
-3.057665794510866704e+02
-2.130924072731091314e+02
-8.181642424810414127e+01
1.332542615431696333e+02
2.612686359409446482e+02
2.845609014474606511e+02
3.237709718467783091e+02
3.353560484614081361e+02
2.653918785868366399e+02
1.165493358166647226e+02
-1.219750248103516554e+02
-4.669113524837432010e+02
-5.563744878214297387e+02
-3.655668588860638124e+02
-8.372654899529935335e+01
3.846351590933961688e+02
5.624424056780756018e+02
4.030642818859917611e+02
2.164212913128103821e+02
-1.217207447597136536e+02
-3.132411658310708162e+02
-3.134481753085503328e+02
-3.685278522573275950e+02
-4.003530394125611451e+02
-3.277186908348411407e+02
-1.647650868747623178e+02
1.134142104288689410e+02
5.277091807747187886e+02
6.555738152960427669e+02
4.717707353353396798e+02
1.984706790839663881e+02
-2.735143976034530056e+02
-4.689670772253538757e+02
-3.400357887697781507e+02
-2.068498788924220833e+02
5.331830265209225672e+01
1.754990606709575331e+02
1.147438203380061310e+02
9.882094949201345457e+01
5.679842980201362934e+01
1.276111781107830190e+01
-9.391751131172487277e+00
-7.820969401034062685e+01
-1.836194993489509955e+02
-1.651146375804052013e+02
-1.857376018693493336e+01
1.873083238432022597e+02
4.933345367891981255e+02
5.583337399025364221e+02
3.513644479780563756e+02
6.953672275037105521e+01
-3.784094453087393504e+02
-5.903459172450567394e+02
-5.230171702608715805e+02
-4.465345383997431554e+02
-2.553372804297320044e+02
-9.783714550170164159e+01
-2.945670011480799211e+00
1.892173359450051180e+02
4.418107417718404690e+02
5.137046594976301321e+02
4.026216219646107106e+02
1.963072333486049104e+02
-1.668940365890024395e+02
-3.232241407930113724e+02
-2.458765678708825533e+02
-1.632740539498971089e+02
1.564376215095462719e+01
9.243046429283273824e+01
3.570113935556985751e+01
1.496931482149740766e+01
-2.173873765693247506e+01
-3.911144592294333222e+01
-1.701172270486413751e+01
-1.326599615864925852e+01
-1.481916831100997456e+01
2.355911936396377193e+00
3.287052798455913916e+01
7.602284344648826675e+01
1.360130631199856452e+02
1.423780435299907481e+02
8.981551209009820980e+01
1.494337660555411595e+01
-1.010815800001892200e+02
-1.555066967798257735e+02
-1.384663582989661279e+02
-1.153207256983411213e+02
-5.919120789494792234e+01
-1.005456376881754466e+01
2.540899193831740632e+01
8.919673712575155378e+01
1.718350920194104390e+02
1.655555873188691862e+02
6.534519321330776620e+01
-8.457789222463898682e+01
-3.132115347250162358e+02
-3.693055349254996145e+02
-2.313537600716592237e+02
-4.458089380207634633e+01
2.575314590002100772e+02
3.843728441187906810e+02
3.041874985370440072e+02
2.122760995810680527e+02
3.210507592812014366e+01
-6.993040830209216097e+01
-6.698561753105842342e+01
-1.026059725408066043e+02
-1.330639107727839416e+02
-1.359828767841463559e+02
-1.231837741539184066e+02
-7.040785806493255450e+01
2.639337329879697336e+01
7.223624521842420165e+01
6.591946772708328695e+01
5.765151525555366163e+01
2.543623306054024624e+01
9.144745902193125886e+00
1.437595425534010118e+01
4.240299839713356000e+00
-1.168466428034179394e+01
-9.743554277557041843e+00
7.862251548031338189e+00
3.686276028825260198e+01
8.264440957384017850e+01
8.533703091211681624e+01
4.055015994950687741e+01
-1.860238590772105738e+01
-1.077760803353867232e+02
-1.167057509520783327e+02
-3.387621227491866449e+01
7.515388150078599949e+01
2.404391591846071492e+02
2.238590430116810239e+02
1.696359501478328369e-01
-2.921175752300920294e+02
-7.186091938844417655e+02
-8.047455366491006998e+02
-5.013732179284553467e+02
-9.037248293850103664e+01
5.574839244201909878e+02
8.605729343371639288e+02
7.558570711522554575e+02
6.321329295233109633e+02
3.361298268452657680e+02
1.018820271358109579e+02
-2.768704615378053191e+01
-2.939063773759859259e+02
-6.384844275859219351e+02
-7.137222140079267092e+02
-5.163600940470230398e+02
-1.683151238702574233e+02
4.200155181715365416e+02
6.458903329617386362e+02
4.642951917006039366e+02
2.426035941062106644e+02
-1.721323637646884777e+02
-3.676639262919449038e+02
-2.877248425925386641e+02
-2.562137882604375818e+02
-1.656824191298117626e+02
-8.244876668416561927e+01
-4.039929508001924319e+01
7.900692225878300690e+01
2.549697235367248425e+02
3.089503782323532164e+02
2.424284700161691433e+02
1.254495666731847336e+02
-8.501154078648320933e+01
-1.768448330654304925e+02
-1.330238718487066478e+02
-9.163282462412026064e+01
3.934753363160838902e-01
4.147941160338541522e+01
1.345256767480699267e+01
8.085385266099226698e+00
-1.615062877058349056e+00
-5.927355031299734733e+00
5.682036628281451840e+00
7.382989918306397392e+00
4.011860595557893205e+00
2.834871021504713262e+00
5.913899920532356136e-01
-2.259013151895340688e+00
-5.266320779868177482e+00
-5.879667638432001908e+00
-3.600801432885067044e+00
3.463202038552076756e-01
6.856702344717292341e+00
6.121664771389069060e+00
-2.678652270162439120e+00
-1.401797031374407076e+01
-3.050752820587035785e+01
-3.385609537017229798e+01
-2.215649529407506080e+01
-6.312546254804134449e+00
1.865601062962638323e+01
3.110057516290785173e+01
2.865987270210246862e+01
2.595612876418693560e+01
1.729928102193806794e+01
1.425746712182992404e+01
1.877254054564449604e+01
2.056184487380870252e+01
2.266031688245749010e+01
2.240481601914514442e+01
1.845476515729169975e+01
1.443431483265722015e+01
9.343898351490379284e+00
2.369398250619813595e+01
5.998141509260325677e+01
1.077382666570079124e+02
1.730231270769091623e+02
1.113067811282032551e+02
-9.165582801338240415e+01
-3.624070597508818423e+02
-7.418060128988254291e+02
-7.857406152109545019e+02
-4.518341535080506333e+02
1.340149807357414247e+01
7.315598189500670969e+02
1.007887025775044549e+03
7.729645635411258127e+02
4.634624367942042795e+02
-1.047126510605948511e+02
-3.856230287462946649e+02
-3.086735122639620386e+02
-2.905900691980037891e+02
-1.892084177947425303e+02
-1.121869657532047597e+02
-1.032685380198485205e+02
4.635654269423843843e+00
1.800923730874925184e+02
2.344514173819010807e+02
1.752629001027459026e+02
7.014979280818540985e+01
-1.240280225689818394e+02
-1.982446488837471748e+02
-1.362575012166105637e+02
-7.404602647873210231e+01
4.035341841294040677e+01
9.029025620312624767e+01
5.596695934131201255e+01
3.509517569902317291e+01
-3.916291054895223223e+00
-2.866566208836546892e+01
-2.731484081377497120e+01
-4.100723456490175778e+01
-5.958300896209567554e+01
-6.838181689523686657e+01
-7.110601748631131613e+01
-6.658881451954306385e+01
-5.223865304346015392e+01
-4.300672720124184778e+00
8.130555093981931236e+01
1.959036833836190112e+02
3.477159002196218012e+02
3.449640183983043471e+02
1.703493477882918796e+02
-7.757199379265600214e+01
-4.519822040451989551e+02
-5.494875294217766850e+02
-3.320251588059587675e+02
-3.817191569368433335e+01
4.400241463787201610e+02
6.018266566363739685e+02
3.920365545657237476e+02
1.413945877603846384e+02
-2.831460975286570374e+02
-4.676366591935446877e+02
-3.550382484112830070e+02
-2.544007188051807589e+02
-5.491395204724661738e+01
6.472216470653852127e+01
6.517499674249228292e+01
1.235749809494964921e+02
1.906516023430640416e+02
1.962704688915477220e+02
1.530294302764635859e+02
5.505400417040907968e+01
-1.130311674729267537e+02
-1.758206025389608556e+02
-1.250983009211317665e+02
-5.884981189397383616e+01
6.606018957430306671e+01
1.095249741344090069e+02
5.459456666988840823e+01
3.713129202682043051e+00
-7.959043352165075191e+01
-1.103681763079852090e+02
-7.269694273022471975e+01
-3.664750004765769376e+01
2.181938967985138689e+01
5.930955311916067529e+01
6.612785264090392445e+01
8.310215755104752589e+01
9.782900929448298655e+01
8.074039587385972538e+01
3.273458907377249005e+01
-4.258924915988932725e+01
-1.532196869065479916e+02
-1.714871966387729003e+02
-8.775497509432437937e+01
2.986916513708769116e+01
2.153448586015692001e+02
2.699887170818749382e+02
1.740412807357149347e+02
5.132437480913465322e+01
-1.509016299124688771e+02
-2.467711614549010051e+02
-2.133797123672367206e+02
-1.840389797696582548e+02
-1.096547135720631871e+02
-5.303107053502333912e+01
-2.900421458842332711e+01
3.331751606774716379e+01
1.173965396139287947e+02
1.597226349348147494e+02
1.635460093091091949e+02
1.468773606152502396e+02
9.483395683243068675e+01
4.159984072961626111e+01
-1.258873516159819417e+01
-9.754172617759581954e+01
-2.072807074996938468e+02
-2.079313936528310194e+02
-9.066205601873704722e+01
8.462925235428673432e+01
3.546724266312263580e+02
4.316162769548889173e+02
2.903708771088785170e+02
1.005959263873237433e+02
-2.136753145533655527e+02
-3.794567091014057496e+02
-3.655003736700109584e+02
-3.668807071202630823e+02
-3.127129026650088690e+02
-2.167903751731631701e+02
-9.343185023943846090e+01
1.230783050778395449e+02
4.307262647278714098e+02
5.316196217627068563e+02
4.117373611412066907e+02
2.145698089571469609e+02
-1.368316019947348536e+02
-2.941454542984704972e+02
-2.257669603227439268e+02
-1.647076489774749177e+02
-2.267996538923700101e+01
4.978797451542808261e+01
2.359462098965978782e+01
4.294737084820479822e+01
6.789479132527172567e+01
6.882431624390542879e+01
5.904771365194402222e+01
2.166490064579836528e+01
-4.762259974421032638e+01
-7.342693860483322510e+01
-5.457200540076053130e+01
-3.108040425655168448e+01
1.456536399488152433e+01
3.672973141566022548e+01
2.952450640266460269e+01
2.885268696449675119e+01
2.304587756283104483e+01
-4.283595732626725550e+00
-5.166902470711525552e+01
-1.208137760594389079e+02
-2.161940159898801141e+02
-2.362441792561827754e+02
-1.734736031900747264e+02
-8.042271597140619122e+01
7.007973966465768001e+01
1.884999863083839386e+02
2.667134541706622599e+02
3.715702584978049003e+02
4.814322468982227861e+02
4.337778130793356013e+02
2.179308803637212577e+02
-1.069484421843325634e+02
-5.874805671510303000e+02
-7.311919870184183310e+02
-4.978635918341819888e+02
-1.645206560687510375e+02
3.993707056571006433e+02
6.256793058342657332e+02
4.544536068664169193e+02
2.686859928184674686e+02
-7.988388809334651341e+01
-2.964836223674196845e+02
-3.305678558613099653e+02
-4.463804890389898787e+02
-5.663597840175507372e+02
-5.159689383296107508e+02
-3.048641395086165744e+02
4.615143624453918392e+01
5.819957586115016284e+02
8.012813926032764584e+02
6.717336094756958573e+02
4.741891342891776162e+02
8.045657461523856568e+01
-1.471305902955006104e+02
-1.670324341928943568e+02
-2.613607862307611640e+02
-3.396392137965618190e+02
-3.270146049229018104e+02
-2.414684726383643181e+02
-4.667862195211546350e+01
2.760140408828639238e+02
3.929174960965862624e+02
2.896960008353952958e+02
1.453313097171861727e+02
-1.227507224168899000e+02
-2.600308228660707073e+02
-2.378186264153454772e+02
-2.467720651716765872e+02
-2.224986204206288960e+02
-1.662245298573755008e+02
-9.355551418666668440e+01
4.809022007822055400e+01
2.578423516699874085e+02
3.459268945559081772e+02
3.063574657797441887e+02
2.313089221174484180e+02
7.353840839893524617e+01
-2.198527712968067505e+01
-4.168306397990663470e+01
-9.535400800238861052e+01
-1.480305938901806826e+02
-1.640741611789684100e+02
-1.500730903321943401e+02
-9.569579768563397693e+01
7.977135544330572259e+00
6.523702800437341409e+01
7.391685713058679141e+01
8.913983377681535103e+01
8.888542277240149758e+01
5.709556233047880625e+01
-5.066309404374873537e+00
-1.078665803629540960e+02
-2.572194517837846206e+02
-2.925996282760889358e+02
-2.036856873410135620e+02
-7.347441848069058778e+01
1.401709288190873792e+02
2.594557788488821188e+02
2.672860962119062833e+02
2.850807648017039924e+02
2.676133746568311835e+02
1.965913780761281089e+02
7.763803958720858134e+01
-1.184077371225524757e+02
-3.985561995287478680e+02
-4.549865003691187439e+02
-2.679402402906522980e+02
7.670495531239088116e+00
4.532629919497326796e+02
6.057050855733202752e+02
4.211804327957429450e+02
1.909266842302381519e+02
-2.063409507969899153e+02
-4.399322242767852345e+02
-4.652362390165076249e+02
-5.423966214370619809e+02
-5.854899153073047273e+02
-4.942356541008256841e+02
-2.802862699857234361e+02
7.926286087387343571e+01
6.122283474530305512e+02
8.461556240325326144e+02
7.541730962181379709e+02
5.898599711403196579e+02
2.326366028050416901e+02
-8.716717614309228424e+00
-1.012347497031389167e+02
-2.961374246510913508e+02
-5.193431237772296072e+02
-5.671069108160455698e+02
-4.452157606128122325e+02
-1.935490391165060942e+02
2.410940948892339293e+02
4.189819771630700984e+02
3.137328154437335570e+02
1.848536155110606956e+02
-7.699160587180807624e+01
-1.842211556827038805e+02
-9.795249095665968753e+01
-4.575416014462530256e+01
4.683077195279960137e+01
8.609449835247902172e+01
4.275882462519137306e+01
2.082857729786536183e+01
-8.571268334239903197e+00
-3.628426329392929262e+01
-4.998525839890921674e+01
-7.774394310418122700e+01
-1.141778474377333623e+02
-1.113984567130672190e+02
-6.871993343108150043e+01
-4.026638344843895823e+00
9.492331789420464361e+01
1.538155617548879093e+02
1.669935322235389208e+02
1.807664694281037328e+02
1.763753786565863209e+02
1.469015863324515010e+02
9.367451241806924145e+01
3.985048784231164376e+00
-1.255219923651882254e+02
-2.051890906018873295e+02
-2.312079820015567861e+02
-2.508460725568284602e+02
-2.417809835260508180e+02
-1.813559982659593004e+02
-6.760229412584133968e+01
1.084160968648804442e+02
3.561292265773994359e+02
4.042276517739842916e+02
2.327625668325372033e+02
-1.908150426854288639e+01
-4.240879462504990443e+02
-5.645969235565119106e+02
-4.009724714273175437e+02
-1.955983367351851712e+02
1.610275047043561187e+02
3.872155667120917428e+02
4.445865885987797697e+02
5.602171942129973559e+02
6.615486414895963208e+02
5.799004829234131648e+02
3.185105525474587580e+02
-1.017961366474059304e+02
-7.277216806160926126e+02
-9.765231843639335239e+02
-8.088585413384791991e+02
-5.468205661757082225e+02
-3.967636746577259999e+01
2.365775768333147369e+02
2.303010528922008859e+02
2.979607285576084905e+02
3.201007772402052183e+02
2.966321474442984822e+02
2.571134482426494401e+02
1.057893878603615718e+02
-1.558579982161601833e+02
-2.657809855155986725e+02
-2.216835638693161457e+02
-1.522784077458687761e+02
4.129643614830651899e+00
9.336743581195932506e+01
9.872388888882451852e+01
1.449582252795366912e+02
1.949373320471029558e+02
1.813168731199676529e+02
1.102423811447864495e+02
-1.475233672302929477e+01
-2.104126092276373186e+02
-2.848345596200010164e+02
-2.265408898981407049e+02
-1.426752222196936088e+02
1.538380544113679882e+01
9.451974199547602495e+01
7.715139453348220400e+01
7.738212238117843356e+01
5.618099272789192611e+01
4.637011220645405984e+01
6.029140127538215665e+01
5.083824794416378268e+01
2.761980475447029093e+01
6.655816880788080425e+00
-1.758112889002057599e+01
-4.593057672833335658e+01
-7.669207601382167638e+01
-9.401115309470338843e+01
-9.577601172558537712e+01
-8.860904266312076061e+01
-6.745833784368375063e+01
-5.220235428067731931e+01
-4.376793828730193070e+01
-2.763918407744625227e+01
-8.198758051557810234e+00
6.577967756294330570e+01
2.011018408478779804e+02
3.706924967698715250e+02
5.898257220520939654e+02
5.988981688491494424e+02
3.726118741190952051e+02
4.719068141820392270e+01
-4.499492005167965090e+02
-7.192425952969995251e+02
-7.238794432708430122e+02
-7.189736940594513044e+02
-6.009573701189450503e+02
-4.108263232336563533e+02
-1.636583453269963115e+02
2.488496371809802667e+02
8.225012071281705630e+02
1.012625742586594356e+03
7.904770632976549223e+02
4.182390815574027556e+02
-2.465975003754219870e+02
-5.505424872866351507e+02
-4.353269251348105513e+02
-3.374336593168828244e+02
-9.165539505595232583e+01
5.967021951680705882e+01
6.596635173985821154e+01
1.784660695138190363e+02
3.337503153955460675e+02
3.525874188290609368e+02
2.485623047911752792e+02
5.896450872959721323e+01
-2.578537362557371466e+02
-4.120526861617237273e+02
-3.864583982786978709e+02
-3.562525574605014071e+02
-2.502195219257777410e+02
-1.449428481850604271e+02
-5.607847110798793011e+01
1.119777524226801546e+02
3.419136109083870565e+02
4.296375420532697831e+02
3.703876697567777114e+02
2.503159419048143945e+02
1.748215337135279412e+01
-1.106339589727014072e+02
-1.173032361163106998e+02
-1.521888981016119828e+02
-1.624897961314994745e+02
-1.507035961981727041e+02
-1.282193775870149182e+02
-5.155617296256993143e+01
7.899368537380588862e+01
1.318229214962150877e+02
1.049010259841339519e+02
6.338478608004887604e+01
-2.413745373756399104e+01
-5.757062016185064834e+01
-2.632846577674611410e+01
-4.240451496352884320e+00
3.378702790809950329e+01
5.521236080839844362e+01
5.075812345646790646e+01
5.585681400908416805e+01
6.088305603736745297e+01
3.793893136306328273e+01
-1.181640816421980666e+01
-8.307647661505127701e+01
-1.829086695981110040e+02
-1.870981373052123899e+02
-8.534698968832704224e+01
5.719040636731493521e+01
2.742272511064478522e+02
2.970039593006114274e+02
9.926702135805894045e+01
-1.621507853838078006e+02
-5.599792025874713772e+02
-6.673529428391508418e+02
-4.389934429416428543e+02
-1.402261812754708217e+02
3.439529936812527922e+02
6.044727625303437435e+02
5.924140196641465081e+02
6.013063886990713627e+02
5.239125157190600248e+02
3.692641354318341769e+02
1.572837832418176447e+02
-2.064441965384048672e+02
-7.226730693950889872e+02
-8.877148384601699718e+02
-6.757431441435303441e+02
-3.325747575869759771e+02
2.725860818940859076e+02
5.367636899827117531e+02
4.046685544067475462e+02
2.775702997236973602e+02
1.978745558805334426e+00
-1.424928734513275970e+02
-1.044967808851221918e+02
-1.437168599427843674e+02
-1.861606468898887670e+02
-1.723125138447362019e+02
-1.243865535297940852e+02
-1.270415924413131847e+01
1.732319090439990248e+02
2.587340199048958880e+02
2.391182243454389038e+02
2.080180702553584808e+02
1.238418520832157697e+02
5.801563571744843983e+01
2.024108429487530358e+01
-5.801560796817602750e+01
-1.601369435078583763e+02
-2.118776434237786077e+02
-2.149116147485634940e+02
-1.928044139565101318e+02
-1.273286755514562429e+02
-6.749273748487894409e+01
-1.463811996752157718e+01
7.130200757328535133e+01
1.807667535408494643e+02
2.219510819066015301e+02
1.911389414389776675e+02
1.257142068521210234e+02
1.192740138563645358e+00
-6.645532571715962433e+01
-6.893308407267461746e+01
-8.380604212457612334e+01
-8.289547961733846648e+01
-7.249168483680657005e+01
-5.856460147854204479e+01
-1.538652186554509882e+01
5.581620643795407233e+01
8.805949609989467319e+01
8.069721039980088051e+01
6.613628424641781578e+01
2.848267911639649697e+01
9.170913383170180566e+00
1.246906210748645094e+01
5.318446915617361270e+00
-2.348476652020623501e+00
1.359842778931660412e+01
5.222330717290771673e+01
1.097280907868932047e+02
1.924191681043922415e+02
1.266141960480707240e+02
-1.030767675296106489e+02
-4.089923165890863856e+02
-8.393554185168529784e+02
-8.955693315093600404e+02
-5.299141759529013598e+02
-2.098355964459789647e+01
7.675181993999065071e+02
1.098321457187951864e+03
8.972558954760942243e+02
6.341201135452604376e+02
1.142612968690671238e+02
-1.870888527765916933e+02
-2.035536740946903080e+02
-3.270869538975978230e+02
-4.357159460459854472e+02
-4.343629028286352423e+02
-3.506582374413547996e+02
-1.326036819110211979e+02
2.416969385617664727e+02
3.913027672359651774e+02
3.028178612525051108e+02
1.813968204520982113e+02
-6.542000859143207947e+01
-1.867990829407166302e+02
-1.526765702337481514e+02
-1.594081877630001145e+02
-1.438940140146478939e+02
-1.069068426923703328e+02
-6.627932226015009576e+01
2.834132721006245603e+01
1.746530966392898279e+02
2.285573056557952611e+02
1.872242576127615052e+02
1.191186964908393691e+02
-1.088556842163609240e+01
-7.631343779747841438e+01
-6.508995285189961066e+01
-6.729461227498781284e+01
-5.142245092604087375e+01
-3.359752790035945935e+01
-2.224425454535462521e+01
1.570275202513094825e+01
7.576487782083189870e+01
9.010032917808840125e+01
5.806684933531477810e+01
9.335816003792540840e+00
-7.265656457494587528e+01
-1.242661551333907113e+02
-1.400885844125566280e+02
-1.647103065597587772e+02
-1.825331515814729357e+02
-1.726108585508700912e+02
-1.361596432612708441e+02
-7.043592983662391305e+01
3.074690922524075987e+01
1.621519511115892556e+02
3.274828621899735026e+02
5.363989363000308686e+02
7.908211376008215439e+02
7.679150835616785571e+02
4.384286158459502758e+02
-4.250657071309385771e+01
-7.661486990068358409e+02
-1.070941371530184142e+03
-8.986318165341397162e+02
-6.461646758749495802e+02
-1.396501347553780477e+02
1.638915324910922777e+02
2.078368496099778611e+02
3.592093646280939083e+02
5.031902810477453158e+02
4.847106018017161091e+02
3.227557309210139920e+02
-1.538816246943888189e-01
-5.238044689802090943e+02
-7.034629220766623803e+02
-5.097842521286263491e+02
-2.416458433874446143e+02
2.380205447183063256e+02
5.024741750321105656e+02
5.034089250314308401e+02
5.600810962900835648e+02
5.643055429987672369e+02
4.510800266486859300e+02
2.394166863720097354e+02
-1.278505292614267432e+02
-6.689875162814562373e+02
-8.794382113227977698e+02
-7.328595283546886776e+02
-4.903809726196199108e+02
-2.305012545220660769e+01
2.263720894971569635e+02
2.137609268893881449e+02
2.613463423488539661e+02
2.587632872724319668e+02
2.482699149622173707e+02
2.597027194402155601e+02
1.844754387231255350e+02
3.521442230462282907e+01
-5.375557026332391786e+01
-9.051859893792017431e+01
-1.331329527773471000e+02
-1.538947297963599681e+02
-1.679799658528826285e+02
-1.778211909270484909e+02
-1.544009555692124707e+02
-9.910587159322822970e+01
-6.468196173473023691e+01
-4.931495307452524912e+01
-2.631263317686200764e+01
-6.764255515498764026e+00
8.363308056588881811e+01
2.537798228583400260e+02
4.603900743230466901e+02
7.244339229875806723e+02
7.212796822706557123e+02
4.177299991045176739e+02
-1.498729335578081567e+01
-6.683519986174597989e+02
-9.583981700961223851e+02
-8.306486340245101019e+02
-6.445120417267432913e+02
-2.461808733497627486e+02
2.140899564563872204e+01
1.122873756325956123e+02
3.218226403289991708e+02
5.650000868590415166e+02
6.018021261416611196e+02
4.398424400838778752e+02
1.272574851954125421e+02
-3.979477759852918552e+02
-5.968366577176077499e+02
-4.354295809294117703e+02
-2.281280658481490775e+02
1.605325967714538535e+02
3.602189397814236145e+02
3.233713944228931609e+02
3.397395748815288812e+02
3.142887096292806746e+02
2.421396162782789077e+02
1.477438502080750879e+02
-4.317631297088079378e+01
-3.300622295849292414e+02
-4.669259780649835534e+02
-4.478566590316207225e+02
-3.930521759093326182e+02
-2.424302713449828843e+02
-1.153112404347089068e+02
-2.318191528262017798e+01
1.424586929566048923e+02
3.554937871455749701e+02
4.401404285748767506e+02
3.933414251068463727e+02
2.805685826106803802e+02
5.626751782610612906e+01
-7.258622068400271132e+01
-9.242987399122799275e+01
-1.433212724897219346e+02
-1.759316222476603286e+02
-1.798881527121068586e+02
-1.646846499079526609e+02
-9.605782959669835464e+01
2.928559336761231791e+01
8.875697615005144314e+01
8.079855984850564710e+01
6.949988008249350457e+01
2.630584143431104849e+01
-7.022321726642011264e+00
-2.455142906040567397e+01
-6.965025195117166845e+01
-1.329885926893298631e+02
-1.533121132887346505e+02
-1.308967185897638501e+02
-8.871546044376088958e+01
-1.166489325046928194e+01
8.326631479883994302e+01
1.964814464297738823e+02
3.498640134646997808e+02
5.418219624349837886e+02
5.290095632520766458e+02
2.916329061419476147e+02
-5.523515847280643243e+01
-5.794281360607246825e+02
-7.742130286141172064e+02
-5.947242351353989989e+02
-3.426912779614786473e+02
1.155542704323779049e+02
3.371321114107764743e+02
2.700490813403521315e+02
2.397286381381728688e+02
1.318302507911458292e+02
5.414481184256882074e+01
4.152143008993933648e+01
-5.081078259575203049e+01
-1.928766646759804360e+02
-2.259683214109478513e+02
-1.556931470326119609e+02
-3.586984976134319680e+01
1.706976401261926526e+02
2.495795719622261117e+02
1.845517585792171076e+02
1.096435518187278149e+02
-2.908940474371454599e+01
-9.860586753742717292e+01
-7.909747401000706191e+01
-7.846554002894096413e+01
-6.165119944042326949e+01
-5.618575646957264524e+01
-7.428835859379532280e+01
-7.456707263149698406e+01
-6.584664973014366751e+01
-6.084932618041125352e+01
-5.485956660534911578e+01
-4.846417438516554910e+01
-4.301164676426959232e+01
3.616920225033045000e+01
1.960474749145794533e+02
4.009830379663632129e+02
6.721829256912506025e+02
6.865612125986856427e+02
4.132723861548668083e+02
2.380452890818023803e+01
-5.715091931085698889e+02
-8.635660826937332786e+02
-8.043795091387197544e+02
-7.158238865650952221e+02
-4.648633816109968961e+02
-2.368333865982680493e+02
-6.309019200672085503e+01
2.584463529892181555e+02
6.847825802571481972e+02
8.380725257608607990e+02
7.101919041683696605e+02
4.512410192292528563e+02
-3.601609586278049591e+01
-2.878575844009341154e+02
-2.702439879309036428e+02
-2.912256757965563452e+02
-2.373866085420126524e+02
-1.862759400017179701e+02
-1.661058503941057722e+02
-4.821016558892914361e+01
1.480109311151493046e+02
2.202160876568962919e+02
1.713368358573613079e+02
8.662220554170890807e+01
-8.117784374139893089e+01
-1.477044171873857294e+02
-9.686216128253470004e+01
-5.617530205995976189e+01
1.999218247591300468e+01
5.423815083158570616e+01
2.956303180323034141e+01
1.927895688358409387e+01
1.606373775764137424e+00
-3.264887392016720291e+00
1.412107735690963750e+01
2.661245094774414355e+01
4.147360970659316592e+01
4.165851980349469841e+01
2.236821617792849537e+01
-2.192804432608586485e+00
-3.775072390682191781e+01
-5.726554484863665095e+01
-5.745287770405465011e+01
-5.638229079509873998e+01
-4.671283529685468494e+01
-3.370280376742986306e+01
-1.862834087617699907e+01
7.414696459357266178e+00
4.347649280808468575e+01
6.551197643580889007e+01
7.294544707703947495e+01
7.694438682539767171e+01
7.153594494015166561e+01
5.332575508140908482e+01
2.166654208260605685e+01
-2.720467063491954107e+01
-9.527204485916654164e+01
-1.218482132973073391e+02
-1.029043435701388063e+02
-6.971730077134901649e+01
-6.262859949615440236e+00
2.859571702367162160e+01
2.934349321299805879e+01
3.812455781073206396e+01
4.034362626355162718e+01
4.348392062294292515e+01
5.156917980966562709e+01
4.934769863966157288e+01
3.897388856640041155e+01
3.488272491258194918e+01
3.569215123180020299e+01
3.572207108938537345e+01
3.775110365305220483e+01
1.468563755155283523e+01
-3.633655385930470771e+01
-1.005396193192166834e+02
-1.855134009293659290e+02
-1.798211896342047282e+02
-7.230493421124617726e+01
7.783593996533957693e+01
3.018068528314582295e+02
3.176371063690426126e+02
9.799441233963446507e+01
-1.959759546269669670e+02
-6.409992931885470853e+02
-7.553266357254434524e+02
-4.891479112942540723e+02
-1.375928950863134901e+02
4.290832303221601478e+02
7.248600223284474851e+02
6.931463029793020496e+02
6.769063920995665740e+02
5.486914126758657630e+02
3.676087580404927735e+02
1.607331825950050757e+02
-2.072931957332341426e+02
-7.242304601962775905e+02
-9.147524611201323523e+02
-7.597066569079723877e+02
-4.812513412297786886e+02
4.267366232433444395e+01
3.110335718309882509e+02
2.803843886228045790e+02
2.964632641869436611e+02
2.350364516776483583e+02
1.816103058411644895e+02
1.691937638021192640e+02
5.660173324843363218e+01
-1.335821920122457414e+02
-2.101704794602272557e+02
-1.787209888785843361e+02
-1.165012681259477034e+02
2.007755234879148531e+01
8.459518762243091317e+01
6.489314869002002695e+01
6.721871884530456498e+01
5.647343057416364331e+01
3.704815599793379732e+01
1.864512693516860864e+01
-2.815963228548371688e+01
-1.012431319444302318e+02
-9.516767324330906774e+01
-5.683635318408796877e+00
1.180295231818929693e+02
3.030311430270783148e+02
3.523021740219014646e+02
2.473850529026364882e+02
1.051073336820843167e+02
-1.270982045497762698e+02
-2.927478132119671272e+02
-3.737666219006678148e+02
-4.902753881780678853e+02
-6.028171885657937992e+02
-5.357672340211246365e+02
-2.814353275237031653e+02
1.095898338867768587e+02
6.876061783296545400e+02
9.039174798174971102e+02
7.168838972076639493e+02
4.346476622141059920e+02
-8.654702934032403050e+01
-3.460917640310746037e+02
-2.898558410801104515e+02
-2.802427951072957057e+02
-1.897570939602302929e+02
-1.240840371252080985e+02
-1.206365618544995044e+02
-2.542208913593593422e+01
1.322674318492120733e+02
1.867585599793657991e+02
1.458022930839539981e+02
6.806766858786657792e+01
-8.384361172197074552e+01
-1.357145247194181081e+02
-7.411511132646296574e+01
-1.342824869667272303e+01
8.942057967192231160e+01
1.317907178469551184e+02
9.619047975247215732e+01
6.615506353554792440e+01
1.347334801688191419e+01
-3.382466819305063410e+01
-6.629687695384266988e+01
-1.207490913515252657e+02
-1.890133430705715796e+02
-1.773176181090333046e+02
-8.124972033652704795e+01
6.127052428144170904e+01
2.755572477082378668e+02
3.121203596546517360e+02
1.492744810299210201e+02
-7.200631268637336291e+01
-4.184554952352360715e+02
-5.215845961938393884e+02
-3.429459607606762575e+02
-1.151160758272726241e+02
2.602716076103720866e+02
4.529794126647907433e+02
4.215933044466328283e+02
4.071483868951373779e+02
3.226504225704466648e+02
2.086111028483090593e+02
8.534672055965519633e+01
-1.391601613910337107e+02
-4.554226585996123049e+02
-5.673765965394011346e+02
-4.640349711517445712e+02
-2.820853944455471947e+02
5.422102951484950495e+01
2.162614860846897500e+02
1.755447801381879458e+02
1.548956710802473253e+02
7.222876013798402539e+01
5.167242300904053565e+01
1.204315774275975315e+02
1.528609810893203758e+02
1.826149421905291774e+02
1.652508697613600646e+02
8.136673997544092174e+01
-2.245170074224132861e+01
-1.634034352145040998e+02
-2.456562308781517459e+02
-2.569693056150554753e+02
-2.588287400273026151e+02
-2.244697168616787621e+02
-1.605497758202045588e+02
-6.918757426814788403e+01
7.689875202996785220e+01
2.786712025842819003e+02
3.611906598233300087e+02
3.145605682328216517e+02
2.250790858246304253e+02
4.691732001504072969e+01
-5.785438157870639486e+01
-7.491989702818777630e+01
-1.220152221635140677e+02
-1.597033845403145733e+02
-1.660996448307863602e+02
-1.488532921542494591e+02
-8.708498105689871238e+01
2.494971519332735355e+01
7.763483331778549257e+01
6.847337955114700492e+01
5.675160805443690037e+01
1.663898156537455364e+01
1.368232869677595254e+01
5.642536547303254935e+01
9.263837136298866426e+01
1.390311372303766859e+02
1.358081580101972463e+02
7.207501641107673152e+01
-1.090499899197632061e+01
-1.311161075149492490e+02
-2.064138129038400962e+02
-2.275169301675603606e+02
-2.495666915133174371e+02
-2.507119044969202548e+02
-2.151505988186398781e+02
-1.438469613115388199e+02
-2.528114842945334217e+01
1.466240169700810725e+02
2.855078874651549654e+02
3.891369234954161129e+02
5.062422830229818942e+02
6.166011315759612899e+02
5.457540818391628363e+02
2.777878405766547871e+02
-1.223872266009945236e+02
-7.070728605942107379e+02
-9.227073270994317227e+02
-7.246504747625660912e+02
-4.251290875255344872e+02
1.221771306513620345e+02
3.912690101114312711e+02
3.258562920772608322e+02
3.031212240509062781e+02
1.888476833407872277e+02
9.657800492596096831e+01
6.475045659440505119e+01
-7.029090230120669958e+01
-2.777674064282221593e+02
-3.313420485456361462e+02
-2.343393950255430411e+02
-7.325282696904535840e+01
2.060752947024823243e+02
3.165663609703837551e+02
2.351241436633750652e+02
1.449116776034763916e+02
-2.649221768904206442e+01
-1.175962967868977529e+02
-1.027242866184566736e+02
-1.185268373206104968e+02
-1.224206434454980439e+02
-7.637672544545409892e+01
1.062438989622123664e+01
1.549705715601052418e+02
3.658616752144790780e+02
4.055335623487445105e+02
2.589473484927550544e+02
4.834623025777295879e+01
-2.885899162633571109e+02
-4.471798679051525482e+02
-3.979793478299566232e+02
-3.400972992287256034e+02
-1.945671736242551901e+02
-7.517703360966041259e+01
-3.144524322806381278e+00
1.422944496027886032e+02
3.331573202053600085e+02
3.954702259707356689e+02
3.282931454111161997e+02
1.940285385108753360e+02
-5.156437164006845819e+01
-1.678302621934336685e+02
-1.377547561072798032e+02
-1.156752940689474798e+02
-4.224879971298830128e+01
-2.741345322876790291e+01
-9.118536798450745096e+01
-1.330099966886769494e+02
-1.820867161127127076e+02
-1.810784899368952665e+02
-1.134284172496006988e+02
-2.884937365040987345e+01
9.173793129230300281e+01
1.870131894281977338e+02
2.483516118138492459e+02
3.222814640264863897e+02
3.923358334895800112e+02
3.427434181878778645e+02
1.648614747607157938e+02
-1.010518303098529032e+02
-4.890404927801660051e+02
-6.141784274602608775e+02
-4.453567067939590061e+02
-1.972678570722195843e+02
2.322283153889879088e+02
4.142640977687588588e+02
3.041086324329844501e+02
1.943389486575889009e+02
-2.614095604132457495e+01
-1.420297816814517944e+02
-1.144488417230027011e+02
-1.379750095910720518e+02
-1.551302964761970316e+02
-1.310586552846962149e+02
-8.222690990333269667e+01
2.055187830396930693e+01
1.833197124452170783e+02
2.318720049195644037e+02
1.591599048928411833e+02
5.451651232663233060e+01
-1.255106451393312881e+02
-1.988275672249618253e+02
-1.467187064045851344e+02
-9.261145817249045820e+01
1.058512770783893941e+01
8.602972637698536573e+01
1.188809405812470317e+02
1.849124115606498435e+02
2.640531995912297134e+02
2.551887493144065502e+02
1.570537114003428485e+02
1.891054133460107423e+00
-2.370117807714482865e+02
-3.473965248193112529e+02
-3.136566341890192007e+02
-2.611673938352861342e+02
-1.355733031995827957e+02
-3.831660722453332113e+01
1.668244410478747142e+01
1.241241459441845478e+02
2.598388877131915820e+02
2.918455527004045393e+02
2.187197988041379801e+02
8.528809465163966763e+01
-1.428114354476051915e+02
-2.334667212824114699e+02
-1.698649748465482503e+02
-9.364541023458421876e+01
5.378315999345989695e+01
1.191829925180385885e+02
8.120782768119316586e+01
6.153842742662885712e+01
2.020103243983353991e+01
-9.265489552028547848e+00
-1.302911382216832514e+01
-3.924608039690639316e+01
-7.740757077475896608e+01
-8.823704262888750804e+01
-7.458106617008853334e+01
-4.699263131807368410e+01
3.328258238726877760e+00
2.257295523415739069e+01
7.128242954613310367e+00
-9.836006899297867534e+00
-4.166750042633254481e+01
-5.753251144616440271e+00
1.079433316918043886e+02
2.495725474957353924e+02
4.423058886046161433e+02
4.707934002135059472e+02
3.125513641542818277e+02
8.952980150395571002e+01
-2.579324704054989184e+02
-4.787245476049938020e+02
-5.478245117741722652e+02
-6.377032143224183756e+02
-6.840912009303383456e+02
-5.586706763877775757e+02
-2.588463800875394440e+02
2.091421142932542807e+02
8.851124748408103642e+02
1.107294253077980784e+03
8.286474753744510053e+02
4.034911661701326580e+02
-3.424833411573345643e+02
-6.638512672530980581e+02
-4.859928483506467387e+02
-3.150993731720308233e+02
4.053318735193773392e+01
2.084510975647920077e+02
1.209789521646234078e+02
1.136443077077116754e+02
8.664343903024945348e+01
5.720937938752599194e+01
6.127599625683270546e+01
