3.181060339341301102e+01
-1.552613600541705807e+01
-2.256948997412771263e+01
-3.030530098625622948e+00
8.613959778436505843e+00
2.571155810564974331e+01
1.461391141893243173e+01
-3.083945690189510103e+01
-2.620305632543891861e+01
2.486939455112414876e+01
2.590316353995106269e+01
-1.169241358496516803e+01
-2.118902757687477845e+01
-1.646306189057454361e+01
-6.662136182146781493e+00
1.861584427207878889e+01
2.318301417019113586e+01
6.040784383317443051e+00
-4.667031142247514808e+00
-1.629379508765907758e+01
-1.177024049705778808e+01
1.432176324108172949e+01
1.654739573241472073e+01
-2.226185249084196460e+00
-5.282811206748787569e+00
2.860724556746135905e-01
4.356332987898865916e+00
1.228081249350179682e+01
-1.946754447953306411e+01
-9.548455010547046129e+01
-6.926775915242669157e+01
5.966804365814733302e+01
1.300269505122714406e+02
1.664002890014944001e+02
7.721092394187749619e+01
-1.782012280754174753e+02
-2.236845318756657832e+02
-6.828867110545267849e+01
2.731756901128440873e+01
1.348705575038973734e+02
1.387996125155133313e+02
-5.472763826184309011e+00
-5.546885100797202739e+01
-4.079898040104854573e+01
-3.637892023465730773e+01
-7.860896806262125391e-01
1.686222548508269625e+01
1.274138450377475351e+01
1.267708208182542506e+01
5.262756458253178060e+00
-3.170934675362195421e+00
-1.140365168504619220e+01
-9.149856209962244691e+00
6.597694461442859648e+00
8.082607358899489114e+00
-2.893343712387597133e+00
-3.366713712523178526e+00
2.399900127636438008e+00
2.383128672941281501e+00
-5.561764498741511575e-01
-4.384260546694740412e+00
-1.083161392615020446e+01
-6.619253911287656500e+00
9.335235701087638560e+00
2.017347600560131582e+01
2.842582500325448791e+01
1.433824768372958935e+01
-2.736237470513480119e+01
-5.120097301484531016e+01
-6.093342533748929668e+01
-3.308072958503504424e+01
4.515564130183009439e+01
9.817478633921226105e+01
1.319130317343251591e+02
6.125983188839518334e+01
-1.397948043165550587e+02
-1.777247304980129172e+02
-6.077169489226288590e+01
1.658944525141517090e+01
1.108472931607044814e+02
1.190544883335907258e+02
7.856713144073724564e+00
-3.738527475605167893e+01
-4.291757582089945799e+01
-4.426024008131826548e+01
-9.535383446398610019e+00
1.352813805937015701e+01
2.701947079102450289e+01
2.152037475522052645e+01
-1.467987010821740768e+01
-2.039859547006683727e+01
1.434878981488741712e+00
1.059325011318360055e+01
1.790262334363000463e+01
9.264875061557530600e+00
-2.202462929813602699e+01
-2.163916300577050222e+01
8.729489407494760655e+00
1.167250468211705972e+01
-4.741149419335733306e+00
-4.007443192468231885e+00
6.038522207160887056e+00
3.813429792310688349e+00
-6.753791704190662770e+00
-2.947791588195276535e-01
2.162285092732220093e+01
1.806006215929390635e+01
-8.788594978966132842e+00
-2.831299738013162326e+01
-4.767592403160488601e+01
-2.374936222226122595e+01
5.251504536644773680e+01
5.955946662636333144e+01
1.810422981988202284e+00
-1.814906749453644608e+01
-2.094475748638114965e+01
-1.950644879827318690e+01
2.073737183664300154e+00
9.692181338159139514e+00
4.332694990515753908e+00
4.973720172153638153e+00
5.287505567611196611e+00
1.131753262380819081e+00
-6.155658151747880780e+00
-9.030912833498843995e+00
-7.408445337595646052e+00
-3.510501254569738716e+00
4.662340182490656737e+00
9.958595433788746121e+00
1.216256019187335191e+01
5.357774680483105456e+00
-1.310347571171124947e+01
-5.060939211095009327e+00
3.023231427939709448e+01
2.782349617246824636e+01
-7.955941722736591615e+00
-5.177641724802166578e+01
-1.167605399685282208e+02
-7.261854214969457644e+01
9.388639724540571763e+01
1.571431369402011171e+02
1.374518965702470439e+02
4.520502345831570068e+01
-1.696780461592977645e+02
-1.982415196520954623e+02
-3.339540291766648750e+01
4.347936541352552098e+01
9.189461458567477337e+01
9.782827468327043619e+01
1.511113041151421399e+01
-2.717766214692961668e+01
-4.328256168394221959e+01
-5.067261702547926205e+01
-2.515672241787839170e+01
1.590443270065203585e+00
3.454611600747040256e+01
4.679822347306502195e+01
3.063593615105392942e+01
4.589741522916303218e+00
-4.115694930123764550e+01
-4.964881055641659913e+01
-1.577460462270087405e+01
5.887236680147752033e+00
2.817179608879829189e+01
3.406151749401164608e+01
1.403804679445434722e+01
-1.723479621058782829e+00
-1.973273741758293198e+01
-2.621088838644625696e+01
-1.541895392371180584e+01
3.578081248011821813e-01
2.669674917034224393e+01
2.383938094756793902e+01
-1.231066309266437386e+01
-1.667588771063133279e+01
4.200879416749724093e+00
3.467917680751255283e+00
-9.347754447233988628e+00
-8.127061647472261896e+00
1.798134952184764712e+00
1.129788352180498201e+01
2.416228223314318058e+01
1.375298663023740353e+01
-2.331867687529461719e+01
-2.553262860359531672e+01
4.206829867630046849e+00
1.437231609436379998e+01
1.511860846538155556e+01
-3.706420301423461794e+00
-5.195529936215865519e+01
-3.661371967367170299e+01
4.389025638446409516e+01
5.834659361322071902e+01
1.980537176794975451e+01
-4.816808506849875826e+00
-3.795222907140173163e+01
-3.749080095784198363e+01
7.494226117321783676e+00
1.900813484946147724e+01
6.044606361027597963e+00
3.551833194884662426e+00
-1.136772129529896258e+00
-2.857750135720883655e+00
1.921115649989639351e+00
-7.831845152950585032e-01
-9.528501248227465581e+00
-4.940039789161770223e+00
1.203593751761303920e+01
1.062046388383667050e+01
-7.388739529909305048e+00
-7.091210194505150888e+00
7.446433038533957216e+00
3.543996375843300850e+00
-1.460117583078486092e+01
-1.038780491806444672e+01
1.298386352616231321e+01
1.354100056804044705e+01
-4.393570673741940880e+00
-7.297541653532300998e+00
-1.185435019858025685e+00
3.079900773021104321e+00
1.055980634890006620e+01
8.098914462031594041e+00
-6.096482101707953127e+00
-1.374696973066196826e+01
-1.745438726061690460e+01
-8.044934856323589401e+00
1.899091437954701789e+01
2.076859223210422911e+01
-2.098415824845414779e+00
-1.013716826440959018e+01
-1.076654506494745078e+01
-3.604646646629396933e-01
2.833275304203749556e+01
2.077093271142368991e+01
-2.384746010224899493e+01
-3.134445595755315139e+01
-9.520291430432184399e+00
3.212309243904870826e+00
1.923824944832637129e+01
2.018933017459084311e+01
9.577949171443145282e-02
-5.534797255219263690e+00
-1.039204972468538601e+00
-4.212925896116021640e+00
-9.667465144642411801e+00
-4.003777075570355670e+00
1.203524230919755311e+01
1.048920211801839919e+00
-3.722669000191235256e+01
-3.409423259740287904e+01
6.833008193486910464e+00
5.118760172352872218e+01
1.126449230315633798e+02
6.029267212570275092e+01
-1.213589984267456572e+02
-1.347695754554452492e+02
5.730203676204039809e+00
4.757480579958789946e+01
3.941162592904639439e+01
3.297578931813422543e+01
-1.022562879931737534e+01
-2.198020115716067124e+01
-4.588375031142757354e-01
-1.230416714520614629e+00
-1.159256799849862496e+01
-5.885600165539879747e+00
1.026024247159849878e+01
1.394215764525716850e+01
7.379506906432013125e+00
6.498539114843085995e-01
-1.063234774114823189e+01
-1.183510443041098270e+01
-1.022324918523176862e+00
3.879937523693770984e+00
6.036727897448873392e+00
3.659667218289857971e+00
-6.573613570972733022e+00
-5.392141608101764128e+00
6.936347359656893197e+00
9.663780861490032237e+00
5.759046210565062829e+00
2.650804154097491594e+00
-3.040083028585503389e+00
-1.856231939932460762e+01
-4.436720105435794181e+01
-2.956735551507707527e+01
2.862733223711833119e+01
6.229098889816405915e+01
8.028832729580140892e+01
3.508729709217882942e+01
-9.208966266719420446e+01
-1.065271153184334452e+02
-1.182832733691358484e+01
2.687536613840996580e+01
4.433144409133309694e+01
4.675012573448265130e+01
8.064302451684566719e+00
-1.055896632130666291e+01
-1.434877986918563053e+01
-2.381818725198303710e+01
-2.808828296615158493e+01
-8.592757304757878245e+00
3.678476717890653447e+01
3.029425905799478969e+01
-2.914751622455790780e+01
-3.506488520736827041e+01
1.154211200664951864e+00
2.920608500760680570e+01
6.725965088928664670e+01
3.834491708240182817e+01
-6.974429527274233465e+01
-7.847309312542012094e+01
2.801366279676781090e+00
2.823172115900467816e+01
2.702857704757108337e+01
1.599903454312672579e+01
-2.784210850579480834e+01
-2.823034056984134921e+01
1.563717858121014359e+01
2.637955752568676360e+01
1.684258214020812616e+01
4.285573316834039304e+00
-2.387519406391308507e+01
-2.532425902611681323e+01
2.553268765431940146e+00
1.030408669253490217e+01
5.629848046135967010e+00
4.714603858974742323e+00
-1.463001190242471661e-01
-2.792776570574490691e+00
-2.087263439384401842e+00
-1.979992147828891103e+00
-8.538367465529764777e-01
5.058671179890323888e-01
1.883941940684884520e+00
3.423890031497251574e+00
4.871675871199537156e+00
4.090835332944640079e+00
7.469621541793237673e-01
-8.066928069290037584e+00
-2.345224533784079668e+01
-1.270158383857177853e+01
2.609203159382847304e+01
2.513760691542982784e+01
-1.232361176662673863e+01
-1.644076335232680464e+01
2.880981048431173086e+00
1.030900991682223022e+01
1.631594926648484289e+01
1.146931821948492214e+01
-9.603653645166959407e+00
-2.630624051128529572e+01
-4.174894879667483849e+01
-2.195577355591526469e+01
4.033154444496224755e+01
5.441055882266942234e+01
2.447994172762173903e+01
-1.282500814316433813e+00
-4.065262511993541494e+01
-3.990422702799201460e+01
1.007301139828446779e+01
2.259298791143363871e+01
8.194046450789814529e+00
-2.776471499761790973e+00
-2.510128956446451198e+01
-1.762677658026569461e+01
2.445633623743351492e+01
3.340390179326613662e+01
1.585907502093915333e+01
4.986156190943375144e+00
-1.080934985046699737e+01
-3.586880068769527696e+01
-6.763580139913607070e+01
-3.555845428406771447e+01
6.733112780036816503e+01
8.723782641511306224e+01
3.222930984755797823e+01
-5.805570310898040987e+00
-5.566251768827608970e+01
-6.101657582224754606e+01
-6.325701800162878641e+00
1.740287855161020758e+01
2.415360217533481446e+01
2.466500903953848223e+01
3.184200362526303341e+00
-9.438394775354295163e+00
-1.535371930213175240e+01
-1.033096214364947585e+01
1.277478062877176335e+01
1.287738142589128465e+01
-9.088446561751650776e+00
-8.940959897128333722e+00
7.194965799736390721e+00
8.594135532106731645e+00
1.047118913037301979e+00
-5.194816760648077292e+00
-1.468133655550508543e+01
-7.296358471279850377e+00
1.958013249425805924e+01
1.306748371306381173e+01
-2.534509589090354353e+01
-2.248057286484075235e+01
1.531766613795138277e+01
2.706489702543850839e+01
2.347791946033535737e+01
9.358097736175595927e+00
-2.610058215711719498e+01
-3.536716781207238824e+01
-1.787136685612626152e+01
-1.012845368129501544e+00
2.555991004988272408e+01
3.037664492211161260e+01
8.436064802454222189e+00
-5.476158841098852648e+00
-1.899053345209687294e+01
-1.827497103598526706e+01
3.277866548529457802e+00
8.721297815208812310e+00
1.552882007971985390e+00
2.948712239478202157e+00
7.014943884959345510e+00
3.322079659877722246e+00
-6.459090128732668745e+00
-8.566549395279983159e+00
-3.829893512899035457e+00
5.687114192137270319e-01
7.357190946516601215e+00
5.073312783165416562e+00
-7.961371811343331828e+00
-7.278206444414592191e+00
5.591759381520390093e+00
9.415043696807854801e+00
7.924854872438494624e+00
5.117534646614874561e+00
-2.497815098386594101e+00
-1.311812353626635819e+01
-2.725512951233115189e+01
-1.298814039669193754e+01
3.302223082437987500e+01
3.107416470544818310e+01
-1.619387323197787509e+01
-2.114108164295675607e+01
4.536827961607860615e+00
9.476128858629573770e+00
6.444675073674631882e+00
3.145689404465294547e+00
-7.303618136550762863e+00
-1.050050209953965563e+01
-6.138058417739288508e+00
-1.815528502848867687e+00
5.586676033210435932e+00
9.108175653227020163e+00
7.692473506543308304e+00
5.709231053954784141e-01
-1.474867231856829619e+01
-8.556593127561907153e+00
2.051945899612367796e+01
1.786405247625747705e+01
-1.313586327309849722e+01
-1.896210785054116954e+01
-7.443647903982651748e+00
2.307489603809143475e+00
1.903920747270489144e+01
1.216849217910479908e+01
-2.218895040669748653e+01
-1.869930612168990791e+01
1.896365915897713350e+01
1.718744278452654939e+01
-1.553743011754357717e+01
-1.664616272419323195e+01
4.308926942468263022e+00
1.462786755066144906e+01
2.345152130836060067e+01
1.188311540323345561e+01
-2.642853635122047251e+01
-3.118606543423194921e+01
-4.689778331545649159e+00
5.690088704832156452e+00
1.040115939263003497e+01
1.747881231944902325e+01
2.030444678239059542e+01
8.409146077563283583e+00
-2.032306992519768229e+01
-2.903107670652458339e+01
-1.837096941814908391e+01
-2.919429647906377490e+00
2.569983916666160439e+01
2.776455057646461455e+01
-1.590628116776514611e-01
-1.032412521335760758e+01
-1.054051368623036034e+01
-7.049457229018954330e+00
8.298681356759111338e+00
9.363763283760217604e+00
-4.008237214846309016e+00
-6.844982148583505399e+00
-3.627456925813929089e+00
-4.519251757312029993e-01
6.501997003802418185e+00
5.693227994523836877e+00
-3.804844984652635542e+00
-4.025519875170537887e+00
3.287812228744430687e+00
2.858560869940387050e+00
-2.878763788619381092e+00
-2.511939826871085302e+00
2.153314621440508336e+00
2.382845674861934770e-01
-7.090850025799914746e+00
-7.578465378297168265e+00
-2.435065095402296098e+00
7.485701911888426707e+00
2.489981050754838776e+01
1.185835119612679733e+01
-3.429113642230935000e+01
-2.299958972952783043e+01
4.301188646042147923e+01
3.774969288307134008e+01
-2.800849705294736935e+01
-4.268570525494367018e+01
-2.414632477534971500e+01
-4.306164778726500941e+00
3.518036679835678626e+01
4.068059721065347389e+01
7.355469305158774951e+00
-7.101626517634419322e+00
-1.372479074852394731e+01
-2.402889383965550607e+01
-2.951830758708784685e+01
-1.055111329908985063e+01
3.599959588773533170e+01
4.419748479250610984e+01
1.494398899097652311e+01
-2.398164381277372748e+00
-2.060070615825773643e+01
-3.976021932255554958e+01
-5.327145146294788702e+01
-2.716742045672379646e+01
4.520072377540626007e+01
7.952145495397604691e+01
8.074809881825945013e+01
3.063106643054954503e+01
-9.324644026856067569e+01
-1.130156962986151825e+02
-2.804890159883654022e+01
1.801400459049310854e+01
5.964888504038112416e+01
6.148027472456390541e+01
-7.662969466335676216e-01
-2.618738552060010605e+01
-2.658663432750086741e+01
-1.424140376485625481e+01
3.006311716609427975e+01
2.914469581825644084e+01
-1.797196827900823024e+01
-2.629069004024045242e+01
-8.402836814285272737e+00
3.074652478109980880e+00
2.141977342746333335e+01
1.054904750996931817e+01
-3.541470744562083439e+01
-3.007577050497495819e+01
2.258762528814120429e+01
4.019540652950215076e+01
3.598314223831823710e+01
1.386762957124838813e+01
-4.150929359783385308e+01
-5.392044408269847366e+01
-2.257048973162802596e+01
7.232703472709338666e-01
3.177400365884284028e+01
4.082971765687314303e+01
1.933639946392785092e+01
-1.790020016270376324e+00
-3.187098520934285872e+01
-2.683962230631969703e+01
2.080932242364073304e+01
2.735703342498628032e+01
4.090482214122581617e-01
-2.409164203499936718e+01
-6.126527921634710339e+01
-3.922551498533640313e+01
5.124377369571423202e+01
7.837943290814149577e+01
5.336065743072287404e+01
1.226314280212493912e+01
-7.139056717741627267e+01
-7.914255518370747211e+01
-3.258767827413249663e+00
2.640788974282477852e+01
3.293982085360295287e+01
2.293319319332762873e+01
-2.586692950242807498e+01
-2.798633739874613013e+01
1.559380373156419886e+01
2.725143323999128242e+01
2.140911666059738749e+01
1.018621166892644148e+01
-1.878055066956688890e+01
-4.501202496033454281e+01
-6.938566966706254391e+01
-3.774440622482894980e+01
6.016630077690768985e+01
1.053562733618369123e+02
1.065896235712411624e+02
4.465836910074965971e+01
-1.103491845725837663e+02
-1.588881108769049604e+02
-1.024677911640508370e+02
-1.835877280495875041e+01
1.392679141031445909e+02
1.636059182852095830e+02
3.774411463499933461e+01
-2.825992198142252931e+01
-7.837936074923428009e+01
-9.460853266413860752e+01
-4.198074338508110515e+01
6.988783987781586049e+00
6.781066801684914935e+01
7.505064879332994110e+01
1.207057616259567823e+01
-1.800593194689245991e+01
-3.170971986446522450e+01
-3.155297952755002910e+01
9.627176089563875827e-01
1.614561174291132417e+01
1.796543825232460279e+01
-2.705283957137749162e+00
-5.764129767814757344e+01
-4.543787033889741878e+01
3.524741453795716239e+01
7.329848362329650513e+01
8.596988178312845719e+01
3.776190588035299101e+01
-9.627111391491729364e+01
-1.170628825955079861e+02
-2.752286282773674486e+01
1.927157765012276158e+01
6.064205631634124671e+01
6.504003816051944398e+01
7.395856856418774328e+00
-1.966080771488722689e+01
-2.803349623660324852e+01
-2.780983805631545280e+01
-1.965922686431182509e+00
1.015289207919684955e+01
1.082650853312507877e+01
1.024548464261667391e+01
4.965183033170862958e-01
-5.386764759111119183e+00
-7.610284710244344275e+00
-4.121054978723271311e+00
8.469786333757070906e+00
7.102729815872085517e+00
-8.096120663874081913e+00
-3.118173326952225377e+00
1.929131433598581680e+01
1.566428416669573309e+01
-1.048598871997109505e+01
-2.745725581958922490e+01
-4.231192752638538934e+01
-2.270102075974228129e+01
3.973882354775659564e+01
6.146153883045813870e+01
4.739413825591680762e+01
1.529603878293928076e+01
-5.326434484471408126e+01
-7.598091548495501968e+01
-4.968158430167601125e+01
-8.914154622203446010e+00
6.683284745957396922e+01
8.069265187764725056e+01
2.484011160805646412e+01
-8.550873249591241176e+00
-4.070605121701375140e+01
-5.497980486764955543e+01
-3.624799741744989490e+01
-4.043539987844413375e+00
5.194543805486178201e+01
5.773650270221023817e+01
6.807863305921181052e+00
-1.456469477866941453e+01
-2.151541323226532398e+01
-2.848759850358251811e+01
-2.167881103488928218e+01
-5.337083498720015307e+00
2.322138962668352491e+01
3.461979770621888974e+01
2.680734499680819383e+01
6.170245597166717388e+00
-3.592745100104600908e+01
-3.831604937131407240e+01
2.073870598294694112e+00
1.540617190828698213e+01
1.301835558076854937e+01
7.560449176470305233e+00
-1.266359557025593041e+01
-1.129466882065019107e+01
1.281192182364253540e+01
1.603504587415403293e+01
4.206842758162821383e+00
1.155154982644608364e+00
4.655378728654834264e-01
-2.190545130398114893e+01
-6.513341029882167277e+01
-4.335890684126716366e+01
4.568097021561201387e+01
8.760249182653913635e+01
9.606429182325538818e+01
3.849978256273701049e+01
-1.126606664151007919e+02
-1.307464093111928776e+02
-1.666406600964578999e+01
3.235317515923879483e+01
5.785301188664513461e+01
5.766323203411460696e+01
-1.557820637065010505e-01
-2.200177064981980379e+01
-1.515495005071580437e+01
-1.976203371464641378e+01
-1.929928379205174238e+01
-4.076291928704296907e+00
2.472292662475658531e+01
2.797395893635734510e+01
4.454922718027336082e+00
-6.859479695497237905e+00
-1.369247818071056244e+01
-1.583171605640586677e+01
-6.774774268954765866e+00
-2.830529853063082357e-01
5.639857160695923355e+00
1.686263266987269915e+01
3.156376239240803017e+01
1.682666622531347045e+01
-3.003629569438467684e+01
-4.197710399640470769e+01
-2.295189638862293080e+01
-2.579213503535067176e+00
3.253507206411108399e+01
3.828434327438927909e+01
9.270796258983923011e+00
-6.806380261832861933e+00
-1.988214288993304635e+01
-2.194995015434169616e+01
-4.709356930684915454e+00
5.086305475475997540e+00
1.120800547454520668e+01
1.169341072037454232e+01
1.362456083701614418e+00
-3.929790643536135608e+00
-5.883137060315875466e+00
-4.714058607532582101e+00
2.798502199514977029e+00
3.598843412009417264e+00
-1.958766111987716441e+00
-3.940403754731545138e+00
-4.638534176333534376e+00
-1.541053121232408119e+00
7.108246391210028214e+00
1.611310745760359708e+01
2.654007748701208058e+01
1.886905019065701694e+01
-9.678908599245323430e+00
-5.123739774419905757e+01
-1.120125590444614829e+02
-6.548682559186735830e+01
9.990342278779942831e+01
1.494158783151659691e+02
1.007157621889949581e+02
2.288479824926606909e+01
-1.322598284980712720e+02
-1.609414728505892924e+02
-4.945906010929645191e+01
1.740607027381860306e+01
8.343918737606573188e+01
1.073646592398821582e+02
5.866168650049786493e+01
3.315247609475253654e-01
-8.812143757442709102e+01
-9.620388332984708768e+01
-7.949168808775109341e+00
3.139528614005388363e+01
4.606184219929269830e+01
4.365445883184026599e+01
-1.265294040885084126e+00
-1.500715826343128612e+01
-1.245069746793736609e+00
-3.122948806818839174e+01
-9.487239883122718709e+01
-6.161203554688783157e+01
6.757251507361523579e+01
1.310127166033317963e+02
1.486267456764938686e+02
6.226772101596020548e+01
-1.681206352654491241e+02
-2.070312217901624479e+02
-5.818286258297374758e+01
2.537345307682308970e+01
1.078159842985597550e+02
1.277435846499896570e+02
4.422767306742718318e+01
-1.761831093725469088e+01
-8.254444635204423264e+01
-8.331765704883603973e+01
6.107729105110659695e+00
3.793762388259985130e+01
2.955026912700833108e+01
1.411471740304094169e+01
-3.533644212868369294e+01
-3.278545297052281171e+01
2.535234609445668141e+01
3.644866548549515528e+01
1.489200265672308632e+01
4.746488799779071677e-01
-2.314778497913247790e+01
-3.263593284169628106e+01
-2.307620445538396936e+01
-8.316638725085196526e+00
1.882009142248642775e+01
4.147474664703891989e+01
5.834383702240988612e+01
2.707868089295219960e+01
-6.182598600510421960e+01
-7.559105022889148984e+01
-1.791926248469698635e+01
1.516056642123095699e+01
4.849080737259814100e+01
4.072443057265761013e+01
-2.535506931758208538e+01
-3.038689595888186901e+01
1.763096886708512301e+01
1.183563121837195276e+01
-3.061713322629351453e+01
-2.237713156112501522e+01
2.496311635729241374e+01
2.819590399562622096e+01
-2.543595585137487625e+00
-1.112242354820780577e+01
-9.874916851691095232e+00
-2.448983900489021703e+00
1.996994146871123732e+01
1.674725784213736546e+01
-1.286385480030969397e+01
-2.106710772247757291e+01
-1.437079584152053613e+01
-2.847172867740852098e+00
2.213887235416830279e+01
1.893633969253620819e+01
-1.494410232469304312e+01
-1.805863603607053491e+01
3.201798239159242332e+00
1.161216646040889167e+01
1.683082431200010021e+01
8.349372324803127299e+00
-2.014972615521296717e+01
-1.959624751284115618e+01
8.951784937577556889e+00
1.316549466399663082e+01
5.403106358645446416e-01
-5.377522583675653500e+00
-1.262870415213218855e+01
-7.946612667342709990e+00
1.240348485617639085e+01
1.530289025561848071e+01
2.827225966769492338e+00
-2.790517900784450056e+00
-7.203864974645370012e+00
-7.199527273753393963e+00
6.659198699820215728e-01
3.082526219148184143e+00
1.286198640768787760e+00
-7.677579788182892218e-02
-3.401446304620999506e+00
-3.605772995025468219e+00
-1.714002102972073671e-01
6.234276768409879210e+00
1.715473349081233678e+01
1.099083996918478512e+01
-1.376385643300375250e+01
-2.175196499584916765e+01
-1.618591783063007838e+01
-3.039224229508026731e+00
2.509787336387294587e+01
2.432446052639484080e+01
-7.476967968757894489e+00
-1.122800662290365814e+01
5.960996559779211168e+00
-1.255989747686357294e+00
-2.511376908735167746e+01
-1.408828540285193576e+01
2.849534175490623866e+01
2.809257763632018268e+01
-1.004415441838483325e+01
-1.449079540961248291e+01
4.019820753159759619e+00
-2.422534932682141928e+00
-2.457774594274731683e+01
-1.691485827411588261e+01
1.657882930532325005e+01
3.271891656691598627e+01
3.799347976767985102e+01
1.710752981255759764e+01
-4.011971318561504063e+01
-5.276634994059892136e+01
-2.230479698519024367e+01
2.132368490551430185e+00
3.689741783203159287e+01
3.952801855785587293e+01
1.118712245409868355e+00
-1.389168717935650044e+01
-1.511794902525000950e+01
-1.314747640215925273e+01
3.126940457477285662e+00
7.271666061822371852e+00
-5.138845674007770370e-01
8.279300757841856484e-01
6.668411692698985149e+00
3.100027939031131829e+00
-8.027844043945755459e+00
-5.995677079590874925e+00
8.266723521345348047e+00
8.780346590489735092e+00
-1.757387594226561545e+00
-7.419508639457130350e+00
-1.236420237551400980e+01
-5.287852977459184700e+00
1.719683367968048771e+01
1.326153226765925197e+01
-1.648527472857066556e+01
-1.565269089101922084e+01
1.032384266268442552e+01
1.537022274528561994e+01
7.502875577980899990e+00
1.012307879763875151e+00
-1.124316953312079370e+01
-1.568617569015299118e+01
-1.061170334946234561e+01
-3.721180751852223523e+00
8.648228143983146765e+00
2.118571526660811699e+01
3.335003407540078513e+01
1.697711481483899121e+01
-3.246314404485230654e+01
-4.553244816986900645e+01
-2.559862697545991139e+01
-3.251446143601661731e+00
3.572506519335480135e+01
4.240650726653020541e+01
1.112230404664016348e+01
-6.923040614022462513e+00
-2.277396446093236904e+01
-2.508138830849295786e+01
-4.862069697767680054e+00
6.267259226316626020e+00
1.285372419453736192e+01
1.331592375617324819e+01
1.621750443590894264e+00
-4.965493915314388218e+00
-8.343969025306412490e+00
-9.158891793026992190e+00
-3.990315303832547844e+00
-1.328556513149343310e+00
-3.654786422807684287e-01
1.482731593556114547e+01
4.412405292428800152e+01
2.835340601763986257e+01
-3.413811044532385353e+01
-5.680654172266530821e+01
-4.830410137756043554e+01
-1.584115744513746549e+01
5.912536827035293641e+01
6.544519306767404032e+01
-1.690263444170185814e-01
-2.487192628672945105e+01
-2.927388632583062034e+01
-1.192728446381957319e+01
4.709058089685948545e+01
4.117017007687459085e+01
-2.984110221557681442e+01
-5.035071361764629927e+01
-3.756020840652134751e+01
-1.099595439158656696e+01
4.996546124247447551e+01
5.364473442968414219e+01
-3.905625596404650679e+00
-2.186843741153927567e+01
-1.690677375885247358e+01
-1.103927217927386373e+01
1.208552731338824060e+01
1.416842260339628368e+01
-6.354918138058263999e+00
-6.015988262289009292e+00
8.767525529833372744e+00
9.199464793109566330e+00
7.867707659981674206e-01
-1.238667080198820969e+01
-3.513902574982436278e+01
-2.254375963160461183e+01
2.867533493321380433e+01
4.039399045911556385e+01
1.883012348482341736e+01
-3.390367175151357770e+00
-4.114451126483373855e+01
-2.676246195750075074e+01
4.768154883546986866e+01
4.257407386643943425e+01
-3.362220005025096725e+01
-4.302080543622147957e+01
-5.432190546580940804e+00
9.058606892508112907e+00
2.103798057810450217e+01
1.719543565344272906e+01
-1.268463423031902160e+01
-1.506273229442801131e+01
6.955992709671797947e+00
7.393555005569250049e+00
-5.693081170190833262e+00
-5.785561462856153803e+00
1.390352875280860712e+00
4.618132870444427773e+00
7.292917116866648897e+00
3.217075806163654850e+00
-9.723225589888635056e+00
-9.029687336541277531e+00
4.824166816715773187e+00
5.790677874935398428e+00
-2.862511109090969175e+00
-1.732304850346127800e+00
5.707847491335333423e+00
4.388407931831516784e+00
-3.625327650865183493e+00
-5.691739783762900018e+00
-3.722033837445898108e+00
-3.689684063944485004e-01
6.648335107905861463e+00
5.107552326806394483e+00
-5.781157465846502141e+00
-6.093864619010255446e+00
2.443439355865372420e+00
2.995528189392803409e+00
-1.597842420024204069e+00
-2.071467052312536694e+00
-6.576984770639308087e-01
7.983504334469664343e+00
2.586031590885970743e+01
1.754542943794772469e+01
-1.806596192375774734e+01
-4.271446899539875375e+01
-6.294542815569614902e+01
-3.597939878497110300e+01
4.954389459968805198e+01
9.153178314279070094e+01
9.766347549152297347e+01
3.725152729154129361e+01
-1.166215164208943804e+02
-1.348042101970839894e+02
-1.732337635470005210e+01
3.246785058929036438e+01
5.671545925615056660e+01
6.212414187709018165e+01
1.633160377150414178e+01
-1.204059681198347498e+01
-3.056546045915273169e+01
-4.152993351195365790e+01
-3.171271199618448833e+01
-6.990307782972859485e+00
3.858256101957579176e+01
4.956442846514758571e+01
2.259784851695543040e+01
-2.549101486882239254e-01
-3.187007875877550589e+01
-3.825406517450352339e+01
-1.159767102035154274e+01
8.212730986644118047e+00
3.047631878252330395e+01
1.884664034134236843e+01
-3.595216537373210741e+01
-3.137032367326058591e+01
2.808146254160649136e+01
3.974946780085435449e+01
1.885745472238401987e+01
5.519615289646198519e+00
-1.647845493777961323e+01
-4.381128789793895351e+01
-7.342242782440243332e+01
-4.010237086756228564e+01
6.479190417154092074e+01
9.906626980798463933e+01
7.146108931012955168e+01
1.632289931725193100e+01
-9.734939400323368375e+01
-1.044587573437428745e+02
4.351893804890126560e+00
4.029752906839875237e+01
3.420541375381345262e+01
2.513536619735855027e+01
-1.787854446324075397e+01
-2.363750927797633139e+01
9.909711968464415932e+00
9.987287075022521776e+00
-1.116222535845661668e+01
-8.836421706765159811e+00
8.211919635927435124e+00
9.543598762056054952e+00
1.461733287804464210e-01
-2.752351082945782679e+00
-3.482092525762225499e+00
-4.063328327916002181e+00
-2.107677870738313253e+00
-6.330101522675974923e-01
6.458640159443553852e-01
5.757414207899140379e+00
1.454159253732757229e+01
8.687260969733264560e+00
-1.263760081441642136e+01
-1.856958820575235691e+01
-1.155436136513580259e+01
-2.011729202827854834e+00
1.621711971917538975e+01
1.767703650994127784e+01
2.227478735865834059e-01
-6.171225901111828449e+00
-6.505939533063926028e+00
-5.098335636919012259e+00
3.071197441527315330e+00
4.728855663299559531e+00
-7.077108225520793716e-02
-9.409829469239143762e-01
-2.770516758239076616e-01
-6.483939934961648888e-01
-7.671603409920393357e-01
-5.429942986924365833e+00
-1.522746829902620291e+01
-9.867267003269814651e+00
1.111515194538292839e+01
3.469556719171085746e+01
6.546793268077955474e+01
4.150357626486097473e+01
-4.458682276349053097e+01
-1.046046366759162112e+02
-1.508600737020455256e+02
-7.771289127531744612e+01
1.431102712231225098e+02
2.082863798866169418e+02
1.318098633657440644e+02
2.332620934528817003e+01
-1.817500734358670513e+02
-2.057169992383952319e+02
-2.540040607258197625e+01
5.420721616354263972e+01
8.991937666268594853e+01
8.903606005492352438e+01
1.550949219265191914e-01
-3.531126514236346736e+01
-2.746080881542073371e+01
-2.650048055771194200e+01
-6.022331127084334490e+00
8.619166845722446624e+00
1.531619614695915566e+01
6.063375899233167665e+00
-2.706858813652703688e+01
-2.521745679789162509e+01
1.080885574251538017e+01
4.681839175866011260e+01
9.499091050996182162e+01
5.769452698752523645e+01
-7.780969391348224917e+01
-1.409112800796069109e+02
-1.481629370752835371e+02
-6.567585135694633891e+01
1.479080630612097309e+02
2.191059886495665978e+02
1.521081778664553781e+02
3.434795638352137814e+01
-1.976590379425706203e+02
-2.296687045714500073e+02
-4.080427125069636674e+01
5.318393037774121979e+01
1.170011305066522027e+02
1.036788451748953861e+02
-4.239591001522200031e+01
-7.440527546600010567e+01
-8.871112243535124620e+00
2.216704750987912220e+01
6.242753435553319719e+01
4.342148365246530517e+01
-5.479494312610865592e+01
-7.496127311780736591e+01
-2.948128513789063732e+01
3.315841422612274769e+00
5.152445335547063365e+01
5.085625364986710650e+01
-1.184326696338108675e+01
-2.790763797414356517e+01
-1.040976926600136387e+01
3.220300867588443694e-01
2.258221653046942379e+01
1.809890364100859728e+01
-1.855629968496340965e+01
-2.485525439247008705e+01
-7.360564816427674906e+00
2.028106156864584619e+00
1.358856734446672299e+01
1.505058995404884925e+01
1.755708028508039975e+00
-4.497957014524349262e+00
-7.095476790080253338e+00
-5.819186292062282995e+00
3.327916437057381049e+00
4.981328849081897658e+00
-2.554254522336896760e-01
-2.452574114065647404e+00
-4.373319421964750653e+00
-2.729418181956233092e+00
4.057049145949120472e+00
5.227708523332002422e+00
1.371142902259770757e+00
4.201360572724971987e-01
5.792370474157210181e-01
2.090881143671575515e+00
6.210106114702736768e+00
5.413185500965284724e+00
-3.730503602997092827e-01
-2.338222153809342174e+01
-6.696972860126427918e+01
-4.532178402253314431e+01
4.504308072379044603e+01
1.027695524322919027e+02
1.433471971587872247e+02
7.209279955520190697e+01
-1.401991947742874061e+02
-2.054201539029014043e+02
-1.364399316967914899e+02
-3.289231168010201856e+01
1.671659962227493850e+02
2.207586644968498319e+02
1.096413310168108666e+02
8.080966486848586428e-01
-1.643201181321877016e+02
-1.872939671911041160e+02
-3.505442510071977580e+01
4.324817683219151121e+01
9.384019852936150130e+01
9.451061519043636849e+01
9.130206947813639395e-01
-3.593215813418321147e+01
-2.988138694913482141e+01
-3.044432092846328430e+01
-1.026301459541053163e+01
7.237280955238778013e+00
2.071199463687439746e+01
1.872044888960650866e+01
-5.999645504515523697e+00
-1.339699396437471712e+01
-6.764634312748491141e+00
2.206661517566614883e+00
2.134516877801898715e+01
1.456890320653320003e+01
-2.080487800150608990e+01
-2.037483283309541804e+01
1.118851750381367616e+01
1.502049083952084452e+01
3.546384384344709040e-01
-1.223477246475945002e+01
-3.210405014073690921e+01
-2.006917594021301454e+01
2.876757849733052197e+01
4.592228258652253459e+01
3.770907125598255760e+01
1.611900433382338704e+01
-3.301307168619990051e+01
-6.071393025774732877e+01
-6.636477227249129385e+01
-2.432272699221512013e+01
8.150150782221692225e+01
8.833801054326315239e+01
-4.163781637442432348e+00
-3.263762243743044422e+01
-2.542309519063702794e+01
-2.033116608625613253e+01
8.429796318706976876e+00
1.611848691373785414e+01
9.209327490461076682e-01
-3.246246759595244225e+00
-5.300584643489091974e+00
-4.543733850761257465e+00
3.448378543660664874e+00
5.822428336583972630e+00
3.564441829583376631e+00
-1.638936620835304003e-01
-7.879653504960069554e+00
-3.060825157352950132e+00
1.549061058433899696e+01
1.250820685223644091e+01
-1.043226550575696798e+01
-1.681793899643840717e+01
-1.183720835477912203e+01
-3.588286406696688857e+00
1.445909472995251477e+01
1.586964421174234374e+01
-8.653566215956944863e-01
-7.710566167725819930e+00
-9.761667140106982998e+00
-6.080529523911748502e-01
2.530500655374424923e+01
1.884714716574178794e+01
-2.030536415435972586e+01
-2.739311718789481631e+01
-9.472081584842182878e+00
2.491924626239355955e+00
1.945266145367195065e+01
1.726804020550545715e+01
-9.317407504254529016e+00
-1.219282770351185086e+01
4.322868474534838690e+00
5.426581773524636887e+00
-1.662570212397419978e+00
-1.675619298055142536e+00
1.107259170328117603e+00
-2.379807226615200832e+00
-1.089248672259813588e+01
-8.268154118934008423e+00
5.124516876895206963e+00
1.506146836106194620e+01
2.446299124161402005e+01
1.250113028094672529e+01
-2.531258489106792098e+01
-2.941970031594225077e+01
-1.962510031932402921e+00
9.548590371701733304e+00
1.551516311620314603e+01
7.612471394145670089e+00
-2.252040597913421038e+01
-1.995859842576181364e+01
1.432430774353535163e+01
2.258578472867993625e+01
1.336179454816421242e+01
1.901093236297666023e+00
-2.161356054277360528e+01
-2.021811186399792604e+01
8.966629233115945397e+00
1.336274951900616692e+01
-8.740505514950225319e-01
-1.599018550846968978e+00
3.379310968927433212e+00
3.455560355164467357e+00
2.391971646976122301e+00
-7.070385422210248905e+00
-2.686945135185067457e+01
-1.642111758018574363e+01
2.548195162511857959e+01
3.496301188497344015e+01
1.743997053631800398e+01
1.195171239302281085e+00
-2.564715957873642083e+01
-3.733978763707430915e+01
-2.981657665515785638e+01
-1.237142517399779962e+01
2.303995805962968291e+01
5.560288387397352494e+01
8.534070591399709826e+01
4.160120781714216776e+01
-8.834801143577207938e+01
-1.167183934768526399e+02
-5.127579798675745337e+01
-6.059048490262677333e-01
7.181848677278652815e+01
9.463368985295187485e+01
5.048572217984244048e+01
7.778362831819554124e-01
-7.642124950474632783e+01
-8.077348161959666584e+01
1.980736048027633478e+00
3.133376938862990713e+01
2.811528337148471479e+01
1.741291603136909671e+01
-2.510070978475547676e+01
-2.788380671361141339e+01
1.055397804584022836e+01
2.535363858784353752e+01
2.965439192911197708e+01
1.547088433091830950e+01
-2.866476504205167330e+01
-3.826807041825950506e+01
-1.487942501461636802e+01
3.644985010163361405e+00
3.010558603959181667e+01
1.976008370178505302e+01
-3.539483892310005331e+01
-3.512645348125261080e+01
1.434586124230728821e+01
4.008953798799766588e+01
5.882112827505184072e+01
3.073429200061986677e+01
-5.949514445358907722e+01
-7.828682795103934211e+01
-3.103710326170133982e+01
4.692740255599785471e+00
5.463731634759705003e+01
5.938024859175031622e+01
5.460584767118824345e+00
-1.663990244893496140e+01
-2.078150260218971113e+01
-3.194682640705956800e+01
-3.583011604149657359e+01
-1.599092861121297915e+01
2.977094162956115042e+01
5.804105987815493961e+01
7.087904498041295653e+01
3.116706294435070035e+01
-7.582757231108114127e+01
-9.756158612736192026e+01
-3.706155811674989309e+01
6.672276110756285128e+00
6.387011554529576784e+01
6.895605996910812507e+01
4.489466132282903033e+00
-2.191493874722080193e+01
-2.614607204726978296e+01
-2.436152309032727814e+01
2.122606536515849296e+00
1.270687282958376407e+01
8.601458372562023058e+00
2.578209507242365639e+00
-1.389628328748838015e+01
-1.309252232661792092e+01
6.618024371916232163e+00
1.629515141901769582e+01
2.128092106101428627e+01
9.800199156059122174e+00
-2.436192078382941872e+01
-2.758454025986290858e+01
-9.529087253799645163e-01
8.040742731177177305e+00
8.656414934338830136e+00
7.392023262463319533e+00
-3.184982391682988023e+00
-5.374527009213892370e+00
6.564120854309487552e-01
8.640379561403447539e+00
2.246416459464813897e+01
1.617192460052297065e+01
-1.245842763583592294e+01
-4.202749761093527781e+01
-7.870787570258121946e+01
-4.688943282585780281e+01
6.359541433575458313e+01
1.122113502521915507e+02
1.112342773141771630e+02
4.378641844466672950e+01
-1.238536630496689099e+02
-1.582429073846807341e+02
-5.875861839443339107e+01
1.329728470456008438e+01
1.056614508380098414e+02
1.088562754968384354e+02
-6.415670114400210622e+00
-4.506271429286988450e+01
-3.225142424993750012e+01
-2.636450757220659824e+01
5.656755653946182960e+00
1.678373076304587386e+01
3.482408926033888630e+00
6.441755133291555246e+00
1.615248306816478419e+01
9.265362187951804884e+00
-1.078616828282509132e+01
-2.481453854547057247e+01
-3.587892454828905642e+01
-1.785901983939216464e+01
3.573359801929765922e+01
4.877743041360636056e+01
2.432991302720706983e+01
8.428198748007365015e-01
-3.705372884179514870e+01
-4.184917539951816678e+01
-6.483718711158088510e+00
1.043481838943343298e+01
1.953116439340446320e+01
2.262008534905925927e+01
9.819469386766700225e+00
-2.492943762874052505e-01
-1.030736527277264791e+01
-2.105681470324495663e+01
-2.934876903991803587e+01
-1.476104401252586307e+01
2.628208269921292484e+01
3.444172707505917685e+01
1.152748136819906755e+01
-7.802431406824015703e+00
-3.544256292520839935e+01
-1.292994041729351018e+01
6.878229465729386050e+01
5.643655284311820708e+01
-4.471699759014644826e+01
-6.954559643189044493e+01
-4.066621981554046528e+01
-3.720312124276648813e+00
7.029510416513281257e+01
5.133257895288847550e+01
-7.130606466027681734e+01
-7.180818612497672859e+01
3.179313362522577435e+01
7.021456904027745338e+01
7.864816923698278117e+01
3.563539716001731961e+01
-8.931467271912755734e+01
-1.043242006267103648e+02
-1.143822990247201332e+01
2.796164251661985034e+01
4.856213785488486678e+01
4.047321148168518334e+01
-2.293975862914510344e+01
-3.271257093146082440e+01
5.999125000327059531e+00
1.188512119564591707e+01
3.000518147187325901e+00
-1.036008016779033092e-01
-8.078280386212307818e+00
-5.458491150871080499e+00
9.872917144979989956e+00
8.398083483052211307e+00
-7.862196059847041063e+00
-8.525786067716515149e+00
2.497797826476971128e+00
4.304283731169754823e+00
1.134537195711564195e+00
-6.464510381394115157e-01
-4.013225633947619109e+00
-2.720500243045158140e+00
4.160039537706770929e+00
3.977414042295219776e+00
-2.424668673239554817e+00
-2.124971238770837711e+00
3.178827230211564991e+00
4.077060632867855361e+00
2.299195598221489334e+00
2.403881633361223180e+00
3.126998987989165979e+00
-9.248565287675136304e+00
-3.549637307734951719e+01
-2.332702798907594754e+01
2.829147800480737374e+01
4.472096786412723901e+01
3.351131417152748782e+01
7.720005744302760320e+00
-4.790909847299548119e+01
-5.267911910681885246e+01
-2.971892038423503912e+00
1.310387583240405185e+01
1.049527274978228775e+01
2.658188115261556206e+01
4.916725353330505754e+01
2.616889475608642002e+01
-4.354881892091936635e+01
-6.471401572975207728e+01
-4.335034403136855019e+01
-7.604156868701156036e+00
6.288586665840770706e+01
6.318231297328516405e+01
-1.408221632222991815e+01
-3.205850212709021463e+01
-9.385349580419735105e+00
-1.472253424163150637e+00
1.342660435089480053e+01
1.376081323408969759e+01
-6.698281237258100873e+00
-1.407996242991230496e+01
-1.349992844981243856e+01
-4.448573114105455417e+00
1.943109863533004145e+01
1.691598321114960868e+01
-1.270372887251441441e+01
-1.528480257771360584e+01
3.060614193113642578e+00
6.906496245081347851e+00
4.287704326411295064e+00
3.452284483693432993e-01
-1.003571581003768465e+01
-1.727675267074567367e-02
3.205873782431767438e+01
2.533658383254913105e+01
-1.820293364180571416e+01
-3.979606254239160279e+01
-4.927253125061648120e+01
-2.213844894603896662e+01
5.510934378219518237e+01
6.268649060190332278e+01
2.388841610965963813e+00
-2.032988551473691885e+01
-2.659751785646904665e+01
-1.580388007084918911e+01
2.975114281912293279e+01
3.075184492867508368e+01
-1.167148220111932488e+01
-2.890977236021720387e+01
-3.470887254784340570e+01
-1.454203058768706214e+01
4.455929386052007146e+01
4.110751020742522854e+01
-2.450139995062648524e+01
-3.268366602808026045e+01
1.200879137138125774e+00
1.597416859794957311e+01
3.016845161638822503e+01
1.660433050173076808e+01
-3.482766306793484290e+01
-3.258132184979946544e+01
2.022284320390234669e+01
2.660989480926711792e+01
5.355662531700544626e-02
-1.493738504469434858e+01
-3.346491137522926351e+01
-1.909933119547393687e+01
3.641094621717527957e+01
3.785163516661888394e+01
-1.033924513564273262e+01
-2.069564218273751521e+01
-8.033847038226568316e+00
1.090798566398548219e+00
2.025366461411411834e+01
1.374896562382936160e+01
-2.249264319407894419e+01
-1.995847623273593641e+01
1.668328641457168260e+01
1.788404010888333318e+01
-7.130624653685341485e+00
-1.075485205277638912e+01
-2.566337065063723610e+00
1.856748765044763605e+00
9.237474802365122528e+00
5.772998019187597363e-01
-2.705885591432960879e+01
-2.030959244294472299e+01
1.961938365487106140e+01
3.553666917503742440e+01
3.571323598324777748e+01
1.600150986042195811e+01
-3.541933359194108988e+01
-5.548688220006632577e+01
-4.523573970571376179e+01
-1.453170148160476138e+01
5.217975788813050286e+01
6.818334802562222308e+01
3.060732373158174013e+01
-1.464754187633242832e+00
-4.721772362430576209e+01
-5.058512324562279616e+01
-2.829456287276749249e-01
2.000431726644865549e+01
2.295587621945471213e+01
8.483514184957547499e+00
-3.916461445119765017e+01
-3.431438959515857334e+01
2.342743552052866818e+01
4.507656704862877461e+01
4.502517646824847475e+01
1.897428620330293114e+01
-5.027322949264812024e+01
-6.243007776450390622e+01
-1.752646053496951239e+01
9.281539878639588181e+00
3.760389903641692655e+01
3.489897246763107574e+01
-1.209894912999418359e+01
-2.283680956742266943e+01
-4.822566680514676740e+00
3.569809556719059085e+00
1.611226730032720056e+01
1.228782072224358934e+01
-1.327907801020218059e+01
-1.295435174575329995e+01
9.972859547371252020e+00
1.266862794899322076e+01
1.973386562315619264e+00
-1.929843879637595450e+01
-5.913213293052091046e+01
-4.111047969414789804e+01
3.918275692710074765e+01
8.095821706955810271e+01
9.744592419583440801e+01
4.257186194928203804e+01
-1.089529160841063344e+02
-1.306045573709932910e+02
-2.581577220071836365e+01
2.581001234078511786e+01
6.625814042129492520e+01
6.440205599402163728e+01
-9.595469634492751254e+00
-3.167080015684889460e+01
-1.287803411798149966e+01
-5.134191415037944850e+00
1.336885927029275933e+01
1.554296381626108747e+01
-4.045642377084367247e+00
-2.086928213822933742e+01
-4.210376908273686780e+01
-2.659519771121766141e+01
3.243569605112796239e+01
5.984578229238297808e+01
6.299017654300465097e+01
2.628007264605817284e+01
-6.847773635915314117e+01
-8.833094501752975702e+01
-3.400875519628228005e+01
7.191093826019006485e+00
6.235456298523143204e+01
6.204706839591666068e+01
-9.971490813842448730e+00
-2.864423417266702998e+01
-8.607927917754047087e+00
-8.749300021448444653e+00
-9.116627061792177855e+00
-1.101702685786098979e-02
1.374009302891056450e+01
1.268466084462545851e+01
-4.292183792475875670e+00
-6.652420452226142089e+00
2.428487199937829910e+00
1.219949091020529286e+00
-5.804047850245640738e+00
-2.731869512797101329e+00
8.379336099275931815e+00
4.072587900184722720e+00
-1.456707191679363689e+01
-1.231552851514778446e+01
8.391888987266371558e+00
1.307638925167672461e+01
6.738640012227384624e+00
-8.516113087291965478e-01
-1.562814845036782430e+01
-6.174105112147448615e+00
3.033281644804361932e+01
2.579039572241990186e+01
-1.665470737541883750e+01
-3.048427602468129294e+01
-2.604572835909034723e+01
-7.336877357946426592e+00
3.814806996741631195e+01
2.694114301722327909e+01
-4.401498433768949070e+01
-4.420814413898449402e+01
1.519463122430286539e+01
5.037693678133896213e+01
8.284125234798344195e+01
4.453171935848951080e+01
-8.333709951253847237e+01
-1.074905837399414850e+02
-3.686521914477555129e+01
9.008711849872341304e+00
6.612591101006142935e+01
7.050963500994386379e+01
2.136162212173490005e+00
-2.523870945917660435e+01
-2.763089493079881720e+01
-2.133668844221802630e+01
1.384629476268359127e+01
1.999678544178668460e+01
-2.636733480770961258e+00
-9.545380342983607491e+00
-1.133731322193345470e+01
-6.448408268449281167e+00
1.173880050463869651e+01
1.485204852602633530e+01
3.696224214124943508e+00
-2.109350431022803729e+00
-7.746871167225956256e+00
-5.625930934871803402e+00
7.624048973570621612e+00
7.665796194656090634e+00
-4.190893926503668432e+00
-1.329210964655288052e+01
-2.405977052182321430e+01
-1.785787818553669837e+01
8.883954912922289893e+00
3.601632425472486432e+01
6.852990794292503551e+01
3.538857156929572767e+01
-7.336560522348845836e+01
-7.874831158335085490e+01
1.227145434903918542e+01
3.718233014070476372e+01
2.507130448307091797e+01
-1.921178866005845975e-03
-6.491485079840231265e+01
-5.077005526569627847e+01
4.743404284171027996e+01
7.368469030836838840e+01
4.691818157961353108e+01
1.095756820706532864e+01
-6.245462086608920771e+01
-6.707635196659968813e+01
5.085612814222759681e+00
3.033933346721025259e+01
2.903787975260819820e+01
4.490487325369141303e+00
-6.571121403379081016e+01
-5.183449690910627083e+01
4.855925153461499377e+01
7.506551084946680419e+01
4.795421396796548663e+01
1.178211845944154845e+01
-6.222292860581661955e+01
-7.499189890462066899e+01
-1.929609788871977827e+01
1.296604425917429104e+01
4.294671397886911279e+01
4.241368276643213875e+01
-4.941870840413177035e+00
-1.979024411209201872e+01
-1.022015604610110096e+01
-7.598319467890382484e+00
1.753831798945363785e+00
5.350861282143176467e+00
5.311319915426698790e-01
1.009431817522390640e+00
3.803535767817249003e+00
1.581421069519399758e+00
-4.384678063587674757e+00
-4.414191485644455071e+00
1.019372111468987985e+00
2.127133548264060536e+00
4.076533514424097171e-01
3.823190350110703406e-01
6.013354593310160645e-01
2.326878833611802921e-01
-2.978825354916279644e-01
-9.638170599665354388e-01
-1.819834480939208188e+00
-9.080908734589255848e-01
1.968769729252637379e+00
2.157483718386199012e+00
-1.612385193647055959e-01
-8.896646622677368832e-01
-8.002015590656056387e-01
-3.246839061454877551e-01
1.210601198701005909e+00
9.989956660227254925e-01
-1.020915401034109937e+00
-1.181284592159115521e+00
1.034605978692684086e-01
3.586066672977926695e-01
1.199356810748632984e-01
3.061002664491950243e-01
6.034293915739818992e-01
3.689253664644383535e-01
-3.599490721016421202e-01
6.070957984785292361e-01
3.321934849904112141e+00
1.099813845549623581e+00
-6.101137709832492817e+00
-1.064134573096783853e+01
-1.363259880995036966e+01
-1.025568642538403630e+01
1.494123379023397868e+00
3.125596391609592217e+01
8.246715105053105788e+01
5.141007143139207614e+01
-6.783240419727410142e+01
-1.061746845111116926e+02
-7.854636536345013553e+01
-1.992202988664250896e+01
1.047796248085959974e+02
1.142392569329209095e+02
-7.039467735189329778e-01
-3.979614993636106846e+01
-3.693866356786488581e+01
-2.928434747562402407e+01
1.580451444891110846e+01
2.746731952976174185e+01
5.035058323289978155e+00
-1.121210875974399634e+01
-3.590138753886785139e+01
-2.274497278820908974e+01
3.595652433208939414e+01
4.058182225403057686e+01
-2.410255677808461172e+00
-1.490895806218804864e+01
-1.280360104060658166e+01
-7.214551040801818971e+00
1.387691788045863461e+01
1.268908164433414498e+01
-1.166510406961389634e+01
-1.634191207643349131e+01
-7.491090917072203759e+00
-3.228595298589022722e+00
3.060416778215625744e+00
1.874576655076819875e+01
4.299002362828682777e+01
2.589848484326375910e+01
-3.576894651365335420e+01
-5.219098547865691984e+01
-3.001586110803963692e+01
-1.007056420207455005e-01
5.565357947108510217e+01
4.267848261315346292e+01
-4.740607069951563801e+01
-4.620025327099732237e+01
3.313397398059706944e+01
4.016164882899104782e+01
-1.218107732762872875e+00
-1.007356161748704437e+01
-7.281709331223226833e+00
-1.659353057840639423e+01
-2.854082058912492670e+01
-1.717033231078729472e+01
1.796128431305855599e+01
4.156462352078472122e+01
5.798168609669567530e+01
2.580339932883388698e+01
-6.664274067908257848e+01
-7.289028786428231399e+01
4.054290973325368697e+00
2.773557436497373629e+01
2.297470189024366505e+01
1.456630156683163868e+01
-1.922733498925256868e+01
-2.125513689712605370e+01
1.007031423386572655e+01
1.670656498866962991e+01
8.628970843193233264e+00
1.600796356043063140e+00
-1.328770041233531174e+01
-1.376056598054239366e+01
2.277751354034049047e+00
6.206307314925981977e+00
2.118068451280808340e+00
1.749533020916899551e+00
7.045921884845142147e-01
-7.213251741534707495e-01
-1.521928096006658127e+00
-1.540272328523992318e+00
-3.055665214878686697e-01
3.875277106715831199e-02
-3.690844330665220552e-01
-9.184757981752193767e-02
5.171545861697470770e-01
5.823379504860012323e-01
2.219138591726527443e-01
4.510378429354443774e+00
1.377541718591578146e+01
1.067290039328472595e+01
-4.965510493217834664e+00
-2.555476956160821089e+01
-5.526418413381848893e+01
-3.319560914328648238e+01
4.666304613300990667e+01
7.329425861524984498e+01
5.560420236511935599e+01
1.595318704867234594e+01
-6.916771922531945904e+01
-8.021684924981978781e+01
-1.161050442201251620e+01
2.196252978119429855e+01
4.435990321840380091e+01
3.221821120960085949e+01
-3.520092785178833594e+01
-3.823104887363295035e+01
1.815603079402883324e+01
2.697258629115608741e+01
7.011271032666800629e+00
-2.976353499370542721e+00
-1.854741175773518691e+01
-1.043602745629763007e+01
2.724083903285572461e+01
2.343986836760655379e+01
-1.829590292057630663e+01
-3.165983079671991263e+01
-2.747992049402822090e+01
-1.174790461314543677e+01
2.752151543823455171e+01
4.471975699990486675e+01
3.980769092034778822e+01
1.460485074350162371e+01
-4.297641355341508529e+01
-5.868019192759918923e+01
-3.124819103020051614e+01
-8.144979659783802006e-01
4.949770481709470715e+01
4.933111328505172111e+01
-1.014002785231676818e+01
-2.464125873740693962e+01
-7.448527094366114376e+00
-1.607853687035246004e+00
9.745810708679524481e+00
9.895507789169156965e+00
-5.956008595647334758e+00
-1.366204713860342146e+01
-1.739042945894092540e+01
-1.033086732614088277e+01
1.239874448331279666e+01
2.657060944465381525e+01
3.419551913528490417e+01
1.528577600975034834e+01
-3.764618642220617772e+01
-4.520899280437775047e+01
-9.019935466539809710e+00
1.008750169298562760e+01
2.687278662942087948e+01
2.405455467734703490e+01
-8.880689957548002056e+00
-1.261266991928861358e+01
8.795791163799117740e+00
-1.580547359103059435e-01
-3.133466783376474396e+01
-1.987306294929726391e+01
2.977676671622215920e+01
3.014881411060866867e+01
-1.171470779681899188e+01
-1.998735141699025419e+01
-7.607289737778963890e+00
8.683689220772642159e+00
4.139437532366108030e+01
2.722260684425812016e+01
-3.850839688730816590e+01
-4.699019289531591426e+01
-6.886043452789793129e+00
9.563013723050957537e+00
2.031141098900335606e+01
1.808883256666442563e+01
-8.292191600197414303e+00
-1.451379404698693065e+01
-3.609983592566974764e+00
9.352509527919115939e+00
3.301942046480509418e+01
2.268581949774259598e+01
-2.568822021278449341e+01
-4.375450122782592643e+01
-3.893449903307105586e+01
-1.473287573003317341e+01
4.325884072803543035e+01
5.689394234047411913e+01
2.502102762869020935e+01
-1.773626346168683643e+00
-4.021554057742049793e+01
-4.072655848594632033e+01
6.405753306756522214e+00
2.028095957966618457e+01
1.126014942697723953e+01
-2.442899610498062479e+00
-3.530899205232936566e+01
-2.853756788902478192e+01
2.125478552713178360e+01
4.810782463834812717e+01
6.300311810670570623e+01
3.149410498446772166e+01
-6.206344044701926776e+01
