1.005917313812480707e+01
1.037979342161166763e+01
1.070690683414220779e+01
1.103969572636504637e+01
1.138900785741556376e+01
1.175195929679328266e+01
1.198230213347008544e+01
1.206634579049473821e+01
1.207052894479627092e+01
1.195269240772659636e+01
1.179931857113561655e+01
1.161328634398558535e+01
1.131287634826706423e+01
1.091365836934156341e+01
1.051674420204894211e+01
1.011861230015432334e+01
9.678818926997676542e+00
9.220294570683769564e+00
8.658872501782585829e+00
7.987451345582174511e+00
7.265178236815299506e+00
6.471517350542605129e+00
5.710258322601693415e+00
4.996650149298536903e+00
4.265745152749652824e+00
3.547747956663274582e+00
2.794557708256267592e+00
2.000918348527980228e+00
1.217480364083977307e+00
4.343453825005931801e-01
-4.478702999090850567e-01
-1.431064156164128409e+00
-2.473940311952716797e+00
-3.601686166985365922e+00
-4.743487391816727516e+00
-5.894914235389870250e+00
-7.112339054369406277e+00
-8.380316436908076483e+00
-9.400631614442120920e+00
-1.014940181947304687e+01
-1.075549024208030602e+01
-1.113410988700596782e+01
-1.147014849335612574e+01
-1.176935786636957992e+01
-1.186228226933368646e+01
-1.178276414664810012e+01
-1.172495625690140564e+01
-1.168083684666273214e+01
-1.157552648785800820e+01
-1.145280497522815111e+01
-1.114764063606430788e+01
-1.064662526500895012e+01
-1.006479770770658178e+01
-9.362035577191200275e+00
-8.762606629902197852e+00
-8.298390661188689066e+00
-7.832465783689999128e+00
-7.430034796469316305e+00
-6.984898921246370129e+00
-6.486341913662122316e+00
-6.045074367137693194e+00
-5.639565634245897741e+00
-5.061356774944320236e+00
-4.307298601566028395e+00
-3.463818800911689699e+00
-2.478505193285033048e+00
-1.501672532734670940e+00
-5.430189976431234467e-01
5.159236714027211068e-01
1.642030684014306408e+00
2.488205114761317560e+00
3.032639723006043120e+00
3.414622307778106158e+00
3.537086428723259068e+00
3.628035548175285729e+00
3.693678095990019727e+00
3.532257198184284963e+00
3.186090179089814178e+00
2.862074786844321039e+00
2.549287562980681265e+00
2.172104753871700655e+00
1.776542417216156355e+00
1.180572347759292207e+00
3.699698390267257553e-01
-5.303791325386065791e-01
-1.564717712357332591e+00
-2.452585407879976032e+00
-3.155941746892794608e+00
-3.841441430221287590e+00
-4.427842727034281722e+00
-5.051723440059273429e+00
-5.725842902859130668e+00
-6.310028092164285951e+00
-6.831732961274598281e+00
-7.542943601922904584e+00
-8.446490606904454523e+00
-9.438600199559621373e+00
-1.058220948239267045e+01
-1.169341146210181925e+01
-1.276016865417172497e+01
-1.392615527834125011e+01
-1.515056046311084259e+01
-1.606593089906227334e+01
-1.665094900527305555e+01
-1.704875584293935020e+01
-1.715689254387553575e+01
-1.722077922109960468e+01
-1.724644581843559266e+01
-1.701847928823325873e+01
-1.658233092701545175e+01
-1.615010675759238268e+01
-1.570936484232217900e+01
-1.518366952166153894e+01
-1.461969355419248018e+01
-1.382786670063777557e+01
-1.279326469896909657e+01
-1.164464967443058185e+01
-1.033569137181289221e+01
-9.171111048460817372e+00
-8.191312018338543055e+00
-7.216333970663800557e+00
-6.334111525883938221e+00
-5.394412156988981799e+00
-4.383261539680736618e+00
-3.453419137332131683e+00
-2.574508096871310325e+00
-1.475153324947609423e+00
-1.523390340164545720e-01
1.282890928898285043e+00
2.898408603422333751e+00
4.495914650949393909e+00
6.062672271418796832e+00
7.753723067405180025e+00
9.525213952478486235e+00
1.091900791628309619e+01
1.190587715297413496e+01
1.266934520841628498e+01
1.308100031049247569e+01
1.344118259991248543e+01
1.375774614714524446e+01
1.376420999466206752e+01
1.351603346481583046e+01
1.328676990214825970e+01
1.306175747810017107e+01
1.274042129738407070e+01
1.238339416531301218e+01
1.174965602725145430e+01
1.082006983603767125e+01
9.759557797156764636e+00
8.509307352803810787e+00
7.441185839728447604e+00
6.605346576377408851e+00
5.780503282043296664e+00
5.074173679841872620e+00
4.304723724923968931e+00
3.454962614087885964e+00
2.710673999296886905e+00
2.035131097958723601e+00
1.093813544398238191e+00
-1.172925580270656881e-01
-1.460833325395256788e+00
-3.020561133923497454e+00
-4.552764904811084534e+00
-6.041750373036955502e+00
-7.678382945550707106e+00
-9.408792005656458457e+00
-1.075422133731878205e+01
-1.168752840921165159e+01
-1.239492995930828911e+01
-1.274323138141393663e+01
-1.305345125684278429e+01
-1.333369630799118610e+01
-1.330313514134306097e+01
-1.302147922358923715e+01
-1.276434160302160592e+01
-1.251568054362047100e+01
-1.217683884822115736e+01
-1.180863353781845326e+01
-1.116482523504506652e+01
-1.022631961432454162e+01
-9.160699829449278297e+00
-7.907994808576495060e+00
-6.866981324336729031e+00
-6.090670772329480620e+00
-5.344260082140706913e+00
-4.743006869877819831e+00
-4.090507659482584657e+00
-3.368802554365181834e+00
-2.778039280616791284e+00
-2.278740664861907739e+00
-1.516790447696874544e+00
-4.885861857755904314e-01
6.606218759751744107e-01
2.019166444329988597e+00
3.327675230295771058e+00
4.569218535493667410e+00
5.946018495562810813e+00
7.400482889281949639e+00
8.558690608585298065e+00
9.405298807975613684e+00
1.007464465412091670e+01
1.046418298550409176e+01
1.083731194779484142e+01
1.119966604769444452e+01
1.132721125221079284e+01
1.126932905762877191e+01
1.122192435751051498e+01
1.117069072416709297e+01
1.104996160090705537e+01
1.090208740431884671e+01
1.054466084864459674e+01
9.963967293247382173e+00
9.281656428685135296e+00
8.453167860010273316e+00
7.810170012447247956e+00
7.394908251872327476e+00
7.016072434815375125e+00
6.769125948333315712e+00
6.486949673717500531e+00
6.155023462843473681e+00
5.941334093914663939e+00
5.812366441899923686e+00
5.481324294156492805e+00
4.946064423427345424e+00
4.323296425431255585e+00
3.541755478839074378e+00
2.813345626911295305e+00
2.151899721203574867e+00
1.393107593457027171e+00
5.841566716486271682e-01
-1.121001301970570574e-01
-6.974789484748636914e-01
-1.214782012082108009e+00
-1.621561609600284504e+00
-2.050944926873329521e+00
-2.504525258422592326e+00
-2.878031418299343169e+00
-3.197060247193701965e+00
-3.519657881267933330e+00
-3.837198492220657897e+00
-4.137392963023133419e+00
-4.431529827067181238e+00
-4.654285614847012198e+00
-4.801527927802715645e+00
-4.913322281289320692e+00
-4.973616495775246449e+00
-5.156804538162441887e+00
-5.482739670648068220e+00
-5.856461302649295320e+00
-6.327738134988208252e+00
-6.803824905712035687e+00
-7.277814387168855426e+00
-7.840176149523347071e+00
-8.472535423405730626e+00
-9.034807730775966661e+00
-9.527174512806036333e+00
-1.000557313817357574e+01
-1.043569288633455727e+01
-1.092386216052554460e+01
-1.147716891409720930e+01
-1.201468378532680781e+01
-1.256039094299259951e+01
-1.301458604748996528e+01
-1.335829165184375888e+01
-1.365541676427146101e+01
-1.387482890247787282e+01
-1.405442944719049692e+01
-1.419743232176774406e+01
-1.425605386627888471e+01
-1.423641680770766627e+01
-1.423933623513865143e+01
-1.426541446252954870e+01
-1.426840274072814374e+01
-1.427246815131058888e+01
-1.420406828605931793e+01
-1.405646064269257600e+01
-1.388519197235662794e+01
-1.367260004098209691e+01
-1.345421015322001601e+01
-1.323888941286349485e+01
-1.299643483882719863e+01
-1.273795554267297980e+01
-1.245446697071910513e+01
-1.214330906258398102e+01
-1.181876348048723457e+01
-1.147877187455782888e+01
-1.107394345936183022e+01
-1.060190742886648785e+01
-1.008491042327869103e+01
-9.509929745244001253e+00
-8.908757787527656902e+00
-8.283376077659106329e+00
-7.606757602571766697e+00
-6.885576768207357645e+00
-6.246786889489549743e+00
-5.699765803584392110e+00
-5.189360699842157310e+00
-4.751190425471004453e+00
-4.305329505506542809e+00
-3.848813727984675914e+00
-3.453619545125694579e+00
-3.104665569237604839e+00
-2.720183702342040100e+00
-2.303226006914948165e+00
-1.884367918270037912e+00
-1.444848354922658507e+00
-1.053683141040066218e+00
-7.160001180006148047e-01
-3.830141439203832432e-01
-7.114044495791541078e-02
3.135728217809898299e-01
7.848939514156940689e-01
1.286085444795975086e+00
1.844780249615031620e+00
2.417255977879713580e+00
2.999477316590029918e+00
3.637992228686762974e+00
4.324287187486707928e+00
4.971867000661339908e+00
5.579855082652569465e+00
6.184754219750042914e+00
6.765147863314142640e+00
7.384144024260622885e+00
8.046231242785871984e+00
8.702456200491546667e+00
9.367071514026310552e+00
9.910888946597260940e+00
1.031520324016358181e+01
1.065061269102468877e+01
1.087810376634837617e+01
1.106001273372756799e+01
1.119946425368206988e+01
1.122925833355299119e+01
1.115996544845714666e+01
1.110241306244113701e+01
1.105531581669276164e+01
1.097007343074736241e+01
1.087254976288724961e+01
1.067708947185150947e+01
1.037592398956012829e+01
1.003151333569079284e+01
9.622999192308881788e+00
9.221696489170208011e+00
8.840226977698467437e+00
8.428794483632534806e+00
8.008533157425402393e+00
7.550784941582567633e+00
7.051254573437393702e+00
6.542799734589401339e+00
6.019279625650641563e+00
5.402459194192283931e+00
4.689810022868859285e+00
3.914708610436259839e+00
3.056902580398381808e+00
2.169771483166402781e+00
1.256512815673152428e+00
2.733000714602020764e-01
-7.685003186185271895e-01
-1.653054869796497739e+00
-2.363821438908854322e+00
-2.994277475750179107e+00
-3.483495257920918853e+00
-3.966527278510627141e+00
-4.448007094961401009e+00
-4.805378336193893318e+00
-5.063780103502471874e+00
-5.363085209219809357e+00
-5.697835855409183914e+00
-6.014975954034246897e+00
-6.346355257740039946e+00
-6.573558934542028886e+00
-6.687417550542365419e+00
-6.771122430901155731e+00
-6.796228803435279353e+00
-6.924704731541173608e+00
-7.179931795578286646e+00
-7.463741764178459803e+00
-7.823527035163370336e+00
-8.183229562019901593e+00
-8.535566277541125402e+00
-8.960706755985915706e+00
-9.443577063027117191e+00
-9.834599072330513891e+00
-1.013195074226723769e+01
-1.039825382033457579e+01
-1.059622960191571295e+01
-1.083450064118770761e+01
-1.112048267430972359e+01
-1.136935426795462512e+01
-1.160539344145261431e+01
-1.176194230165753929e+01
-1.182251494969209027e+01
-1.183542425963207023e+01
-1.177864425383823566e+01
-1.166982006422174933e+01
-1.151101057211254819e+01
-1.127255842908963324e+01
-1.095652562490906945e+01
-1.064158383026039090e+01
-1.032877569780700000e+01
-9.979901688714328145e+00
-9.613805304784973416e+00
-9.174820504441582258e+00
-8.657288567518209632e+00
-8.103543600510237255e+00
-7.499955133368213289e+00
-6.862008437571668118e+00
-6.195147910954788451e+00
-5.481481511296682818e+00
-4.725992965298719817e+00
-3.928047518715023223e+00
-3.085649731494576997e+00
-2.203283687298105420e+00
-1.280323928155701729e+00
-2.863573573854705234e-01
7.809361587801509907e-01
1.907797896850897512e+00
3.102701705008569455e+00
4.347874902004829956e+00
5.642565199475161108e+00
7.003242716205244633e+00
8.426574067462533790e+00
9.512528533594325708e+00
1.022261835973747068e+01
1.074218985180585584e+01
1.095591400816115168e+01
1.109774924677452468e+01
1.117626415897547787e+01
1.096944645681371178e+01
1.051970631018694746e+01
1.010898233153696957e+01
9.728550238029171737e+00
9.265415036906219370e+00
8.784071272119705398e+00
8.052250223986211708e+00
7.050704476283152999e+00
5.944034449162388434e+00
4.675965966091347958e+00
3.524199954460670803e+00
2.530549353296853710e+00
1.520569703188772603e+00
5.755243494249755454e-01
-4.313156857066980931e-01
-1.513696981611086567e+00
-2.536413998806978043e+00
-3.525229151439112751e+00
-4.747799742108163024e+00
-6.209044646225078345e+00
-7.796818676534862824e+00
-9.578709923578708541e+00
-1.136382901435011661e+01
-1.313981827902229860e+01
-1.505813313306839518e+01
-1.707683476724130145e+01
-1.868483549442504810e+01
-1.984755966255283255e+01
-2.077502991824259837e+01
-2.132373495348319992e+01
-2.182391933624133884e+01
-2.228509671616448884e+01
-2.241231443992559136e+01
-2.226674836111386568e+01
-2.216118630877851103e+01
-2.208034857114570571e+01
-2.190815224867506572e+01
-2.171455895689068782e+01
-2.122749804655126127e+01
-2.042557484564557413e+01
-1.949656796438849327e+01
-1.837444201458039217e+01
-1.746211193965459074e+01
-1.681512016789065811e+01
-1.619222092856271900e+01
-1.571033498452720423e+01
-1.517508656872361250e+01
-1.456798078053266288e+01
-1.408968219049194914e+01
-1.370110744904418532e+01
-1.303673069323354738e+01
-1.209212016929415867e+01
-1.101828059582320307e+01
-9.723813635340139427e+00
-8.474694000692782225e+00
-7.288359893617383456e+00
-5.956660929728892384e+00
-4.538581658092431859e+00
-3.337037958964635287e+00
-2.359217216403052042e+00
-1.504820338354310394e+00
-8.553751106084431788e-01
-1.865183651195721493e-01
5.061728371437448359e-01
1.037617090017931343e+00
1.450522644215347157e+00
1.887705797187396950e+00
2.336469311801068649e+00
2.753594544982885584e+00
3.169449464475489808e+00
3.445015073764012392e+00
3.570584715432138179e+00
3.637319121279581235e+00
3.611434944235912603e+00
3.776671319392037152e+00
4.168111721698506855e+00
4.625603765407215739e+00
5.230773584152102806e+00
5.838426689122264257e+00
6.436825464177507783e+00
7.170969048140332092e+00
8.012081639492302898e+00
8.721308826737987019e+00
9.297819647590928938e+00
9.838611540095387298e+00
1.028481608126041991e+01
1.081495218717065221e+01
1.144101286643090098e+01
1.202590338988921559e+01
1.260976103512775737e+01
1.308718546649836867e+01
1.343228361412847605e+01
1.372307439022695519e+01
1.392507743470547865e+01
1.406591935848315167e+01
1.414949011328529416e+01
1.412968024028279146e+01
1.401013186099951824e+01
1.391617369310220909e+01
1.385001760862250286e+01
1.375149030523265026e+01
1.365101130984644406e+01
1.346096707630128009e+01
1.317289763918714129e+01
1.285440099425596117e+01
1.248441318007053802e+01
1.208198164245523110e+01
1.165564148541609235e+01
1.118038416094146648e+01
1.066288170212676434e+01
1.010608372544640687e+01
9.507470949655862924e+00
8.871355379833742560e+00
8.197879003952186494e+00
7.443647580146215859e+00
6.605370100512451437e+00
5.703625643317081106e+00
4.726479703163906088e+00
3.699094912513615441e+00
2.622880546462573736e+00
1.474742960764120481e+00
2.596239026764817215e-01
-7.423288586423933966e-01
-1.505879233251671057e+00
-2.159313495383323733e+00
-2.622568639195339557e+00
-3.062707967730953218e+00
-3.486118623794590476e+00
-3.736728153353419124e+00
-3.845332268995928615e+00
-4.005310178381916941e+00
-4.210609241068242525e+00
-4.385235657851750624e+00
-4.573620256547366481e+00
-4.615953642168238780e+00
-4.499514187711053381e+00
-4.337853596743384443e+00
-4.092584012855731146e+00
-3.959733255069283864e+00
-3.968877689173375245e+00
-3.998191917230911052e+00
-4.105270757844743379e+00
-4.200712227490173589e+00
-4.275322080344865050e+00
-4.424975077151477976e+00
-4.631847029880177935e+00
-4.709206403095516080e+00
-4.654159427239119573e+00
-4.545405659596824854e+00
-4.336153275995631162e+00
-4.160583012888836585e+00
-4.027780013757527477e+00
-3.832187743122986934e+00
-3.603639526637953505e+00
-3.368458832068881748e+00
-3.117154559411077219e+00
-2.858314461957129904e+00
-2.596171668811951161e+00
-2.289888700754993511e+00
-1.939650683678932896e+00
-1.568803686863954994e+00
-1.168586535921189107e+00
-7.583421039957227716e-01
-3.416271799625534289e-01
9.727563452454751625e-02
5.529283854961651867e-01
1.030342721679986973e+00
1.531181873177990038e+00
2.048445503866762163e+00
2.583518454726836833e+00
3.191064963400985555e+00
3.875612787866586917e+00
4.612518621557454956e+00
5.417238113677575129e+00
6.257180093226188511e+00
7.131094796723653317e+00
8.069223041207068903e+00
9.065526242181967120e+00
1.008572980712524014e+01
1.113129397730301662e+01
1.221536627844435330e+01
1.333023296033339378e+01
1.450498821613446410e+01
1.574198549593606700e+01
1.702095019839736523e+01
1.834895061676091998e+01
1.931170214281145547e+01
1.986500958677277495e+01
2.020816218786216112e+01
2.022048787944861914e+01
2.013509801927166620e+01
1.996107841630404067e+01
1.947161199053571323e+01
1.870842575242005879e+01
1.797685190093718788e+01
1.726885937815868033e+01
1.645916214228727981e+01
1.561792095379154865e+01
1.449737664755453537e+01
1.307650033825806091e+01
1.153199681594929693e+01
9.803733723782615428e+00
8.165928252750520144e+00
6.661150486125314352e+00
5.113552004809383433e+00
3.603527981822457704e+00
2.008607967792067850e+00
3.146292601561145874e-01
-1.346238518255121752e+00
-2.999152017933901515e+00
-4.915149837777192943e+00
-7.100024839166630741e+00
-9.439864765001514613e+00
-1.200349566623805586e+01
-1.459939494707794339e+01
-1.721538993308633536e+01
-2.000455866797196336e+01
-2.292511404921499363e+01
-2.536474111535772735e+01
-2.727899530298739705e+01
-2.892564839343654626e+01
-3.013206429751712179e+01
-3.128730478239747015e+01
-3.240327771981888105e+01
-3.312919291763932250e+01
-3.353701662202001188e+01
-3.401208442790022701e+01
-3.453717274791475234e+01
-3.496719995036771422e+01
-3.538889720000305772e+01
-3.547105418310618319e+01
-3.518752273071648062e+01
-3.476840829215774420e+01
-3.413348996871317098e+01
-3.375481253366714185e+01
-3.369860756949444180e+01
-3.368019902504360630e+01
-3.383688835541018136e+01
-3.394328237227956180e+01
-3.397761656983627887e+01
-3.417418958263642281e+01
-3.448774512603164055e+01
-3.448592930368879195e+01
-3.416320289626922602e+01
-3.369887948597850880e+01
-3.298479803155668577e+01
-3.233477164335076992e+01
-3.176949863548473374e+01
-3.104312478120739627e+01
-3.022527191428612880e+01
-2.954798865217576420e+01
-2.900679986118939979e+01
-2.854197336573043131e+01
-2.821315540997444060e+01
-2.782731930801317688e+01
-2.738163996096698583e+01
-2.702512049936667182e+01
-2.672004109100565472e+01
-2.638806428549600369e+01
-2.604131433325657596e+01
-2.569379295349834180e+01
-2.533012900917918486e+01
-2.504011922712545513e+01
-2.482872834703244536e+01
-2.464069145936332461e+01
-2.449765366954250112e+01
-2.415149199217594145e+01
-2.357372523685753407e+01
-2.289817325553531191e+01
-2.205370532353676793e+01
-2.117186498463456346e+01
-2.026188185098123995e+01
-1.919464003122250162e+01
-1.799577030151604973e+01
-1.686244980862444720e+01
-1.579376952243209686e+01
-1.471038765402054871e+01
-1.366015261676603920e+01
-1.249219204316800358e+01
-1.119595007669052045e+01
-9.885188836011339575e+00
-8.525443482997506095e+00
-7.445807601385364016e+00
-6.691950337158783846e+00
-6.084758178634688264e+00
-5.722644172333156476e+00
-5.443487733714257537e+00
-5.238547030283624117e+00
-5.279187743844945935e+00
-5.537077059200969487e+00
-5.733950618182079850e+00
-5.872713413251872794e+00
-6.073549935862957661e+00
-6.271065787728016261e+00
-6.680024701708921597e+00
-7.319109722288769326e+00
-8.030798349888435439e+00
-8.866815758525516955e+00
-9.647421761042581423e+00
-1.034025327881476208e+01
-1.106966958289535974e+01
-1.178193334920121949e+01
-1.254823801207611744e+01
-1.337868679957553297e+01
-1.419014876177909201e+01
-1.499734390867964429e+01
-1.599572104687935692e+01
-1.719092026513478544e+01
-1.849858746432101952e+01
-1.996880320909367867e+01
-2.146704717021920672e+01
-2.298461382722673108e+01
-2.463068732925196258e+01
-2.637608020447972379e+01
-2.763391590702079270e+01
-2.835739118981839013e+01
-2.880123826824906885e+01
-2.879888400007211402e+01
-2.871401239880518474e+01
-2.855841525130939118e+01
-2.799920905107765634e+01
-2.710329146027970282e+01
-2.625295520770819380e+01
-2.543279442004544322e+01
-2.449586327017264153e+01
-2.352865034496577579e+01
-2.220697308161234318e+01
-2.050482860713531252e+01
-1.864883894065163972e+01
-1.656046927603172492e+01
-1.467596063378470639e+01
-1.305784965843099776e+01
-1.143965547258467907e+01
-9.948471220749148358e+00
-8.378780895779810223e+00
-6.709981906119792505e+00
-5.157307585119827564e+00
-3.679312552311200246e+00
-1.870106965267761767e+00
2.762497842107198842e-01
2.590928191985697904e+00
5.175792666546788823e+00
7.737907726115190066e+00
1.025809456079573323e+01
1.296681712678037890e+01
1.579930751479944995e+01
1.808005877781206294e+01
1.976641788089029816e+01
2.112904733334075402e+01
2.197886232624727043e+01
2.275920922310850614e+01
2.348190353723659385e+01
2.375417322431243150e+01
2.365809356840385647e+01
2.359574924791707318e+01
2.354561615892570714e+01
2.336039821135721795e+01
2.312931298411505665e+01
2.249806874081906471e+01
2.143874009023737415e+01
2.019394111209367892e+01
1.867735943303819823e+01
1.743419677921051303e+01
1.653817058156068853e+01
1.566489014636170474e+01
1.497209600877789804e+01
1.419389232379184662e+01
1.330519771037467613e+01
1.257836796044275474e+01
1.195974201426555794e+01
1.095898141724855890e+01
9.570316409204425057e+00
7.995303557063043520e+00
6.111274896976869542e+00
4.275636298436340077e+00
2.511533155927994088e+00
5.392759192686586989e-01
-1.562029934647087837e+00
-3.161024223460959792e+00
-4.225057722278418026e+00
-4.993982060563565639e+00
-5.292980554456249820e+00
-5.552129881968149938e+00
-5.781827740485296019e+00
-5.609315391619254854e+00
-5.114850555707819879e+00
-4.651711140498783870e+00
-4.197865896708607103e+00
-3.629303798089448918e+00
-3.023564549647073108e+00
-2.061243815654946410e+00
-7.178605542199639755e-01
7.904174519550586364e-01
2.541403360382720855e+00
3.999015112946341155e+00
5.092892569067005049e+00
6.136543104621621225e+00
6.975189971048078696e+00
7.874715586558062697e+00
8.858989398019174288e+00
9.658140319155950948e+00
1.032552652321673037e+01
1.133307487788188972e+01
1.268512906103721782e+01
1.418851517132137552e+01
1.596076795326106179e+01
1.765517469968146358e+01
1.924905074632055602e+01
2.101214553210709468e+01
2.286735902041725055e+01
2.434091266123327557e+01
2.541475176205310049e+01
2.625605101875217429e+01
2.673516774530367712e+01
2.718894947058247880e+01
2.762423025665856358e+01
2.775585453404335823e+01
2.764696997066555184e+01
2.754081119026968594e+01
2.741869098441945951e+01
2.720015868721137053e+01
2.693746483909397327e+01
2.640186374452939688e+01
2.557616550885561679e+01
2.461207164746698695e+01
2.345357956518058273e+01
2.252664150146035382e+01
2.188495848143589839e+01
2.128367623685078769e+01
2.084522278452475419e+01
2.035386022487633895e+01
1.979093805191861577e+01
1.937253382840858862e+01
1.905531816662939093e+01
1.847268844144550215e+01
1.762200022608634242e+01
1.665205539417366865e+01
1.547175063417183338e+01
1.435224865449432308e+01
1.331115372855427026e+01
1.213825166320694748e+01
1.089387931821437405e+01
9.927278269186810888e+00
9.250603795271880259e+00
8.743187194719347133e+00
8.500360404458046304e+00
8.271122412170106131e+00
8.050691420829195977e+00
8.050406406130646175e+00
8.223213984793350306e+00
8.393673218348622456e+00
8.575999991625884888e+00
8.827327270784870450e+00
9.110226675388293671e+00
9.591525815881832173e+00
1.028374304701817721e+01
1.107690738612635961e+01
1.201195170074192653e+01
1.276883196381075614e+01
1.330765402547002374e+01
1.381157506519593348e+01
1.418872998919377437e+01
1.460215633957669290e+01
1.506582569725294363e+01
1.541705622549842047e+01
1.568861590751389734e+01
1.615439439905791730e+01
1.681624436762742647e+01
1.756327923686587766e+01
1.846353978778892113e+01
1.931411077503716811e+01
2.010186716300349019e+01
2.098400516331571097e+01
2.191538395662264449e+01
2.257352081925201048e+01
2.294300362234720936e+01
2.314271266896086487e+01
2.308348562827676886e+01
2.298811686297435841e+01
2.286135166523751394e+01
2.251120941556817101e+01
2.197908045795282206e+01
2.144019971225459642e+01
2.088253316722691011e+01
2.024529864193019435e+01
1.956647495507454693e+01
1.868503522968006081e+01
1.758844802468291491e+01
1.638449597647801426e+01
1.503366729592311835e+01
1.381764548159797101e+01
1.277257171671300817e+01
1.173452912089077138e+01
1.078451898972506662e+01
9.781179267839464231e+00
8.711802279045222974e+00
7.718552576678827215e+00
6.772856491171547866e+00
5.628533410055787556e+00
4.283273165346979994e+00
2.837148681450178067e+00
1.228717033795588609e+00
-3.610790224959543604e-01
-1.920669958199376692e+00
-3.591063295953115908e+00
-5.332204001879098598e+00
-6.732780064708466128e+00
-7.766663430892936759e+00
-8.598069575568432654e+00
-9.111687356717460773e+00
-9.577532118493445878e+00
-1.000253040550606265e+01
-1.014717996460006511e+01
-1.006127746279315005e+01
-9.989838657325751825e+00
-9.919565916497225189e+00
-9.760381202574242465e+00
-9.566503829616470611e+00
-9.121688256836717912e+00
-8.408699282163960120e+00
-7.575295901686733835e+00
-6.568643670776795673e+00
-5.724231818202109245e+00
-5.087147888681737840e+00
-4.457870283002403511e+00
-3.933330187077409335e+00
-3.349340187550299497e+00
-2.690344529027771436e+00
-2.124011385244990002e+00
-1.617092748248800893e+00
-8.680523132507688144e-01
1.267551025147722610e-01
1.243664059856223414e+00
2.558205798411742116e+00
3.850718942834025160e+00
5.107121785215007037e+00
6.499518627980593877e+00
7.979400871592272182e+00
9.173515680728874244e+00
1.006344554983547823e+01
1.078987543984879593e+01
1.124976545244978610e+01
1.169922116148589097e+01
1.214448488985494023e+01
1.236468380515680288e+01
1.240780140706287682e+01
1.248060560139280462e+01
1.257002620352730560e+01
1.260428277720502344e+01
1.262878682305209921e+01
1.245600760664511775e+01
1.207178944495636053e+01
1.160303939683607766e+01
1.100418915158958200e+01
1.059497809790516243e+01
1.041730452222963521e+01
1.028494050064963616e+01
1.029027932223321429e+01
1.027455203117070504e+01
1.022375778935027846e+01
1.029912886139755024e+01
1.046895401164618633e+01
1.045301999015812910e+01
1.024901763836139956e+01
9.971785037401863505e+00
9.551701142098089292e+00
9.195162867828642561e+00
8.915840675710269281e+00
8.553578797383870835e+00
8.154429230646242033e+00
7.838404815989204799e+00
7.599791068634489832e+00
7.415067669947200457e+00
7.314364733548285535e+00
7.190223363168096071e+00
7.041900998437621517e+00
6.949606444163414665e+00
6.892390672651835359e+00
6.841818936440989596e+00
6.805499779758509504e+00
6.783961614770933402e+00
6.772651936722738242e+00
6.812236341636543457e+00
6.904802493943515529e+00
7.027648684369445675e+00
7.190835714488994945e+00
7.251922262651529394e+00
7.195707497280641185e+00
7.097442135457517232e+00
6.916676780385462742e+00
6.731231273088368106e+00
6.546472404094924258e+00
6.287634105427438058e+00
5.970067563442870373e+00
5.703696575846802119e+00
5.487848438083663183e+00
5.279152587143510544e+00
5.104326822834726940e+00
4.878704398880354454e+00
4.596601884954276684e+00
4.321839586854801851e+00
4.035205240781420954e+00
3.738963597952521756e+00
3.440045568334275217e+00
3.123386481589192964e+00
2.791140665254999931e+00
2.456899457626888772e+00
2.119380155046349579e+00
1.773866380785210417e+00
1.423055772610580583e+00
1.042034195221874793e+00
6.283926928366981857e-01
1.959499700836976055e-01
-2.621156893200949911e-01
-7.331211924925158385e-01
-1.215883111649158632e+00
-1.722617202326924613e+00
-2.250659108441209533e+00
-2.774945632495886105e+00
-3.294752369923203528e+00
-3.820250147043054767e+00
-4.344914021866436826e+00
-4.886367197450865341e+00
-5.445524255421193338e+00
-6.008001395979689185e+00
-6.577486999018712588e+00
-7.167095648902368055e+00
-7.776284882429740364e+00
-8.401281565667121143e+00
-9.045239334139299814e+00
-9.696749664989997797e+00
-1.035535267856580077e+01
-1.102934519222507959e+01
-1.171626121601972770e+01
-1.233580800134434874e+01
-1.288062251706912953e+01
-1.338650110392866566e+01
-1.383027449703710055e+01
-1.426000924234226730e+01
-1.467714930639880322e+01
-1.503646218306250759e+01
-1.534654375955102346e+01
-1.566250611470020004e+01
-1.598229258965085364e+01
-1.628386328504621616e+01
-1.657964394633479799e+01
-1.682342905138267852e+01
-1.701126742215070564e+01
-1.717544388704391523e+01
-1.730462814215312761e+01
-1.745905260351839061e+01
-1.764733677823727831e+01
-1.783220438007012021e+01
-1.803112267342385167e+01
-1.821568061460894583e+01
-1.838284769308297228e+01
-1.856219533691413659e+01
-1.874786648601389061e+01
-1.888291017241748548e+01
-1.896628621798301140e+01
-1.902152134629008629e+01
-1.903418636961681898e+01
-1.904499775013104923e+01
-1.905647398903087364e+01
-1.903624172679059612e+01
-1.899317191962362017e+01
-1.887206176058189655e+01
-1.866331604351739770e+01
-1.839877607071539600e+01
-1.806115753274571389e+01
-1.767382748797199810e+01
-1.723783093242047570e+01
-1.672521719330518053e+01
-1.613947014356276100e+01
-1.553135627414643061e+01
-1.490028934848758979e+01
-1.422278405825549363e+01
-1.351050088744220545e+01
-1.272453014929121018e+01
-1.186089704513763010e+01
-1.094767564196179244e+01
-9.975101741763834795e+00
-8.969205359404980982e+00
-7.934795503337835676e+00
-6.851772102637113449e+00
-5.727667356885471683e+00
-4.552545024796200046e+00
-3.324256628674067571e+00
-2.054110649163257918e+00
-7.396027641336158087e-01
6.510719015510693097e-01
2.119539507320280070e+00
3.652603410001441731e+00
5.258876666561103974e+00
6.917819640118854529e+00
8.628600503795167853e+00
1.040909061311977979e+01
1.225528507241017628e+01
1.371857530988384255e+01
1.475548011337683718e+01
1.557346740849641265e+01
1.604296885711450571e+01
1.642596823901281766e+01
1.673177829763614355e+01
1.671122568616238624e+01
1.641156196227984765e+01
1.614917591057462332e+01
1.591405961795317658e+01
1.557896145652217434e+01
1.521607050550893803e+01
1.456436047881165585e+01
1.360195095850136937e+01
1.251341499879373664e+01
1.123531322963584067e+01
1.008073391924373396e+01
9.096531839968553967e+00
8.085865326612200477e+00
7.140172751733415701e+00
6.116023684468899546e+00
4.997699828987816062e+00
3.937611446099861912e+00
2.906421856719203056e+00
1.602211950497421933e+00
1.923698796671198530e-02
-1.716371832952697130e+00
-3.681016939691567291e+00
-5.659690866730837655e+00
-7.638692161090465227e+00
-9.788989282768602251e+00
-1.206352018235392265e+01
-1.381016349383030040e+01
-1.498232099520480531e+01
-1.585258206071952536e+01
-1.623718977892495374e+01
-1.655224838100479090e+01
-1.681016744302226229e+01
-1.663651580416037490e+01
-1.610819266822497653e+01
-1.563265322246405731e+01
-1.519115033110904811e+01
-1.463066238566842969e+01
-1.404267101741493917e+01
-1.307569374994545264e+01
-1.170190600192376529e+01
-1.016490516447104753e+01
-8.379430378615962738e+00
-6.852141473460449106e+00
-5.653669106174397996e+00
-4.478992891079692562e+00
-3.475314982353402637e+00
-2.399800620679247931e+00
-1.229027690732713118e+00
-2.147008297688473011e-01
6.920310445130497534e-01
1.954087936059140773e+00
3.577395279078196211e+00
5.370317311739376542e+00
7.448713356863713386e+00
9.476486152002449259e+00
1.143159271936838728e+01
1.357742213920259644e+01
1.583948873066366936e+01
1.760868182210279542e+01
1.885275177751048759e+01
1.980433535116122101e+01
2.029455985735823020e+01
2.073660492893677443e+01
2.114051199343795773e+01
2.114725867588571617e+01
2.083384323353596557e+01
2.054285316259078797e+01
2.025313775013557915e+01
1.984382849147304029e+01
1.939013964193081918e+01
1.858297455017577349e+01
1.739850960088128318e+01
1.604604917227615246e+01
1.445023535989071028e+01
1.312407557604246833e+01
1.213505860631205557e+01
1.118242073510874590e+01
1.041424787745486924e+01
9.576478225829404778e+00
8.646088557863675916e+00
7.881049210830461504e+00
7.230270364803787153e+00
6.240895359970486389e+00
4.908535124365973168e+00
3.418523584979884955e+00
1.657951155023720702e+00
-4.093721324222443503e-02
-1.656511209883382740e+00
-3.447593939600402280e+00
-5.340410888845509518e+00
-6.954917088862487162e+00
-8.281583730556631551e+00
-9.446228784135687562e+00
-1.034628255946674180e+01
-1.126248839254191836e+01
-1.220012797265962767e+01
-1.292692243704406962e+01
-1.349607168733685825e+01
-1.408777995346083145e+01
-1.468597163202062994e+01
-1.523544866687556620e+01
-1.577439790797046903e+01
-1.612742616992814959e+01
-1.628202366139558421e+01
-1.635295384350678916e+01
-1.629741225885939571e+01
-1.647303192087434454e+01
-1.692385445268554989e+01
-1.744769413154944004e+01
-1.814728932315256316e+01
-1.883928566879750477e+01
-1.950867053066188106e+01
-2.033812223478562942e+01
-2.129113383833551865e+01
-2.206613247675161560e+01
-2.266184939127598241e+01
-2.320046042238709205e+01
-2.360747618187002672e+01
-2.410790809054218897e+01
-2.471667387924738435e+01
-2.526059139929123276e+01
-2.579008498998450705e+01
-2.617599557725342407e+01
-2.638585513937431770e+01
-2.651599588612277358e+01
-2.652387584641134666e+01
-2.644182761079845889e+01
-2.627446646513864792e+01
-2.596563464631250895e+01
-2.551930397130641737e+01
-2.509049288960103752e+01
-2.468186976793571219e+01
-2.421848490904047679e+01
-2.373784736350573965e+01
-2.313158409040291374e+01
-2.238901444886775494e+01
-2.159353314823623293e+01
-2.071893387468998782e+01
-1.978628386019085283e+01
-1.880572580126397497e+01
-1.774724704541053200e+01
-1.661825188568463929e+01
-1.542350547290524965e+01
-1.415976215340881161e+01
-1.283091803515339713e+01
-1.143720139192326180e+01
-9.926341023024546573e+00
-8.294031243372595341e+00
-6.564904488843628094e+00
-4.724376660510277937e+00
-2.802081277591749409e+00
-7.994679055249546140e-01
1.311288203907714722e+00
3.524576049293361990e+00
5.366723715481573009e+00
6.793520022126959823e+00
8.023598405020067048e+00
8.921013433887143407e+00
9.765263820801934003e+00
1.056692905709077124e+01
1.106280978754029398e+01
1.130406003542753801e+01
1.162171584419199100e+01
1.200562334254431818e+01
1.232440152252918431e+01
1.265402269384649969e+01
1.272166363815607681e+01
1.250522138543579764e+01
1.219848924905967635e+01
1.173571219714653147e+01
1.144631590318629222e+01
1.138009429073085599e+01
1.133118235289514786e+01
1.139624593912805928e+01
1.142526947313169750e+01
1.140244027215575251e+01
1.148848886342558728e+01
1.165327293400415343e+01
1.158098987302315308e+01
1.126633786397999515e+01
1.084216928749311748e+01
1.022909150114949028e+01
9.653244588015871486e+00
9.129677728416279336e+00
8.479836238141677640e+00
7.753757728737947552e+00
7.111686949444458783e+00
6.549221866040809914e+00
6.026256233461571910e+00
5.583439346373998191e+00
5.085075182539303462e+00
4.528918243570228874e+00
4.018285268412985722e+00
3.526305309594075954e+00
3.002155398240172079e+00
2.454180240339201902e+00
1.889584298197604761e+00
1.298364524051101254e+00
7.402494591091142162e-01
2.180883880528360630e-01
-3.048699241699311946e-01
-8.144755185876999537e-01
-1.482544156889825882e+00
-2.328877209313791052e+00
-3.261662367547697894e+00
-4.330326502842878789e+00
-5.443905689684273241e+00
-6.596362546726504128e+00
-7.877376641559673764e+00
-9.269472350784907277e+00
-1.063756229172396495e+01
-1.198267330789011176e+01
-1.335948389092651212e+01
-1.473548012561097131e+01
-1.621478616667199901e+01
-1.780497333540306570e+01
-1.942817236853651153e+01
-2.110842193855094706e+01
-2.254598652080081322e+01
-2.370221155954160963e+01
-2.473508304642982836e+01
-2.555577614307791734e+01
-2.631831011953769561e+01
-2.703045282742485256e+01
-2.753390143292196512e+01
-2.785594456857509371e+01
-2.824108660197298448e+01
-2.868597444403647145e+01
-2.908666461589236008e+01
-2.950044200475970513e+01
-2.973644151406364600e+01
-2.977835371522311192e+01
-2.976548143365484123e+01
-2.965191402453101333e+01
-2.961188953799835133e+01
-2.967551520558164668e+01
-2.972551828024537102e+01
-2.981380175257624998e+01
-2.986871523703226927e+01
-2.988094795926991765e+01
-2.993232648965632592e+01
-3.000823585704191032e+01
-2.992536106243509764e+01
-2.967904114242009683e+01
-2.934804353620801720e+01
-2.888568228503487845e+01
-2.841952617336466602e+01
-2.795797791094292961e+01
-2.739837141011676636e+01
-2.676859696072633810e+01
-2.625200142309947893e+01
-2.585492823006746477e+01
-2.551063514378905239e+01
-2.526862507321672524e+01
-2.499810117503539431e+01
-2.469538836415647509e+01
-2.446987599383128043e+01
-2.429628547963449137e+01
-2.407964885856126358e+01
-2.382631414084580257e+01
-2.356652021266242159e+01
-2.327917639674758377e+01
-2.305178718318466835e+01
-2.289011196655815894e+01
-2.273463654798151623e+01
-2.260611525360191720e+01
-2.234590736482093121e+01
-2.193307782119544669e+01
-2.145815859896526945e+01
-2.087494696255180671e+01
-2.026200652379200307e+01
-1.962552552776447712e+01
-1.888490468628935304e+01
-1.805530741500366432e+01
-1.727261434667743600e+01
-1.653711765586523441e+01
-1.579243493216699257e+01
-1.507177331504835394e+01
-1.427349724655870133e+01
-1.339026925358989928e+01
-1.249959303612310002e+01
-1.157825619073542711e+01
-1.078369924607858543e+01
-1.014030950149154009e+01
-9.557544290316009494e+00
-9.083124165785971371e+00
-8.644833112515494022e+00
-8.238157716565705613e+00
-7.943104500544709623e+00
-7.747256061051380094e+00
-7.508529585666937400e+00
-7.227471273691765674e+00
-6.966723011429161616e+00
-6.692585254014950635e+00
-6.512406294883368751e+00
-6.435626614464719175e+00
-6.382546466367147175e+00
-6.378932742737504213e+00
-6.345676703405652930e+00
-6.267390996048392005e+00
-6.201003002610352866e+00
-6.122573081136155615e+00
-6.061146955279733461e+00
-6.021334491267868572e+00
-5.967382618995883625e+00
-5.905293318744239350e+00
-5.925523104456599022e+00
-6.030980827181848802e+00
-6.182071653926345611e+00
-6.402049484385893940e+00
-6.629408801976764742e+00
-6.860099352835902664e+00
-7.144365901896113868e+00
-7.468873127448299343e+00
-7.680607035697717855e+00
-7.770131269365258220e+00
-7.800058338760545773e+00
-7.727881299746529820e+00
-7.654011255561798066e+00
-7.581684035649313813e+00
-7.422531219141006886e+00
-7.195536045205945364e+00
-6.992609467403905654e+00
-6.809379484902214230e+00
-6.612727809182461947e+00
-6.423427922281311098e+00
-6.161566359304511131e+00
-5.821266720608945455e+00
-5.458098467447113578e+00
-5.052950982915730194e+00
-4.725665755705189319e+00
-4.493008835556400626e+00
-4.283881405046772173e+00
-4.133292051250565535e+00
-3.983876286850038806e+00
-3.830507333634988854e+00
-3.733062539328723339e+00
-3.680287351384718963e+00
-3.564467082020184918e+00
-3.384669517253233284e+00
-3.185857843907348386e+00
-2.941371476345460589e+00
-2.730252180922033034e+00
-2.558010311090687328e+00
-2.363443627844662664e+00
-2.164358665679677163e+00
-1.975135149177560612e+00
-1.790480697801656529e+00
-1.616412845292208633e+00
-1.455388566834773689e+00
-1.284640852764206587e+00
-1.104673439887181585e+00
-9.287848867246502049e-01
-7.523528459745942865e-01
-5.876485278787541011e-01
-4.370552978806778177e-01
-2.915287387400088415e-01
-1.547295422524739006e-01
-2.352302893930140887e-02
1.027550985906208192e-01
2.192904916743134702e-01
3.266780964064762705e-01
4.568075260983827102e-01
6.119795428568285400e-01
7.774154002233552019e-01
9.618860126010394529e-01
1.145757132780802490e+00
1.327967037613764445e+00
1.526047807600191319e+00
1.736089943977298766e+00
1.937654027376166210e+00
2.131279518910886850e+00
2.324325616184233390e+00
2.511939578069009471e+00
2.710896756828034881e+00
2.922246988954332991e+00
3.133750709246502897e+00
3.349233046796622926e+00
3.597938792094184102e+00
3.881671964981685097e+00
4.189602391501664691e+00
4.530030203227984664e+00
4.883412232898509231e+00
5.249513283436668232e+00
5.645747673945795242e+00
6.068669092695340161e+00
6.501671070410525388e+00
6.945956730774190291e+00
7.407759753678214487e+00
7.883587407016576343e+00
8.388729808914961339e+00
8.924574132333985332e+00
9.481091597989509623e+00
1.006217289125094716e+01
1.064171898041362674e+01
1.121651081584659160e+01
1.180203418638652657e+01
1.239089918586048356e+01
1.299644318289695732e+01
1.362002363864883314e+01
1.424855386058909978e+01
1.488486535653296627e+01
1.555221708934598723e+01
1.625100658586039515e+01
1.697200713625612423e+01
1.772115560907571563e+01
1.848167341292735699e+01
1.925264751619541670e+01
2.004746793649629311e+01
2.086255494747530292e+01
2.145774622816463761e+01
2.180999693099929715e+01
2.202918728066144993e+01
2.204589743259223766e+01
2.200105030376595039e+01
2.189934608098190694e+01
2.160689024230178390e+01
2.114895023481932412e+01
2.069329087672410949e+01
2.023421857970183879e+01
1.970420737026118019e+01
1.914131929369434104e+01
1.840632055668842781e+01
1.748736881802095411e+01
1.648239342025065213e+01
1.535738329580914652e+01
1.428205226109487036e+01
1.328141906633788061e+01
1.224891854872426578e+01
1.123393098666695700e+01
1.015797520030883305e+01
9.012370453301453921e+00
7.879812328967859436e+00
6.744100945338363573e+00
5.442035423210684009e+00
3.970394193044750164e+00
2.396976049020069333e+00
6.803607874730996929e-01
-1.063380430982578506e+00
-2.827038205472737431e+00
-4.703171986928046167e+00
-6.666517343030089471e+00
-8.352224355531497224e+00
-9.733982426508029917e+00
-1.096516642099298267e+01
-1.194296917107002898e+01
-1.289965383820956468e+01
-1.384234076700849059e+01
-1.456187322656713690e+01
-1.510125873248844819e+01
-1.568995082773975014e+01
-1.631770594024322207e+01
-1.689827606196764620e+01
-1.748333540182264656e+01
-1.787563479287707224e+01
-1.805965851276855716e+01
-1.817249328454782287e+01
-1.816640270695343062e+01
-1.832417623205987312e+01
-1.868546753146910078e+01
-1.908002232439330470e+01
-1.959012502372925724e+01
-2.008066774868900950e+01
-2.053870082058478275e+01
-2.110469507549827384e+01
-2.175157927700355032e+01
-2.222077594339383211e+01
-2.250906914708078332e+01
-2.272375608563671889e+01
-2.280020972660986089e+01
-2.292630349142061874e+01
-2.311449073583374414e+01
-2.321773926501371577e+01
-2.327778727418683147e+01
-2.325818090408921179e+01
-2.313826828143234948e+01
-2.296435867715377199e+01
-2.272112639974178805e+01
-2.239348037203622965e+01
-2.198317716521608389e+01
-2.148243986269698169e+01
-2.088652822186781677e+01
-2.027433152909323510e+01
-1.964916400549703113e+01
-1.896798448964522166e+01
-1.825018186741572990e+01
-1.744602405453367666e+01
-1.654951944971192646e+01
-1.560059512535295667e+01
-1.458687395857196201e+01
-1.347993595641012732e+01
-1.228073005547408947e+01
-1.099291443220212727e+01
-9.608858989857418820e+00
-8.152392703714546940e+00
-6.622687260776854323e+00
-5.000596537108704887e+00
-3.290016032201099172e+00
-1.491615403283738539e+00
3.977277870372186164e-01
2.376728071423666044e+00
4.446666773951188922e+00
6.614939939058880114e+00
8.882822390146666081e+00
1.124872107141918143e+01
1.371533435392936617e+01
1.572513544487434700e+01
1.722188766785266267e+01
1.846927093795117614e+01
1.930595918486801210e+01
2.005236252316226953e+01
2.072088906889027626e+01
2.100435751929472872e+01
2.096075546414020252e+01
2.099228324996637340e+01
2.108774628672601636e+01
2.108445900423544472e+01
2.107487061760300406e+01
2.073070081767078321e+01
2.002469950290906198e+01
1.919077695237946912e+01
1.814956102265542981e+01
1.727904444342771839e+01
1.663727941525855769e+01
1.598484594855642626e+01
1.543267410173583087e+01
1.481055182414619331e+01
1.409968273734933497e+01
1.348333234990015050e+01
1.292696249679483778e+01
1.206224619433835699e+01
1.088215723253001954e+01
9.541692511290243317e+00
7.947807615412984639e+00
6.362489924820179610e+00
4.802829808283247459e+00
3.060739519184440205e+00
1.193816567974645970e+00
-3.196235889097941985e-01
-1.455128917990800241e+00
-2.396618151786064299e+00
-3.012146925995244029e+00
-3.627301932541911800e+00
-4.250851782002524004e+00
-4.601435492052668330e+00
-4.740427456470951206e+00
-4.936862853221697378e+00
-5.174853071046582542e+00
-5.360760711007795720e+00
-5.554236674971139820e+00
-5.513813907556517790e+00
-5.221640508210214193e+00
-4.842472908285596844e+00
-4.318043791484542204e+00
-4.047782948725047625e+00
-4.085004290220539680e+00
-4.196377322768242379e+00
-4.497745469393422013e+00
-4.792728142848351247e+00
-5.064129227839793579e+00
-5.513016934350253528e+00
-6.100477818314183232e+00
-6.474914174913998899e+00
-6.633597859249318773e+00
-6.721516628475423083e+00
-6.651542377931368044e+00
-6.682777884731316398e+00
-6.832778658497483448e+00
-6.900948464949812511e+00
-6.945383552819131445e+00
-6.976945222693818671e+00
-6.974378733664808649e+00
-6.973961495200708960e+00
-6.973026900417173657e+00
-6.917248122677966293e+00
-6.808719001557267170e+00
-6.670913419421104606e+00
-6.492067633804323279e+00
-6.337370193391053341e+00
-6.213508069649483545e+00
-6.080286796064738652e+00
-5.955142499483283558e+00
-5.806648681838156634e+00
-5.630538555156684666e+00
-5.456986638669822476e+00
-5.278644882327155230e+00
-5.013564458512702160e+00
-4.657394201687601765e+00
-4.243498601183687491e+00
-3.749486348992556284e+00
-3.229112854165343993e+00
-2.684307180083351785e+00
-2.068286179367422761e+00
-1.391395647729869678e+00
-6.976701857777476423e-01
1.550206157175997024e-02
7.631152948338278952e-01
1.535364535799308427e+00
2.371627300958535134e+00
3.274694223272174742e+00
4.217574442331183171e+00
5.209684973279922637e+00
6.029255843706131657e+00
6.651381853396033605e+00
7.187187194695340509e+00
7.572080281476847752e+00
7.927523425409135349e+00
8.259231068680737309e+00
8.447736512916231177e+00
8.515129564564173137e+00
8.630802526867034530e+00
8.791514074976660709e+00
8.927569823450607345e+00
9.078517947393534016e+00
9.109610779681792891e+00
9.009819385838055084e+00
8.876824462396159632e+00
8.678381037702568079e+00
8.551383316964582093e+00
8.518446754844838154e+00
8.490476800207792607e+00
8.508148941333081083e+00
8.513038613872048188e+00
8.498358977893873956e+00
8.529510296006012737e+00
8.594822786368560230e+00
8.556084321029652884e+00
8.410460835163540594e+00
8.217161874589423931e+00
7.941327751413712832e+00
7.680595292367416782e+00
7.441624622259277011e+00
7.146818876362728723e+00
6.817795951482929162e+00
6.542626677099369736e+00
6.321227890315734399e+00
6.127432275123558370e+00
5.984217988771716179e+00
5.822083976673036787e+00
5.639631674318059673e+00
5.491854751280142111e+00
5.365161728474461711e+00
5.224534681881470632e+00
5.073991833814170072e+00
4.921864356653498085e+00
4.760845533340156699e+00
4.627502771531251113e+00
4.523956441113719862e+00
4.426704783759882744e+00
4.344467703054863961e+00
4.191439266510556649e+00
3.957260351296977952e+00
3.689075183403681901e+00
3.362140588819383158e+00
3.020888376319035729e+00
2.668538664346572720e+00
2.260796770633702213e+00
1.806275312480096540e+00
1.374807061088634264e+00
9.662051056141990335e-01
5.520317146271861430e-01
1.492538638133168172e-01
-2.951929376105702496e-01
-7.850859477802892838e-01
-1.280305704756174778e+00
-1.792993548277502791e+00
-2.287884002844532194e+00
-2.757182546491717012e+00
-3.226288073173905424e+00
-3.684027689864638688e+00
-4.141381550880283591e+00
-4.599879411417275854e+00
-5.043760062045256731e+00
-5.474842212193143709e+00
-5.933468456300613703e+00
-6.420474226323769962e+00
-6.917149854618707572e+00
-7.433455258541785682e+00
-7.941281054911787152e+00
-8.438200335612584979e+00
-8.946236375398587626e+00
-9.458838774015964290e+00
-9.984544599740205584e+00
-1.052656775216460261e+01
-1.107608825757756676e+01
-1.163612659447926667e+01
-1.220667495549604986e+01
-1.278712697597901915e+01
-1.338029227571761481e+01
-1.398625097379447269e+01
-1.458983879874370970e+01
-1.519030143114462739e+01
-1.579509919186379463e+01
-1.640031630662045004e+01
-1.701550812099675625e+01
-1.764148456341418481e+01
-1.827022142214182665e+01
-1.890385708018957800e+01
-1.935674552352935507e+01
-1.960878209861155597e+01
-1.974820080668027700e+01
-1.972059830789639534e+01
-1.963023774657305864e+01
-1.948066865959249938e+01
-1.916976247032438252e+01
-1.871579915144967998e+01
-1.825502578779583018e+01
-1.778338433350457137e+01
-1.724435856754794116e+01
-1.666890701991703949e+01
-1.594557991442127509e+01
-1.506450945380615813e+01
-1.410439111809479051e+01
-1.303783341311395105e+01
-1.199060246792514661e+01
-1.098165999532921866e+01
-9.930197759805896141e+00
-8.872759538014339142e+00
-7.752095327848693707e+00
-6.561340927418669366e+00
-5.361117561349689531e+00
-4.139359094358396440e+00
-2.771788349857289724e+00
-1.255434350837346669e+00
3.581439154373193823e-01
2.100777903332671226e+00
3.885140935626127945e+00
5.706061105980858805e+00
7.633963436244907363e+00
9.650095726572507360e+00
1.123784651813371838e+01
1.235287811930316160e+01
1.322419681139385617e+01
1.370419355484268564e+01
1.410676084777663064e+01
1.444227244985786207e+01
1.441958790906291554e+01
1.409598692204238191e+01
1.381794722129413877e+01
1.357254452524038868e+01
1.322420303085945470e+01
1.285150002597574925e+01
1.216340550984720537e+01
1.113612309942786105e+01
9.973819377554542953e+00
8.605849779254688414e+00
7.410864939033231735e+00
6.443771164073877955e+00
5.471260883593724422e+00
4.603685276279033900e+00
3.663925158921697900e+00
2.633714298657440889e+00
1.699156957199087659e+00
8.243438206977034000e-01
-3.469099783831215422e-01
-1.820341530020527232e+00
-3.447694844788370627e+00
-5.318627312811473828e+00
-7.177184919850924771e+00
-9.006799701169423855e+00
-1.100958327676406867e+01
-1.312915892493210279e+01
-1.482342692938975048e+01
-1.606041242419389548e+01
-1.705449742242416278e+01
-1.765473232516589519e+01
-1.822151155278547563e+01
-1.876455328652837551e+01
-1.896743016243939195e+01
-1.889734623135640845e+01
-1.887132206178623051e+01
-1.887193239990772753e+01
-1.878501205264818807e+01
-1.868096193216401346e+01
-1.827896684731552668e+01
-1.755742225578510229e+01
-1.670856316983340051e+01
-1.566425851424970617e+01
-1.486789130602810083e+01
-1.437921558891784102e+01
-1.393626785492548414e+01
-1.366750280328474432e+01
-1.335618298611592181e+01
-1.298246749763847063e+01
-1.276850123777093415e+01
-1.267089703391254574e+01
-1.229403539991637473e+01
-1.163390076183680044e+01
-1.085342106309490973e+01
-9.854016279676010015e+00
-8.925313254468834501e+00
-8.086455201535436288e+00
-7.111800399989844479e+00
-6.065815047276172045e+00
-5.203096771314018376e+00
-4.524153844154523263e+00
-3.955383807983417821e+00
-3.563940565470079314e+00
-3.149224824006112478e+00
-2.708249247616765665e+00
-2.401099965844014861e+00
-2.189324860809816808e+00
-1.971397878748772037e+00
-1.759742713706627937e+00
-1.579890329055703813e+00
-1.411283544552802915e+00
-1.361377896458177306e+00
-1.437248442387709435e+00
-1.571138402335612527e+00
-1.789329554001689582e+00
-1.833834850031763386e+00
-1.674392388627476969e+00
-1.453359393527573484e+00
-1.096912401585512731e+00
-7.403962655932055936e-01
-3.942109444789722028e-01
7.474036285303689575e-02
6.396258579074675099e-01
1.089673383403683360e+00
1.424771378567295299e+00
1.729586865895915926e+00
1.952365641160688670e+00
2.252159834285486717e+00
2.639587690102845219e+00
2.993167683234848386e+00
3.348722346368836700e+00
3.586833612248458536e+00
3.682024644142381398e+00
3.715882099056500465e+00
3.650396488912262871e+00
3.525055008287329095e+00
3.343976397510338483e+00
3.052062548722156876e+00
2.655328200085343315e+00
2.283413411465044174e+00
1.937814101208117590e+00
1.557827673627694809e+00
1.174730329839219989e+00
6.958137803161341672e-01
1.124007143473306769e-01
-5.047609531860990373e-01
-1.177925784986270541e+00
-1.873733699999360569e+00
-2.581981116540719157e+00
-3.335322136615876509e+00
-4.122956811332540106e+00
-4.949467202557848111e+00
-5.817863179714708011e+00
-6.716367706791898762e+00
-7.646274732220748049e+00
-8.662207118863884503e+00
-9.767357483502889792e+00
-1.093657920333304290e+01
-1.218449884898519286e+01
-1.347727874749034171e+01
-1.481286526488832322e+01
-1.622081641817788267e+01
-1.769417679242389951e+01
-1.899160284132038967e+01
-2.009248932812748123e+01
-2.110547672405939679e+01
-2.196192207157420384e+01
-2.280811904245769028e+01
-2.364952790716462516e+01
-2.435091140801372944e+01
-2.493937578118577392e+01
-2.557799376677510494e+01
-2.626129554636075980e+01
-2.692599821071280175e+01
-2.760949552524471073e+01
-2.817604029258484744e+01
-2.861496938191295669e+01
-2.902245811454697844e+01
-2.936593549159404404e+01
-2.981741350777081934e+01
-3.040253061473615404e+01
-3.101526343464468738e+01
-3.170611287220395269e+01
-3.239597948770471447e+01
-3.307693864109093340e+01
-3.383344442576892419e+01
-3.464978717393941565e+01
-3.536377183810058256e+01
-3.597308842237716675e+01
-3.654601268951313386e+01
-3.704199835395461093e+01
-3.757803869243171846e+01
-3.816211227937436945e+01
-3.870246235787337952e+01
-3.922517373877115432e+01
-3.944874595791009853e+01
-3.933368842362997242e+01
-3.902992317631535002e+01
-3.845253187455234212e+01
-3.774028181206434596e+01
-3.689929664127651421e+01
-3.578156784925926104e+01
-3.441040386622476177e+01
-3.302093353293114575e+01
-3.160938303014192741e+01
-3.007279114437509193e+01
-2.846548878024962548e+01
-2.660347567185525719e+01
-2.446972064722345763e+01
-2.219700924667260367e+01
-1.974013967525975488e+01
-1.725975996211387198e+01
-1.478311994499603621e+01
-1.219905715153543646e+01
-9.554691252699484494e+00
-6.783173994559011710e+00
-3.874544738660957055e+00
-9.032558486906583362e-01
2.145309228114471445e+00
5.444891328169210176e+00
9.001266929132960115e+00
