-3.159277847891511470e+01
-3.976285809469067800e+01
-4.938507654199338504e+01
-6.058581771302891639e+01
-7.219016307263774479e+01
-8.456198312648312765e+01
-8.709932423057028927e+01
-7.859441129017901062e+01
-6.427613072521192805e+01
-4.103425956656560913e+01
-1.467917560969914703e+01
1.455253708422538139e+01
5.241427918518737528e+01
9.787521666672438414e+01
1.234002131078986508e+02
1.271714179509602758e+02
1.216470845661570337e+02
9.929527223296771865e+01
7.773225577791293972e+01
5.788944232940006174e+01
2.435499028769338281e+01
-1.932720922493471960e+01
-4.564348199421615249e+01
-5.402441201231626877e+01
-5.527922178871652648e+01
-4.230868113004262199e+01
-3.526951223093529109e+01
-3.519589002935508404e+01
-2.598367012173659418e+01
-1.189719408333778894e+01
-4.841157479042877299e+00
-3.999590999206565911e+00
-6.602347203535138931e+00
-1.543714658159905539e+01
-1.939317161889395891e+01
-1.810148505216993797e+01
-1.939227666524090665e+01
-2.087013759771318533e+01
-2.066953009685481035e+01
-1.941349155809518479e+01
-1.627331768287529457e+01
-1.088513587437215868e+01
-6.335457708153167999e+00
-2.530466979640922709e+00
2.387271679106757638e+00
7.812698311891599801e+00
1.316208324170575494e+01
1.855602015179670872e+01
2.385581231948452441e+01
2.892425561422071567e+01
3.467301559053741045e+01
4.108428953397388028e+01
4.757859295714793291e+01
5.433575061382890681e+01
5.486713824624508362e+01
4.844393134580266747e+01
3.821925994606135646e+01
2.228869291887582804e+01
4.187183500513923740e+00
-1.595590084061949554e+01
-4.165759876380199245e+01
-7.230135911174700425e+01
-8.761937549679781512e+01
-8.615521951955327040e+01
-7.714876743385188718e+01
-5.500219130998802086e+01
-3.246631818175687556e+01
-1.018794864620926433e+01
2.314981807349218457e+01
6.502084725749051586e+01
8.794416421225574254e+01
9.079767568825698731e+01
8.501394568138869090e+01
6.329869221533772361e+01
4.467782638820499130e+01
3.010745344805543056e+01
3.773830426985562703e+00
-3.039976651992520118e+01
-5.173536035973361891e+01
-6.026245959928244389e+01
-6.321453325398753265e+01
-5.536745062581320553e+01
-5.294145523270949383e+01
-5.665867534071153955e+01
-5.400262608269410691e+01
-4.841010733508483099e+01
-4.226641862203352673e+01
-3.429659974033720715e+01
-2.568177784822534448e+01
-1.664410751400761157e+01
-2.484272641739398768e+00
1.688179632012786158e+01
3.907675306517801062e+01
6.521288688828995816e+01
8.005570506107184769e+01
8.200793571860249642e+01
7.914029091334963084e+01
6.714682759299111581e+01
5.430091217740811516e+01
4.119057349592292638e+01
1.987413770146645930e+01
-8.005917890712249019e+00
-2.522290278903031790e+01
-3.126934909667834006e+01
-3.332953675287104289e+01
-2.694183202194880522e+01
-2.425768419697903155e+01
-2.597678158694002093e+01
-2.224650497110312841e+01
-1.565787182058977578e+01
-1.280412583448444863e+01
-1.310786841638381794e+01
-1.518893864090214763e+01
-2.054610926641844415e+01
-2.281087558697368323e+01
-2.176849700075932148e+01
-2.180275821844031015e+01
-2.152349378246937661e+01
-2.036544830135171580e+01
-1.869838764076973447e+01
-1.577689969049070484e+01
-1.151251277338547752e+01
-7.329766529091341631e+00
-3.132578292646769125e+00
1.881316410288355057e+00
7.453445908084892046e+00
1.434314352611576027e+01
2.271079753704594140e+01
3.203739503392311150e+01
4.256227002192762399e+01
5.413771087618371070e+01
6.674668605389449283e+01
8.068820968750158329e+01
9.595288759477840301e+01
1.000719917067569611e+02
9.183989991669908193e+01
7.711260338335843301e+01
5.230441592683127539e+01
2.466421713466387544e+01
-5.518364590072940778e+00
-4.512273209149038422e+01
-9.282173240142648751e+01
-1.221153724137773366e+02
-1.314370186184360705e+02
-1.325714338198610847e+02
-1.183376019942343333e+02
-1.060735551631902922e+02
-9.670468777401440263e+01
-7.530169495966217141e+01
-4.539273678853711402e+01
-2.396615124855046020e+01
-1.063418249067332155e+01
4.441439867677550168e-01
5.159674052146065115e+00
1.744768138205725450e+01
3.805656365609924308e+01
5.668049434836138545e+01
7.640861901000006640e+01
8.866763745724908574e+01
9.147814435034430858e+01
9.106224915711358392e+01
8.466675449909001827e+01
7.467693944740177869e+01
6.142379887421571993e+01
4.115714963145396865e+01
1.422274211126486065e+01
-3.989700926610644682e+00
-1.273648312562204055e+01
-1.928126501127349357e+01
-1.961120623987490319e+01
-2.379135778024806314e+01
-3.257403194449867811e+01
-3.756048473226122297e+01
-4.095631494151485441e+01
-4.337551296446181937e+01
-4.381598480923628358e+01
-4.346681192119672943e+01
-4.215268759408785826e+01
-3.740788240211985993e+01
-2.916633283938088184e+01
-1.836034782603561410e+01
-4.347931345241245360e+00
5.119895432876550245e+00
9.352766653270977670e+00
1.258693145017926796e+01
1.271824036119542356e+01
1.412977318150856121e+01
1.723012937467045802e+01
1.803740712182104744e+01
1.750847586011195745e+01
1.761782516393199316e+01
1.801536102445174947e+01
1.838645026610480926e+01
1.909736235919632108e+01
1.800590944429476181e+01
1.499605545741939672e+01
1.137706556815107994e+01
6.632985569767653189e+00
3.184312911777673172e+00
1.348146759484716739e+00
-4.329746722969067818e-01
-1.482725653219564510e+00
-2.939818067626342568e+00
-4.958378483899224420e+00
-6.394484417400996712e+00
-7.506859425320782542e+00
-8.767293180604402991e+00
-1.005785652551618448e+01
-1.132120569707102042e+01
-1.262852871971249513e+01
-1.343475962115631006e+01
-1.370287164953808023e+01
-1.373870600296016597e+01
-1.340288111270761462e+01
-1.200996808123133164e+01
-9.494078018238667482e+00
-6.052689164610145056e+00
-1.469713892668087940e+00
3.820856191448774641e+00
9.845183340964505092e+00
1.703707123184318917e+01
2.534419634365827889e+01
2.890419799386471311e+01
2.720680039029357644e+01
2.299821938862121229e+01
1.462192065744577718e+01
5.613069121847699350e+00
-3.861744211497950552e+00
-1.705331382087927850e+01
-3.328499112323026310e+01
-4.146795497134769448e+01
-4.097985154740216274e+01
-3.665742943684615796e+01
-2.549944245734063131e+01
-1.483528925999300974e+01
-5.036904482449653386e+00
1.018052102922325020e+01
2.933220108369217272e+01
3.989645188857420521e+01
4.148483503889988100e+01
3.907004495146084366e+01
2.935880848879853033e+01
2.130131806071744904e+01
1.531871135690190577e+01
4.098463716088030395e+00
-1.051077984910631358e+01
-1.880324704555424020e+01
-2.075907755950238709e+01
-1.975505488386044917e+01
-1.331763725370588247e+01
-9.026299750116413279e+00
-7.197535795654167678e+00
-1.938906168886265657e+00
5.161555900593270962e+00
8.939449419781276163e+00
9.597144998556663253e+00
8.506086435320524330e+00
4.399977036976234324e+00
1.833057109569852461e+00
9.462125604167969106e-01
-1.602598854100511838e+00
-4.856739739022453151e+00
-6.478124375375102773e+00
-6.612237211432024253e+00
-5.704108922803846404e+00
-3.182132817975317884e+00
-1.288680781835721323e+00
-6.018552052808391617e-02
2.113482536786008836e+00
4.774058348762769022e+00
5.119459656180575635e+00
3.050244830998434242e+00
-4.271159218725844586e-01
-6.073464003700792091e+00
-1.182829096972534089e+01
-1.763546103252333452e+01
-2.520279397602594074e+01
-3.413060316878786438e+01
-3.852515607354472138e+01
-3.802871086572160664e+01
-3.516960134226754775e+01
-2.833107547111245594e+01
-2.140121387527869246e+01
-1.455147221724829798e+01
-4.409371561487425595e+00
8.257284263561178506e+00
1.963339665279259805e+01
2.982725537990824094e+01
4.018810650069674750e+01
4.981023870520169794e+01
6.186721650252290061e+01
7.655290510276218185e+01
9.156101251012069042e+01
1.076139856088126123e+02
1.112500655871250927e+02
1.008571088080900182e+02
8.326326755413904834e+01
5.450595483674952391e+01
2.175514402746163967e+01
-1.466839731262031599e+01
-6.197637949536569835e+01
-1.188975840104980648e+02
-1.518969266435761654e+02
-1.588074008488127049e+02
-1.548065925196318062e+02
-1.307478749992859548e+02
-1.081470541832765520e+02
-8.816336489745781080e+01
-5.203791131094637734e+01
-4.120465794128479686e+00
2.587517452575036359e+01
3.762266771936521792e+01
4.246812335765523017e+01
3.285148390083338654e+01
3.111299835469176145e+01
3.841067494149523043e+01
3.721518026208983798e+01
3.230658053603234947e+01
3.206921237497338950e+01
3.522448074463030565e+01
4.105869618818584144e+01
5.134283662508995860e+01
5.668815381778311746e+01
5.687912364720590830e+01
5.798409612975873983e+01
5.795048581605801274e+01
5.417899819328987121e+01
4.692511363499189514e+01
3.587525336622524463e+01
2.031871591809763444e+01
3.256673645730835176e+00
-1.548357535863682521e+01
-3.811136888084295293e+01
-6.414277182677949440e+01
-8.034885782425138245e+01
-8.572013340561441908e+01
-8.623053326670401475e+01
-7.818312642759583753e+01
-6.998831278205470596e+01
-6.203396403357316302e+01
-4.682415503641028209e+01
-2.599957323990178892e+01
-1.072774909712604163e+01
-1.007381550720771513e+00
7.490607089222342196e+00
1.200196388858848628e+01
2.114612524306370744e+01
3.544914332874670748e+01
4.833870723155955318e+01
6.173096950144838502e+01
6.843413150954923196e+01
6.697989357169464597e+01
6.208992211389556815e+01
5.148195599193420691e+01
3.766868378679426144e+01
2.086508865551266823e+01
-2.316791525275449182e+00
-3.150265624444315904e+01
-4.762686663104518914e+01
-4.945472401813438523e+01
-4.590628796925351196e+01
-3.182590570699755617e+01
-1.928366141486580432e+01
-9.028888597025353846e+00
9.436462986647699225e+00
3.361426376017960393e+01
4.444890195501887575e+01
4.146689481297329394e+01
3.206058090678556027e+01
1.125632202195093967e+01
-7.151241928348470722e+00
-2.252532686934366168e+01
-4.603477498469541018e+01
-7.482217635996262572e+01
-8.781888062134292738e+01
-8.433278288809354706e+01
-7.240270178340693974e+01
-4.641519662804088142e+01
-2.150689155352927173e+01
1.740764156377913263e+00
3.580340579949768909e+01
7.764238131846315127e+01
9.987218293504099620e+01
1.014165424263096185e+02
9.325396269057056031e+01
6.807278519115175186e+01
4.514291212968938538e+01
2.531028960887034884e+01
-7.427867120893842490e+00
-4.916287002262328087e+01
-7.253501845512124646e+01
-7.695251933047495640e+01
-7.283564809723331734e+01
-5.305882242189442621e+01
-3.782585546816250144e+01
-2.805051925036553939e+01
-7.517823422801159339e+00
1.957596183158964820e+01
3.575257400722293255e+01
4.132976717755727947e+01
4.179845472851408061e+01
3.280525359101234528e+01
2.880911202363564882e+01
3.037154384187542533e+01
2.660127158092113220e+01
2.055637288640787474e+01
1.565140989733101762e+01
1.095023320029317482e+01
6.919265805307984074e+00
4.171860921556298507e+00
-2.157110339552386957e+00
-1.213072885663569878e+01
-2.288516229436240579e+01
-3.549920903752438761e+01
-4.269612931073859841e+01
-4.354111426311386879e+01
-4.227500036614368639e+01
-3.680793698544157877e+01
-3.061753589165850897e+01
-2.401739389894693844e+01
-1.342009603869936818e+01
4.846054957850860490e-01
8.892809931075168706e+00
1.149761929778509639e+01
1.207265966003332736e+01
8.328026289087850031e+00
6.332296271176775626e+00
6.449382324886134832e+00
3.704494083882223787e+00
-6.085507673249291871e-01
3.539982328536075418e-01
6.654625431413368375e+00
1.593921119619351146e+01
2.998187842245797086e+01
4.355602839053285180e+01
5.647750979192532839e+01
7.289313922758377373e+01
9.173904545673281064e+01
9.897074389073719658e+01
9.369154142155525733e+01
8.180070319817856728e+01
5.940231294342720503e+01
3.570823826976656079e+01
1.105958570638198069e+01
-2.263045349597470945e+01
-6.359283708578639960e+01
-9.293644408019395087e+01
-1.099624030826544185e+02
-1.225551673841654292e+02
-1.257429227774931206e+02
-1.327899236637098852e+02
-1.444071871834682099e+02
-1.497028313637715371e+02
-1.514562975043006645e+02
-1.438001021439669955e+02
-1.246904730883976953e+02
-9.864244299768171231e+01
-6.343576422669302417e+01
-1.947509768434582611e+01
3.329066876205246217e+01
9.733004348739561351e+01
1.729147936098078446e+02
2.191487218764153226e+02
2.326726686388083749e+02
2.332675645830698841e+02
2.095851401183073222e+02
1.862699964326009479e+02
1.647852332054158921e+02
1.228229276583709577e+02
6.531793762872969467e+01
2.575918710087294272e+01
4.212931123737305938e+00
-1.220587276380976149e+01
-1.515718190401329046e+01
-3.021356431331142645e+01
-5.886488140421865722e+01
-8.144638851197812812e+01
-1.035791647311386328e+02
-1.213882418339009774e+02
-1.322285933550400614e+02
-1.418376115841762157e+02
-1.484680382887212318e+02
-1.494349922320758424e+02
-1.449546134920979625e+02
-1.346009943050136428e+02
-1.176194517992712889e+02
-9.959828313209023065e+01
-8.057265456570615925e+01
-5.705073503463322737e+01
-3.022727923966915142e+01
3.512049762414892307e+00
4.483653612202904526e+01
9.117833837758340110e+01
1.436145732568856772e+02
1.767223490576497795e+02
1.878090679824660469e+02
1.897500214320213274e+02
1.752472457255019833e+02
1.586791126609964238e+02
1.408540309160256641e+02
1.080354222652275666e+02
6.297123393847463291e+01
3.038420905153222407e+01
1.056718374006693750e+01
-6.679837640478640814e+00
-1.517278566108061000e+01
-3.320693311554475713e+01
-6.198849067985216266e+01
-8.729291276229619712e+01
-1.131956511565950478e+02
-1.286064529767946851e+02
-1.307702982934230818e+02
-1.277455993404422969e+02
-1.158645858903874313e+02
-9.801373193144576135e+01
-7.453384693898354385e+01
-4.051063820945410754e+01
3.725737063147120942e+00
3.195749665428292374e+01
4.266164460989841700e+01
4.834228069292938557e+01
4.204240773744921711e+01
4.053323246773989297e+01
4.501352121303337128e+01
4.118346720942211192e+01
3.264311563876693612e+01
2.691665160324741990e+01
2.287245594659867365e+01
1.931453790985586494e+01
1.775230051704368250e+01
1.015204061728602625e+01
-3.840112057003546742e+00
-1.912764110398597595e+01
-3.757369091215373658e+01
-4.856985038546059741e+01
-5.067229797825559956e+01
-5.031422409118878392e+01
-4.444189538700672415e+01
-3.803240139565037481e+01
-3.159600512833425512e+01
-1.995817115927123808e+01
-4.134070084492123875e+00
1.077655956646843904e+01
2.509901219900631730e+01
4.069064718852926887e+01
5.644979613036849742e+01
7.673511291241949550e+01
1.019033126133910372e+02
1.289826626899665882e+02
1.590436764363067255e+02
1.696442485520319110e+02
1.582670671084511866e+02
1.362715563361300042e+02
9.714020203183218882e+01
5.316457696737806060e+01
4.965914097514222192e+00
-5.950724900928635464e+01
-1.379902038309189436e+02
-1.874291502539686576e+02
-2.054555545553552918e+02
-2.111867161876194245e+02
-1.930486499266892224e+02
-1.794429883991531369e+02
-1.719500791256866989e+02
-1.463405446979379576e+02
-1.084626840201577664e+02
-7.786860504677159156e+01
-5.317696420629473408e+01
-2.881038868388020546e+01
-9.164957385760462927e+00
2.367727839266191481e+01
7.068271912451641015e+01
1.195055491725538417e+02
1.742541486225970573e+02
2.055871882598871991e+02
2.094062126309723340e+02
2.025567238098024916e+02
1.763870049440243406e+02
1.449099277434785904e+02
1.091740985990213630e+02
5.436503571594986539e+01
-1.690815282098429151e+01
-6.065608013589712755e+01
-7.497350698253899282e+01
-7.933043924562599614e+01
-6.217493364025204983e+01
-5.321045955089969937e+01
-5.428426452152119452e+01
-4.071971420686885779e+01
-1.883777822242320710e+01
-1.110034985324474022e+01
-1.658189030235429939e+01
-2.887097588508300916e+01
-5.337641867261535822e+01
-7.072309905700666377e+01
-8.015904234394133709e+01
-9.583387299342945198e+01
-1.135846800422322929e+02
-1.179123672916621928e+02
-1.087850544965342579e+02
-9.054687537670271524e+01
-5.908415580004258771e+01
-2.693919276116026396e+01
5.725094683403679774e+00
4.885718081447240735e+01
1.000563208924478573e+02
1.325989933302214467e+02
1.451506774745418795e+02
1.488311529882860782e+02
1.364112000688025148e+02
1.262568813957577305e+02
1.191959088133389457e+02
9.971352320072503517e+01
7.150829860202568966e+01
4.866682679625542107e+01
3.043101242815854235e+01
1.241000466403152203e+01
-2.155779755715282686e+00
-2.577740443879626397e+01
-5.916207513378533633e+01
-9.352572496349976916e+01
-1.317307791067668461e+02
-1.499677212317704686e+02
-1.449848705608141870e+02
-1.300732356402818084e+02
-9.819383572115314962e+01
-6.097779240629742503e+01
-1.918943099977660438e+01
3.937458504265672588e+01
1.125929691034871922e+02
1.527866490115368947e+02
1.572288573441731216e+02
1.473568583778749712e+02
1.103392714535266066e+02
7.726855532477105726e+01
4.991971172618527675e+01
1.630851478216068351e+00
-6.119152090130125288e+01
-9.956675595981992899e+01
-1.132319637082235033e+02
-1.165141718477864998e+02
-9.950019815191531336e+01
-9.189005779344462610e+01
-9.509701421737969440e+01
-8.589926656426982277e+01
-7.059443062742093389e+01
-5.814013789796749876e+01
-4.659597640209582892e+01
-3.595897508932475262e+01
-2.792656277456400815e+01
-1.119599368089214053e+01
1.451813419927033522e+01
4.236060318506463318e+01
7.488356914142678988e+01
9.706531316757335048e+01
1.069038320281536159e+02
1.134209509587204394e+02
1.123037619094762221e+02
1.105772475791404332e+02
1.089453599345667527e+02
1.000998903119557326e+02
8.546384838201963419e+01
7.120919249784650162e+01
5.676350952010808726e+01
3.996989597633792357e+01
2.207801853135188708e+01
-2.494442666521267782e+00
-3.424120829359925011e+01
-6.953809774465723592e+01
-1.098033241453042166e+02
-1.340520875387489070e+02
-1.399385202566472515e+02
-1.384713213856174718e+02
-1.236197678618218703e+02
-1.068144504648643647e+02
-8.877503850765749860e+01
-5.839029647853566019e+01
-1.785853763497018321e+01
9.525215987233192294e+00
2.319561535853895862e+01
3.295997336448574089e+01
3.286447318959073272e+01
3.956382421701116670e+01
5.410391656447098541e+01
6.318347041242361684e+01
7.043156192118514980e+01
7.380353403167836746e+01
7.147267935217053036e+01
6.686022636242432782e+01
5.886942588474468607e+01
4.529423765603719687e+01
2.615850982044974060e+01
1.381911044076464368e+00
-2.969999016848205997e+01
-4.739739837143336132e+01
-5.008401569149096133e+01
-4.772724771257328058e+01
-3.492846350043474501e+01
-2.329775758675232922e+01
-1.367455114748022993e+01
4.427359745717184936e+00
2.859755860502168545e+01
3.879916005089950204e+01
3.450023331976299090e+01
2.363327357889890123e+01
9.754634404259494573e-01
-1.913738423784011644e+01
-3.600594425949562094e+01
-6.127118487205672182e+01
-9.194815937519858551e+01
-1.056282287458991789e+02
-1.015382882671975722e+02
-8.825266082110385923e+01
-5.978478009081019451e+01
-3.214196812070579767e+01
-5.929099593053447137e+00
3.210179062557103435e+01
7.875091531107939602e+01
1.064201064350324799e+02
1.141350484262097353e+02
1.128939852103599009e+02
9.537832368090843715e+01
8.122396364602967367e+01
7.132080070989782428e+01
4.950889863247231659e+01
1.980826497289595522e+01
-2.688483954935465547e-01
-1.112286803537546476e+01
-1.845828954362047369e+01
-1.798943110994613903e+01
-2.427231473887001201e+01
-3.798082148991823459e+01
-4.830092598222923073e+01
-5.839311058327735537e+01
-6.274652141075093681e+01
-5.959156381028735439e+01
-5.371501250442744890e+01
-4.319860964285427229e+01
-2.843990408659261604e+01
-9.648186208912058248e+00
1.520803179708042308e+01
4.619512278092775404e+01
6.307165180056317411e+01
6.435267575478275148e+01
5.982086300371834398e+01
4.395681111096600091e+01
2.912858496346552784e+01
1.613938482905766847e+01
-5.988489629641916778e+00
-3.470863671765527414e+01
-5.116166353295461278e+01
-5.499893014076888420e+01
-5.352330362541576392e+01
-4.187600338603438388e+01
-3.389121674391810757e+01
-3.025593049616167463e+01
-1.992453774505611008e+01
-5.812151284600476586e+00
2.356314099716117827e+00
4.986565388644531360e+00
4.722869583422840023e+00
-7.954306277272025216e-01
-3.036136365073534016e+00
-1.706374407236722845e+00
-3.038509585817411374e+00
-5.220313067383510308e+00
-2.280074217648487611e+00
5.694284382725711247e+00
1.715745503284925277e+01
3.366006528884732774e+01
5.013172871538068875e+01
6.649704984554279008e+01
8.666046977216326752e+01
1.096287697433112953e+02
1.180187974578975911e+02
1.105674606078792124e+02
9.480136836213912943e+01
6.584910750392062084e+01
3.483108400509517821e+01
2.168493753634274768e+00
-4.206970956649162474e+01
-9.576771481030363020e+01
-1.288975737108662827e+02
-1.399303696852353767e+02
-1.418045310065000706e+02
-1.264526009582725692e+02
-1.140967993806563783e+02
-1.057794378666851571e+02
-8.438149849929024526e+01
-5.404135001405613536e+01
-3.152623800779769425e+01
-1.616431952955441531e+01
-2.628087445106550568e+00
5.116475209130036284e+00
2.146321841006111697e+01
4.715831652047761935e+01
7.182583144460633662e+01
9.868174851884832322e+01
1.123937015395708130e+02
1.103391202956815533e+02
1.020336673355314190e+02
8.280466272017278584e+01
5.893429877890912394e+01
3.095497268463342522e+01
-8.551156528606828289e+00
-5.849528428583492712e+01
-8.726153889158679533e+01
-9.303263107625504347e+01
-9.028647677588980969e+01
-7.055106859201083580e+01
-5.428763818381558082e+01
-4.275129396796111791e+01
-1.841232195263472704e+01
1.446332792029029513e+01
3.578556460671583039e+01
4.591695013858004160e+01
5.161053358190009988e+01
4.793196271245192719e+01
5.115649802574739624e+01
6.205765057455199241e+01
6.841839062883825306e+01
7.376442177830396929e+01
7.387620020964619982e+01
6.693605538379135567e+01
5.736523621458069755e+01
4.355975818811209166e+01
2.480683387167369602e+01
1.275877976815884107e+00
-2.824761376366651433e+01
-6.406591741961189257e+01
-8.773133995191400913e+01
-9.785059221430825005e+01
-1.035296519361359202e+02
-9.974615567706288743e+01
-9.762529075563162451e+01
-9.794004898284777028e+01
-9.078246343180863676e+01
-7.846576022756941882e+01
-6.625866925400123364e+01
-5.327685808009034929e+01
-3.844845175455368746e+01
-2.274428448285137705e+01
-4.404438606235339115e-01
2.884013482392412442e+01
6.163094296586771037e+01
9.935246672859689454e+01
1.218841732091921415e+02
1.270093493525657635e+02
1.253356651306682323e+02
1.111075150444665383e+02
9.525611032670083489e+01
7.849998507040618279e+01
5.024281502798359611e+01
1.260772848242448774e+01
-1.220198314517370619e+01
-2.363172312923878238e+01
-3.099216646012803622e+01
-2.859445503113688858e+01
-3.228068878666594799e+01
-4.302530018490258357e+01
-4.814119377716147596e+01
-5.106396983116459154e+01
-5.215689741973172033e+01
-4.989991114499025571e+01
-4.644106228501210154e+01
-4.139452997669042844e+01
-3.130495009788256056e+01
-1.612972149131833888e+01
2.938452603499374760e+00
2.678889328269185910e+01
4.099775773474653562e+01
4.425471312250305544e+01
4.415593584903816549e+01
3.672761059533752359e+01
3.016238563783840121e+01
2.510938501431213155e+01
1.403032595270001259e+01
-1.363330512583795784e+00
-1.183347738811278127e+01
-1.753952329950221056e+01
-2.178516803114697353e+01
-2.232919089160098736e+01
-2.650283520096707335e+01
-3.471727308852867822e+01
-4.148420458085688267e+01
-4.842825928844335692e+01
-5.033197719708023499e+01
-4.606305088029013461e+01
-3.921869264582153392e+01
-2.813338381876312511e+01
-1.444838364147301490e+01
1.659492123991454182e+00
2.256281883151194023e+01
4.802081971127271487e+01
6.381556855760856450e+01
6.900420261517251674e+01
7.025775813749098120e+01
6.372259753829347062e+01
5.834053521016774368e+01
5.466353332787653585e+01
4.487894108164302764e+01
3.083040944900554337e+01
2.078633993284278247e+01
1.448140867703604862e+01
9.159194724174145819e+00
6.790694091574269287e+00
4.814397356541333384e-01
-1.014013203237540139e+01
-2.004091672913269662e+01
-3.075961969413365082e+01
-3.970007452261337022e+01
-4.607674950347592358e+01
-5.222020411343021351e+01
-5.726425633810163163e+01
-6.148232787219032502e+01
-6.502668635848597489e+01
-6.696239766564922036e+01
-6.731698559552147287e+01
-6.310754383963293179e+01
-5.378727033203889363e+01
-4.067894687495412143e+01
-2.277072869464824123e+01
-1.471076956282780124e+00
2.330592299626719566e+01
5.328868501697908044e+01
8.835525726496949517e+01
1.076812605615915004e+02
1.095428365682482479e+02
1.037930166961217679e+02
8.461106378244045345e+01
6.466357731283127919e+01
4.462138831172600817e+01
1.298893292282756029e+01
-2.774623834932566879e+01
-5.179669450568743372e+01
-5.828571877228314690e+01
-5.791889597145839730e+01
-4.394427398957143538e+01
-3.450058616167357428e+01
-3.056912633785157851e+01
-1.731293234646202350e+01
1.453927282601408466e+00
1.168434634651428894e+01
1.387726778312583775e+01
1.214954436990906927e+01
3.090525413030449364e+00
-1.263771708286690387e+00
-4.409704984064948263e-01
-3.284086225914935486e+00
-7.211885315039180178e+00
-8.656052252003531677e+00
-8.237950818728062785e+00
-5.835766052736008014e+00
-6.708539892404146165e-01
2.910025676782804549e+00
4.909155823989627798e+00
8.146974001381869002e+00
1.173062223553782246e+01
1.334444319779999688e+01
1.303275828535080727e+01
1.125635064790668416e+01
7.396768699156229587e+00
3.578471037024296031e+00
-2.011950428424908455e-01
-5.567347684494433402e+00
-1.212081364951544593e+01
-1.562068540664621885e+01
-1.585912866495693763e+01
-1.459190348698693818e+01
-1.067226306119321144e+01
-7.044570219632617203e+00
-3.841208759581407950e+00
1.413793663383282162e+00
8.125953182964227750e+00
1.149204771066999520e+01
1.136762422804364903e+01
9.642817231314703363e+00
5.054013765741134812e+00
1.057398504795287408e+00
-2.187975576283300860e+00
-7.499840621331315127e+00
-1.416536961992569843e+01
-1.809141061256162786e+01
-1.923382145985803859e+01
-1.905892176258731041e+01
-1.651058332599098222e+01
-1.471332405227514251e+01
-1.379602781234355291e+01
-1.129178485293190626e+01
-7.848760121130935907e+00
-3.092188286058289659e+00
3.333456288377836252e+00
1.083628682698399537e+01
1.963354179856797543e+01
3.019102198967902950e+01
4.253076184871547127e+01
5.666605891786957017e+01
7.275160868535185443e+01
7.803751687002525728e+01
7.130439252566019093e+01
5.869391380157614435e+01
3.657056270128737197e+01
1.232446082841594936e+01
-1.368907679630467022e+01
-4.843474662990119839e+01
-9.051935248711166082e+01
-1.133771910126975655e+02
-1.154181217676662499e+02
-1.083820233865727403e+02
-8.504836788442082707e+01
-6.275548800973491836e+01
-4.239259229141413243e+01
-8.974491843668468860e+00
3.399877664206111660e+01
5.836111927469117688e+01
6.338314174957624658e+01
6.017699085620157007e+01
4.140223593167924321e+01
2.745058843465490028e+01
1.932052907974523492e+01
5.357148696798303966e-01
-2.464330659753861497e+01
-3.456158833815679543e+01
-2.913978690048914189e+01
-1.576858484371187252e+01
1.111183277715169915e+01
3.462454835284248134e+01
5.413216476008484079e+01
8.283909068604606318e+01
1.172587500573700794e+02
1.324864284392140519e+02
1.276477624292720776e+02
1.121429003161173910e+02
7.928871622026603916e+01
4.699960604096398242e+01
1.590665206794334274e+01
-2.882662739506623240e+01
-8.364566501910825025e+01
-1.198693554676484041e+02
-1.366543193755978791e+02
-1.453186032059288380e+02
-1.383308700364379717e+02
-1.364518193457782047e+02
-1.406615922104949732e+02
-1.341013300305194775e+02
-1.210765541122068214e+02
-1.059400870867602862e+02
-8.690775971558046820e+01
-6.467007131991553592e+01
-3.970057144857729980e+01
-4.863643633270135602e+00
4.019333513469554475e+01
9.183170001263597726e+01
1.518594674628098460e+02
1.866773401855369059e+02
1.928527825098199457e+02
1.877065585567008554e+02
1.617144874155362118e+02
1.336178083628192326e+02
1.046182859408071977e+02
5.688782568067126988e+01
-5.900021896058155413e+00
-4.595986732934169794e+01
-6.225695401556744457e+01
-7.054241804591276832e+01
-6.107070979337347438e+01
-6.069606239273120707e+01
-7.099871687255229347e+01
-7.033383544453575098e+01
-6.446538511650425107e+01
-5.875335888796287520e+01
-5.103306741801733892e+01
-4.262725905376898794e+01
-3.420737557473191259e+01
-1.706583777448039285e+01
9.038926603658929082e+00
3.949022587237922011e+01
7.636427342248896366e+01
9.597269100636901840e+01
9.577637498647770542e+01
8.861142425902036734e+01
6.779628172465136515e+01
4.603349488785444521e+01
2.430659236290174263e+01
-9.611753463965447608e+00
-5.316047778978241212e+01
-7.850851160029608877e+01
-8.471790369720373803e+01
-8.340993214927003407e+01
-6.731487121344409275e+01
-5.582385308825916326e+01
-5.000603028261527783e+01
-3.396585736641892339e+01
-1.178632512229274099e+01
2.605426605881009383e+00
9.860454173894803276e+00
1.386513964198199034e+01
1.129317328023713252e+01
1.438737698856054692e+01
2.363181232568569712e+01
3.017902910282782258e+01
3.667840583049567726e+01
3.967071794031720344e+01
3.784940428617326802e+01
3.470021796537039194e+01
2.898752255058350258e+01
2.042403636421616042e+01
9.193937368932180831e+00
-5.732032328535507482e+00
-2.449226255099173599e+01
-3.519882432135442230e+01
-3.698748069048755838e+01
-3.568254528705424633e+01
-2.805962349661029975e+01
-2.132003975317317312e+01
-1.596139477596710421e+01
-5.597779339557959588e+00
8.270975056372153134e+00
1.637789475471999978e+01
1.868357438640575552e+01
1.861301082133564222e+01
1.382570956362303605e+01
1.136582045143751074e+01
1.158325245879935395e+01
8.990587450668698466e+00
5.092441488899099866e+00
2.412809774705639843e+00
5.452061372622605262e-01
-6.796807060505256626e-01
-7.333232937152465158e-01
-2.501275769445214348e+00
-6.045345949586820922e+00
-9.513955678667210591e+00
-1.353753530243660208e+01
-1.420372873648719647e+01
-1.095242612670609716e+01
-6.082629608705110158e+00
1.557807385452131932e+00
1.019309644729769815e+01
1.967791394756116929e+01
3.193774952664302091e+01
4.664238594820407258e+01
5.357524274906248252e+01
5.203024662523174015e+01
4.664933720543506013e+01
3.462427309697569910e+01
2.238824211517100693e+01
1.027246669790984157e+01
-7.411915548475969118e+00
-2.938471616236303774e+01
-4.526125392190945718e+01
-5.482431349259992714e+01
-6.220495593431266457e+01
-6.473027557552703115e+01
-6.999324586689058947e+01
-7.840071992333743367e+01
-8.389567133165520829e+01
-8.809534594117283746e+01
-8.615286543002390829e+01
-7.680999535049126337e+01
-6.340166150064133888e+01
-4.426722309372728859e+01
-2.058035296793199009e+01
7.606906231726723533e+00
4.250337434681341620e+01
8.405362492455125789e+01
1.116580926749024769e+02
1.237825222469875399e+02
1.302923860344502600e+02
1.255425376800587287e+02
1.222251996636130116e+02
1.211262000296396337e+02
1.109753726279758723e+02
9.436432555333699668e+01
7.876264317746802135e+01
6.328947357739755830e+01
4.597279559565367890e+01
2.832343855266730515e+01
2.906230404725141270e+00
-3.077660187479997944e+01
-6.796876779424228232e+01
-1.104824096852579771e+02
-1.381748326721706235e+02
-1.486938820705370006e+02
-1.529455957349064477e+02
-1.451396273587567975e+02
-1.359244313167949372e+02
-1.260471554014110751e+02
-1.050206097659536795e+02
-7.491449744400560462e+01
-5.106677422952634515e+01
-3.332686159690291561e+01
-1.555271003311705158e+01
-1.427343681921675600e+00
2.092357143832083466e+01
5.235294565254066868e+01
8.400203795687157537e+01
1.186095747800538476e+02
1.392113641343227641e+02
1.431755139222118487e+02
1.404692264142594524e+02
1.259809174595480243e+02
1.074259459818275673e+02
8.536023997096630467e+01
5.125733831457810652e+01
6.487505089202473485e+00
-2.215378430564294376e+01
-3.349503206409995215e+01
-3.959144694274926479e+01
-3.343027377647186427e+01
-3.304760369304946721e+01
-3.963074816146328061e+01
-3.822777585859584093e+01
-3.271760773943206146e+01
-3.199827041054190602e+01
-3.505500691221276099e+01
-4.027394744758626643e+01
-4.958664680804679392e+01
-5.401698479202326553e+01
-5.324291603483491286e+01
-5.324592109299987897e+01
-5.202694620089656041e+01
-4.747202913068026930e+01
-3.988784978983865415e+01
-2.876291648176965410e+01
-1.353406948477534399e+01
3.155603085558277954e+00
2.148471934386899562e+01
4.334525026741454923e+01
6.831770793501259220e+01
8.193899412037529828e+01
8.302051259619503298e+01
7.814307695205118875e+01
6.322656374078930241e+01
4.728379458001437285e+01
3.070823570567036143e+01
5.337236769043734341e+00
-2.710245681234912496e+01
-4.649190593873593969e+01
-5.204886422296109316e+01
-5.228075752002281718e+01
-4.188959720572803747e+01
-3.486231861025606094e+01
-3.196935268998202773e+01
-2.168103878340841106e+01
-6.932934435014517227e+00
3.681146201852423250e+00
1.080372826867513325e+01
1.657946059317026766e+01
1.904792420330172931e+01
2.624253232751977194e+01
3.850371969253594528e+01
5.026268609278301369e+01
6.330547214218191954e+01
6.814515304648030281e+01
6.327616384808024463e+01
5.445078132704182394e+01
3.882126456195791775e+01
2.046973782230814365e+01
-2.621685056730114205e-01
-2.800296133137349841e+01
-6.201921607509002854e+01
-8.317605828613039876e+01
-9.036928158043258463e+01
-9.229236530964337248e+01
-8.380480188748879300e+01
-7.730226667341680979e+01
-7.351863811900913959e+01
-6.181352337066156366e+01
-4.475368760414691138e+01
-3.229712120105430273e+01
-2.397934882829694558e+01
-1.671565456014505457e+01
-1.283725067285848631e+01
-3.715625274922777610e+00
1.109515494416722525e+01
2.542410129273208597e+01
4.120544830795557090e+01
5.543933867137929639e+01
6.720824809552409818e+01
7.933651479594769285e+01
9.083836645344395322e+01
1.019613517728811587e+02
1.129194184779924797e+02
1.226980394517108550e+02
1.313389594248741616e+02
1.290830487182035995e+02
1.146746219083978957e+02
9.262024210367425781e+01
5.992980442344321546e+01
2.190030931134678838e+01
-2.142098019140754062e+01
-7.552092870693955717e+01
-1.395878410516276631e+02
-1.794138620390133667e+02
-1.925531730330430094e+02
-1.948306690809538111e+02
-1.768396037519101185e+02
-1.601262806953982931e+02
-1.458736162690727554e+02
-1.150506720578898552e+02
-7.198932130889370740e+01
-4.083901599226211943e+01
-2.126786062026658186e+01
-4.476351127655868289e+00
3.651675815368041089e+00
2.238578009019423121e+01
5.283925992736951827e+01
8.059459916323588402e+01
1.099417234635865270e+02
1.300800142977065832e+02
1.383481380922623316e+02
1.428692060480424857e+02
1.401267163640774527e+02
1.328021627284570627e+02
1.213240019360215314e+02
1.010728064760285179e+02
7.240848573880433037e+01
4.992922514778717158e+01
3.406577784737527992e+01
1.783676019611129604e+01
4.884024615355933463e+00
-1.471577666316617261e+01
-4.184710716901002314e+01
-6.861927720786391660e+01
-9.734283492940024018e+01
-1.168650859412493332e+02
-1.251813377979678137e+02
-1.291961206330742868e+02
-1.254521146441300914e+02
-1.185745104486533421e+02
-1.089136925620883858e+02
-9.096083153390537746e+01
-6.548814908820025948e+01
-4.480515526919826641e+01
-2.908890380605363291e+01
-1.275837141196380387e+01
1.168687346777135261e+00
2.154415484118481672e+01
4.911669007845025448e+01
7.705875820692308764e+01
1.074407959375972723e+02
1.249653720768176157e+02
1.273564450128260432e+02
1.233059337013451113e+02
1.082111178862481609e+02
8.932910466909896741e+01
6.711722729141494881e+01
3.373082915309829843e+01
-9.551118092888323474e+00
-3.636400848300473143e+01
-4.544588999981189659e+01
-4.867736493998978631e+01
-3.910127639786542630e+01
-3.431672103177175615e+01
-3.544456021737841667e+01
-2.775908662035691776e+01
-1.500448577773977377e+01
-9.535345974690883963e+00
-1.067630760956020275e+01
-1.506362728286867814e+01
-2.560649372631427667e+01
-3.134156440888894579e+01
-3.182418386737166216e+01
-3.489703466531711484e+01
-3.816979826184976332e+01
-3.753305939861496654e+01
-3.338181712392508160e+01
-2.592956770113639564e+01
-1.415995421067787241e+01
-2.402434827227700964e+00
9.398908790867674057e+00
2.432267331064775462e+01
4.154895550245969815e+01
5.074687671672177203e+01
5.125228985728794129e+01
4.740175145950218649e+01
3.632488533899477545e+01
2.491510785573199627e+01
1.343177268710544681e+01
-4.134978396235672982e+00
-2.645264237803395346e+01
-3.994438932863110381e+01
-4.412801546585138368e+01
-4.462544917064138161e+01
-3.786755456014045507e+01
-3.343483651471149898e+01
-3.183392786940938635e+01
-2.521680626595622243e+01
-1.559001918038115875e+01
-4.533210518162557712e+00
8.826537291205537983e+00
2.394702203759606363e+01
4.073452431048407618e+01
6.222169063693780089e+01
8.855516347610000594e+01
1.182976144326758146e+02
1.522317924477162023e+02
1.650714796928894827e+02
1.542635922755372349e+02
1.323449852931690884e+02
9.208725694742408052e+01
4.780509139780173911e+01
2.514218823270168990e-01
-6.422269947678421431e+01
-1.429066245242428010e+02
-1.920966404856010854e+02
-2.095453956392639157e+02
-2.143652079314080652e+02
-1.948477266917005579e+02
-1.801629745016758193e+02
-1.718979332553780921e+02
-1.453328286377478662e+02
-1.064787995419951585e+02
-7.729848566092329065e+01
-5.661416944197606682e+01
-3.783983880948047585e+01
-2.606809891124681045e+01
-1.871131532313692780e+00
3.574941899939813794e+01
7.305145136322519761e+01
1.144096825967998541e+02
1.468771313464648642e+02
1.678042205548048571e+02
1.864872999345439268e+02
1.989386762943272799e+02
2.093312425887735060e+02
2.183081419991872849e+02
2.201825639243288606e+02
2.157240069338939463e+02
2.000959821515706949e+02
1.716726283670454620e+02
1.329135992961676607e+02
8.182241165907132086e+01
1.946573526219339101e+01
-5.456957403987270538e+01
-1.430168149067142451e+02
-2.461853459667789821e+02
-3.097503386475970615e+02
-3.290828335294176554e+02
-3.303880100685290699e+02
-2.984864839399807579e+02
-2.660730314537834147e+02
-2.349994611070868302e+02
-1.754918905459577445e+02
-9.402212656557617265e+01
-3.681299925913758386e+01
-4.039977414186551208e+00
2.235709794821885055e+01
3.086301985750665011e+01
5.660309389608187303e+01
1.016873728113720858e+02
1.390722139502108234e+02
1.765086251700122659e+02
2.008062746678413362e+02
2.075330710552553910e+02
2.082887090800770125e+02
1.983929481844572820e+02
1.787004912239128487e+02
1.496825872939381838e+02
1.064040652477210784e+02
4.865036334829109421e+01
8.764453939737519406e+00
-1.141072435666788465e+01
-2.784180617193873530e+01
-3.205122351944444148e+01
-4.450652441542597870e+01
-6.687705226849583084e+01
-8.182802766252648041e+01
-9.388323475832883958e+01
-1.042041649133238224e+02
-1.107007384564792005e+02
-1.158659023512725810e+02
-1.192983842730270112e+02
-1.160306038166371110e+02
-1.059260964082983634e+02
-9.080867112654053130e+01
-6.937519066141886981e+01
-5.093966535671751927e+01
-3.622330841836838999e+01
-1.961754853409043164e+01
-3.511247158197333462e+00
1.735159440577418621e+01
4.369088631398533806e+01
7.097902529744771982e+01
1.005262241794697928e+02
1.178339410500301199e+02
1.209191342632879724e+02
1.175511044489456509e+02
1.033885785809737854e+02
8.584823266521159724e+01
6.530740294863356610e+01
3.407014857814878894e+01
-6.558052939754789534e+00
-3.280562690888871202e+01
-4.362433879933784198e+01
-4.964665221887525348e+01
-4.463556412734577350e+01
-4.468004945045143472e+01
-5.081569224734496970e+01
-4.970838693288600041e+01
-4.480610467125438845e+01
-3.922143383946143302e+01
-3.154553039440638074e+01
-2.257609934926550466e+01
-1.262416032959035128e+01
3.576587179316313314e+00
2.623168945973442590e+01
5.267632351592040152e+01
8.421755524492616019e+01
9.991143795629118074e+01
9.760898777092434386e+01
8.825393310943651670e+01
6.592750887469202326e+01
4.221721869139538796e+01
1.791355356994094805e+01
-1.801274784445092791e+01
-6.326534154893569450e+01
-9.107879506282247917e+01
-1.004483638302435224e+02
-1.026669239915103731e+02
-9.070419157546548661e+01
-8.307076273503935226e+01
-8.078645007282753454e+01
-6.858167913277395655e+01
-5.033954931400378285e+01
-3.639511739555319991e+01
-2.578704652389135532e+01
-1.615866395415391210e+01
-9.799151422818862756e+00
3.334727704232674839e+00
2.367696601486657215e+01
4.443387625695918786e+01
6.786788427522303380e+01
8.305308514594123892e+01
8.826793022059904104e+01
9.032592789836667180e+01
8.598332982959358617e+01
7.990254300909680296e+01
7.254706114701727415e+01
5.867428966576565585e+01
3.916863640778042566e+01
2.451101105497664889e+01
1.483417482538179044e+01
5.598218333846853412e+00
-6.053942890415777711e-01
-1.133793474852687311e+01
-2.716810496066664271e+01
-4.221973500047666050e+01
-5.821584076806739461e+01
-6.908747854569661229e+01
-7.356916691305951872e+01
-7.574325524943266430e+01
-7.368369136511742568e+01
-6.949859124939530375e+01
-6.339430322119532235e+01
-5.252622757928600805e+01
-3.722247698487500145e+01
-2.528745589086448575e+01
-1.692252880519155411e+01
-8.493169228130151183e+00
-1.946180906169977742e+00
8.136023293835707548e+00
2.221183490354141910e+01
3.600210984775875289e+01
5.075918082690728994e+01
6.098415355623599510e+01
6.564504396840675327e+01
6.822472917892982025e+01
6.700700527357770397e+01
6.417187722037441233e+01
5.989522415967017821e+01
5.149756566383327083e+01
3.933646761414921400e+01
2.921661944509968833e+01
2.119530341612165714e+01
1.262373315165362797e+01
4.907965209587548117e+00
-6.158381452077498430e+00
-2.094732868466799047e+01
-3.625090144695165151e+01
-5.306727592978559471e+01
-6.374893140491962384e+01
-6.719451075169531862e+01
-6.773564431106899519e+01
-6.308903904311544153e+01
-5.695309045643183055e+01
-4.957162220092622817e+01
-3.701509989441036907e+01
-1.995135038480483658e+01
-7.699588530825966615e+00
-5.079949820603790744e-01
5.723985082372820443e+00
8.629928261198102746e+00
1.477879276212966886e+01
2.463683664496313952e+01
3.296502238989688749e+01
4.122529410079674506e+01
4.607356665278706487e+01
4.655008773411968548e+01
4.523625800825284671e+01
4.097885284717889220e+01
3.441232182327694744e+01
2.562478969377246329e+01
1.318797281381947073e+01
-2.869819683654107667e+00
-1.335900131187130668e+01
-1.771444473910718642e+01
-2.038316729580562381e+01
-1.891945149228009981e+01
-1.913587213193638092e+01
-2.145829230074549088e+01
-2.090022206408393757e+01
-1.871057087400337338e+01
-1.801886606521242840e+01
-1.847923407313759014e+01
-1.943232060392737637e+01
-2.154901343361004606e+01
-2.174040699100664398e+01
-1.987017072193294354e+01
-1.798976289353618441e+01
-1.539628497771545135e+01
-1.340876896136411922e+01
-1.233174438001654671e+01
-1.100984714263385200e+01
-9.835802768955796083e+00
-8.521553702467178582e+00
-6.951090805871054101e+00
-5.601502823057122882e+00
-4.392930817663410537e+00
1.953428511100947729e+00
1.389787712788710117e+01
2.901883795560503643e+01
4.881520054859865354e+01
7.017173733166740135e+01
9.296401086842203654e+01
1.201030413884109578e+02
1.510118880335579092e+02
1.626844952052749136e+02
1.532352694349468436e+02
1.331449447746300905e+02
9.593174811809920755e+01
5.567014913008124211e+01
1.296766095353891934e+01
-4.502508407809488489e+01
-1.156311654357260181e+02
-1.621139716247837157e+02
-1.827447398230258386e+02
-1.933327190812625531e+02
-1.840828010148302951e+02
-1.799389351069996792e+02
-1.822408590718828236e+02
-1.700585769560444476e+02
-1.485539044973674550e+02
-1.262170406185166627e+02
-1.010516842613736657e+02
-7.228641012155593160e+01
-4.132420168693649742e+01
2.470084136723365020e+00
5.969936714776058295e+01
1.242745126659516046e+02
1.988337462643868037e+02
2.403630179945932070e+02
2.442577932856814300e+02
2.328885775946299930e+02
1.939776727317888856e+02
1.511469490300943335e+02
1.058938492317537339e+02
3.545966964310144931e+01
-5.557741507028732286e+01
-1.111118071415180282e+02
-1.290776822543261915e+02
-1.333946911488388878e+02
-1.093852850736428195e+02
-9.591135410824445273e+01
-9.522198586106985374e+01
-7.539099897957980545e+01
-4.464965419198553320e+01
-2.218749533585449996e+01
-5.814937744478999804e+00
8.114711043584289740e+00
1.545977899577716563e+01
3.570461516532583346e+01
6.961711733841093519e+01
1.042893479649504371e+02
1.441100612924567770e+02
1.622431289008746091e+02
1.548409273209052230e+02
1.377816735014834535e+02
1.031733401357499673e+02
6.335884072913543008e+01
1.938815347204150186e+01
-4.199544999484476193e+01
-1.184556079887349682e+02
-1.636238743246936451e+02
-1.750683062134371824e+02
-1.734628853452819044e+02
-1.464238591513343124e+02
-1.244660487231736994e+02
-1.093595772417106957e+02
-7.517082662021857686e+01
-2.823690857398128884e+01
3.467851084243253723e+00
2.064880952221621868e+01
3.246640038675367634e+01
3.212091672782562313e+01
4.273365153151064533e+01
6.541052161630238970e+01
8.300994765169436107e+01
1.005764414415641141e+02
1.058290006747363066e+02
9.561919841335738113e+01
7.923856750581754227e+01
5.263218296135651286e+01
1.850000477380284281e+01
-2.272907897343870687e+01
-7.622397342051088742e+01
-1.417006651203545573e+02
-1.758634097951293995e+02
-1.755250958923508051e+02
-1.612439880020535554e+02
-1.211507495173430868e+02
-8.186445160422231027e+01
-4.498038677423635789e+01
1.318503751335390994e+01
8.723283465589879881e+01
1.326979809655691156e+02
1.484998455766367442e+02
1.522929910636559896e+02
1.325470464231572976e+02
1.214042376496260118e+02
1.205034132991790585e+02
1.039518509469201746e+02
7.851212737996506519e+01
5.799515596221571911e+01
4.048581741490770725e+01
2.390997865950699719e+01
1.115018246186850703e+01
-1.267000652378237646e+01
-4.810821103462262727e+01
-8.557374211235452321e+01
-1.284411919181002588e+02
-1.501072989341217863e+02
-1.470915955202056296e+02
-1.344336289027038731e+02
-1.043831697688188029e+02
-6.997090928882455785e+01
-3.217993659138276996e+01
2.245541966344041285e+01
9.145884735438603741e+01
1.306938043853282636e+02
1.379399974241559619e+02
1.327104851466768878e+02
1.032428669629047562e+02
7.884111370077646086e+01
6.118891510884736107e+01
2.550358600454814351e+01
-2.211993683103463226e+01
-5.311061234401836373e+01
-6.793136555655927111e+01
-7.615220591817315210e+01
-7.072093863178108109e+01
-7.477031782048459263e+01
-8.936726841078532857e+01
-9.708918737243544683e+01
-1.029210250424161899e+02
-1.008505779526878570e+02
-8.826001913291646872e+01
-7.139618477313948119e+01
-4.795050756488132038e+01
-1.685910515964729939e+01
2.167089347887714723e+01
6.938641344582468662e+01
1.267539996592800833e+02
1.580869961936669483e+02
1.604591043164111284e+02
1.512888135998506982e+02
1.207030224131845131e+02
8.997892446803069788e+01
6.043103481792548592e+01
1.275644944387439850e+01
-4.876289823650421340e+01
-8.496174877618724963e+01
-9.472517745088696017e+01
-9.394163128835583620e+01
-7.241860767580631375e+01
-5.807519653553279682e+01
-5.238119446591065298e+01
-3.268875849632345876e+01
-4.874007879447572300e+00
1.161975457309411652e+01
1.773029763097413536e+01
1.875102598682441624e+01
1.003291185787682416e+01
8.796298934926989332e+00
1.569139268498511264e+01
1.828728573407912350e+01
2.029578498619595450e+01
2.039053928166786633e+01
1.709210445352266561e+01
1.362856030329342616e+01
9.286791786997952158e+00
1.616883710156491016e+00
-9.201868532244075638e+00
-2.266064143297128552e+01
-3.932538434006647776e+01
-4.518321148540800181e+01
-3.896344289477334399e+01
-2.775603909497497668e+01
-7.658189625035114467e+00
1.337429398804594882e+01
3.481645795475104421e+01
6.407859617178532119e+01
9.957011414578511221e+01
1.162999335289936340e+02
1.128447012034514927e+02
1.000141164392699693e+02
7.102000352113529402e+01
4.228910010015091814e+01
1.460990554287720400e+01
-2.618318020718373873e+01
-7.679922552421170678e+01
-1.083777414804823138e+02
-1.200116631726493921e+02
-1.232798537288997665e+02
-1.106032684477068386e+02
-1.025791218070166053e+02
-1.002138087501712675e+02
-8.669520926540802463e+01
-6.630053838114777420e+01
-5.011702592055262073e+01
-3.705187003836677206e+01
-2.462709308274745368e+01
-1.527370286437765046e+01
1.973204499303000237e+00
2.760170407744948662e+01
5.426721593168768720e+01
8.445852737479056316e+01
1.036038853419652099e+02
1.095834027263197612e+02
1.111055053565067112e+02
1.038811998546963480e+02
9.456309659564038839e+01
8.373705304538589189e+01
6.423014399047367817e+01
3.730851280870770381e+01
1.774627043128765536e+01
5.799516546005659023e+00
-4.891233632000922427e+00
-1.062864995726473616e+01
-2.201004696543604666e+01
-3.979106483752783419e+01
-5.564806850549267381e+01
-7.196022458162488533e+01
-8.064464907106271596e+01
-7.992429604881365890e+01
-7.526223754806930799e+01
-6.404757769161140857e+01
-4.891023149194127484e+01
-3.008375364462210655e+01
-3.797103659832202549e+00
2.958646443159411277e+01
4.970262397306537139e+01
5.529598998778743635e+01
5.595653994325667924e+01
4.622169907355484497e+01
3.906583071854323919e+01
3.534341757439759846e+01
2.387400718062875171e+01
7.385203256834453889e+00
-4.032022637459260039e+00
-1.088279242470284380e+01
-1.618388887738905169e+01
-1.757555823086340396e+01
-2.384252802079137368e+01
-3.541333141734785528e+01
-4.600948038126558259e+01
-5.758676286485555806e+01
-6.175277851172722166e+01
-5.701625390559602380e+01
-4.872823920400885100e+01
-3.432292576526656802e+01
-1.708523141450530858e+01
2.676456950280408087e+00
2.895025172985308615e+01
6.116660663429673406e+01
7.991302013914703650e+01
8.397192225473007454e+01
8.226969851748675921e+01
6.955475837648963022e+01
5.820274735457194026e+01
4.894229820829357891e+01
3.102724746302612502e+01
6.999748462332549437e+00
-8.071968547842786279e+00
-1.417034612233033641e+01
-1.681252545283898314e+01
-1.220925492553950242e+01
-1.197442891524402597e+01
-1.669039709786999026e+01
-1.737987767729871891e+01
-1.653708474042202070e+01
-1.847555153440284670e+01
-2.256835596597055371e+01
-2.849148132287247748e+01
-3.717971748903541851e+01
-4.382931014869453890e+01
-4.835914177723851282e+01
-5.391764331436166913e+01
-5.947703977452157176e+01
-5.992875751561871311e+01
-5.504093423039381605e+01
-4.645640905164194123e+01
-3.273060770897434679e+01
-1.760971917587567503e+01
-1.105993386692772251e+00
1.999122534024043674e+01
4.502019056629976035e+01
6.135298622211877984e+01
6.821316766862840097e+01
7.119705405779657781e+01
6.686230686596800865e+01
6.350795611535336604e+01
6.156032271884832596e+01
5.385633618109395115e+01
4.207331983488514027e+01
3.128631886004836105e+01
2.098303105452821526e+01
9.777703617277577308e+00
-1.262581803043377526e+00
-1.708316454073928981e+01
-3.799707974388144294e+01
-6.076654076490539325e+01
-8.657605784055404285e+01
-9.534311069933622207e+01
-8.478157912370430438e+01
-6.523246929838886388e+01
-3.087295900830402573e+01
7.444145237076979171e+00
4.912477028121099210e+01
1.048556399381792090e+02
1.726190180230265128e+02
2.066605205183263365e+02
2.040926139108923678e+02
1.853898997317414512e+02
1.380753103197805558e+02
9.163608442688081368e+01
4.760642368817465808e+01
-1.968651428489521038e+01
-1.043061008689097804e+02
-1.611612474049337038e+02
-1.893615093753807344e+02
-2.065317979044872914e+02
-2.010466692559385535e+02
-2.060539499951852065e+02
-2.232421979021048060e+02
-2.261716506876995538e+02
-2.218548626874313641e+02
-2.072438803728326775e+02
-1.786795598371930396e+02
-1.421851194230723650e+02
-9.576051711232133812e+01
-3.408922332886660200e+01
4.299408024967398489e+01
1.351228421362898473e+02
2.439381595349242104e+02
3.113164202489302284e+02
3.321155470308785880e+02
3.353531066751727963e+02
3.048413569542952359e+02
2.745832567866470413e+02
2.467561014153236840e+02
1.901238788519462730e+02
1.115144012004847127e+02
5.548612887736855015e+01
2.185075700774418550e+01
-6.412514907586718493e+00
-1.833984057735971618e+01
-4.836087710515597138e+01
-9.855348114655876657e+01
-1.427498312312627036e+02
-1.886027917617679748e+02
-2.175389319658153795e+02
-2.247604886536390154e+02
-2.243882791139246535e+02
-2.102772697195141234e+02
-1.866767663327812841e+02
-1.542629573000542962e+02
-1.051296045812628250e+02
-3.975881847124673385e+01
5.086771827208458774e+00
2.753662736144520551e+01
4.520768432203439602e+01
4.850370003626665749e+01
6.124908411878660530e+01
8.528271818556319772e+01
1.006519261798152201e+02
1.125986523788289873e+02
1.189077866794645075e+02
1.168241436078179447e+02
1.109018215358855173e+02
9.965747747896286057e+01
7.936942866546732489e+01
4.996035535456898202e+01
1.160313042732796873e+01
-3.684159222723377525e+01
-6.660123767758908286e+01
-7.531903386415361012e+01
-7.773251304084875812e+01
-6.598941499634696584e+01
-5.708308730506715278e+01
-5.231321342053239931e+01
-3.641321293948175253e+01
-1.296235658294751936e+01
2.173607220590019651e+00
9.546301906640815460e+00
1.439114285900784296e+01
1.294290351465091682e+01
1.837631653460728387e+01
3.139518523430757924e+01
4.238688452326658762e+01
5.428878845407233200e+01
5.895463716478868577e+01
5.455497578564433780e+01
4.702826820934579644e+01
3.379054654414966308e+01
1.718339877964338314e+01
-2.442891872596991476e+00
-2.863694689707583407e+01
-6.102574914633033387e+01
-7.949230574823387485e+01
-8.273331151193821142e+01
-8.015896822890194073e+01
-6.632985233221216959e+01
-5.390142629736188695e+01
-4.365587803475354178e+01
-2.455401001897342539e+01
7.917283677537330089e-01
1.591339463522137443e+01
2.068906622949556251e+01
2.124110003238793354e+01
1.338683485841530363e+01
9.600402268657195037e+00
1.049342766751932388e+01
6.303483882360286117e+00
-3.159320793992883014e-01
2.093379596274574928e-01
7.665628701534854983e+00
1.934693824602610945e+01
3.766274007003806901e+01
5.455255212667205456e+01
6.979139993974335709e+01
8.947404179843051963e+01
1.119474828982888397e+02
1.198710520236199244e+02
1.122177564832298629e+02
9.602168920288329446e+01
6.647697311799404929e+01
3.521971787240053686e+01
2.634172768561684919e+00
-4.140206145094833090e+01
-9.466615077264286526e+01
-1.291890485963798199e+02
-1.436481445747737098e+02
-1.499312827470454295e+02
-1.405536150550384491e+02
-1.346146342065575254e+02
-1.330879226312759727e+02
-1.199345270892531232e+02
-9.907640122802295934e+01
-8.020071193158246103e+01
-6.208347545132172485e+01
-4.259848173875301569e+01
-2.372873985658500473e+01
4.546140795830825532e+00
4.277980433837223728e+01
8.455504188708863467e+01
1.322489422602952516e+02
1.611347388322746497e+02
1.682469306315800281e+02
1.670555176594454565e+02
1.504233306183203069e+02
1.312065267535524811e+02
1.103029394848809090e+02
7.490330708558958861e+01
2.748208571339552719e+01
-4.279237424760031772e+00
-1.967481509176850452e+01
-3.045247440869422206e+01
-2.953386897814348799e+01
-3.657713968699071927e+01
-5.283427620567992022e+01
-6.256427071728893452e+01
-7.005406112341815117e+01
-7.608309753242826901e+01
-7.881512482830846977e+01
-8.079740118667251636e+01
-8.166086166099039190e+01
-7.696995237343081442e+01
-6.668826299724395312e+01
-5.248270889950893547e+01
-3.324190794822592920e+01
-1.884098364823069005e+01
-1.012882659795012508e+01
-1.449895713571610845e+00
4.572618484189361787e+00
1.342607527112601851e+01
2.572786640485336562e+01
3.655781960654972806e+01
4.718144231917328568e+01
5.556794205063317804e+01
6.087718028461864606e+01
6.492576836908956750e+01
6.690963214835653616e+01
6.685264433944904283e+01
6.477001292504414209e+01
5.983189143883561911e+01
5.193125059355052286e+01
4.366509270692585432e+01
3.500742100927536171e+01
2.450869402909739492e+01
1.272902872734459478e+01
-2.223570211462635893e+00
-2.063252902128525434e+01
-4.118329255045445336e+01
-6.440758371621583933e+01
-7.866615721229234737e+01
-8.270822275320948336e+01
-8.244861314834503219e+01
-7.453969462285607506e+01
-6.550748800176876330e+01
-5.571742709444188080e+01
-3.889920817276434661e+01
-1.629393236514795262e+01
-6.841965905759272992e-01
7.649913048955524708e+00
1.408005485677023394e+01
1.535378050735111799e+01
2.068779614164850145e+01
3.067094335927682991e+01
3.798893681272961231e+01
4.466258514978274263e+01
4.783443109391272685e+01
4.633659377995930839e+01
4.289174238338902967e+01
3.640481218368858407e+01
2.667542404151163993e+01
1.376902821185151282e+01
-3.305205224889356863e+00
-2.471856203537457475e+01
-3.734010305301661958e+01
-4.019108147647875739e+01
-3.973109190632595755e+01
-3.238837760054172321e+01
-2.615113603171048240e+01
-2.157292827359908571e+01
-1.157181624076514481e+01
2.187171358392446141e+00
1.066722961046379403e+01
1.395125312870839451e+01
1.525557722979814734e+01
1.234499872315968716e+01
1.231994858717239083e+01
1.554322711864388395e+01
1.661471346709756602e+01
1.707600520107424202e+01
1.611941056553803264e+01
1.304170011748390401e+01
9.287627667070434967e+00
4.448994866375443280e+00
-2.389000944920186775e+00
-1.118008576706650103e+01
-2.189064147642829283e+01
-3.476641081354220120e+01
-3.986505231520892778e+01
-3.629177478328912088e+01
-2.896045712666533589e+01
-1.508669985007795589e+01
-4.344778565583442553e-01
1.465260972279365603e+01
3.552053430511946885e+01
6.103352936730562561e+01
7.345269610484577072e+01
7.178937625570662817e+01
6.372620862857064594e+01
4.445793129267524080e+01
2.569748657112961610e+01
8.021216301265962301e+00
-1.863026857321709784e+01
-5.189649364580547797e+01
-7.055956219042074906e+01
-7.388674342044006949e+01
-7.040871339428632325e+01
-5.452044909663388239e+01
-4.124031203733271411e+01
-3.127859244246343451e+01
-1.228599494843886575e+01
1.264515508804810295e+01
2.772409122428211248e+01
3.299600274527208654e+01
3.391698439598096115e+01
2.649913800657841634e+01
2.321431362952789001e+01
2.460562536649345944e+01
2.107145109696589458e+01
1.525108409343319416e+01
1.065871630914152668e+01
6.490812410888163519e+00
2.867388812108386809e+00
4.504822573252068030e-01
-5.334066443794206691e+00
-1.458277074899636716e+01
-2.453614789378701033e+01
-3.621887986776149404e+01
-4.190877566937618326e+01
-4.062514365111842807e+01
-3.677622288585005350e+01
-2.813568195986295706e+01
-1.847670711208626315e+01
-8.110364816848328218e+00
6.829588742385217515e+00
2.560684467656156471e+01
3.615685259103950955e+01
3.788893172277819588e+01
3.608728062101420875e+01
2.753810782014140912e+01
2.027640811751754768e+01
1.475259465308861451e+01
4.178472162642831833e+00
-9.779919823359568554e+00
-1.887796939004714147e+01
-2.320181704243501386e+01
-2.557440562606238998e+01
-2.394424087080276209e+01
-2.489576488892083006e+01
-2.873315183434052145e+01
-3.045228161590415539e+01
-3.146567059244274134e+01
-2.686429781105113079e+01
-1.555763328957341507e+01
-8.048723173704601663e-01
1.899363677452765131e+01
4.233380534068469103e+01
6.910834225711178647e+01
1.015902634574120498e+02
1.396036753258019303e+02
1.555006313020484185e+02
1.469681499656534243e+02
1.270274679292141116e+02
8.792986125307729139e+01
4.633349575345690141e+01
3.082793637282632560e+00
-5.704690454380851605e+01
-1.308209983044115177e+02
-1.742068194415308255e+02
-1.850624786520497480e+02
-1.822608081046174959e+02
-1.540125038915950597e+02
-1.300504827013362217e+02
-1.119111147900314620e+02
-7.450531295096133988e+01
-2.393163713517376578e+01
9.065088423485500257e+00
2.481476621961620310e+01
3.396985216956648657e+01
2.890327751950608004e+01
3.421876676683050533e+01
5.110454646675266588e+01
6.092216555467069128e+01
6.898711690067224822e+01
7.463129694092341992e+01
7.563972240782123890e+01
7.599021196424672553e+01
7.488588323625447174e+01
6.791284916528813653e+01
5.517711873347985829e+01
3.797779373786262624e+01
1.523326187829852607e+01
-2.662018800958971809e-01
-7.451374353628036573e+00
-1.333143026076462156e+01
-1.447709191698534781e+01
-1.809834663481222705e+01
-2.490003835923613806e+01
-2.838666712891584254e+01
-3.015798908786369736e+01
-3.284023314814227490e+01
-3.582502047991803096e+01
-3.892851502975667444e+01
-4.259568024080552107e+01
-4.371598727924932604e+01
-4.214344733446788638e+01
-3.969975231743984523e+01
-3.563638212806812788e+01
-3.050059513406802125e+01
-2.442651373863341391e+01
-1.653342262801197649e+01
-6.926365717651521869e+00
4.370419837062430091e+00
1.753560761925603018e+01
3.255935375061719128e+01
4.953091216370879124e+01
5.889866057339266803e+01
5.973579624340647598e+01
5.664052853568305324e+01
4.688019860406554784e+01
3.607383573108676700e+01
2.448953681480437083e+01
6.857767247299246804e+00
-1.575921140504965301e+01
-2.927406440549297528e+01
-3.309793129652813093e+01
-3.329388672489087497e+01
-2.614648717004768841e+01
-2.133074049480631018e+01
-1.939850197027117318e+01
-1.233277548389800238e+01
-2.168307809571965894e+00
4.256250735756507808e+00
7.301774074177141749e+00
8.867250324356328761e+00
7.340513390920529346e+00
8.794015700547413772e+00
1.348304581958215032e+01
1.706529472621229360e+01
2.086999440184574439e+01
2.280391282720052359e+01
2.220239861266376025e+01
2.099737242082532518e+01
1.848211749705889773e+01
1.476745636894932900e+01
9.973516864821046823e+00
3.389794362994258847e+00
-4.989728799285181537e+00
-1.173092445027201514e+01
-1.667768268277398036e+01
-2.151929033046708639e+01
-2.537678889541182770e+01
-3.045175035614900239e+01
-3.693654838503818638e+01
-4.300804005499354332e+01
-4.916591070879950820e+01
-5.007420691891308451e+01
-4.496570647326424819e+01
-3.668412580184481442e+01
-2.360959507010251457e+01
-8.364819967491238017e+00
8.941066006131425326e+00
3.112489400571276832e+01
5.775258994489483655e+01
7.137920955680816348e+01
7.074731622733774827e+01
6.389089543755678591e+01
4.600235811129858376e+01
2.801322119211471673e+01
1.050433762691914197e+01
-1.622198993080261431e+01
-4.998496562235698804e+01
-6.905085023657002807e+01
-7.263454596113898276e+01
-6.966106739139954129e+01
-5.439956468504412612e+01
-4.209019194661973984e+01
-3.350260156963569358e+01
-1.608595275373236433e+01
6.997841318425424006e+00
2.466479788438780929e+01
3.745874451658608706e+01
4.857368349462692692e+01
5.539142591410790573e+01
6.770701506916988421e+01
8.595711560994870126e+01
1.031284793646229332e+02
1.213776453830026156e+02
1.260852192666143026e+02
1.150275696600491671e+02
9.659349435540453044e+01
6.637327335694840258e+01
3.099602164669749271e+01
-9.118179259573317097e+00
-6.133318008435593782e+01
-1.245091866128360749e+02
-1.627952266070323901e+02
-1.738990140891459930e+02
-1.742332291911569939e+02
-1.540628180348354590e+02
-1.362956269701180929e+02
-1.222395480264974026e+02
-9.196415569907122745e+01
-5.014714655511455277e+01
-2.186081690242673048e+01
-6.818726423720104179e+00
3.918618482649938173e+00
4.180882876393416936e+00
1.390974063497440127e+01
3.416148135218058002e+01
4.988895532167928337e+01
6.546027245858681454e+01
7.926907191190564106e+01
8.946560691486183714e+01
9.986566501834472831e+01
1.095570103845319636e+02
1.156867813213336120e+02
1.184271886257453588e+02
1.182616887309502687e+02
1.144953996998568471e+02
1.043810328520175119e+02
8.738313666675153968e+01
6.409359478210808447e+01
3.346471906515859018e+01
-2.949548860833514752e+00
-4.544525867428218646e+01
-9.596018719984776624e+01
-1.544745868483651066e+02
-1.872843328434298940e+02
-1.914665677873384482e+02
-1.830795234761122572e+02
-1.526462448856331946e+02
-1.204790489592961933e+02
-8.763735575936816247e+01
-3.553056751757647191e+01
3.188420501593323308e+01
7.258982335983574785e+01
8.517483650698461872e+01
8.717866454301695001e+01
6.762394160348372907e+01
5.607269718017062132e+01
5.416605110009481905e+01
3.776978688656340921e+01
1.312986802445190015e+01
1.406121761700149353e+00
1.639001264343348918e+00
7.977792545566650517e+00
2.550064008146199157e+01
3.564550189668077707e+01
3.771135066345159004e+01
4.516314068439435658e+01
5.400959280913784255e+01
5.621075299378198054e+01
5.241054126598355367e+01
4.357575191576034257e+01
2.773244806869855594e+01
1.297244004204291556e+01
-6.961375920769932168e-01
-1.904990505760948238e+01
-4.049796239235321593e+01
-5.648062967234483978e+01
-6.683083144987939761e+01
-7.454506059558691788e+01
-7.736027486434763034e+01
-8.191959655938947549e+01
-8.844966077214836275e+01
-9.165477690554369872e+01
-9.287996883063593145e+01
-8.826507661421783268e+01
-7.670361692693545308e+01
-6.083216888645643650e+01
-3.926924309612044794e+01
-1.270811805916321546e+01
1.887847213613698116e+01
5.722623232891068312e+01
1.023982926458365341e+02
1.300947827674004884e+02
1.383390142272493506e+02
1.388095516012755866e+02
1.247621854588560382e+02
1.109079902690162243e+02
9.810241286484230727e+01
7.305047802761873754e+01
3.869128943243190832e+01
1.450866596638364214e+01
4.913537089714534734e-01
-1.082322560702965575e+01
-1.460462719012167376e+01
-2.583345892663745857e+01
-4.539226297396345444e+01
-6.182157457083746266e+01
-7.842858350996516492e+01
-8.864803057793827179e+01
-9.051386241708715374e+01
-8.942132056697714404e+01
-8.311347030408359160e+01
-7.251456666014436792e+01
-5.785673714896444864e+01
-3.652489202527463164e+01
-8.537898119276020381e+00
9.774678705467051643e+00
1.744472208102224187e+01
2.240697363936903486e+01
2.034086368659411903e+01
2.157566629516206547e+01
2.689345536577633311e+01
2.747342067862187420e+01
2.555471235352307247e+01
2.725497440829297346e+01
3.204062761118904490e+01
3.851289284576034078e+01
4.804391448236591344e+01
5.486997273867199709e+01
5.876314698722745788e+01
6.368574486694127756e+01
6.836066029989217441e+01
6.718915255862074787e+01
5.996843504264185754e+01
4.837301826013349171e+01
3.082909422945970945e+01
1.150314818069382028e+01
-9.612785717905328653e+00
-3.606327461795460465e+01
-6.712042451091565454e+01
-8.812987771420893068e+01
-9.816354951314654897e+01
-1.037401630386201958e+02
-1.008539020688075283e+02
-9.909003720670800419e+01
-9.893789013643494457e+01
-9.209192937595612705e+01
-8.048298775642302871e+01
-6.915223618860781585e+01
-5.741063932090369093e+01
-4.402868122757983826e+01
-2.999088026154880282e+01
-1.003552961830182255e+01
1.619432710812938581e+01
4.541825475871806361e+01
7.893403691817789536e+01
1.024546356792055519e+02
1.143451193942097177e+02
1.223690436144253368e+02
1.224418874989468833e+02
1.221659274487539193e+02
1.220984383196954610e+02
1.148137039201592415e+02
1.018115565390834405e+02
8.700028037061910879e+01
6.957853771430691836e+01
4.849115152143378538e+01
2.433866785290355494e+01
-7.274460659073482383e+00
-4.679125022011776025e+01
-9.177039858604948108e+01
-1.434196463922232283e+02
-1.717792433096674642e+02
-1.737892207590300870e+02
-1.645698195293752519e+02
-1.355769799496706298e+02
-1.037583857028651977e+02
-7.008955668681434759e+01
-1.845884205734625994e+01
4.787099530108562817e+01
8.747176729155759745e+01
9.869658508740059233e+01
9.926887251266468581e+01
7.829320484397641167e+01
6.430285227302933038e+01
5.892060284646088775e+01
3.856834821871458985e+01
9.253797796651463514e+00
-8.404474787393899859e+00
-1.540233656584113575e+01
-1.753450788148812123e+01
-9.900704139352690447e+00
-1.063822225250485687e+01
-2.049176059597440513e+01
-2.639660131573955226e+01
-3.229906811227925090e+01
-3.479015783318127575e+01
-3.213622212816606805e+01
-2.873482551518435457e+01
-2.327436229111065558e+01
-1.439449561399373856e+01
-2.361956229338963986e+00
1.338936728657544606e+01
3.320784903684530320e+01
4.375702765486653334e+01
4.400950849545832000e+01
4.062560962550892185e+01
2.997693831328566461e+01
1.994035536072141923e+01
1.107977280538179699e+01
-3.680189706920634407e+00
-2.270178638514201097e+01
-3.354951626739699577e+01
-3.596968434732375641e+01
-3.479543290762552488e+01
-2.681313152434690394e+01
-2.107145908620779196e+01
-1.801413448782457749e+01
-1.037898890311613975e+01
-6.404156909621772087e-02
7.722618951240511009e+00
1.338075045972111710e+01
1.811732932158687603e+01
2.073518235541492061e+01
2.617983093285531027e+01
3.463476751342577131e+01
4.266766726434295975e+01
5.136320073200258207e+01
5.386429781489526647e+01
4.912863892504512364e+01
4.115028398644602703e+01
2.787075064035729710e+01
1.235889937627580260e+01
-5.170080433592341151e+00
-2.813152625110079796e+01
-5.598740672619008052e+01
-7.205731868190954970e+01
-7.526637395052037505e+01
-7.323689869175039746e+01
-6.143289625835771517e+01
-5.049146961184083438e+01
-4.101089523387791758e+01
-2.371705143174454378e+01
-7.741113909852033181e-01
1.335272411613915544e+01
1.851628501503835977e+01
2.020048554942401253e+01
1.472541051889419883e+01
1.298417929656668512e+01
1.553201910310297329e+01
1.382431328870753973e+01
1.018702437368078861e+01
9.853834612276145322e+00
1.231679160410675067e+01
1.668564870504899389e+01
2.415534409873353994e+01
2.948534883576034460e+01
3.254447049126379454e+01
3.692462486804060973e+01
4.150447489721180006e+01
4.147651231360726598e+01
3.670870084347144768e+01
2.864939678716225302e+01
1.597115740260359651e+01
2.364139104238772937e+00
-1.214837793151374967e+01
-3.062596581415222019e+01
-5.239537820119448952e+01
-6.476112276769417520e+01
-6.689031847032617861e+01
-6.437448461815679934e+01
-5.371910104356602034e+01
-4.318292654379636275e+01
-3.315443237633439821e+01
-1.641865691866606625e+01
5.387710554636419680e+00
1.842217922390734586e+01
2.233408879420296600e+01
2.266779592265821819e+01
1.583263071762933905e+01
1.185686794212493567e+01
1.126522237630745060e+01
5.989520764839814326e+00
-1.851322836636583258e+00
-3.740535633816548522e+00
1.661277645264037373e-01
7.269027690117273899e+00
1.970017759859569750e+01
3.042840485623224467e+01
3.920896227988259852e+01
5.136491953225196738e+01
6.542877416930437562e+01
7.015444505564165922e+01
6.503050722917573978e+01
5.434187834564507114e+01
3.501325002306123224e+01
1.493404137053680891e+01
-5.658225112470035789e+00
-3.345130410984633329e+01
-6.692473416526676999e+01
-8.674350844466005128e+01
-9.191684036135146130e+01
-9.064299788611874931e+01
-7.770279961437103111e+01
-6.619000088326991715e+01
-5.673165821707998902e+01
-3.822306110331641094e+01
-1.331461453064685330e+01
2.506912994948477191e+00
9.224473157756674979e+00
1.249673228023637428e+01
8.426818404661604589e+00
9.037527533082791109e+00
1.493167330245343116e+01
1.683811626150950858e+01
1.734233719626386261e+01
1.965228160660851131e+01
2.299772510363109035e+01
2.763802657386088057e+01
3.418011420685809298e+01
3.838190194014059387e+01
4.019027754756941562e+01
4.217246951030801227e+01
4.339944967042688262e+01
4.054737102988413966e+01
3.346251853668803022e+01
2.298976335320420006e+01
8.152543522059733760e+00
-8.512224160576831622e+00
-2.707026219581494431e+01
-4.973084598319217520e+01
-7.609158272109692689e+01
-8.659218076677109366e+01
-7.961301749914800041e+01
-6.416028754306898918e+01
-3.472751049453225392e+01
-3.318344596289782178e+00
2.951832790746962942e+01
7.470933536699030242e+01
1.299497931585817696e+02
1.577116554294092055e+02
1.558598522920935636e+02
1.407387494517969913e+02
1.021715185727071429e+02
6.493264060151739159e+01
3.025823817382610770e+01
-2.313847963718851020e+01
-9.025665260566057668e+01
-1.325365702663880256e+02
-1.490761637102848169e+02
-1.549543607057710517e+02
-1.401536606679148349e+02
-1.328140963952625100e+02
-1.343105465339656064e+02
-1.220175416577557286e+02
-1.018294457293846165e+02
-8.403504764183828968e+01
-6.676661127735837908e+01
-4.901577167009515534e+01
-3.277307381959242605e+01
-6.013154125637232283e+00
3.173550232748456779e+01
7.307331170616211580e+01
1.207919248475236742e+02
1.515774952007905085e+02
1.625668287310127482e+02
1.668889078045254166e+02
1.578455373249829279e+02
1.472043879043340553e+02
1.359105852712917795e+02
1.121353565897745881e+02
7.819566963997968401e+01
5.210467002378122459e+01
3.376064082826202650e+01
1.590169378238789122e+01
2.885848544553895945e+00
-1.903085252968181607e+01
-5.082092149481486842e+01
-8.213026219273936590e+01
-1.161057144989937910e+02
-1.371389199256171310e+02
-1.425560073909437051e+02
-1.419681637335246478e+02
-1.306026213797728417e+02
-1.150209064772193130e+02
-9.575154237389189404e+01
-6.513583904809323144e+01
-2.430941561530801920e+01
3.314897513017898589e+00
1.680525548096476030e+01
2.678662511338405849e+01
2.719613832173919832e+01
3.388708766704282738e+01
4.797336230130058965e+01
5.645024893475124372e+01
6.278612937869612409e+01
6.637870014968484611e+01
6.554445286402570048e+01
6.290158911827403188e+01
5.774990191241501947e+01
4.715314788327017226e+01
3.106732442731800603e+01
1.011952247003363325e+01
-1.650732388921724691e+01
-3.356337060624679935e+01
-3.977090567813456090e+01
-4.310947399576775751e+01
-3.942811409932222944e+01
-3.760534079590061651e+01
-3.836896878172111514e+01
-3.371809064088007091e+01
-2.554582694652799546e+01
-1.727559003446588548e+01
-8.126807188181746966e+00
2.329556854855368897e+00
1.353469278998554515e+01
2.955621479836553078e+01
5.065045290209358342e+01
7.448517503496263714e+01
1.020827327282377155e+02
1.140018475024172915e+02
1.081815314767652154e+02
9.459473616836845622e+01
6.768171532506710264e+01
3.820918721243896954e+01
6.819434812941642221e+00
-3.684369225873216180e+01
-9.071300225121427729e+01
-1.233161508064728906e+02
-1.331124484997846196e+02
-1.337892422507829906e+02
-1.169461915354229546e+02
-1.036995703238135604e+02
-9.520356837097538971e+01
-7.364470215225317418e+01
-4.338934582447222965e+01
-2.253563166901270165e+01
-1.048893118696767068e+01
-1.483037543242583745e+00
1.330689576910573102e-01
9.635138829458984588e+00
2.776129247746054673e+01
4.333388658599124454e+01
5.971175516907176473e+01
7.179262604022571281e+01
7.786296152584611718e+01
8.270566391064797074e+01
8.455787545077635059e+01
8.356264658778356136e+01
7.999319309569287384e+01
7.212408882542182198e+01
5.989262476663476775e+01
4.761762228279280151e+01
3.523603873860018609e+01
2.046655332701354268e+01
4.247952613525754373e+00
-1.650133845221663265e+01
-4.220643760332573891e+01
-7.068874902123468473e+01
-1.027884083208399346e+02
-1.195832727660870347e+02
-1.190127615346353878e+02
-1.106525408689417560e+02
-8.903956136409705380e+01
-6.473025254166256559e+01
-3.828888811982490381e+01
4.878489980435087858e-01
4.961611439786621958e+01
7.717935151409307082e+01
8.159936594740962335e+01
7.685927628419619850e+01
5.444692376938058942e+01
3.575683546669945656e+01
2.198937686789540180e+01
-4.891960854174031148e+00
-4.044445246763091717e+01
-5.646546248502401255e+01
-5.252648935910464445e+01
-3.905223384424047595e+01
-8.749492211932214047e+00
1.729456556857990179e+01
3.816208849660160496e+01
7.064092647931308022e+01
1.103511692772368775e+02
1.283379701278286689e+02
1.237936796026276909e+02
1.074436773144997801e+02
7.160118544885382619e+01
3.744935421039405554e+01
5.758416080844504847e+00
-4.078170092658515955e+01
-9.792019076869523531e+01
-1.322072615768142896e+02
-1.425996216365047644e+02
-1.421716965672741537e+02
-1.220881531928455246e+02
-1.064908540182491805e+02
-9.644813807948993656e+01
-7.224329456910750480e+01
-3.882721236323554592e+01
-1.631465062203672645e+01
-4.113670774973689603e+00
4.101340827691815960e+00
3.444423931196463950e+00
1.094776590050999232e+01
2.738094400464614608e+01
4.021116197533456926e+01
5.314409975053914081e+01
6.422790327660354137e+01
7.189213732432848758e+01
7.965825763940419790e+01
8.661556892453590706e+01
9.070123736842997175e+01
9.209989012147629239e+01
9.093834751274007999e+01
8.671395966736774596e+01
7.853001882816951706e+01
6.605164356217551358e+01
4.917717186096271575e+01
2.743028598792469808e+01
1.252140254667630792e+00
-2.962746108949708557e+01
-6.603463206405220376e+01
-1.081065703710001458e+02
-1.330349295865517547e+02
-1.387946096120303707e+02
-1.363691673190593576e+02
-1.193373750853405255e+02
-1.013512099564170512e+02
-8.314397123571875170e+01
-5.217732421636718954e+01
-1.111612095374517750e+01
1.597648427321521680e+01
2.859000532190327704e+01
3.655668384964121742e+01
3.371945633598686243e+01
3.756034280587775953e+01
4.910399348039938872e+01
5.444446488175666587e+01
5.735938647775443400e+01
5.946099904952676241e+01
5.921300242744315057e+01
5.840789172968122500e+01
5.698035294339162959e+01
5.042640782635197638e+01
3.867775142115938536e+01
2.372967817240272836e+01
4.481179363159473183e+00
-7.221910447963518109e+00
-1.023121565589853077e+01
-1.107141819596952814e+01
-6.484257716671383065e+00
-2.956134168330577072e+00
-1.075293083890254353e+00
5.203390809853033261e+00
1.449557335572062300e+01
1.406032026815081792e+01
3.466672685245850705e+00
-1.216975154223474576e+01
-3.620869608964574837e+01
-5.976962014198669237e+01
-8.243829796329346493e+01
-1.115583631765876333e+02
-1.453109262984271481e+02
-1.573173686527940447e+02
-1.458676909728726798e+02
-1.221711747472294434e+02
-7.891725676315193994e+01
-3.325672272297400411e+01
1.414634434141009223e+01
7.838902016996070188e+01
1.561679739780124692e+02
1.995116167665269984e+02
2.058058994570812388e+02
1.957021350400049187e+02
1.562158367240559187e+02
1.193599565319826183e+02
8.670146313610119648e+01
3.088437866979543145e+01
-4.162351185755035488e+01
-8.496384279988535582e+01
-9.833526517080005647e+01
-9.934591827885785165e+01
-7.617961107057892889e+01
-6.287918018656800001e+01
-6.111590859851986579e+01
-4.382852046780152477e+01
-1.819823107704418419e+01
-2.900457379794229240e+00
3.567008353078592542e+00
5.232676738456216725e+00
-2.205221050625467250e+00
-8.012897014235814686e-01
1.003822377828104884e+01
1.786732264660176739e+01
2.658358556105932635e+01
3.079914588828280486e+01
2.871562045624492043e+01
2.565858547317781202e+01
1.981725706579559443e+01
1.111341039372529949e+01
-8.140391249837347631e-02
-1.538349166570201909e+01
-3.485257076698235323e+01
-4.477636420367130654e+01
-4.421416897710358995e+01
-3.980071504878455357e+01
-2.783563598556188978e+01
-1.666196958258041505e+01
-6.847367528759439104e+00
8.970895593723312800e+00
2.905495639515303807e+01
3.907539536638507371e+01
3.860696920178470037e+01
3.329353779728646145e+01
1.937078396750110798e+01
7.045335423802388419e+00
-3.214268437597864736e+00
-1.975751134401037490e+01
-4.048439141731984847e+01
-4.895221890372755524e+01
-4.459326613382236104e+01
-3.378331431601800006e+01
-1.214219222212227933e+01
8.595764942326960423e+00
2.795708848997578500e+01
5.563133473809021723e+01
8.925307384271530964e+01
1.050811520651842699e+02
1.020211967938437425e+02
8.974490593929635907e+01
6.184985168164320868e+01
3.469975119289077270e+01
8.992277614924839568e+00
-2.906721177278529922e+01
-7.620135098701132392e+01
-1.030702659889203119e+02
-1.086253221305465360e+02
-1.046498032012466268e+02
-8.337100755840593536e+01
-6.556301781610417834e+01
-5.219086118066004332e+01
-2.614120083188684518e+01
8.322601363906587224e+00
2.955542140153199782e+01
3.765768745950275331e+01
4.010796874944769286e+01
3.146065452057299083e+01
2.888629036245439607e+01
3.315057379119028269e+01
3.108799434771427883e+01
2.634999108723653904e+01
2.153968390207652561e+01
1.534674866872125953e+01
9.012237926413451561e+00
2.815328562246125266e+00
-8.219032168530993943e+00
-2.415557765715525562e+01
-4.242126306639853794e+01
-6.417199211824123495e+01
-7.533395039114839165e+01
-7.439838213029334213e+01
-6.891213336347126983e+01
-5.489367219080921245e+01
-3.987551294895320098e+01
-2.441145382973605038e+01
-1.218957999616432364e+00
2.820423462714444085e+01
4.932550574749472361e+01
6.181377232303165670e+01
7.167297353278598848e+01
7.518355899259483976e+01
8.275986327561176381e+01
9.502275573470106451e+01
1.036448613532961502e+02
1.108757064441248872e+02
1.087185912447116181e+02
9.532415335601359629e+01
7.594166580760051488e+01
4.791521310539986445e+01
1.367345185559261544e+01
-2.665980276751874456e+01
-7.685638237424684860e+01
-1.366742737069196494e+02
-1.698255893624180430e+02
-1.734903263317672497e+02
-1.648600064449897786e+02
-1.338974091718091870e+02
-1.028173002744109823e+02
-7.287826979457938137e+01
-2.414006875366570171e+01
3.895720795498586142e+01
7.634618748383512354e+01
8.691038240505430679e+01
8.687949795994856572e+01
6.583473584274892687e+01
5.244903884278257067e+01
4.823646624865651944e+01
2.998643630624055234e+01
3.743612794178721614e+00
-1.067001632559558288e+01
-1.421305932900652103e+01
