-6.928825706867550593e+01
-6.712082349318505692e+01
-6.580855896329438792e+01
-6.571348786370799644e+01
-6.135012147121960879e+01
-5.400701073483200787e+01
-4.781841308239901167e+01
-4.242145893218081198e+01
-3.665038883803636338e+01
-3.139815901070719661e+01
-2.276074237844083470e+01
-1.050161197891237741e+01
2.767872665514048869e+00
1.796874225485522203e+01
3.644273790298196758e+01
5.813104029254547100e+01
8.313417633510171356e+01
1.118479886037035840e+02
1.429643927184236816e+02
1.766000234557133979e+02
2.138207196238564052e+02
2.544536934057097142e+02
2.659593034915941985e+02
2.451942336020968298e+02
2.073419994401287170e+02
1.430297470985810264e+02
7.133103622976412339e+01
-7.018552870878723482e+00
-1.100759387778214204e+02
-2.343567492594588941e+02
-3.111306042062949473e+02
-3.363711113220986704e+02
-3.406280700318048389e+02
-3.052942972480482808e+02
-2.754210226445660510e+02
-2.534243431026246469e+02
-2.005693799851740948e+02
-1.260386190075418398e+02
-7.089836156660473421e+01
-3.384958494194331280e+01
-1.180145804592235947e+00
1.731108115763545996e+01
5.603369051401651291e+01
1.168501313741241887e+02
1.746731947948987909e+02
2.371920767475792786e+02
2.700352531286739577e+02
2.670930180866494652e+02
2.500231334209884153e+02
2.082746967959469941e+02
1.554877482701015197e+02
9.284780415245739960e+01
3.849138989752793449e+00
-1.091871668895908414e+02
-1.750609143884835532e+02
-1.896987808203824670e+02
-1.858294089319316527e+02
-1.444032670848678777e+02
-1.114852741175225503e+02
-8.995310121590500785e+01
-4.039087680891332610e+01
2.756152755739732996e+01
6.761722105008426809e+01
8.044694752880411670e+01
8.169084131215598177e+01
5.990350626673598811e+01
5.225827004218308502e+01
6.047534593647244350e+01
5.645178410212056264e+01
4.818538172326731939e+01
4.149754882659352262e+01
3.373853522465194033e+01
2.768171790070286065e+01
2.410350031666635928e+01
1.238762309266756034e+01
-7.459156181608431524e+00
-2.969532260391689604e+01
-5.667068506263457550e+01
-7.530703787775470914e+01
-8.398623783502067397e+01
-9.069277886811721601e+01
-9.176221196386022427e+01
-9.330827406462709916e+01
-9.603740076752681887e+01
-9.373271857045526190e+01
-8.770499658945965393e+01
-8.037238769078572886e+01
-7.101857017441288633e+01
-5.926689523554637162e+01
-4.540920868411345879e+01
-2.643551042287922570e+01
-2.063736422711278440e+00
2.615322559713161255e+01
5.904799378273370536e+01
8.741096225776310291e+01
1.103460665446101956e+02
1.329418673880431641e+02
1.526639205342322043e+02
1.746903834988962387e+02
1.994960948870099742e+02
2.223181664209941175e+02
2.442742707003789349e+02
2.446030954069306631e+02
2.204898244366361268e+02
1.823326352850743888e+02
1.238194222443793819e+02
5.559458583946226895e+01
-2.205657687029581027e+01
-1.203719968897430306e+02
-2.376477938336639681e+02
-3.100504247822032085e+02
-3.331793909703471854e+02
-3.364524476958483206e+02
-3.023891421775279582e+02
-2.714140569526762192e+02
-2.457746588459006034e+02
-1.899543510817900653e+02
-1.121236725066283810e+02
-5.561231588589986075e+01
-1.967281484516002621e+01
1.119830149268903163e+01
2.648310715389221670e+01
6.108055308268244232e+01
1.169708773913490774e+02
1.681667696643270347e+02
2.224362592921144426e+02
2.489750372740570867e+02
2.418382657297608489e+02
2.210018996442246362e+02
1.768410254981163519e+02
1.206749772027970948e+02
5.351396045769457999e+01
-3.921261597687646372e+01
-1.556933798425511100e+02
-2.221384756140617185e+02
-2.339635302895954396e+02
-2.254497947612648261e+02
-1.767125190881731669e+02
-1.348130097817111732e+02
-1.026675089196919686e+02
-3.956466212628230039e+01
4.472570556111296014e+01
1.003924524969962988e+02
1.280313630787428565e+02
1.449563282051951205e+02
1.388561221620929018e+02
1.493993882792314878e+02
1.785358098927583512e+02
1.962299501605735088e+02
2.110722621420601683e+02
2.104090965656278911e+02
1.894950871838717887e+02
1.601861440072779317e+02
1.178390084809893921e+02
6.199863864319006979e+01
-6.919920304080127593e+00
-9.322006401091844907e+01
-1.974493701707231992e+02
-2.638559289525719578e+02
-2.882024386113153014e+02
-2.976983897046807215e+02
-2.771014742424133601e+02
-2.601942344072513720e+02
-2.492045186236218228e+02
-2.139924728117811128e+02
-1.615091816615290838e+02
-1.186884912550219298e+02
-8.390833122269854982e+01
-4.868956935358637850e+01
-1.911535147866044326e+01
2.858760006471895565e+01
9.585189371932420954e+01
1.661238319498200440e+02
2.449107581998538024e+02
2.906237994865498990e+02
2.975418614452863153e+02
2.893262972070880892e+02
2.537275439659566700e+02
2.109075351904470779e+02
1.623346485496533376e+02
8.687203429366880414e+01
-1.172180251651473881e+01
-7.319791703389174131e+01
-9.507751378987707369e+01
-1.039291054799303708e+02
-8.398678409469246731e+01
-7.619267595568949503e+01
-8.311389602018155642e+01
-7.090581592009642975e+01
-4.831754067345236336e+01
-3.854954052280027099e+01
-3.959647831071748669e+01
-4.631743505130413041e+01
-6.395519233193598296e+01
-7.034875111016721405e+01
-6.467169418969477590e+01
-6.216308178011450991e+01
-5.793995063483612995e+01
-5.027408931023465044e+01
-4.044282449181120143e+01
-2.567184791792245591e+01
-5.694310461589187966e+00
1.474937949562347406e+01
3.604356703409730756e+01
6.085900713134172690e+01
8.837128368710608584e+01
9.997431745811034887e+01
9.405022086193349651e+01
7.880235458910165391e+01
4.889105902171235840e+01
1.597464188061917767e+01
-1.956372276361598139e+01
-6.841164277014630102e+01
-1.284233973892221456e+02
-1.607246699169324131e+02
-1.630730581347780230e+02
-1.526210228430665268e+02
-1.188430745795291301e+02
-8.736379874273323765e+01
-5.952989118001451629e+01
-1.335310131576023984e+01
4.595223335660551101e+01
9.042373515855443600e+01
1.203202194706379800e+02
1.456018361270541277e+02
1.593515186347368626e+02
1.837780085733387239e+02
2.200303261827322956e+02
2.512884545577875883e+02
2.823930036312856373e+02
2.870633193987128493e+02
2.606859347422280848e+02
2.189165668262484132e+02
1.535802269836812854e+02
7.545489537042472250e+01
-1.482960539003742184e+01
-1.302955125138913672e+02
-2.692743048755569362e+02
-3.559788380471345022e+02
-3.852834476329020958e+02
-3.924194767210508985e+02
-3.567371148255575690e+02
-3.260769040215620294e+02
-3.032407800987172095e+02
-2.463131470767828262e+02
-1.650582491502972289e+02
-1.039882271614518174e+02
-6.161534834977811670e+01
-2.290568200889327244e+01
1.591448067917923481e+00
4.911704440458075993e+01
1.217767445092620164e+02
1.925251644113057239e+02
2.697489964090948433e+02
3.142690708928394088e+02
3.193400866316986821e+02
3.094326582103328178e+02
2.726053218226406898e+02
2.248890685749526028e+02
1.676828658764441968e+02
8.205418535738471064e+01
-2.919669014843114141e+01
-9.888220962740042808e+01
-1.237402440470212923e+02
-1.343784045764767541e+02
-1.130959383042068112e+02
-1.043530746615835341e+02
-1.110734310064003409e+02
-9.598274658032521245e+01
-6.857908749337214260e+01
-5.164473245198131934e+01
-4.261203621449037371e+01
-3.697455015898079012e+01
-3.963671110462115621e+01
-2.777073671679012534e+01
-4.408597165866359191e-01
2.720395639496946316e+01
6.032106820438148276e+01
7.923999557142580841e+01
8.066763171484205941e+01
7.772599453776685152e+01
6.460262343557720044e+01
4.904379759965971175e+01
3.206414735361093449e+01
4.643051626693398326e+00
-3.166203702616122939e+01
-5.642860887164005135e+01
-6.915201302904105773e+01
-7.867897139652529859e+01
-7.982730591951650467e+01
-8.681648610929192955e+01
-1.006149504423897980e+02
-1.098159012760629878e+02
-1.175510807294486568e+02
-1.176478301319194770e+02
-1.080991802549749963e+02
-9.394028133249898360e+01
-7.295594451396313218e+01
-4.583822901724490606e+01
-1.271619861846585131e+01
2.892731496387622769e+01
7.918541162605046679e+01
1.187521684867403451e+02
1.463942175607645595e+02
1.715706219127424106e+02
1.891360123547021317e+02
2.112007898773655086e+02
2.386756815210169123e+02
2.611314436143281341e+02
2.811771275541686350e+02
2.788369981274570364e+02
2.506569864865962813e+02
2.076543487840008595e+02
1.435052579827024886e+02
6.693360392954849658e+01
-2.183529076276408531e+01
-1.331876030582718329e+02
-2.659056802619198265e+02
-3.507064183941741931e+02
-3.826693402426606099e+02
-3.942053192836095263e+02
-3.663379095753394949e+02
-3.425131338127221738e+02
-3.252526012065889631e+02
-2.762449278850631913e+02
-2.043087430535112503e+02
-1.464492487597102581e+02
-1.008656314940397891e+02
-5.540824109547144616e+01
-1.859376220942750990e+01
4.158882768051969947e+01
1.270707995778157198e+02
2.152223016467585239e+02
3.134103373557880445e+02
3.680942708928449747e+02
3.717005672923063457e+02
3.548371946886151704e+02
3.016433688515188010e+02
2.376889790296426952e+02
1.648044017329192741e+02
5.583698191198011074e+01
-8.451544295915113025e+01
-1.699803857622574128e+02
-1.965368746776474609e+02
-2.026228858960706987e+02
-1.654657588950462639e+02
-1.428381455390141355e+02
-1.383046085807502550e+02
-1.035435707524351443e+02
-5.078549429614550803e+01
-1.487896152933289073e+01
7.015184334855693926e+00
2.335919310734204757e+01
2.629752689735557425e+01
4.864962517531323272e+01
9.181962422713763772e+01
1.332299220231299159e+02
1.802096219747155033e+02
2.022214037508957176e+02
1.940283022993620534e+02
1.753521253955205452e+02
1.370002855310900145e+02
9.104718949138658957e+01
3.878854761902713477e+01
-3.410965104907829470e+01
-1.254169872275861195e+02
-1.852510049541846513e+02
-2.111696093388211466e+02
-2.257153595313827736e+02
-2.157094146153803820e+02
-2.140426468223208758e+02
-2.228003936234507876e+02
-2.142924124111285664e+02
-1.954852476564152539e+02
-1.727627344065386410e+02
-1.430775135846174635e+02
-1.078904863825420648e+02
-6.772664662894132448e+01
-1.155856529329051696e+01
6.117945805980700413e+01
1.450989412406583483e+02
2.430395177691453910e+02
3.009668438620749384e+02
3.134519052151786696e+02
3.083371602271951133e+02
2.703533967103249438e+02
2.298089732741375713e+02
1.886816687273242223e+02
1.182909781547940185e+02
2.461901222273070289e+01
-3.611156562121843194e+01
-6.266253429081310600e+01
-7.814925910914288920e+01
-6.818596876705335319e+01
-7.329874922279935845e+01
-9.588667494399003033e+01
-1.036201069849376353e+02
-1.052549405907393663e+02
-1.069565823303296952e+02
-1.053877046663655364e+02
-1.035586523046490441e+02
-1.020095167160863383e+02
-8.888405058919607882e+01
-6.396149780557367137e+01
-3.319830640049877246e+01
6.221946631273501893e+00
3.170431616893762339e+01
4.086733859003905422e+01
4.668798682200353056e+01
4.293012658301783091e+01
4.143307997821928268e+01
4.339236165932017997e+01
3.754119610287205688e+01
2.643857332299455365e+01
1.803320975692459882e+01
1.149476558292518824e+01
4.667114161311314291e+00
-7.960478044563867872e-01
-1.235468714041518545e+01
-3.047700842941925359e+01
-5.024865363740850910e+01
-7.344901997116248538e+01
-8.621371150259588489e+01
-8.677239724939553867e+01
-8.303157657778672274e+01
-7.098502421642545812e+01
-5.758499658472005933e+01
-4.340041657359194716e+01
-2.139342476967569695e+01
7.068462647507740115e+00
3.451324835433378269e+01
6.134149504979159673e+01
9.036829064353534591e+01
1.199512900919869907e+02
1.564122725066760324e+02
2.002739853371730874e+02
2.471792145766666238e+02
2.986768052374310969e+02
3.149390357906269173e+02
2.915505591049075065e+02
2.483787266293892628e+02
1.738404903511035400e+02
8.990814791912532655e+01
-2.388490392871048584e+00
-1.245612154491351191e+02
-2.726013517506475523e+02
-3.650899729169077546e+02
-3.973519787765272895e+02
-4.057001280965061483e+02
-3.681642056297271210e+02
-3.381219256425035269e+02
-3.185164206140659644e+02
-2.635745950257590948e+02
-1.842379057711062842e+02
-1.236510091867183405e+02
-7.978037674940311774e+01
-3.905820902957258056e+01
-1.154370610230137117e+01
4.024407217124486635e+01
1.183285058007664787e+02
1.960070121049256215e+02
2.817445589950341400e+02
3.330624014443981196e+02
3.430127038034013935e+02
3.377303114517467861e+02
3.044068431999531299e+02
2.610965777796386647e+02
2.093702029935619748e+02
1.285569135715665823e+02
2.190413698640324114e+01
-4.723100416237690524e+01
-7.620572797513254670e+01
-9.353946138016026168e+01
-8.272451396610249219e+01
-8.646159458973663448e+01
-1.076159161325410452e+02
-1.109184221491650391e+02
-1.056011886165283187e+02
-1.040272073026560093e+02
-1.029649026413917170e+02
-1.027451726540148798e+02
-1.054544093935145668e+02
-9.493635806208088468e+01
-7.066221154873151988e+01
-4.200480391804917701e+01
-5.187639694438946236e+00
2.081852810674397958e+01
3.360791006753174059e+01
4.513603551910425438e+01
5.010936026520776210e+01
5.746580170444170932e+01
6.835194439231969454e+01
7.378385764163235194e+01
7.575643373561781857e+01
7.031676734335864865e+01
5.572636815582703207e+01
3.506016972344152549e+01
6.625205790978538900e+00
-2.953724727886045898e+01
-7.360522322803261375e+01
-1.274213583831835734e+02
-1.913431454274074781e+02
-2.219983781912203540e+02
-2.156520638069482629e+02
-1.932760050335288327e+02
-1.427390003626515806e+02
-8.995172014929588045e+01
-3.637808219494548467e+01
4.167727666150750565e+01
1.391024277392236854e+02
2.016328572478760464e+02
2.273523245236670505e+02
2.388491754814038472e+02
2.218864454611789938e+02
2.144431378829212917e+02
2.185618795707288200e+02
2.030725113982130097e+02
1.759387705263271755e+02
1.499915646917742720e+02
1.224369728708134346e+02
9.236289259249338102e+01
6.205039772702112089e+01
1.572014746375278982e+01
-4.733565767130176027e+01
-1.177911290942552114e+02
-1.994149111989495680e+02
-2.511119935155522853e+02
-2.682162391289006109e+02
-2.730551749771097434e+02
-2.539022869493026633e+02
-2.324849139517491210e+02
-2.104049509406770539e+02
-1.664000814361332914e+02
-1.047555704105995744e+02
-5.920072635852061893e+01
-2.975598657338602493e+01
-2.856068187667469616e+00
1.321753255686683737e+01
4.394574203419590219e+01
9.103545500977148208e+01
1.350355801412862604e+02
1.816899355392085340e+02
2.062791698041294524e+02
2.041526788629945202e+02
1.910010427284835544e+02
1.591115414273964177e+02
1.180180190830190980e+02
6.849396356187266122e+01
-1.376345957948524656e+00
-9.005656462169321230e+01
-1.433601802604912052e+02
-1.581430511547356730e+02
-1.595088488851429247e+02
-1.329655775593548412e+02
-1.134833720809014181e+02
-1.032993567373678445e+02
-7.248266154268635830e+01
-2.837908635617452546e+01
6.840077166233496264e+00
3.500290118791100014e+01
6.188138805850795165e+01
8.255009354535009436e+01
1.177666490695844885e+02
1.685630223305058450e+02
2.207733791238794652e+02
2.791290061948004677e+02
3.010717373238788923e+02
2.809900249792608520e+02
2.423738571070997807e+02
1.727106965517094466e+02
9.312492148693465310e+01
4.990923386132095629e+00
-1.135814125736282563e+02
-2.587066239580860270e+02
-3.470756904549266437e+02
-3.739795923646529445e+02
-3.767437296800191575e+02
-3.329578258538907107e+02
-2.970851692318826736e+02
-2.722123745548403235e+02
-2.116930557813304858e+02
-1.267451296344627707e+02
-6.651301013201008061e+01
-2.949984347879633617e+01
4.470638628945664550e-01
1.153143371677795592e+01
4.482145220073488190e+01
1.024200112579159310e+02
1.542299770824991185e+02
2.093394209931105650e+02
2.452140798955755940e+02
2.563650964700158283e+02
2.598539141013424683e+02
2.483981020526035479e+02
2.275108595380801262e+02
1.981435218131070428e+02
1.507860477121306246e+02
8.621489032681549247e+01
4.045256682669266723e+01
1.502372114322361796e+01
-7.180825452564389977e+00
-1.690407727565697726e+01
-3.792827335493149121e+01
-7.215480405905618966e+01
-1.000308363310861921e+02
-1.268788883017204512e+02
-1.475268091437735336e+02
-1.590761202231570053e+02
-1.676227298047369061e+02
-1.709338311457395321e+02
-1.672344028098224555e+02
-1.566463030852052611e+02
-1.377677382346403192e+02
-1.099228985933315101e+02
-8.463991514943786854e+01
-6.233203132710219307e+01
-3.666642091537680415e+01
-1.043219068174532715e+01
2.383284080146319894e+01
6.706488691460799600e+01
1.134080712277971941e+02
1.647601926546368531e+02
1.910811132187230044e+02
1.887602480401688183e+02
1.733549180921704078e+02
1.360611934692998091e+02
9.303247279293589145e+01
4.511168195016886528e+01
-2.377938961124734618e+01
-1.106850977077682643e+02
-1.614219771200360753e+02
-1.732020907799455358e+02
-1.700809372847467387e+02
-1.375973534782096124e+02
-1.118032202356111497e+02
-9.478671863462997749e+01
-5.606591755669738575e+01
-3.150050837127639003e+00
3.796231714629563925e+01
6.877365369527903738e+01
9.676369888328730440e+01
1.159151161949367292e+02
1.494324056834979615e+02
1.984410973448971447e+02
2.465657066594430376e+02
2.990001350387090611e+02
3.163194826183996042e+02
2.928825347464866695e+02
2.509494736071450802e+02
1.787651554050225968e+02
9.498023086536129256e+01
7.998186755421201610e-01
-1.238246505390648764e+02
-2.755743259849032825e+02
-3.694323474820664046e+02
-4.003278616302148407e+02
-4.068036039468790364e+02
-3.659148473598810938e+02
-3.326817747208884839e+02
-3.102686128312647611e+02
-2.512626390801266041e+02
-1.669789099950029367e+02
-1.044611516427947464e+02
-6.184011765754356560e+01
-2.396263920503295708e+01
-1.930220143346496720e+00
4.436168115104899101e+01
1.170495480522229315e+02
1.872080442764444115e+02
2.638264448271411311e+02
3.107786082307727611e+02
3.214508084374228929e+02
3.193155116648799776e+02
2.932883669403184399e+02
2.571451944353561885e+02
2.122675100261682815e+02
1.416385262865901495e+02
4.765208379407178541e+01
-1.466930134901360994e+01
-4.301045904392728403e+01
-6.249073172350244931e+01
-5.881838555155586334e+01
-6.886501828080658072e+01
-9.522022278828674757e+01
-1.074498118741972945e+02
-1.135918227543741494e+02
-1.210338044905200405e+02
-1.266956927289366632e+02
-1.324998702632312018e+02
-1.393312458779566327e+02
-1.352357393295826569e+02
-1.198855897595151703e+02
-9.957143188446568161e+01
-7.143860915752084395e+01
-4.773989787527976603e+01
-2.985931682376625673e+01
-9.637172221286196105e+00
9.668599704872168132e+00
3.392172088836934307e+01
6.409469470999516716e+01
9.461933291979462979e+01
1.269734335554406641e+02
1.413684557608048067e+02
1.350919200418350954e+02
1.184778500278051894e+02
8.555555973194452690e+01
4.655704003076267128e+01
1.906558201413107057e+00
-5.904167494723196796e+01
-1.345436423595680253e+02
-1.764360357453011829e+02
-1.817357977697388662e+02
-1.723815251244873821e+02
-1.353286816485683630e+02
-1.016682102980414015e+02
-7.318233958826951380e+01
-2.298935973056366322e+01
4.253296025965153859e+01
8.991868018816882113e+01
1.195503150913969961e+02
1.432395846942971502e+02
1.527319943235815174e+02
1.746782933763149686e+02
2.104474366488933299e+02
2.399014331833159872e+02
2.688503120408025779e+02
2.734332306712425975e+02
2.489173325436780146e+02
2.105078287245886202e+02
1.506391877754620623e+02
7.786797393445763760e+01
-7.189015213749667232e+00
-1.159064199451085386e+02
-2.470491532277466433e+02
-3.296567064337961597e+02
-3.588854900179687775e+02
-3.679761523252190045e+02
-3.376098000310796579e+02
-3.123645491614149705e+02
-2.949197119946334738e+02
-2.461751950089002605e+02
-1.752604537209779210e+02
-1.196874953971758231e+02
-7.767078284225090101e+01
-3.709690114816535100e+01
-6.651553521661860202e+00
4.605791778736309539e+01
1.228947939732465642e+02
2.008501998108355622e+02
2.873127121631634964e+02
3.343211084465911540e+02
3.347789221712807830e+02
3.166449716215912531e+02
2.656252109321762305e+02
2.038982379977406367e+02
1.331171561692962086e+02
2.921790150820113396e+01
-1.037648655246247955e+02
-1.826485238530109427e+02
-2.032494554744123718e+02
-2.029170218958600458e+02
-1.595716884995088947e+02
-1.283043082379648467e+02
-1.124856204137160347e+02
-6.565454726700907884e+01
5.984810278883361256e-01
4.094413711324727956e+01
5.699441825791249983e+01
6.261501452812325397e+01
4.689380758331835608e+01
4.826965339561782997e+01
6.844232224269970288e+01
7.925211244367078223e+01
8.905912978553249104e+01
9.298119532626438399e+01
8.745658647396430752e+01
8.066284726787486647e+01
7.042430164039205920e+01
5.238779893915211261e+01
2.699628994020642025e+01
-5.713529015101468822e+00
-4.680741626213871598e+01
-7.805176129525494844e+01
-9.814691087390359314e+01
-1.167424703970510365e+02
-1.290206572857122751e+02
-1.456339795643736750e+02
-1.675803774878172874e+02
-1.854998890255989465e+02
-2.017671556858091719e+02
-2.002251275170561655e+02
-1.779833039995411923e+02
-1.441732489441722294e+02
-9.365971721447485265e+01
-3.339167794554769841e+01
3.641381049676562043e+01
1.241176237902822237e+02
2.287419636077553378e+02
2.900439434700510333e+02
3.036022123461046931e+02
2.975928868710765300e+02
2.554372421810703315e+02
2.146448482898275643e+02
1.773278794345225151e+02
1.101820886586636874e+02
2.075170568391490633e+01
-3.596471155424744381e+01
-5.925587901736589203e+01
-7.050805315178067190e+01
-5.572980464970041226e+01
-5.592066167697930013e+01
-7.329215407059324150e+01
-7.559865279525311621e+01
-7.164878925094050999e+01
-7.343958221455180535e+01
-7.827899531427928537e+01
-8.648854583583164413e+01
-1.003391571728147085e+02
-1.045801566201861164e+02
-9.890337963637712448e+01
-9.256828298942757272e+01
-8.217525829119043124e+01
-6.938927074863229905e+01
-5.502807101562337522e+01
-3.567989511844511696e+01
-1.177098771172038560e+01
1.545871490856649366e+01
4.655866932909618328e+01
8.194865954289282683e+01
1.216175663919611338e+02
1.408868753855007583e+02
1.373531720371827589e+02
1.227001642980365972e+02
8.983108191903835404e+01
5.339696443513163615e+01
1.402781662297361720e+01
-4.202426070304742467e+01
-1.120284328092725872e+02
-1.516025155837837133e+02
-1.584512420310132086e+02
-1.520178967086208104e+02
-1.204094686358374844e+02
-9.329675967844836748e+01
-7.230368977227720961e+01
-3.230339638960606408e+01
2.058172468664312760e+01
6.011026801667076569e+01
8.706866289957019944e+01
1.099662285512497562e+02
1.224788450747037842e+02
1.465822928641895828e+02
1.833567608333940484e+02
2.166620499801302628e+02
2.513313632687938650e+02
2.591820334613508408e+02
2.355882746845540794e+02
1.971689490518765240e+02
1.353068767992537005e+02
6.211808598009361759e+01
-2.161224743012540728e+01
-1.299029991127038386e+02
-2.607443336473132263e+02
-3.393957439976264254e+02
-3.609172803820462150e+02
-3.597728415030386486e+02
-3.156176695712451874e+02
-2.758628792330187025e+02
-2.432332803392404230e+02
-1.762887459502387060e+02
-8.469195048423731009e+01
-2.334418485672741639e+01
8.100908421875402610e+00
2.959662272609388722e+01
2.753709720825546725e+01
4.499815928718098945e+01
8.427132586736455266e+01
1.125765447472429202e+02
1.393136845915873891e+02
1.614608329979630810e+02
1.749708826910517985e+02
1.877992259491375364e+02
1.980405613435403609e+02
1.991437342644497335e+02
1.913949616320142013e+02
1.760446641658981548e+02
1.514580031471767256e+02
1.261539059945669123e+02
1.004410395513927909e+02
6.870274794408514651e+01
3.285330542366829576e+01
-1.204998827146496865e+01
-6.698671455172770095e+01
-1.281950251805670860e+02
-1.971459294469467238e+02
-2.368978666459110514e+02
-2.434763288669933843e+02
-2.354798836110815046e+02
-2.022529773739491930e+02
-1.646335986585792455e+02
-1.237278683419675787e+02
-5.951588048714312862e+01
2.407238096204157074e+01
7.741245122031870096e+01
9.872442641013425657e+01
1.093262821697002920e+02
9.628504588053151281e+01
9.412438906106956438e+01
1.049246192959978856e+02
1.004644484623148912e+02
8.812258561048082584e+01
7.348297199547126013e+01
5.350167066281409944e+01
3.040787884405697028e+01
4.602025044142831867e+00
-3.451962736653597119e+01
-8.733436590128687271e+01
-1.486852544501228124e+02
-2.212150863563257133e+02
-2.556352088861638379e+02
-2.469491605007497981e+02
-2.205541341152317898e+02
-1.624991508408128595e+02
-1.002611878243877754e+02
-3.561184227951345349e+01
5.756552475670713420e+01
1.738767225127831466e+02
2.455727314354953990e+02
2.698539319162305219e+02
2.755719896253842762e+02
2.448322498132071132e+02
2.240526736768424314e+02
2.157761215455533375e+02
1.814320974412586907e+02
1.307087709548813450e+02
9.201449662007385655e+01
6.308773779710306684e+01
3.675601057165017949e+01
1.941210027607415611e+01
-1.571044068836991059e+01
-6.983830759970069835e+01
-1.246017942521474708e+02
-1.860299259855185596e+02
-2.241180698135959517e+02
-2.341157567746271582e+02
-2.345711891402160063e+02
-2.165381837060661496e+02
-1.928786491328399677e+02
-1.648027932099853956e+02
-1.178155906811161913e+02
-5.431453677371754196e+01
-1.091905824275298897e+01
1.124777994973301709e+01
2.837747165301751906e+01
3.110545447124041019e+01
4.477846364129302970e+01
7.115842261095906451e+01
8.978480411554647844e+01
1.062414148420221949e+02
1.181158000423393872e+02
1.226813247545397303e+02
1.248884127771718084e+02
1.232711228571263717e+02
1.141161358620093296e+02
9.746949363390346832e+01
7.358098024643911117e+01
4.139267180195622586e+01
1.710539136956607109e+01
1.855586025761096547e+00
-1.309153835978948877e+01
-2.348743327483245480e+01
-3.898002654308018577e+01
-6.053919600038881299e+01
-7.982558246447777606e+01
-9.904703824478011143e+01
-1.071907809987889664e+02
-1.020859204518537950e+02
-9.040747062992923588e+01
-6.861425344646083602e+01
-4.105951929248748655e+01
-7.945755905177160017e+00
3.626765144918941530e+01
9.097630391126872951e+01
1.202243188163250665e+02
1.215121276024353563e+02
1.116965434701819646e+02
8.096518388833278834e+01
5.188958424272092884e+01
2.581406536869275925e+01
-1.709914711077190574e+01
-7.224001489326315095e+01
-1.041421955984854435e+02
-1.120331564933943866e+02
-1.097679079751593463e+02
-8.816324447808510456e+01
-7.307644749327072020e+01
-6.578561633789766461e+01
-4.553581868136739530e+01
-1.775628766313561613e+01
-1.773127681733582151e+00
3.095778316408245523e+00
2.368619821276386705e+00
-8.672841567991559586e+00
-1.336221758377974389e+01
-1.109445025620669156e+01
-1.413664813884863314e+01
-1.894459199334498933e+01
-1.302867306247584267e+01
3.502088341952810158e+00
2.724166015073932456e+01
6.144658679520412647e+01
9.572331762285300272e+01
1.298981348390278754e+02
1.720433223116765475e+02
2.201226585603870092e+02
2.369026428571988845e+02
2.196476365290794490e+02
1.845399665299941603e+02
1.211386492380917446e+02
5.317224044444638764e+01
-1.845456855884334146e+01
-1.149758488815671171e+02
-2.318801194219015258e+02
-2.958722123531999273e+02
-3.027542411342905098e+02
