4.155529248979886958e+00
-1.035746394265334880e+00
-3.700925562538303293e+00
-2.882940989872408544e+00
-3.124673765556750915e+00
-3.061083461782280857e+00
-2.218997124280130517e+00
-1.002505327176073768e+00
1.464572211614624031e+00
5.237584260897905075e+00
5.963866423460075339e+00
3.454346365865409219e+00
-1.459200493374494534e-01
-5.943374332094250256e+00
-7.515545393979230937e+00
-4.238902964427344600e+00
-1.109748536440757494e-01
6.564506172657267768e+00
8.682125532092161535e+00
5.384384204310381783e+00
1.481593448204519881e+00
-4.936887458216305369e+00
-6.941476853255737822e+00
-3.597624194857056867e+00
1.925254721485274989e-01
6.314881571608784050e+00
7.128156419812853528e+00
1.588200820597271079e+00
-5.096880534531972096e+00
-1.504495066103985224e+01
-1.716699016374112219e+01
-1.011540831326034251e+01
-9.517661045539529407e-01
1.338131377411787071e+01
1.935751713469227653e+01
1.540784232519540531e+01
1.060069323440390576e+01
1.317964641333320586e+00
-3.533757496923225716e+00
-2.627581635633092993e+00
-3.271558625416311372e+00
-3.127185850100106190e+00
-3.537951385512420277e+00
-5.299009037639078379e+00
-5.894317815408162353e+00
-5.787993687804495302e+00
-3.870644764146772943e+00
3.769843944019294901e-01
6.111880662116194962e+00
1.383351618719848375e+01
1.395696054284330323e+01
5.567710174338495577e+00
-6.306089294333180106e+00
-2.433630880033069843e+01
-2.839101661873455384e+01
-1.655234778065052126e+01
-7.412202402061045525e-01
2.443799024938457620e+01
3.326366665184013272e+01
2.290714495738338741e+01
1.022715266802367751e+01
-1.162706697139543444e+01
-2.040807791047284425e+01
-1.313040750756714914e+01
-6.164910686724406119e+00
6.436557922258679731e+00
1.050966269076746684e+01
3.530323811946312507e+00
-2.839958380285208861e+00
-1.254323002240085572e+01
-1.519489244681005147e+01
-8.816633864524360931e+00
-1.591058222751160045e+00
9.501873728118273021e+00
1.457690319598918371e+01
1.213280938507445583e+01
9.454051318622541444e+00
3.798013075334067956e+00
3.396554598636047917e-02
-9.251447680828095432e-01
-3.739947597059407158e+00
-7.128668676636870316e+00
-7.877521579334072932e+00
-6.191076677315495935e+00
-2.593832058179040168e+00
3.704737172161070902e+00
6.805001985657371577e+00
6.393911757148396546e+00
6.018402119676612649e+00
4.245150598214173954e+00
1.225489207957888516e+00
-2.861126114628830930e+00
-9.280112348910783737e+00
-1.808281981947853723e+01
-1.845272257996651533e+01
-9.652738729916796601e+00
3.058790846121588469e+00
2.259521948377906853e+01
2.820061553498737084e+01
1.795782478526025727e+01
4.289273678024796865e+00
-1.831270633271301662e+01
-2.622779046638943967e+01
-1.676668250419246675e+01
-5.863162985101626035e+00
1.275418370749470043e+01
1.972150114141835786e+01
1.227296491563315683e+01
4.874934070708034639e+00
-7.708623472637433416e+00
-1.294653007155175217e+01
-8.601223256150928975e+00
-4.985307490854261836e+00
1.392968884549724784e+00
5.242784396942363756e+00
5.218822575212851866e+00
6.745299656382785614e+00
8.288559746340578016e+00
7.191475646288353119e+00
3.766735824526460608e+00
-1.982108683474542499e+00
-1.069285391574917377e+01
-1.354849142941120022e+01
-9.989848955910421324e+00
-4.806256753735706155e+00
4.274134755573096633e+00
7.939000798381055546e+00
5.206707916692864480e+00
2.452126722977590489e+00
-2.738220111190645234e+00
-4.159590980108335501e+00
-8.053114399235627996e-01
2.384433610755685162e+00
7.106153911139331036e+00
8.085165859457500659e+00
4.405536019634753053e+00
-3.859063580280361339e-02
-6.771522035697951303e+00
-9.305532416639602289e+00
-6.791102124305941068e+00
-3.622930499558471240e+00
1.982354838009749765e+00
4.704898441757727312e+00
3.819565892206871816e+00
3.387872202039211356e+00
2.002870412426504210e+00
6.265574985705790745e-01
-3.376200530439604219e-01
-2.508667925209831839e+00
-5.617786994759613073e+00
-5.767465161979415278e+00
-2.839174408359373292e+00
1.499926754203700252e+00
8.252370224495907181e+00
9.915406614121362594e+00
5.825965602381567798e+00
4.219433024746453986e-01
-8.278203007789766588e+00
-1.062887004904202293e+01
-5.551987278457152009e+00
6.840329273373559893e-01
1.066554428262531928e+01
1.277723769599289483e+01
5.588440791787707695e+00
-3.201683976762755179e+00
-1.675846641084150335e+01
-2.005768402642783954e+01
-1.126254654679124556e+01
-1.906671687272903926e-01
1.726722090586591563e+01
2.326840707225364469e+01
1.564830553938157998e+01
6.396565630683870296e+00
-9.307289449432806450e+00
-1.558904553018410866e+01
-1.029767470331882073e+01
-5.069918919618244146e+00
4.357948945592942991e+00
7.324214388968170120e+00
1.995297084175616797e+00
-3.016146888403138160e+00
-1.066634462717230214e+01
-1.345490257089784158e+01
-9.962294934798082480e+00
-6.198111494037002345e+00
-1.686327346979474284e-03
6.818333942780615331e+00
1.368627514526557576e+01
2.333245244957139164e+01
3.530121492464260058e+01
3.354013531350206279e+01
1.687705584133292191e+01
-7.428828600086632150e+00
-4.382628375931943765e+01
-5.587343301998780731e+01
-4.037254377658663884e+01
-1.862863254813149538e+01
1.901499866015565843e+01
3.402277059002307880e+01
2.210171491890666218e+01
9.879643937923621166e+00
-1.272511726153162570e+01
-1.866167226828365600e+01
-3.617650108284822252e+00
1.120523817763258734e+01
3.321454365055969049e+01
3.787876312733241946e+01
2.114390096143824138e+01
7.506932659233461758e-01
-3.033302133025027203e+01
-4.309299211656208684e+01
-3.375944349638474051e+01
-2.217800703238451376e+01
-4.195473702656623005e-01
1.098800651948374707e+01
9.055969685202956754e+00
1.033748621402211043e+01
9.433674042525790782e+00
8.938277302311821160e+00
1.054868786391600111e+01
8.662746507610046720e+00
4.151700021531502749e+00
5.151072978548907333e-01
-2.884560541732074324e+00
-7.159040307512894330e+00
-1.176384081783585955e+01
-1.210948686664193019e+01
-7.754465989793074776e+00
-4.983307445439101313e-01
1.103897236147201966e+01
1.418848065237171419e+01
7.948360426793403377e+00
-3.566048910574658448e-01
-1.403698748582249678e+01
-1.673541400494998399e+01
-6.646082333939227205e+00
5.652251011069769682e+00
2.454041517789109506e+01
2.889406016158831747e+01
1.615059175086098264e+01
3.046412624142524894e-02
-2.524442310889154584e+01
-3.433223139022194204e+01
-2.418599064277312038e+01
-1.179081079409126076e+01
9.691352111131253722e+00
1.832605941594856347e+01
1.112736731074575047e+01
4.328389519220191772e+00
-7.946181286611596839e+00
-1.003557353393968299e+01
7.411743862648503267e-01
1.208674392532866904e+01
2.839066353305910795e+01
3.134672999910056390e+01
1.824518279940490117e+01
1.421431935371447075e+00
-2.433756759404860048e+01
-3.590151429273370098e+01
-3.052440580987622454e+01
-2.373539847500286015e+01
-9.313100914591785795e+00
5.595372013481438866e-01
3.943503242454520663e+00
1.195916156429845145e+01
2.151126380768714341e+01
2.362102068934166610e+01
1.863159550156937883e+01
8.409676533231003503e+00
-9.319923969196704405e+00
-1.611885586677896143e+01
-1.084701588114185533e+01
-4.390332490604377469e+00
7.852567508101440552e+00
1.086697048158464618e+01
2.728083448259685628e+00
-5.615363021711422320e+00
-1.813767137176932565e+01
-2.044978687222956992e+01
-1.035214243905598153e+01
2.076101661523637620e+00
2.090866745553896067e+01
2.655208382549741941e+01
1.658454648027557354e+01
3.804554045213631941e+00
-1.716494999510665309e+01
-2.447492735415279697e+01
-1.546154777835762140e+01
-5.123272363161341048e+00
1.240180951935543341e+01
1.906952103956329125e+01
1.227772605944551287e+01
5.535633717853632341e+00
-6.046308545862657979e+00
-1.089393798146156200e+01
-6.931766612715986042e+00
-3.733853381945567929e+00
1.922406624257284591e+00
4.415716957435418699e+00
2.413122061560753373e+00
1.259846337207737754e+00
-6.840038337844668304e-01
-1.802607969439164792e+00
-1.425654829870482532e+00
-1.676681994115798879e+00
-2.013784926155780308e+00
-1.297460109444332321e+00
3.333313961799138636e-01
2.790935468595439950e+00
6.331902347515808493e+00
6.574481107540620428e+00
3.182970836217568600e+00
-1.540362236760068892e+00
-8.768315170618590670e+00
-1.042337277973350673e+01
-5.712103810517669800e+00
5.134128604895322745e-01
1.041996156271155449e+01
1.318878132971582673e+01
7.616416986812711620e+00
6.970247195201138002e-01
-1.047338409685371907e+01
-1.408970144560154303e+01
-8.684902026406115638e+00
-2.330541583386989579e+00
8.159784009878729094e+00
1.150905183269442666e+01
6.175324053028036886e+00
2.033029177392268183e-01
-9.477661514288026723e+00
-1.182005175863315216e+01
-5.250519601962531091e+00
2.407711056448283315e+00
1.420689602325171741e+01
1.675001393617398548e+01
8.275009577497016267e+00
-2.280737925226011154e+00
-1.862286369227863148e+01
-2.265716819529031412e+01
-1.220665013826063472e+01
9.720687693109990590e-01
2.181970112371265458e+01
2.736671868490612169e+01
1.486632699149719805e+01
-5.562486622156256333e-01
-2.513182120428570343e+01
-3.171312407941669775e+01
-1.693965290352566910e+01
1.006281215734971868e+00
2.950433429584619205e+01
3.756516279823240723e+01
2.125801312640511753e+01
1.556285042518986472e+00
-2.998337878168245751e+01
-4.010612652527682087e+01
-2.449735040707600575e+01
-6.116800415401252522e+00
2.408042560056512471e+01
3.440411625903530535e+01
2.050381381587458307e+01
5.086636305801162550e+00
-2.047184747642798186e+01
-2.822373295642363189e+01
-1.403652698913555952e+01
1.569037887996344471e+00
2.628687194187984844e+01
3.415881146330460894e+01
2.133023301898062130e+01
6.597183663590890035e+00
-1.723750632366053992e+01
-2.873787844511327449e+01
-2.470287736106214638e+01
-2.143873873554843357e+01
-1.311145745886924274e+01
-5.924008421285992476e+00
-1.618036952577065923e+00
7.666026565008340121e+00
2.027083145620485283e+01
2.469940209265854136e+01
2.094943983605372040e+01
1.328309566190705837e+01
-1.166078701785318250e+00
-8.300160500010942854e+00
-7.106428473831009285e+00
-6.844432300467803820e+00
-4.063753193510970974e+00
-3.155196021588378308e+00
-5.155723724904612837e+00
-5.189938545822981197e+00
-4.421357650854077725e+00
-2.930745321633519751e+00
-6.901041018983092301e-02
3.365775379140657719e+00
7.585468127290864615e+00
8.298976922559328173e+00
4.991253154654320845e+00
-8.125680961569287097e-02
-8.174958699012035979e+00
-1.104066880055178146e+01
-7.936083816306710226e+00
-3.928792527277307656e+00
3.140994114993560515e+00
7.157285540022972015e+00
7.333846919083482518e+00
8.418965030284129014e+00
8.835347632971664922e+00
6.888106713832173433e+00
2.800048657959157250e+00
-3.915210261930729629e+00
-1.372903114703761496e+01
-1.614911355520963454e+01
-1.049059822662501418e+01
-2.221674109147562692e+00
1.140928573941695134e+01
1.590269471732258566e+01
9.831821571153229300e+00
2.471255826145059675e+00
-9.982039851944790598e+00
-1.406317892569581218e+01
-8.017122013564069505e+00
-1.437790749327262141e+00
9.293385865591945461e+00
1.279629929351670015e+01
7.350746581297434190e+00
1.382417129637636410e+00
-8.250853973858433221e+00
-1.149410823703796503e+01
-6.818193981039764928e+00
-1.643767862104563271e+00
6.815719847792946595e+00
9.864800973261159456e+00
6.184799060884260236e+00
2.260901485916968934e+00
-4.304390980366285646e+00
-6.935978077642951156e+00
-4.564485143765260489e+00
-2.332477625867159787e+00
1.576190681177202846e+00
3.675986437465467382e+00
3.249437546982313574e+00
3.474141088732072280e+00
3.373004018105664414e+00
2.025071109712048401e+00
-3.626609788835506443e-01
-4.161682920613883674e+00
-9.595666928986226196e+00
-9.822043089410895433e+00
-4.358831884418814084e+00
3.327243705030186405e+00
1.506490048331385623e+01
1.729007350722536529e+01
8.698510015248823279e+00
-2.681609314726974169e+00
-2.049158287933605749e+01
-2.502324702211118179e+01
-1.413096463650641077e+01
-2.944819071474624739e-01
2.179064988091511523e+01
2.883071310660472975e+01
1.804854529268909502e+01
5.028218508704109801e+00
-1.650544982598880139e+01
-2.419061907683535750e+01
-1.505724371597751698e+01
-5.042758618715515340e+00
1.189538945235615941e+01
1.713486963298962351e+01
7.867544682565331016e+00
-1.995803024581453533e+00
-1.757487949152659112e+01
-2.295168025138968915e+01
-1.563160357495729791e+01
-7.463544968371997435e+00
5.988865807642798522e+00
1.588833439306688078e+01
2.064378020624146970e+01
2.824637340280164466e+01
3.633434300934488448e+01
3.272564775690220529e+01
1.698959098594409056e+01
-7.048000053084688687e+00
-4.276754020675017642e+01
-5.684224505201140687e+01
-4.671546799763082447e+01
-3.136166194073302904e+01
-2.075245540016926959e+00
1.235820979301439770e+01
8.731647126110095414e+00
8.238728846787854110e+00
3.551187292027499165e+00
6.635221034305833321e+00
2.034526319404410444e+01
3.310942423426758552e+01
4.838680471700193664e+01
4.593701614435811109e+01
2.253218906045559677e+01
-9.514774376862007443e+00
-5.630052467634149593e+01
-7.238112677548534180e+01
-5.324790403563341101e+01
-2.596684509286203735e+01
2.172483122862820082e+01
4.263872610119391027e+01
3.152055330859173665e+01
2.144987074490510182e+01
1.515469289029790501e-01
-1.143238017574872067e+01
-9.102321155811619491e+00
-1.297933334062107669e+01
-1.742482770589936436e+01
-1.601064179963782053e+01
-1.031475443310399420e+01
1.046767992460258423e+00
1.938039113078359676e+01
2.707872563277102174e+01
2.339046922613539081e+01
1.793433692675402114e+01
6.388984234835086262e+00
2.516208970239901532e-01
9.068207510408076155e-01
-7.360567251948826328e-01
-1.794164568220371736e+00
-6.933121535259187063e+00
-1.747735845438961633e+01
-2.897693908782298067e+01
-4.290638476166510173e+01
-4.089910635674432626e+01
-2.071724083598008903e+01
7.750779600886530396e+00
4.985177539322094020e+01
6.449197591896466975e+01
4.781791486546826775e+01
2.416280516936567579e+01
-1.745698187645264099e+01
-3.572845668424732679e+01
-2.600960205902105571e+01
-1.743664535229700263e+01
7.316461096090087768e-01
8.893678857257407699e+00
3.191872553581666772e+00
1.811146125589259581e+00
-5.855692171314134109e-01
-1.679742304928586227e+00
6.510725588102557193e-01
1.070568717451813034e+00
6.453611563764750647e-01
1.120105162549089428e+00
1.882248701265789137e+00
2.979798652992608154e+00
4.607188776677283215e+00
4.876078389801875801e+00
3.688289544218465998e+00
2.040394707742486435e+00
-5.422017386458175547e-01
-4.024280951199501466e+00
-8.397638317690089949e+00
-1.409826414921947801e+01
-2.117830048234051077e+01
-2.063966058198154840e+01
-1.170791685306628871e+01
1.292081523813797928e+00
2.088053630075093281e+01
2.983211910400987321e+01
2.663264075812375609e+01
2.174411437657627744e+01
1.065998786270813881e+01
2.914965641388534756e+00
-2.123612465718124342e-01
-7.130670691794763094e+00
-1.550683015231865625e+01
-2.008865768383864037e+01
-2.130667455288018530e+01
-1.989734448028075775e+01
-1.460021530826989178e+01
-9.104197430378645706e+00
-3.296673931764092735e+00
5.799797490937439015e+00
1.757829157360676575e+01
2.349037935213448591e+01
2.315106280680402762e+01
2.030299552347514336e+01
1.268407173392146525e+01
5.762849511005097014e+00
-1.549522936279086327e-01
-9.750922113101200495e+00
-2.190142028104855143e+01
-2.593128612993812254e+01
-2.140108545249487193e+01
-1.261947906198605907e+01
3.269243473150527546e+00
1.032655287904449359e+01
7.351198707257800891e+00
4.525943922560667687e+00
-2.129344384278805347e+00
-1.832480417608830514e+00
7.059765994403915279e+00
1.617510150675325065e+01
2.843279706405881413e+01
2.879553016367195539e+01
1.510563262603257684e+01
-3.148490672003676050e+00
-3.030799605012514419e+01
-4.178281583108432073e+01
-3.495328383346161161e+01
-2.533334143953052120e+01
-6.322169795439249285e+00
4.026893882135106573e+00
3.385449153161997682e+00
6.028816721850212446e+00
7.333839729414531661e+00
1.209445712138950846e+01
2.206785915383488472e+01
3.131151587376431067e+01
4.134910029136779741e+01
3.821373919612106818e+01
1.974935469371654406e+01
-6.284712686809784010e+00
-4.417037202183682609e+01
-5.990226742550756001e+01
-5.034314894394433537e+01
-3.558259516436178416e+01
-6.549638809157324992e+00
1.018304064340877346e+01
1.155820667286439196e+01
1.810372910726479034e+01
2.314630176888692148e+01
2.388319070603946770e+01
2.184216718907540056e+01
1.303562590891963602e+01
-3.169344422738296529e+00
-1.079624268315111202e+01
-9.610738560289640020e+00
-8.076266115049486771e+00
-2.474276778277251232e+00
-5.264005017009716347e-01
-3.271831933908248669e+00
-4.006310559006416305e+00
-4.629125451945148129e+00
-3.580075824462605638e+00
5.252539624869276280e-02
4.121095201438287781e+00
9.275181057001388396e+00
9.524095246952345661e+00
4.060700753618395886e+00
-3.705538975829514303e+00
-1.553593877173298843e+01
-1.864702900276774145e+01
-1.180749523131774659e+01
-2.672617944133949486e+00
1.217964502302796603e+01
1.870421746028513610e+01
1.531465433645930929e+01
1.163251070810013132e+01
3.957809225082677962e+00
-9.819034080617766724e-01
-1.976235029713976354e+00
-5.333691589500165975e+00
-9.294828940785061278e+00
-1.045029012173234584e+01
-9.161018981236077607e+00
-5.674098626344359353e+00
8.172420640025070959e-01
3.782391545614750328e+00
2.923304006187242621e+00
2.110089724553629420e+00
-2.251430151998043694e-01
1.713487091289124242e-01
3.915955608074845440e+00
7.720538547706939703e+00
1.272024565377252969e+01
1.264566552191760351e+01
6.604147572424206025e+00
-1.526233446728658238e+00
-1.356323865281263785e+01
-1.854335509838855600e+01
-1.532717020222617954e+01
-1.073385559801524103e+01
-1.821244731185922117e+00
2.488750228582401469e+00
1.093828145624713644e+00
7.740639770303979761e-01
-7.706947755336256423e-01
6.476362478408355106e-01
6.000991347392007569e+00
1.145532364479949372e+01
1.824025165163113726e+01
1.676350513499755124e+01
5.707385683320213232e+00
-9.399422874002851813e+00
-3.137569939564448518e+01
-3.475136405092984404e+01
-1.702090297565975519e+01
7.227147397231886039e+00
4.494083450827824322e+01
5.498852138733742834e+01
3.311890277242489589e+01
4.898617831183926796e+00
-4.069287824920399288e+01
-5.699194638574383021e+01
-3.849890772653515825e+01
-1.679414545402056902e+01
2.060156404079760151e+01
3.618236487593907924e+01
2.459228927834379164e+01
1.418338292009378065e+01
-5.135898545180572761e+00
-1.510786064223849401e+01
-1.189570326263208955e+01
-1.255898147361840600e+01
-1.200403711091449210e+01
-8.956969644861386470e+00
-4.994301919366320064e+00
3.417763820066195279e+00
1.633576145882663155e+01
2.154816578701572993e+01
1.874981157681174437e+01
1.391440246930416968e+01
4.057167512421903766e+00
-8.288622264449112542e-01
2.455901846891405393e-01
-1.158470340088746386e-02
8.813409358168804442e-01
-3.848156571499685707e+00
-1.548341866022142987e+01
-2.886841746807640163e+01
-4.599149502544051415e+01
-4.536386033183350719e+01
-2.451921130319855635e+01
4.715686582115033332e+00
4.847130148040313458e+01
6.646901138961514732e+01
5.485254396080510020e+01
3.823811675852602576e+01
5.934519765907278810e+00
-1.180253853078971993e+01
-1.122308693664652601e+01
-1.592255537890406991e+01
-1.818887132072493529e+01
-2.114860214835276864e+01
-2.717669519482034701e+01
-2.863109129880152537e+01
-2.660267492481289509e+01
-2.075598031894998030e+01
-9.642495834820573819e+00
5.966399618011132944e+00
2.686143715540914556e+01
3.815182080829796263e+01
3.860587713096295204e+01
3.624749628429582060e+01
2.705612475740640122e+01
1.628683541583321670e+01
4.383419713577294097e+00
-1.479791556609275283e+01
-4.034611194032923720e+01
-4.867127581764800937e+01
-3.853002375253439027e+01
-2.068925031492369371e+01
1.111636258001861144e+01
2.539399447284582934e+01
1.950990693343334215e+01
1.404786033646335852e+01
1.071518243828939010e+00
-4.723873830312898647e+00
-6.946279868402247537e-01
-3.599771070954813634e-01
1.567104518918574496e-01
6.318779153681436389e-02
-2.184839281864266347e+00
-3.201307693774714469e+00
-3.562533194602011566e+00
-2.180897916315363894e+00
1.606406614887416984e+00
6.820788974035551178e+00
1.401836512250024924e+01
1.551124600810230625e+01
1.058104101795667340e+01
3.441586574477263127e+00
-8.015784269928944994e+00
-1.381596027498162904e+01
-1.298490352656723701e+01
-1.213177377195377460e+01
-8.677967332733224737e+00
-4.175401359723415418e+00
8.762261809371156840e-01
9.396315839878061738e+00
2.108330949921880659e+01
2.000880196796099142e+01
5.157863340216480630e+00
-1.605184750800860627e+01
-4.792120747976890982e+01
-5.544112333240863677e+01
-3.542527614283387294e+01
-8.288755156751914654e+00
3.531479938661836115e+01
5.716322456041628897e+01
5.306812541723505205e+01
4.927980972455225839e+01
3.581109859961941311e+01
2.180262959963306457e+01
9.675969829324181148e+00
-1.332503337004624022e+01
-4.502560045423783919e+01
-5.913760349001757533e+01
-5.518452974031930580e+01
-4.431243710474200270e+01
-1.991678569725100090e+01
-2.903006510368257853e+00
5.236686422452182299e+00
2.032771750342500994e+01
3.758287639619938147e+01
4.327534781100238348e+01
3.763602184487223923e+01
2.356584222834254660e+01
-2.578724038559073506e+00
-1.527647060217287844e+01
-1.315347010699630736e+01
-1.184205833871495805e+01
-5.170594519838720871e+00
-3.371359561302312624e+00
-8.303036978388933065e+00
-1.008460492362432781e+01
-1.134773145662028071e+01
-8.689587795682435001e+00
-5.723893907029736772e-01
9.452914566702965260e+00
2.273210649154352225e+01
2.361178927123028259e+01
1.032214052378418678e+01
-8.497250189588703151e+00
-3.729904236473382895e+01
-4.450459521850245892e+01
-2.705894389178046922e+01
-3.916330465438590647e+00
3.337502483817865340e+01
4.823103827512857578e+01
3.652578563153185343e+01
2.290455092661687075e+01
-2.330706966443974792e+00
-1.444647418585322995e+01
-9.698994293676593159e+00
-8.016572385450404070e+00
-2.817807675473729123e+00
-2.785409676551447777e+00
-1.048188104352072791e+01
-1.644362353183522885e+01
-2.329281388719698853e+01
-2.195642868031751149e+01
-1.045718993978942635e+01
4.824393247620903047e+00
2.678577128004517149e+01
3.469738422127824862e+01
2.637773912119652309e+01
1.429299445958146286e+01
-7.204106066365175920e+00
-1.731289256058442305e+01
-1.371379404680775593e+01
-1.122508406953190985e+01
-4.469390825555949576e+00
-2.823006445423127952e-01
-3.538321887920670150e-01
2.994840743252695336e+00
7.918606050965214749e+00
8.463725284119743009e+00
5.043020660005418598e+00
-9.020778198748290455e-01
-1.074405622538624350e+01
-1.319599069236945965e+01
-7.455225092549935262e+00
-8.258700937206228665e-02
1.180989414043137664e+01
1.539316324042211725e+01
9.188876877814637467e+00
1.714868893760608692e+00
-1.046397893540122226e+01
-1.411088244182712970e+01
-7.499267063583539894e+00
1.871448517034628445e-01
1.254580019483518250e+01
1.705931981415810128e+01
1.199224012022130559e+01
6.330002056328477344e+00
-3.340890754449146183e+00
-9.918388822054392762e+00
-1.217559695496545125e+01
-1.638659419986858978e+01
-2.066066621844985463e+01
-1.814477553721366121e+01
-8.760111141421804248e+00
5.794245958774500771e+00
2.739921889170649649e+01
3.392211327693794942e+01
2.368416353953124798e+01
8.950907332291430762e+00
-1.609950976751881058e+01
-2.580881085828105270e+01
-1.749019919067874795e+01
-8.365694262008243953e+00
8.259766471036268598e+00
1.462868123161325329e+01
8.020420594667138303e+00
2.452208108182336588e+00
-6.861993823178388574e+00
-1.073032504654774577e+01
-7.126306587028466311e+00
-4.343299700382702078e+00
2.811381211169206029e-01
4.111115784667241257e+00
6.158773662449569919e+00
9.905945965202301196e+00
1.453009870569715645e+01
1.346175189781549086e+01
6.487613572552502816e+00
-3.955268826779131608e+00
-1.961981633375830469e+01
-2.472611556048945047e+01
-1.797531110799333121e+01
-8.439218402584737433e+00
8.038513586398565280e+00
1.445814434043871621e+01
8.953336731841776697e+00
3.177609595336594150e+00
-7.315193769337575702e+00
-8.322860378196811126e+00
2.266378930990486928e+00
1.403259219394315771e+01
3.089019280793059608e+01
3.406486724500852858e+01
2.102856395165504466e+01
3.951021110538919245e+00
-2.244749500293389488e+01
-3.687004821408235244e+01
-3.683553328767803947e+01
-3.708152951771682382e+01
-3.197400520036786276e+01
-2.229362649984728506e+01
-8.930704216687153973e+00
1.329765096662176482e+01
4.445715328557893287e+01
5.634771342658616788e+01
4.751819962660555063e+01
3.178562390560320239e+01
1.830821894269099470e+00
-1.306519333316056297e+01
-1.025067163005630988e+01
-1.008767782554675563e+01
-5.276193106924115028e+00
-8.805441403699177272e+00
-2.344335386595811244e+01
-3.715909213720147619e+01
-5.360368049401402146e+01
-5.133653328839176311e+01
-2.698288111350455409e+01
6.445181819559948622e+00
5.538422839557963329e+01
7.665797881989666962e+01
6.599550794284094479e+01
4.971973903151908303e+01
1.627925126592809946e+01
-4.417823218307180611e+00
-8.687837654833806766e+00
-2.078238025266906064e+01
-3.323189161115472245e+01
-3.903595419172373937e+01
-3.985270077557299118e+01
-3.315445805399313173e+01
-1.731787089848658212e+01
-6.075925400536070775e+00
7.170079502927144688e-01
1.137564599969672585e+01
2.305823080549760107e+01
2.962990092825694077e+01
3.117937237264700912e+01
2.852871103919187945e+01
1.996013688229518124e+01
1.084023172344668673e+01
9.765431757614826402e-01
-1.396578545225730750e+01
-3.311513767773745798e+01
-3.764472826916828296e+01
-2.634537736019194298e+01
-7.667575416563257917e+00
2.353393147176231537e+01
3.552165670280061249e+01
2.564659182251270764e+01
1.364866424091869845e+01
-8.624237977360326823e+00
-2.073972114311780501e+01
-1.982422429472893555e+01
-2.244587519923892316e+01
-2.331007017722688346e+01
-1.910140508160085204e+01
-1.097800993636940703e+01
3.757822069476679960e+00
2.589755389195656221e+01
3.590941277232210638e+01
3.293842956051341986e+01
2.717851526007842367e+01
1.374447371064175805e+01
4.551364055552218346e+00
8.618960089969733840e-01
-7.191355442010858745e+00
-1.678363414055145597e+01
-2.333538442866781537e+01
-2.747622539585339752e+01
-2.927549467217448509e+01
-2.768383917710823638e+01
-2.105881369630651179e+01
-8.681306307559598423e+00
9.750022059553359099e+00
3.518568485120457012e+01
4.518713575079080869e+01
3.810452678367305168e+01
2.568606718140608791e+01
1.944483385305281420e+00
-1.074603238235324199e+01
-1.027496528606064885e+01
-1.258517988262867249e+01
-1.210818914619684783e+01
-1.247057771433676443e+01
-1.524838678004105219e+01
-1.424174434304588388e+01
-1.047331652403374846e+01
-6.575575281764310276e+00
-1.734719326080626400e+00
4.689667547950227444e+00
1.244157112636345985e+01
1.653385200720850179e+01
1.652438563735454125e+01
1.469426090063732460e+01
9.614271994844285629e+00
4.606751411885304570e+00
-1.814067055138888218e-01
-7.694902867821848957e+00
-1.728610802866737117e+01
-1.976375782219268373e+01
-1.463234220084880910e+01
-5.835479432489435681e+00
9.113618369469445923e+00
1.451184762138711903e+01
9.076841772000523889e+00
2.522434171152386995e+00
-9.176917038652355529e+00
-1.246064385577260225e+01
-5.560807831173988802e+00
1.718908974709012938e+00
1.299946931999758526e+01
1.551605496714656240e+01
7.349003007963603729e+00
-2.453095357281038780e+00
-1.747067449010096496e+01
-1.966556718187014496e+01
-6.771162303949601835e+00
9.611017777155227648e+00
3.447878669515519334e+01
4.086304603469047692e+01
2.568555018160816417e+01
6.044553466294802391e+00
-2.539690219521344972e+01
-4.057286732453411560e+01
-3.612049480660478196e+01
-3.169756495592421786e+01
-1.986793378505480945e+01
-9.750972480916901830e+00
-3.408217671412871130e+00
9.769355270048153628e+00
2.747991934483323107e+01
3.435484573864085434e+01
3.038290913233045742e+01
2.122733970275144699e+01
3.044256923295442618e+00
-7.410966609557087637e+00
-9.016614263485807967e+00
-1.319369244138773567e+01
-1.595102227889258018e+01
-1.453475635173150948e+01
-9.539818328662072133e+00
9.032028941825810398e-01
1.760412117937108434e+01
2.325851056449110743e+01
1.704450772822552196e+01
8.124827911892349874e+00
-7.846846882368624598e+00
-1.682998006866883145e+01
-1.732371372117486885e+01
-1.971312490837732057e+01
-2.046943109525594906e+01
-1.615101711036303200e+01
-7.237470926067137711e+00
7.508253128576651392e+00
2.906846885927567214e+01
3.683230819428136016e+01
2.956373128361883218e+01
1.810032925298410333e+01
-2.888337433971380097e+00
-1.234902131374638934e+01
-8.169167816470903176e+00
-4.975876804022269617e+00
2.595314111669403623e+00
-1.901509885423481316e-01
-1.579855965517880279e+01
-3.288565618797237988e+01
-5.558011087397047589e+01
-5.734518580367278417e+01
-3.473284676651622505e+01
-3.721751645007619125e+00
4.326980376247687587e+01
6.914366647983847258e+01
7.007819876124364100e+01
7.045818374346578139e+01
6.054797015007049055e+01
4.281622967118657641e+01
1.863438052664324829e+01
-2.154185825429129153e+01
-7.766752592692388646e+01
-9.996606932610320939e+01
-8.590460383601022443e+01
-5.978127721586950827e+01
-8.676435492343500755e+00
1.932719923791428585e+01
1.994406735758906990e+01
2.744007229615648669e+01
2.999383958030892572e+01
3.215058041232860120e+01
3.705853780344122583e+01
3.312548446534665203e+01
2.168597952267480267e+01
1.087736265775691713e+01
-8.111641439729503356e-01
-1.670071483869863371e+01
-3.564896505452578879e+01
-4.147614001377781534e+01
-3.286717744615479120e+01
-1.683072297441868770e+01
1.125661971207493650e+01
2.374809386334471384e+01
1.852777087817359458e+01
1.305079907605265532e+01
3.583311828138211474e-01
-5.504865224009575009e+00
-2.259055584606832756e+00
-2.347471834802252744e+00
-2.127950160640828869e+00
-1.803791886314200177e+00
-2.707065186153766678e+00
-1.911242452084963794e+00
2.356517470128115521e-01
2.032377779466111978e+00
3.865639387482044054e+00
6.295781700576185358e+00
9.107424349385111029e+00
8.813748244962125611e+00
5.108108537380764425e+00
-4.743798692789013005e-01
-8.939376199485824515e+00
-1.292914805319317040e+01
-1.184305825373667709e+01
-1.010847834352596131e+01
-5.819245236967264034e+00
-2.358205154611466625e+00
-2.017025529638550863e-01
3.895321121347884663e+00
9.133208476734598236e+00
1.189736579803585670e+01
1.224875765640896752e+01
1.133173430853607400e+01
8.247326653518694428e+00
5.482763296309880907e+00
3.105410700336290297e+00
-9.001527580783552640e-01
-6.046055552260281019e+00
-1.123946778594221030e+01
-1.665235504893203000e+01
-2.250964859232119153e+01
-2.860334035010187392e+01
-2.609087589612772717e+01
-1.401450071326300062e+01
3.666205334148642692e+00
2.958190259933530797e+01
4.190528416172558224e+01
3.882244763779004870e+01
3.315785717996298843e+01
1.919033759075294654e+01
8.281661629907681288e+00
1.855180486456537103e+00
-1.046090708431212946e+01
-2.599592420381386049e+01
-3.463524105730146374e+01
-3.666082658089986523e+01
-3.494558982145670001e+01
-2.698367330066567149e+01
-1.830853873569324364e+01
-8.880078396507551375e+00
6.289026514162838311e+00
2.629683376324245714e+01
3.827699358982343369e+01
4.179270819937708126e+01
4.253711596171915232e+01
3.719357007736832088e+01
2.590439666550405207e+01
8.370825495570951347e+00
-1.853739195863457567e+01
-5.542546543270510284e+01
-6.638144263717992999e+01
-4.894653919360722227e+01
-2.109140037886075092e+01
2.679047245686541245e+01
4.636492813697461912e+01
3.320387092152324726e+01
1.878781861154845245e+01
-9.295590718893842919e+00
-2.057094781243374371e+01
-1.034654861513152646e+01
-3.425949850713797762e+00
8.298172673439179192e+00
1.341918393616261085e+01
8.639437787050761486e+00
5.928100393529124545e+00
1.807110457402983927e+00
-3.015462923928747596e+00
-7.241913097639592678e+00
-1.410436572429108537e+01
-2.315659447034483875e+01
-2.284553132772821371e+01
-1.257518183839903791e+01
2.551985626664812212e+00
2.561456380672616362e+01
3.283108635383383955e+01
2.210448665503108501e+01
7.455247331835031410e+00
-1.740419362824116689e+01
-2.786946784258177345e+01
-2.115443396588387159e+01
-1.435124986543442027e+01
-1.012118715556468818e+00
9.118054855183356011e+00
1.404339278199230812e+01
2.379089832639294855e+01
3.581520993752018001e+01
3.412598887423899185e+01
1.834874678061376585e+01
-5.909809060987367246e+00
-4.289229667509547284e+01
-5.491061233787318940e+01
-3.894839355809998693e+01
-1.674106792796153087e+01
2.157966127095597031e+01
3.727368145345821659e+01
2.601847842219230600e+01
1.468439355942619251e+01
-6.849821342341677166e+00
-1.609879817222378406e+01
-9.175945126795697959e+00
-5.165626864616815972e+00
2.031287406541535834e+00
6.051926284281443635e+00
4.541011448188253752e+00
5.473172731515541400e+00
6.820234837490686708e+00
4.307640616295270952e+00
-1.530913511889036904e+00
-1.033034648617852369e+01
-2.304201125017408813e+01
-2.440303314337524654e+01
-1.325792847471707603e+01
2.325724460996200449e+00
2.641759581646509503e+01
3.427220908287053192e+01
2.345183989661753898e+01
9.245754080647227369e+00
-1.492234314653723892e+01
-2.415369336214217100e+01
-1.545600491403463117e+01
-6.273744825365094258e+00
9.991558325011279607e+00
1.535523489214746640e+01
6.969787513552161862e+00
-1.125655793015852391e+00
-1.385545220423346002e+01
-1.780079187109457450e+01
-1.057868440087693784e+01
-2.636508297159187997e+00
9.850084842850389322e+00
1.519961061561267179e+01
1.156749685841246489e+01
7.752423570597229308e+00
5.045453488324237457e-01
-3.930709616449848731e+00
-4.378733311026311803e+00
-6.573243904537192428e+00
-8.830684009811644586e+00
-7.589858826257855462e+00
-3.079646803132137123e+00
4.369393222548785261e+00
1.566989680765660964e+01
1.819066757322256223e+01
1.104873584953698007e+01
1.099292139130465307e+00
-1.495967849529234428e+01
-2.009441793449287061e+01
-1.255098591356691706e+01
-3.258246592616972137e+00
1.228929236314338880e+01
1.853960287672278184e+01
1.347408436486358774e+01
8.291965739178031924e+00
-1.164026582482604821e+00
-7.973595435123964847e+00
-1.074428991864007976e+01
-1.625533266055921189e+01
-2.265882076473105400e+01
-2.099047675561322279e+01
-1.111278945260668571e+01
4.199565108948045022e+00
2.734100666616776465e+01
3.473673177381272836e+01
2.455314304681245829e+01
1.017523169845179787e+01
-1.457316559321016136e+01
-2.453061784557617031e+01
-1.695639543621155454e+01
-9.116010507463087720e+00
5.556101915458072860e+00
1.245575431680818568e+01
9.103306850587035370e+00
7.898445715088886487e+00
4.905372265059474657e+00
2.563061103959907161e+00
2.244811456978664577e+00
-3.991139719649635098e-01
-4.529542780593967422e+00
-7.606024612722681155e+00
-1.004641296536025941e+01
-1.243544256849815710e+01
-1.431982020205358452e+01
-1.262063971435873100e+01
-6.945833713016387634e+00
1.622150396121439631e+00
1.408071326446084726e+01
2.043995135145601338e+01
1.995459331244170542e+01
1.835239323574559478e+01
1.303922508675237069e+01
7.892652422662621348e+00
3.405984016153890348e+00
-4.525892663183276987e+00
-1.507493322135926661e+01
-2.008287070226177207e+01
-1.936745986802892006e+01
-1.628198912460858594e+01
-8.739272166688071053e+00
-2.889367598489993583e+00
8.920774860512402649e-01
7.422534704292507612e+00
1.535310100087457741e+01
1.650815568289540991e+01
1.061200128724374458e+01
5.541900457695827509e-01
-1.588232764397262642e+01
-2.222619328487066070e+01
-1.724792436083779634e+01
-1.081981773880617936e+01
1.265280413509006108e+00
1.122879248624041715e+01
1.795458919438930678e+01
2.871877371417726010e+01
4.164352788883051915e+01
4.001845765755042095e+01
2.304387369168722088e+01
-2.797712030371789727e+00
-4.207271377745141905e+01
-5.840418598954745732e+01
-4.886908717748363529e+01
-3.491566861790621346e+01
-7.082281376431884823e+00
9.494072968543710189e+00
1.173547180108926291e+01
1.971338977865149644e+01
2.711676239062878935e+01
2.777334103217979333e+01
2.294158833002938636e+01
1.055387617715696003e+01
-1.090795523910339426e+01
-1.874551123471636416e+01
-1.201083600839704957e+01
-3.099246099881319161e+00
1.355644893875840928e+01
1.596272432500050797e+01
1.594707574088062962e+00
-1.448362582881009963e+01
-3.808000712112132646e+01
-4.193196945910760576e+01
-2.243283984181233137e+01
2.696466287247935689e+00
4.107529776932377530e+01
5.298975041004042197e+01
3.388859723844612404e+01
9.207173944551200861e+00
-3.183074702167236580e+01
-4.721047797987809247e+01
-3.182217932945127714e+01
-1.486923120398825660e+01
1.485603347627057325e+01
3.047131101411901000e+01
2.763829738398466773e+01
2.855471534923658794e+01
2.599987003996767854e+01
1.984958578367502113e+01
1.200500568301515791e+01
-3.402467063468713082e+00
-2.625962441812417936e+01
-3.847263548790088095e+01
-3.967457944150657312e+01
-3.866218139494959871e+01
-3.104684710883050514e+01
-2.097365008831448208e+01
-8.818963006186546494e+00
1.119171242822295653e+01
3.847630287997562704e+01
5.108740359338860770e+01
4.803775311429866690e+01
3.966238077859699729e+01
2.027382896523765510e+01
6.458405864673886221e+00
-4.643849117915651581e-01
-1.346491271831389192e+01
-2.873093958081232202e+01
-3.689788129299924435e+01
-3.840812732590914891e+01
-3.486672746958594615e+01
-2.388686719311498408e+01
-1.337630734342060634e+01
-3.258670778729719331e+00
1.257542086636907896e+01
3.268818035841314185e+01
4.076910946431134164e+01
3.603795928029447282e+01
2.535104830256326736e+01
4.324032634723586455e+00
-8.316083206323968469e+00
-1.125331665136282133e+01
-1.742260895551530098e+01
-2.234917095904456730e+01
-2.119518977916231961e+01
-1.448134344102935245e+01
-9.371462012708354772e-01
2.083520134692910730e+01
2.742790589321970174e+01
1.756149872350056640e+01
3.851585733190385774e+00
-1.964011148768378234e+01
-2.682635659728333266e+01
-1.492595559601476651e+01
-1.370400083470405317e+00
2.068271767651928528e+01
2.789362956136929128e+01
1.699668703876469067e+01
4.774495917718620142e+00
-1.514554097284661793e+01
-2.296584197551171513e+01
-1.572186281029738808e+01
-8.186568207933349939e+00
5.074958712623293344e+00
1.132247585962348424e+01
8.333398059781195855e+00
6.738887810733699801e+00
3.038982070024645488e+00
-4.534712065549110216e-01
-2.614246521822964020e+00
-7.437487994082027321e+00
-1.420483618746437315e+01
-1.482281684746878447e+01
-9.118235897161644843e+00
-4.056792955539038070e-01
1.337762566109924300e+01
1.923930094081889308e+01
1.609593425663614141e+01
1.193901525442810829e+01
3.420680851449013904e+00
-1.446708318711201757e+00
-1.554167486566023770e+00
-3.544135336537288516e+00
-5.372485798789598199e+00
-6.759215897582908639e+00
-8.323426552271170564e+00
-8.590793599129680658e+00
-7.590019574579647710e+00
-5.200509033526671487e+00
-1.040802568733100841e+00
4.891320953805877281e+00
1.284618413367932810e+01
1.405780913238076657e+01
7.784838780240270317e+00
-1.518501676557241442e+00
-1.626595844671178881e+01
-2.071415500516957309e+01
-1.340288488568686454e+01
-3.955776427616710222e+00
1.177809109650773323e+01
1.941988475995503904e+01
1.722245298995309781e+01
1.556078168572713949e+01
1.066062015871690072e+01
6.551611402652190108e+00
4.328210030804562791e+00
-1.066013939986776293e+00
-8.569675099349487013e+00
-1.478121315324465712e+01
-2.011433142950135888e+01
-2.545422187139200432e+01
-3.012418488975752950e+01
-2.612300743666092373e+01
-1.250870381791485642e+01
7.548889637465223679e+00
3.653809479121855475e+01
4.828287626470101657e+01
4.066151388956836144e+01
2.847672373127698009e+01
4.808006581786467670e+00
-7.497245366981935888e+00
-5.976257309053197631e+00
-7.516388830328222248e+00
-6.355550172685363819e+00
-1.095015258512919409e+01
-2.351190970330047136e+01
-3.542953308756760578e+01
-4.918702089690712853e+01
-4.610494632423584704e+01
-2.336155946041871800e+01
8.276008631162104834e+00
5.443853114158264361e+01
7.352807020539123073e+01
6.158138938420751174e+01
4.347682995037889242e+01
8.095792784600911673e+00
-1.141513424161689372e+01
-1.118350446538006437e+01
-1.662641628666606763e+01
-1.935754005412925594e+01
-2.380565456348204734e+01
-3.260096765495044480e+01
-3.695689915674552140e+01
-3.832667077154351887e+01
-3.157922585504446644e+01
-1.466952273792240469e+01
9.089474042478762783e+00
4.189673193571770327e+01
5.710020395773668866e+01
5.237470451663753579e+01
4.260155736876123456e+01
2.060536781291301978e+01
4.844759781573338309e+00
-2.801901126853276303e+00
-1.748825678412321238e+01
-3.485087914467804637e+01
-4.124050497473172783e+01
-3.693134776031968869e+01
-2.510479683212892965e+01
-2.212160267055452323e+00
1.048109745981075847e+01
1.190428393487423442e+01
1.554499227169245401e+01
1.637413990409402231e+01
1.494102153198538296e+01
1.217111869444863004e+01
3.767461554160838499e+00
-1.026154253496227753e+01
-1.563454350411065086e+01
-1.204048526154482524e+01
-6.575274333905406721e+00
4.217770472345018007e+00
9.424999403429232814e+00
7.916749708838278998e+00
7.797012958348779499e+00
6.350820520741456754e+00
4.605244020214323442e+00
3.340678377022173962e+00
-9.164062803416361813e-02
-5.355822689615731491e+00
-8.524846895146726666e+00
-9.710633578880118577e+00
-1.059178390202571762e+01
-1.028700569905690543e+01
-7.987229396416815952e+00
-3.582937460788510720e+00
3.295911176632441375e+00
1.301754088233411544e+01
1.604685208504436389e+01
1.172131477695469037e+01
4.989894439174344498e+00
-6.675769295823661409e+00
-1.140221762803759908e+01
-8.050431531857231704e+00
-4.481717535015730114e+00
2.361364381938264145e+00
6.700582874399096056e+00
7.530382500600380169e+00
1.014651304762965012e+01
1.303906069492353303e+01
1.307580000062554859e+01
1.051362170729241896e+01
5.650658945759816199e+00
-2.284670609318124157e+00
-1.098807860681184501e+01
-2.056692653174880547e+01
-3.288809079670732416e+01
-4.759356101535192352e+01
-4.518332732293062293e+01
-2.397507661303600202e+01
7.042863108226252500e+00
5.339560090659701785e+01
7.079961184803245544e+01
5.540192314899756099e+01
3.325248314209331824e+01
-7.342625068191995119e+00
-2.706551677909622100e+01
-2.140266351124917321e+01
-1.912647815377510341e+01
-1.012433139680262961e+01
-6.826478218998413894e+00
-1.261463053825003300e+01
-1.334538734773494362e+01
-1.251608037251166827e+01
-1.007102613156875215e+01
-4.184141809745264062e+00
2.484960971944378372e+00
1.055875441167152928e+01
1.722175406881950011e+01
2.187652711331119804e+01
2.651654797715163525e+01
3.024449981706209201e+01
2.660739915990072291e+01
1.496141839871273937e+01
-2.532121895620105256e+00
-2.787080772371004400e+01
-4.085849938587554675e+01
-3.997852423217192808e+01
-3.676496340272915830e+01
-2.596214554527340823e+01
-1.408807825738972497e+01
-1.984445328905855899e+00
1.805146492077611242e+01
4.474438968421271312e+01
5.232283540531082622e+01
3.953048615277156586e+01
1.788320151728324348e+01
-1.944382618918188044e+01
-3.403797604126616960e+01
-2.266267350587301976e+01
-9.671159390008842394e+00
1.474561849092636834e+01
2.010367137082857525e+01
2.171727860882602723e+00
-1.643274008550313070e+01
-4.390163475543418770e+01
-4.964105372715292930e+01
-2.901914610882924705e+01
-3.290560407865043668e+00
3.621059251608487983e+01
5.409656017529736260e+01
4.591340343760833775e+01
3.596303021057111948e+01
1.467067906376330733e+01
8.810540942197864211e-02
-4.769873725801507369e+00
-1.667744787301559128e+01
-3.101443215593996783e+01
-3.419750856757131885e+01
-2.676390983252875344e+01
-1.158663397257261352e+01
1.475804324277513935e+01
2.572982134161647849e+01
1.971826546725311147e+01
1.252810526499544252e+01
-2.425650375012338600e+00
-9.630118280066300329e+00
-6.881304325012091994e+00
-7.019657673989049051e+00
-6.057748441099643166e+00
-4.374074683394173491e+00
-3.236818230021139886e+00
6.861634454020421048e-01
7.091731150362038605e+00
8.567605707632115042e+00
5.055053944703833402e+00
-9.616793383869762235e-02
-8.669595905884710518e+00
-1.203605600737236259e+01
-9.386850369029287933e+00
-6.329405906795194880e+00
-6.392042120121631532e-01
5.707296704535132825e+00
1.223836999960610861e+01
2.177789120771478082e+01
3.389495091055123765e+01
3.343542914031626623e+01
1.936479042431639996e+01
-1.416871942499974946e+00
-3.306347122748934453e+01
-4.727489928578659573e+01
-4.161778565074675384e+01
-3.328020207667485408e+01
-1.488974798031928160e+01
-2.609572668628257208e+00
1.387984423092386344e+00
1.110461355603875511e+01
2.254413499156975575e+01
2.869844315452646200e+01
3.039787310772731033e+01
2.792177181781741879e+01
1.962121208514710347e+01
1.139236274089192769e+01
3.018305733927203249e+00
-9.942462677344231281e+00
-2.649141584414640960e+01
-3.348298700412073714e+01
-3.025145652623276860e+01
-2.246675500589693186e+01
-6.596456160091211274e+00
3.444764109174079270e+00
6.678179432438870577e+00
1.296330856711268531e+01
1.901295578142411458e+01
2.005096445371231795e+01
1.643381640049214454e+01
7.847451478890833165e+00
-7.029191411413587609e+00
-1.287158671668248111e+01
-8.927572575426847123e+00
-3.843528805249484481e+00
6.160911086038114881e+00
8.104396396426608362e+00
4.140593493364206901e-01
-7.605880554437869812e+00
-1.936521252579214902e+01
-2.125655303108281657e+01
-1.128431699871342353e+01
1.316180509139807109e+00
2.039570694651973781e+01
2.710883733138398810e+01
1.921112059137632855e+01
8.977580006289633374e+00
-8.721825515558519371e+00
-1.625258315598293990e+01
-1.138258880491108194e+01
-6.899153142288106721e+00
1.869199868622573257e+00
5.613995689646825937e+00
2.554221738785269924e+00
9.885251469861529028e-01
-1.643002565824869254e+00
-2.876171292462573081e+00
-1.669540895127814784e+00
-1.261179027526282415e+00
-8.163876934969820365e-01
3.349066655328921671e-01
1.876597505437620050e+00
4.187134904028527060e+00
7.351696888944384334e+00
7.683269626051998813e+00
4.942626558895523381e+00
9.442652924019339089e-01
-5.292641290061116166e+00
-7.949892342510059606e+00
-6.489620514875071855e+00
-4.539482126500898218e+00
-5.778567080818011181e-01
2.135384197227425673e+00
3.138857752151773095e+00
5.282265018162782155e+00
7.750621327017915618e+00
5.317299096930733882e+00
-2.241710417264715982e+00
-1.309877849491659951e+01
-2.869833314369077826e+01
-3.135249739504178734e+01
-1.956166098479120663e+01
-3.025266165010429553e+00
2.301275635939001063e+01
3.607551244104278965e+01
3.390797014321136515e+01
3.135683258455591016e+01
2.257289275931975681e+01
1.383993077514940495e+01
6.533013875881645838e+00
-7.290674791166034119e+00
-2.616943928336803538e+01
-3.562132722217848624e+01
-3.548861329992198677e+01
-3.173189182306753153e+01
-2.074190423265650907e+01
-1.040106852538036541e+01
-1.128349214324178007e+00
1.406815111314419475e+01
3.362232172044292611e+01
3.941425727603095908e+01
3.062924539930347123e+01
1.485436517594990491e+01
-1.275303226785558230e+01
-2.413590920856465161e+01
-1.707575026476780522e+01
-9.294738340744835625e+00
6.302090965600834593e+00
1.176859203324562486e+01
4.430840680157893452e+00
-1.307551734186480186e+00
-1.020077728178429766e+01
-1.080925814156648634e+01
-7.463706688394347033e-01
1.074322272969699732e+01
2.706192701021092972e+01
2.764599919852971865e+01
9.833766961935927142e+00
-1.373603942121893517e+01
-4.889699666172273140e+01
-5.412802743073410028e+01
-2.505668437895312550e+01
1.353608119272769450e+01
7.298137291648328073e+01
8.426380748516602637e+01
3.998627271622257950e+01
-1.733658062918126674e+01
-1.064013055866253552e+02
-1.293602727264070609e+02
-7.521003954783500944e+01
-6.414459198272948193e+00
1.034818513611740656e+02
1.400691583619851315e+02
8.962981731652497785e+01
2.908793835608280887e+01
-7.236410745040029724e+01
-1.109345719406507698e+02
-7.254631194733782706e+01
-3.259966116156098082e+01
3.689383926697981764e+01
6.784803196068332909e+01
4.869745262718504364e+01
3.522046450674793761e+01
8.735526141803955369e+00
-7.370766237281021205e+00
-6.218943744904164461e+00
-1.436919447045807452e+01
-2.492571638932505351e+01
-2.631860423971816942e+01
-2.056397707152364163e+01
-7.651066389002238566e+00
1.483666706647966294e+01
2.339728636600175804e+01
1.690021567495987753e+01
8.710260108667856827e+00
-6.928391353049627277e+00
-1.421025134702966675e+01
-1.109119854320609910e+01
-9.855970142420931168e+00
-6.430829996604521703e+00
-4.008328970172882144e+00
-3.948426342586800253e+00
-1.457136887239876000e+00
2.474491878662420152e+00
6.640386441431902043e+00
1.163446008035207413e+01
1.730946540773717857e+01
2.360479849745301095e+01
2.212096814678331214e+01
1.194482033666476539e+01
-2.976501461186800590e+00
-2.511833640739139639e+01
-3.296103537318777654e+01
-2.463521855959075779e+01
-1.263787483756849817e+01
8.738293451198321904e+00
1.916358371693607054e+01
1.637813349423914744e+01
1.498589036506524863e+01
9.756454491756084479e+00
2.392952495594656614e+00
-5.916488002683689906e+00
-2.030314024643482185e+01
-4.038001635028813041e+01
-4.241262665198473769e+01
-2.512310918387906966e+01
3.377922363450939214e-01
4.023203570157398445e+01
5.571137327266593786e+01
4.327687105339866491e+01
2.689894570924576911e+01
-3.568678876327833205e+00
-1.882825732305406774e+01
-1.508249082545843223e+01
-1.488165538807157162e+01
-1.062297391360588072e+01
-8.637551860338859910e+00
-1.139693039764758176e+01
-9.730270611976637340e+00
-5.530843056360022381e+00
-2.592242750748770863e+00
7.614367704698390971e-02
2.914630358259188370e+00
5.381431752997045237e+00
8.869577490847120771e+00
1.338263611519777641e+01
1.789872187240960955e+01
2.268083640145818691e+01
2.099600526905301479e+01
1.201447652579066805e+01
-9.596977519049181282e-01
-1.993774791923462786e+01
-3.024165441485009609e+01
-3.061826202361877947e+01
-2.991233068070334866e+01
-2.429142542147029715e+01
-1.606943321776228828e+01
-5.724154174398077721e+00
1.118777128770928009e+01
3.437790191741405010e+01
4.324758526130300851e+01
3.673749351892193715e+01
2.468118038185886221e+01
1.690618458924244560e+00
-9.919571461333433149e+00
-8.213584151577601133e+00
-8.581693859408462188e+00
-5.487335698973004661e+00
-7.588764068578132793e+00
-1.685104862978707274e+01
-2.471396459523221623e+01
-3.359313568129788763e+01
-3.156231345141661038e+01
-1.645885621105849594e+01
4.223425677745528795e+00
3.418361074271894040e+01
4.671389315995121905e+01
3.917060882901457575e+01
2.760645101478760566e+01
4.838308797254510019e+00
-8.858398525031436321e+00
-1.110850582796627251e+01
-1.781867373903795482e+01
-2.390995849855667288e+01
-2.224409932599527906e+01
-1.354596088357558870e+01
2.849213310716764092e+00
2.883402810383531545e+01
3.625172101091479249e+01
2.343676644732353864e+01
5.665391552764252658e+00
-2.425744420604851825e+01
-3.577422715332292569e+01
-2.563123185847354080e+01
-1.448082789996921349e+01
5.654517058759254589e+00
1.412444474826038210e+01
7.705052471739750608e+00
2.852189433814558583e+00
-6.009337549702782333e+00
-7.518701492108450068e+00
7.852081347190318361e-01
8.943852007505103785e+00
2.026876271548735176e+01
2.075292401358197836e+01
8.160745538867628213e+00
-8.123584544958415421e+00
-3.218910377409661550e+01
-3.550587823555294875e+01
-1.493775555912308839e+01
1.241808075369782038e+01
5.441171077193246219e+01
6.514942167448056409e+01
3.972894290120986938e+01
6.736778559449880355e+00
-4.620343382986548875e+01
-6.826774818686224933e+01
-5.348368795473250259e+01
-3.661963317390132744e+01
-4.149275491425763462e+00
1.340915133359849598e+01
1.114287785023232402e+01
1.497249108260720440e+01
1.681878282931661417e+01
1.873523226002230402e+01
2.337620773736896140e+01
2.329180323817151077e+01
1.943390269237897527e+01
1.373797823675256069e+01
4.976790238143635747e+00
-7.219010156034797454e+00
-2.300023342711591212e+01
-3.087941514934971821e+01
-2.992028818693638925e+01
-2.594523640904959194e+01
-1.580158132144211258e+01
-7.448571101702215813e+00
-1.498867606924146445e+00
8.719657422492286258e+00
2.145493527122813049e+01
2.762180711272634426e+01
2.713078184997267073e+01
2.305297598541483239e+01
1.302234297909168603e+01
4.656338714515860566e+00
-1.752340473928548192e+00
-1.204725438606945431e+01
-2.463330347683229959e+01
-2.900096322943243621e+01
-2.478576507714754129e+01
-1.584699891847392728e+01
6.497319795963806266e-01
8.226373366162491152e+00
5.736690695328702461e+00
3.640405692480542577e+00
-2.135173606019181936e+00
6.046282166363555755e-01
1.367592438341583971e+01
2.798985772321968213e+01
4.688282127766395746e+01
4.778557708635931078e+01
2.780987198287866846e+01
3.718139544063588930e-01
-4.097743366233758167e+01
-6.050862488361023139e+01
-5.458856247229863357e+01
-4.592576181394476009e+01
-2.505169342941653809e+01
-8.438751040530759084e+00
1.409794332109062021e+00
2.047916818151254859e+01
4.479822406732142070e+01
5.146055944476412236e+01
4.021597711594847624e+01
1.901990776341727241e+01
-1.806479216737943361e+01
-3.383984437489885977e+01
-2.564066130998874371e+01
-1.655272655195091858e+01
2.737204804421491389e+00
1.136981811281405541e+01
6.151341678626582876e+00
4.706485592888834724e+00
1.600335410592209406e+00
-3.998638036655688399e-01
6.919806186527366343e-01
-7.363394573758146322e-01
-3.602905640187764380e+00
-4.110825821576316486e+00
-2.736411789488272017e+00
-4.376435463172313467e-01
3.530906814967514240e+00
4.871573088054688583e+00
3.276282894388826694e+00
