2.599451126559754499e+01
2.599847214093060543e+01
2.600712775465159154e+01
2.602111114198038777e+01
2.603323149797530434e+01
2.604561457201821284e+01
2.613065050112374976e+01
2.629501330051051156e+01
2.650640004356018764e+01
2.678571241471978226e+01
2.708983435647586546e+01
2.741748721785765497e+01
2.780936601820957677e+01
2.825778757361819871e+01
2.871348123905644201e+01
2.917835925681153952e+01
2.967216565630336333e+01
3.018383789118342975e+01
3.075480526802486025e+01
3.138865364406654379e+01
3.205653550460274914e+01
3.276864846115886110e+01
3.347258537166812431e+01
3.416083435527694689e+01
3.486613707060806888e+01
3.557333594084868622e+01
3.630708079829368273e+01
3.707011021763823777e+01
3.783681442903159819e+01
3.861234211180240550e+01
3.944667280309712254e+01
4.034082383720775056e+01
4.127422097051814376e+01
4.225959455200965920e+01
4.326141711434983250e+01
4.427756317847963174e+01
4.533645411620194210e+01
4.643041492882786514e+01
4.719766770127169764e+01
4.760447790445436311e+01
4.781478377571342264e+01
4.772430287380738889e+01
4.754733331636306559e+01
4.729092889372405750e+01
4.675274362424185171e+01
4.597133681875136091e+01
4.519634647492642188e+01
4.441897863593212037e+01
4.353942329185365168e+01
4.261424733191409331e+01
4.143541529711522742e+01
3.998535102081153525e+01
3.841012782524188651e+01
3.665895614314096207e+01
3.498982935502620251e+01
3.344053559100741069e+01
3.184980598310247402e+01
3.029268426425096195e+01
2.864936286675303379e+01
2.690677410606931019e+01
2.519089503157436027e+01
2.347705750537410907e+01
2.151855391433105069e+01
1.931068633251862821e+01
1.695588681461130420e+01
1.439162515480091997e+01
1.179373541363415612e+01
9.173193616847868270e+00
6.390025450429877019e+00
3.482569596679708557e+00
9.963485228792972048e-01
-1.029411370614115473e+00
-2.823578441339522627e+00
-4.232427266191825410e+00
-5.603526475985523447e+00
-6.947424189332481959e+00
-7.951201897946269526e+00
-8.679169823171703158e+00
-9.473726794379254912e+00
-1.031943257080249410e+01
-1.108760849286048078e+01
-1.185528515925865634e+01
-1.232778200968625804e+01
-1.248186531400724242e+01
-1.252214273265371069e+01
-1.237724001163374510e+01
-1.247068090309615762e+01
-1.286172411338933763e+01
-1.329542343009205929e+01
-1.389494895983012590e+01
-1.445770730425485162e+01
-1.496424666618914046e+01
-1.562496851724647229e+01
-1.639922648197951816e+01
-1.689990598904810426e+01
-1.712215115753090089e+01
-1.722646351212855365e+01
-1.711604772710840194e+01
-1.707211344351616944e+01
-1.711323551667208065e+01
-1.701924354453318244e+01
-1.685256183121155615e+01
-1.686048668292546893e+01
-1.704312012528510323e+01
-1.732860629096867200e+01
-1.778190349899892198e+01
-1.820762014635661785e+01
-1.860252436101530904e+01
-1.912193423638346701e+01
-1.972812839253779416e+01
-2.032271754015975773e+01
-2.091751520366383943e+01
-2.153670422229611958e+01
-2.216015486649958532e+01
-2.289163971414097531e+01
-2.373769198559498861e+01
-2.463246037686054279e+01
-2.560109949729173096e+01
-2.639427837719187409e+01
-2.698249324650108605e+01
-2.750293662294799901e+01
-2.788406403797857891e+01
-2.825620172351153414e+01
-2.862911780825423946e+01
-2.887407609864032310e+01
-2.901669281259541933e+01
-2.926014922143042085e+01
-2.960427737189054653e+01
-2.996706647831409498e+01
-3.039819779172130509e+01
-3.074386994451319310e+01
-3.099355572919955293e+01
-3.126423971621203179e+01
-3.152106713523544101e+01
-3.177257232592875624e+01
-3.203211237807756362e+01
-3.227041686507696738e+01
-3.249288349598278813e+01
-3.272202502720439554e+01
-3.295563440298399627e+01
-3.318772954803977626e+01
-3.342300438553611741e+01
-3.361234874135227102e+01
-3.375160382614247823e+01
-3.386782321677311103e+01
-3.394784863793449858e+01
-3.401803436245103995e+01
-3.408099206958491578e+01
-3.411242275408730507e+01
-3.411810810651199688e+01
-3.413843022243938208e+01
-3.417414172529318250e+01
-3.421003627248786927e+01
-3.425658054228345861e+01
-3.428454058973910890e+01
-3.429264247468498894e+01
-3.430448927221635813e+01
-3.431405837562506633e+01
-3.430251258850947949e+01
-3.427104569737271333e+01
-3.422467151080178382e+01
-3.415902165424027004e+01
-3.409144256609188517e+01
-3.402269078103419275e+01
-3.394060502206965424e+01
-3.384903380194314337e+01
-3.377415426270875543e+01
-3.371747648942726272e+01
-3.366958697723472227e+01
-3.363790391487479070e+01
-3.360449604443277138e+01
-3.356917527217147068e+01
-3.354774095059706696e+01
-3.353701935228106379e+01
-3.352195476547980491e+01
-3.350361418786747691e+01
-3.348759931334956974e+01
-3.347072261291562256e+01
-3.346684335097013729e+01
-3.347719180528976324e+01
-3.349264178433216443e+01
-3.351669974368846283e+01
-3.352314450622630915e+01
-3.350877148196553890e+01
-3.348878288357614252e+01
-3.345571589762703013e+01
-3.342308390506799753e+01
-3.339214195811330654e+01
-3.334960085869452229e+01
-3.329825892239151841e+01
-3.326099092092941589e+01
-3.323807434384553972e+01
-3.322037664058453288e+01
-3.321366652749902215e+01
-3.320121427685442228e+01
-3.318203689602054851e+01
-3.316930063684731778e+01
-3.315936882210689163e+01
-3.336108534771174305e+01
-3.379752372499184787e+01
-3.436858858166343111e+01
-3.513559913243594224e+01
-3.598242778387393770e+01
-3.690505478573130205e+01
-3.801792862687459973e+01
-3.930075662286623128e+01
-4.059938616348486562e+01
-4.191832134250402930e+01
-4.332179456106219817e+01
-4.477477662238242573e+01
-4.640306978608935395e+01
-4.821788425985407400e+01
-5.013034178929943607e+01
-5.217139336113169890e+01
-5.420330576227740949e+01
-5.620511867152723795e+01
-5.826611322870866161e+01
-6.034628206590495125e+01
-6.250786898217607757e+01
-6.475856350638964898e+01
-6.703227748724225421e+01
-6.934222766257867931e+01
-7.182582240890820913e+01
-7.448654374879073714e+01
-7.726739365054554298e+01
-8.020367450677602505e+01
-8.319924727933789654e+01
-8.624850915863747502e+01
-8.942929326515216815e+01
-9.272104988876458265e+01
-9.522510870642611280e+01
-9.685884085480424233e+01
-9.802873768339992466e+01
-9.847628008712425185e+01
-9.873602642052617284e+01
-9.882587319127485159e+01
-9.824285181621074514e+01
-9.708357553170182541e+01
-9.596607149485079447e+01
-9.486867800791806360e+01
-9.354540686624328316e+01
-9.213653010265760201e+01
-9.012697357173009038e+01
-8.747366764497454028e+01
-8.453870313792535285e+01
-8.119663952659341533e+01
-7.809020550539349870e+01
-7.531368574416399042e+01
-7.246643875419218261e+01
-6.973566601530420428e+01
-6.682309581705140999e+01
-6.369665662514390192e+01
-6.067056372938709785e+01
-5.768374416890712553e+01
-5.412333187946353519e+01
-4.997814779718799372e+01
-4.550313846876961321e+01
-4.054330754533497583e+01
-3.553636620841465543e+01
-3.051002748456101088e+01
-2.511669347533976904e+01
-1.945214225999090374e+01
-1.447139159246511930e+01
-1.023106001873791904e+01
-6.350345966091544447e+00
-3.094857517954583415e+00
1.692898304188490410e-01
3.460157743115243267e+00
6.221523454428325550e+00
8.572171139629833903e+00
1.107503869863166557e+01
1.370049609295208803e+01
1.624613569415442171e+01
1.883772509947376506e+01
2.097934572744383175e+01
2.263349537015850999e+01
2.414140428793503901e+01
2.538337047264058555e+01
2.713716175085050963e+01
2.950863524046642539e+01
3.203868612545857530e+01
3.495327255985921511e+01
3.787412362863072701e+01
4.076715717558708008e+01
4.402212224300236443e+01
4.756389814620011691e+01
5.069845403374085180e+01
5.341935706199920730e+01
5.601370338624928280e+01
5.830908076152486785e+01
6.081455017583798650e+01
6.356447979862409881e+01
6.616346696969829111e+01
6.872539408706843744e+01
7.082447475374206647e+01
7.237241042914494926e+01
7.364896256577996780e+01
7.451827312563159467e+01
7.512863770030357102e+01
7.549231346955218669e+01
7.540786954100093453e+01
7.489694535278231058e+01
7.440818275189570841e+01
7.394411783645946912e+01
7.329373570820585826e+01
7.256370779354723766e+01
7.142760761560025173e+01
6.985355114439929025e+01
6.808657764105977606e+01
6.604699226214053454e+01
6.388081543778346827e+01
6.162494920715402458e+01
5.914872648924034593e+01
5.649707111638063850e+01
5.363421772522156772e+01
5.054712109353373961e+01
4.729226696860805390e+01
4.386005528752014726e+01
4.003603492535576436e+01
3.580791434641980686e+01
3.127047601330670190e+01
2.636582012263064456e+01
2.122827878515849065e+01
1.586470022207208075e+01
1.015729451618083345e+01
4.132891530441226813e+00
-8.198930455116502092e-01
-4.575577765421539489e+00
-7.767872241464047534e+00
-9.999371124577457692e+00
-1.209856057804401530e+01
-1.409619712696339455e+01
-1.521747491795224860e+01
-1.561448823756759019e+01
-1.624572379140482425e+01
-1.708048376749021457e+01
-1.774114115869315356e+01
-1.844739582158531377e+01
-1.840576354711125973e+01
-1.755244651295921798e+01
-1.645005258061707565e+01
-1.490745288670547986e+01
-1.390734103303667979e+01
-1.359686929880301776e+01
-1.336588209366799163e+01
-1.350258596887421270e+01
-1.355652789136296477e+01
-1.348119248161118833e+01
-1.375754715241564874e+01
-1.429536873782531181e+01
-1.415980255030005708e+01
-1.333605024784806403e+01
-1.221703447776652318e+01
-1.056816225213131055e+01
-9.060829746625278958e+00
-7.739975237743665026e+00
-6.076720839544908159e+00
-4.219951547634780198e+00
-2.933785249717634880e+00
-2.235380156478024460e+00
-1.871477381540950002e+00
-2.047158201253048482e+00
-2.195445612524425272e+00
-2.304634978859322114e+00
-2.841201176951258844e+00
-3.696746838408448976e+00
-4.513899529748258033e+00
-5.324469397509974833e+00
-6.235211926724737452e+00
-7.169944596433497352e+00
-8.476843024665518200e+00
-1.017972935921675415e+01
-1.204994003433939298e+01
-1.417176575822340290e+01
-1.583738599382492396e+01
-1.695891934615345775e+01
-1.793565175341668194e+01
-1.856372772309056174e+01
-1.920455756914002166e+01
-1.988712744369932395e+01
-2.024972931317611824e+01
-2.036374710207567418e+01
-2.082448092802317774e+01
-2.163370762422408689e+01
-2.254920228237571322e+01
-2.371745122785581827e+01
-2.469305083448687554e+01
-2.544578164517241703e+01
-2.631716365281421588e+01
-2.720681266658585784e+01
-2.796926503541677178e+01
-2.862678222313330778e+01
-2.917520569941711273e+01
-2.958134938271509284e+01
-3.000941232370060163e+01
-3.045722524063141634e+01
-3.081378048854210761e+01
-3.111098460261868937e+01
-3.132842890475801667e+01
-3.145094648122896075e+01
-3.150846313835588575e+01
-3.149114725727204345e+01
-3.137627748781434178e+01
-3.116361134613499573e+01
-3.085392696710607652e+01
-3.044033520509019652e+01
-3.015420767636500443e+01
-3.001563799399518828e+01
-2.990869208567803383e+01
-2.989753404659990821e+01
-2.984660349840727633e+01
-2.974691941453272293e+01
-2.972247613393914989e+01
-2.974580935456750908e+01
-2.965166133277105587e+01
-2.944175452366267720e+01
-2.917774844065348105e+01
-2.881931509591740337e+01
-2.849608325445744583e+01
-2.821578466014104336e+01
-2.788083017216686699e+01
-2.752012076091762083e+01
-2.724668953291025986e+01
-2.706161326068153627e+01
-2.693275421226198318e+01
-2.689048036848713252e+01
-2.684650940528549512e+01
-2.680010148403695780e+01
-2.682283257153379807e+01
-2.689826108691017481e+01
-2.697902689055213088e+01
-2.707093783513020568e+01
-2.718729563776689773e+01
-2.731872988986950546e+01
-2.751516177960739640e+01
-2.778038694124363772e+01
-2.808334143573340214e+01
-2.843657618813228893e+01
-2.871760973370357917e+01
-2.891244693065104698e+01
-2.908899339018167396e+01
-2.921244930263356920e+01
-2.934787169749592195e+01
-2.950052924629670059e+01
-2.960725657282367251e+01
-2.968121988740411510e+01
-2.982314799401092387e+01
-3.003342778167529303e+01
-3.027210569686497266e+01
-3.056417370868434702e+01
-3.083417428592464304e+01
-3.107739563535912808e+01
-3.135206373037548389e+01
-3.164145059557815287e+01
-3.182168335885928201e+01
-3.188660043682066458e+01
-3.188232260748811697e+01
-3.177453800299975839e+01
-3.164839418301710694e+01
-3.150575062618506550e+01
-3.127301308196392426e+01
-3.096599249524663122e+01
-3.065308843042161868e+01
-3.032978388135209613e+01
-2.997215010631110133e+01
-2.959507737368104685e+01
-2.913613539594826207e+01
-2.859046511335568042e+01
-2.800001978771370759e+01
-2.734950500807702767e+01
-2.674738132402446311e+01
-2.620764408440324900e+01
-2.566714329578242015e+01
-2.515710602029782095e+01
-2.462323841992061446e+01
-2.406067711866108283e+01
-2.352415107507606251e+01
-2.300271412181273334e+01
-2.240141414615228754e+01
-2.171937526839696986e+01
-2.099527340429044386e+01
-2.020543003222958589e+01
-1.941965044800927842e+01
-1.864243258246291290e+01
-1.781941907976976580e+01
-1.696608778101531456e+01
-1.627902463561696678e+01
-1.577223891960615987e+01
-1.536470152918349363e+01
-1.511196259579285517e+01
-1.488821954232239264e+01
-1.469010208124069017e+01
-1.463098644613815758e+01
-1.468785850455152442e+01
-1.473908346137392122e+01
-1.479068924114305617e+01
-1.488857735645721903e+01
-1.500570459217402863e+01
-1.524788439606295576e+01
-1.562374813264740503e+01
-1.606057651312650947e+01
-1.658426877927460907e+01
-1.703955284318348617e+01
-1.740519967176843252e+01
-1.777471528593361683e+01
-1.810321777128606513e+01
-1.846592857452053593e+01
-1.887026663153968542e+01
-1.923906333588669426e+01
-1.958765962562365104e+01
-2.005774143576238799e+01
-2.065131946197988100e+01
-2.131021193126705526e+01
-2.207005882142271957e+01
-2.282828589291366939e+01
-2.357842048795141565e+01
-2.440124730913213114e+01
-2.527423329381358030e+01
-2.600580916425237277e+01
-2.658578644759984755e+01
-2.708814698386774467e+01
-2.745987820298766025e+01
-2.783076226788586638e+01
-2.820422368631578180e+01
-2.846764383834815604e+01
-2.864537970117510213e+01
-2.884646667514703111e+01
-2.906456101307471229e+01
-2.926129770862093693e+01
-2.946084027098707381e+01
-2.956560833020489554e+01
-2.956827680995899499e+01
-2.953543271262221026e+01
-2.944346946028242229e+01
-2.945347415593031570e+01
-2.958692050184626510e+01
-2.974958159066481400e+01
-2.998814262135891795e+01
-3.022333327102060352e+01
-3.044815519599190523e+01
-3.074366995145866355e+01
-3.109412347219880246e+01
-3.135743844324516161e+01
-3.153244049952022721e+01
-3.167764849522332327e+01
-3.175780525762928619e+01
-3.187748294163795038e+01
-3.204371128171734284e+01
-3.217541180206249152e+01
-3.229598354072538058e+01
-3.222346661285885716e+01
-3.193003862696778583e+01
-3.151735601122726038e+01
-3.093000815499285494e+01
-3.025256584475866717e+01
-2.948939030825022556e+01
-2.854685117132174454e+01
-2.743899139600503290e+01
-2.632560241651434296e+01
-2.520505621944374397e+01
-2.400634598495220118e+01
-2.276673946221226075e+01
-2.136348672184215758e+01
-1.978519893786177519e+01
-1.812146624336965672e+01
-1.634226892538679721e+01
-1.454197831506311367e+01
-1.273781419991678199e+01
-1.086189120125646213e+01
-8.942155256407438912e+00
-6.941823416651943468e+00
-4.854782328199807040e+00
-2.723773063569358222e+00
-5.406676161005689041e-01
1.801580233101197415e+00
4.306906861651521368e+00
6.929687158743546682e+00
9.697895466458373193e+00
1.253948353568496543e+01
1.545036251101074143e+01
1.849043214096049681e+01
2.164458631203775951e+01
2.393856914109118250e+01
2.528011140239582133e+01
2.611500471153262737e+01
2.616230784204303461e+01
2.599560748993832959e+01
2.563461885277838448e+01
2.453628357199093202e+01
2.280405086150442173e+01
2.111648383807118279e+01
1.945087968278108548e+01
1.753546069483248360e+01
1.552455961512617399e+01
1.285542580607009810e+01
9.480813595231145641e+00
5.797313555467695778e+00
1.667916851383776766e+00
-2.221198895100069848e+00
-5.768381334791300219e+00
-9.403706014024377779e+00
-1.292713360338846940e+01
-1.665503592109793018e+01
-2.062194999265107853e+01
-2.449331946885821054e+01
-2.833402052547434380e+01
-3.280278717060632943e+01
-3.791209177915612827e+01
-4.338749002122913367e+01
-4.939576063353796798e+01
-5.546749043587226424e+01
-6.157300892583871388e+01
-6.808566924456485481e+01
-7.490287004159119988e+01
-8.019145770651159921e+01
-8.380767469364130307e+01
-8.653823543356473635e+01
-8.786277708331645897e+01
-8.892425161117053278e+01
-8.975777043418074186e+01
-8.931942456450394729e+01
-8.781871848150589699e+01
-8.643914941786655959e+01
-8.513057669392993887e+01
-8.343868963246038106e+01
-8.163001532134022398e+01
-7.869537500714790212e+01
-7.455305402407908844e+01
-6.990546599333994493e+01
-6.450725485360450762e+01
-5.974577014379985940e+01
-5.581731267586102518e+01
-5.187704468170447569e+01
-4.832815436286436750e+01
-4.451182456552606936e+01
-4.036204774103108406e+01
-3.656450996602292491e+01
-3.298573701771036326e+01
-2.834040186367030856e+01
-2.260953916145390963e+01
-1.632567133281370175e+01
-9.165818463136666594e+00
-2.057830943405998703e+00
4.938366793571995039e+00
1.255347150866104933e+01
2.058289464376733591e+01
2.707141479442453402e+01
3.190347046283400090e+01
3.585106986303245691e+01
3.836945737778122378e+01
4.075852413803725938e+01
4.305279200326207700e+01
4.411039122990839445e+01
4.417334312213290559e+01
4.438453841126123933e+01
4.468067397191029499e+01
4.464962824308925349e+01
4.454486001729004130e+01
4.335305702658669702e+01
4.099586436295746239e+01
3.816619189812252699e+01
3.461785994948080258e+01
3.195427602593086647e+01
3.039099687879035017e+01
2.898055334167160879e+01
2.818716915383151189e+01
2.722601499574903627e+01
2.602499678340523204e+01
2.538747629449386167e+01
2.515605204890136548e+01
2.390004756899390514e+01
2.160464573270044752e+01
1.885840974237069645e+01
1.530458851431414224e+01
1.199010032629033873e+01
8.983788086038885012e+00
5.469442137577035012e+00
1.679808668645815795e+00
-1.377835172293313537e+00
-3.693038223093680905e+00
-5.572974253143296863e+00
-6.749815730774677114e+00
-7.999052866331727962e+00
-9.333510955360960537e+00
-1.012653942504326210e+01
-1.052633838354594609e+01
-1.096280909902402634e+01
-1.138939229641842488e+01
-1.168853338055847324e+01
-1.194908373387238498e+01
-1.173142226095376728e+01
-1.100582951032041201e+01
-1.005388278463037466e+01
-8.768285220929284307e+00
-8.141982852687755567e+00
-8.293667781903437231e+00
-8.670883035557350738e+00
-9.558276892829191240e+00
-1.043942851614238343e+01
-1.127389183780715953e+01
-1.257219371164606869e+01
-1.423193191601815677e+01
-1.543291309651955245e+01
-1.617377262711520558e+01
-1.678523880999163964e+01
-1.706560785425525850e+01
-1.763156846541317080e+01
-1.852434338772561162e+01
-1.927190131659445527e+01
-2.001301404064054523e+01
-2.064873656704479288e+01
-2.111741080163823625e+01
-2.156493138772048823e+01
-2.194975598291414443e+01
-2.221622939739575031e+01
-2.237305151073385545e+01
-2.240783407684507011e+01
-2.230672844731440918e+01
-2.231180166359917649e+01
-2.243699408065988266e+01
-2.255326016865403815e+01
-2.272258748205632628e+01
-2.279987625821879149e+01
-2.276995831334785692e+01
-2.275581446707102273e+01
-2.272356919014304566e+01
-2.255479450639758454e+01
-2.225180745358340673e+01
-2.184577111841758068e+01
-2.130640943899974005e+01
-2.072898959120615459e+01
-2.011490529736927257e+01
-1.938991799048932307e+01
-1.857253324121211691e+01
-1.769317786790687208e+01
-1.674476079989171140e+01
-1.572399656270631496e+01
-1.463589585045838959e+01
-1.344049106785756997e+01
-1.213527751595637305e+01
-1.074286265431713083e+01
-9.253155161863604761e+00
-8.129862121428104160e+00
-7.421189677591034872e+00
-6.901601060776759056e+00
-6.705089800741633077e+00
-6.569712928649517281e+00
-6.483830516967447721e+00
-6.699988165378049310e+00
-7.170169173687217956e+00
-7.553316669307001519e+00
-7.857302716577883039e+00
-8.220075087869549435e+00
-8.562367125828544090e+00
-9.158921839399825515e+00
-1.003189949056636721e+01
-1.098334905010824158e+01
-1.207901767848161256e+01
-1.302369354113091759e+01
-1.376993532369256634e+01
-1.450703441193879861e+01
-1.514756545464993387e+01
-1.582018148491678922e+01
-1.653922188544991556e+01
-1.716258909155511247e+01
-1.771593090391914416e+01
-1.849161007674800317e+01
-1.949511551973180090e+01
-2.060176712130340348e+01
-2.188511826658864123e+01
-2.313745141334585043e+01
-2.434458617162560756e+01
-2.567099131086812491e+01
-2.707057808891205397e+01
-2.820289786931902754e+01
-2.905214175182240410e+01
-2.974533045028626788e+01
-3.018882597367024090e+01
-3.061774330649638998e+01
-3.103781035454178294e+01
-3.124725374335106665e+01
-3.129026920542926504e+01
-3.135121505224487493e+01
-3.141789238932665995e+01
-3.142726196533175198e+01
-3.141966654453010932e+01
-3.122657669651257351e+01
-3.083539574305020992e+01
-3.035976054057280038e+01
-2.975872718567769581e+01
-2.932029803648688215e+01
-2.908208838995152234e+01
-2.887640486954515850e+01
-2.878640883660383665e+01
-2.866894428112692239e+01
-2.851135844229717975e+01
-2.845886236918277845e+01
-2.848282302918579134e+01
-2.833130586345251345e+01
-2.800223237048959390e+01
-2.759873519242193751e+01
-2.705820040562882056e+01
-2.656620366349831386e+01
-2.613499313486878251e+01
-2.562053365429814988e+01
-2.506420241911065716e+01
-2.461844843750111167e+01
-2.428268993374830842e+01
-2.401491355806211914e+01
-2.385516420269038917e+01
-2.368128222497246682e+01
-2.349171107592923136e+01
-2.338319756541514849e+01
-2.333235976288058211e+01
-2.328162616155499620e+01
-2.323882401159757194e+01
-2.321749631671033498e+01
-2.320626328384456372e+01
-2.326798923968241084e+01
-2.340681668692349504e+01
-2.358375229382162175e+01
-2.381426979758616724e+01
-2.393966296885699307e+01
-2.394166486757005430e+01
-2.390739653360602190e+01
-2.379156455687841643e+01
-2.367813194435587931e+01
-2.357352649026805125e+01
-2.339568164276839468e+01
-2.316130404327935111e+01
-2.299911513520607542e+01
-2.290914944603099457e+01
-2.283996902640032900e+01
-2.282320416223269177e+01
-2.276158275039118095e+01
-2.264869335674085704e+01
-2.255884843521215544e+01
-2.247018769424326123e+01
-2.233911768272458787e+01
-2.216925082975275885e+01
-2.196527462677621045e+01
-2.171648804943399114e+01
-2.146554871552858756e+01
-2.121222640704038653e+01
-2.092571540604068403e+01
-2.061419679026987595e+01
-2.028214228373409966e+01
-1.992601925918419781e+01
-1.954869696870578721e+01
-1.915008767664862788e+01
-1.871799696160258009e+01
-1.825176259467169260e+01
-1.775672697384681697e+01
-1.722963486699294222e+01
-1.673024993255564397e+01
-1.626433650432873534e+01
-1.580087588625289996e+01
-1.535659090351844824e+01
-1.489760941216686518e+01
-1.442153959334665991e+01
-1.396000169676950087e+01
-1.350614644886688964e+01
-1.301509551768597639e+01
-1.248709004410804724e+01
-1.193928972972535085e+01
-1.136068437315300450e+01
-1.078590631777243480e+01
-1.021706927012150423e+01
-9.627887196714631557e+00
-9.026076009468786410e+00
-8.450792086487602717e+00
-7.903184300458000244e+00
-7.370452454541482901e+00
-6.863281761210596521e+00
-6.352896098368620237e+00
-5.838887005391154794e+00
-5.345304601543968914e+00
-4.866804486257532147e+00
-4.384465831319385387e+00
-3.900025931497002940e+00
-3.419535424202861496e+00
-2.939050357032986671e+00
-2.477050543764061974e+00
-2.034967317064618975e+00
-1.600840692213888250e+00
-1.179262462911681908e+00
-7.318387883718686648e-01
-2.539448347382183280e-01
2.326505309602805993e-01
7.389115910220495076e-01
1.244941147185399055e+00
1.749045893343155855e+00
2.270834405433465264e+00
2.806277784322538604e+00
3.322894681781493276e+00
3.820470860310795747e+00
4.312031326438740209e+00
4.789490581357947363e+00
5.276957798093160790e+00
5.775949869054779917e+00
6.267768256707602070e+00
6.757749792154555735e+00
7.193571194443581618e+00
7.567710956304951608e+00
7.908367910496327369e+00
8.199711336541726681e+00
8.467075401619757358e+00
8.711609428964450785e+00
8.905976690963550269e+00
9.054402858483330263e+00
9.200953054884235982e+00
9.344951488925850924e+00
9.466996527368779724e+00
9.577270728357555996e+00
9.641397972897957303e+00
9.656169512148196077e+00
9.646412000833711531e+00
9.603668631874198169e+00
9.556351179039651811e+00
9.509383031574706990e+00
9.442728687580020264e+00
9.364721012208486073e+00
9.263772320741578525e+00
9.138044184276859383e+00
9.000560278632390165e+00
8.848742872310285890e+00
8.651221039165870152e+00
8.406867197349118470e+00
8.128890218370147025e+00
7.809081107201510719e+00
7.468646393104505066e+00
7.108743364575341950e+00
6.711744527660848725e+00
6.282071307785482617e+00
5.759031704647517458e+00
5.134004858292574802e+00
4.438140645700011433e+00
3.652893599804428071e+00
2.808174800574948726e+00
1.904834262548958268e+00
9.105097240136689196e-01
-1.701011124523767459e-01
-1.287779255376916954e+00
-2.443825399207822713e+00
-3.660273447533170632e+00
-4.926099601670590467e+00
-6.280791798925483782e+00
-7.728372885159672023e+00
-9.241154151197356725e+00
-1.082915848639955314e+01
-1.245673716105549644e+01
-1.411834903208415781e+01
-1.583894799915343476e+01
-1.760839549963596795e+01
-1.944245724898554073e+01
-2.134372423003184238e+01
-2.329573632539300831e+01
-2.530223661389364764e+01
-2.740188986971634222e+01
-2.959630896395176691e+01
-3.186986266505604348e+01
-3.423288865513189450e+01
-3.665955760687315035e+01
-3.914879274178665725e+01
-4.172255982990796497e+01
-4.437573004508963237e+01
-4.652224723713116106e+01
-4.810497967525540730e+01
-4.939488614577376069e+01
-5.022251007082628860e+01
-5.092955530597188130e+01
-5.152798693162986154e+01
-5.169225573932467910e+01
-5.148380990879383035e+01
-5.131629624984157090e+01
-5.117649516067516657e+01
-5.089765484359231351e+01
-5.057402365527342880e+01
-4.986413569858581951e+01
-4.873917508469235571e+01
-4.744031702106823190e+01
-4.588442523285983299e+01
-4.448068336093710684e+01
-4.329017482092942259e+01
-4.205533674407857347e+01
-4.089554376099412991e+01
-3.962306943090128186e+01
-3.821717689815734076e+01
-3.687696501380112579e+01
-3.556389018526265033e+01
-3.388295028174072598e+01
-3.182644467152950440e+01
-2.955913195656305703e+01
-2.698091495394531947e+01
-2.437276675199839815e+01
-2.175241895293903838e+01
-1.889611327717243228e+01
-1.586520549370785815e+01
-1.353518974043787004e+01
-1.196917392426557925e+01
-1.079980198018437676e+01
-1.027385852720004067e+01
-9.833917132522781657e+00
-9.463123574302830576e+00
-9.663603050311417419e+00
-1.033229029571289281e+01
-1.091975554085017208e+01
-1.145085268695927816e+01
-1.213222756596436014e+01
-1.284034011895438532e+01
-1.404815945384930131e+01
-1.579306610485373596e+01
-1.774679870827606010e+01
-2.002398452192595002e+01
-2.194620973480387249e+01
-2.341858481991197749e+01
-2.484978859090620062e+01
-2.604258640353828014e+01
-2.732152496957318988e+01
-2.871788664217718789e+01
-2.989475140170059220e+01
-3.091731987896491773e+01
-3.240609783381884768e+01
-3.436899451688170615e+01
