6.320638136016474284e+00
2.004675829955430544e+01
2.281278038998077662e+01
1.282345919337661044e+01
-3.585349429076020722e-02
-2.004214513553515786e+01
-2.495167432402644891e+01
-1.222157955235570093e+01
3.927490662034331947e+00
2.952992632408746942e+01
2.703416120458482652e+01
-7.858699750609422274e+00
-5.223841197298877859e+01
-1.164630645386040300e+02
-1.306848821391305648e+02
-8.738792122585471134e+01
-2.861543065975675759e+01
6.472387883909286188e+01
1.251453499215254936e+02
1.451337824890432557e+02
1.734997759091554315e+02
1.929141773788332159e+02
1.637079369916166058e+02
8.527163841481012696e+01
-3.816214627330602127e+01
-2.184389733029454135e+02
-2.892209986637196835e+02
-2.389825324807352729e+02
-1.584953104151904313e+02
-4.377089822186599477e+00
7.833984844795567426e+01
7.451677939834979725e+01
9.081288470023262960e+01
9.085252436673560794e+01
7.927959386756880633e+01
6.507249884081139157e+01
1.673378797023699960e+01
-6.422751432964071228e+01
-9.573110525690205463e+01
-7.689713425671888558e+01
-4.711415928199186709e+01
1.317756993420429978e+01
4.841891595323882314e+01
5.302937380986650595e+01
6.991234229741273509e+01
8.560351745616289065e+01
7.521458994138696141e+01
4.029243335637754342e+01
-1.790032508094490638e+01
-1.059578780393071327e+02
-1.374775497494138392e+02
-1.069010493990291621e+02
-6.166507775668207358e+01
2.047067141006250779e+01
5.853552773849044399e+01
4.381795866686444185e+01
3.389919640494805719e+01
8.029407840333995239e+00
3.811416723066396450e+00
2.904578477748165000e+01
4.895591722105510257e+01
7.401307603470182528e+01
7.608539991975449368e+01
4.884514452509762350e+01
1.395477426131484577e+01
-3.738081391095195016e+01
-7.743468737396995039e+01
-1.025786644014242626e+02
-1.339409346505101155e+02
-1.642476253311774883e+02
-1.448559459758524213e+02
-7.237502730092533909e+01
3.646415527663423006e+01
1.958637362570435414e+02
2.548822969403653644e+02
2.015421610158028898e+02
1.208705172511360217e+02
-2.693322943576460560e+01
-9.942592759500196564e+01
-8.132611277789027326e+01
-7.489023859223175350e+01
-4.377018094192922604e+01
-3.130696267054105419e+01
-4.923526762071910667e+01
-4.735709564714164088e+01
-3.769351309209883283e+01
-2.999096542292860690e+01
-1.855611818208308961e+01
-7.683983692464581239e+00
2.141299544698061386e+00
2.998838084358254008e+01
7.660003621792087358e+01
1.329724007182475702e+02
2.039332980584636630e+02
1.977778351854677226e+02
1.053266220371157686e+02
-2.617832093253656822e+01
-2.226323444527020854e+02
-2.962108671063778047e+02
-2.295095414866900683e+02
-1.349245085845527683e+02
3.743923111011014981e+01
1.205062839299087756e+02
9.478311637862674388e+01
8.271971145674515924e+01
4.119341337917731494e+01
2.018916660149989184e+01
3.373706866495361822e+01
2.285798640269225857e+01
1.531836362065014390e+00
-1.080879401376130744e+01
-2.010261932821515884e+01
-2.515255259358592355e+01
-2.312392711614810281e+01
-2.500697406160138314e+01
-3.025334706701351095e+01
-3.143592788127893911e+01
-3.043244462440203080e+01
-2.849286316601941849e+01
-2.470649531345522831e+01
-1.948472449277400997e+01
-1.278778489965780985e+01
1.540513964184054174e+01
6.710390307552404465e+01
1.331084978637877043e+02
2.192406214320224080e+02
2.196594369790598478e+02
1.243005812326730393e+02
-1.164438214278851547e+01
-2.176800171020402104e+02
-3.013393032819548694e+02
-2.446074837915838316e+02
-1.652148158295421752e+02
-1.232993874885205621e+01
7.040451864701910267e+01
6.497163322974704158e+01
8.330159915285656780e+01
8.865258300196227026e+01
8.143077929001559312e+01
7.131691123210876526e+01
2.857896255328780555e+01
-4.589828638644728898e+01
-7.983920896472200468e+01
-7.320126462166986414e+01
-6.112290805268659710e+01
-2.686570042742604869e+01
8.113737811165851355e+00
4.129067576615797464e+01
9.685252468689859029e+01
1.705953294742843696e+02
1.733142736119463052e+02
1.001038442678095919e+02
-9.210388433854584278e+00
-1.785632309678503589e+02
-2.415879856753889214e+02
-1.838562956549012881e+02
-1.057422286607560267e+02
3.625555592232892366e+01
1.032518252167530619e+02
7.824631253687286403e+01
6.435505497276834319e+01
2.550718553180903569e+01
7.138353585937821322e+00
2.151922534575541590e+01
1.758839012457324813e+01
8.184520309706080354e+00
1.333742007968816257e+00
-8.585781275330566231e+00
-1.556384428133209852e+01
-1.934432816239917230e+01
-2.373981205748822987e+01
-2.756798477833326899e+01
-2.896148784971375179e+01
-2.811234482476232799e+01
-2.570663149555478455e+01
-2.134586389271215268e+01
-1.444519268537002255e+01
-4.918588806918434031e+00
1.562439113361264909e+01
4.827897139093990120e+01
8.937810668487242083e+01
1.415284372759188614e+02
1.371517042755853595e+02
6.979954083194382974e+01
-2.628015166734922659e+01
-1.700916087108476233e+02
-2.172587186552819389e+02
-1.544414017952511529e+02
-6.718518050875236725e+01
8.297019953644033308e+01
1.445887195382998698e+02
1.006159813947218566e+02
5.616535056652936930e+01
-2.841466577417120121e+01
-6.355209209383920665e+01
-3.391716272901862084e+01
-1.501276526934433164e+01
1.745460228804037683e+01
3.486793487973474726e+01
2.764586121297170607e+01
2.912571205145239617e+01
3.035807229448076683e+01
1.888064212119700258e+01
-2.775261809263814161e+00
-3.609805797880419931e+01
-8.370754134998990992e+01
-8.510615338619373915e+01
-3.586235696252304450e+01
3.302429968889610024e+01
1.377537367194212550e+02
1.481961251381540023e+02
5.169753626109740452e+01
-7.597333840933467286e+01
-2.700213247145022706e+02
-3.175091053350326433e+02
-1.959083238265748435e+02
-3.661098186059422233e+01
2.178668374617614916e+02
3.294435669906624753e+02
2.705480057168930443e+02
2.037613558446223578e+02
6.589990896616525617e+01
-1.855322861637769094e+01
-2.844655068375034190e+01
-7.632699396653329416e+01
-1.296754173731733033e+02
-1.477820988825646111e+02
-1.385329303817845812e+02
-9.572884676289652361e+01
-1.030480781823422376e+01
4.162289519845168684e+01
5.876713617637628317e+01
8.643697212609014002e+01
1.076104932774087501e+02
9.095367953999587485e+01
3.619376738826736073e+01
-5.531001512139238940e+01
-1.931529061105536869e+02
-2.246839956197182744e+02
-1.392941430477862070e+02
-1.913263477288592540e+01
1.758086624755354990e+02
2.464474516605765189e+02
1.725356592158055946e+02
8.318791960473942027e+01
-7.390302850437120696e+01
-1.411278104537295235e+02
-9.678037465355839686e+01
-5.982065088134848452e+01
1.172671374118644927e+01
5.326950021968448823e+01
4.970127553738748816e+01
6.642399717482034305e+01
8.535143411453151430e+01
8.397294406460517280e+01
6.732204919711482205e+01
3.165923961949837917e+01
-2.768111777230170745e+01
-7.902350019905247791e+01
-1.225867339001047895e+02
-1.780799348125893573e+02
-2.389787730633367744e+02
-2.210146047727257042e+02
-1.173356061272832136e+02
3.730147224311999565e+01
2.671842021323361109e+02
3.493545933993104313e+02
2.652729847868726551e+02
1.432418639702684686e+02
-7.558116256928443022e+01
-1.802798151639237290e+02
-1.475376959297909139e+02
-1.284762034930797938e+02
-6.884745838371988214e+01
-1.784101623659214297e+01
9.066747515968005544e+00
7.985630030966015624e+01
1.813844415353783859e+02
1.941479477040329868e+02
1.167227854763624322e+02
-3.367441563705849461e+00
-1.961966101143661092e+02
-2.569739663159716088e+02
-1.684961630480223391e+02
-5.436473911958133698e+01
1.386180729440341963e+02
2.140854905426336927e+02
1.482576531464475806e+02
7.943017003022188760e+01
-4.440443773131263328e+01
-1.080242447036920765e+02
-9.150026416481671276e+01
-9.300960019546279511e+01
-8.133708071511541959e+01
-5.401192285483141120e+01
-1.962182056107742412e+01
4.620764025622878535e+01
1.432170464754302657e+02
1.581370099349971099e+02
8.560831948850690765e+01
-1.990499493321149060e+01
-1.876640693165434470e+02
-2.373525186703833185e+02
-1.520552411076008354e+02
-4.276866343814552351e+01
1.380046123715239332e+02
2.167365412993675022e+02
1.722724217087300929e+02
1.274497214786226351e+02
3.631647242441995616e+01
-1.713286801715219099e+01
-1.694883591979921889e+01
-4.148847185301070795e+01
-6.825425114746633426e+01
-7.833207206499460540e+01
-7.820791926491921231e+01
-5.909316574235484154e+01
-1.743760898180835994e+01
1.183758710688365312e+01
2.933165595575436413e+01
5.543648505041134911e+01
8.295250556434524469e+01
7.046280955776767030e+01
1.535043196570082458e+01
-6.825976112054314626e+01
-1.923647925023487062e+02
-2.202048145732405260e+02
-1.407002608704977149e+02
-2.995699254062774486e+01
1.483518150805967366e+02
2.310879467597531800e+02
2.013217782671541158e+02
1.681068430537601444e+02
8.888501904324471070e+01
2.895368302105798008e+01
5.981180327884190184e-01
-6.307601351535475231e+01
-1.455739330235133195e+02
-1.730000792757376757e+02
-1.465552433454379866e+02
-8.906847569293462641e+01
1.792940923666466446e+01
7.361361144401763568e+01
7.167550996380525419e+01
7.686854939349348115e+01
6.480437306321222479e+01
4.814025059395520145e+01
3.215791916440698373e+01
-8.952038270906570006e+00
-7.240239707918168222e+01
-8.612925166350896689e+01
-4.812796868013406737e+01
8.459745815377896605e+00
1.017249802002241381e+02
1.139236640453818410e+02
3.404233137024744593e+01
-6.653751457978933104e+01
-2.189725541619420710e+02
-2.555997606404762053e+02
-1.573983144958932883e+02
-3.029293521149308077e+01
1.712973324856045565e+02
2.628423793368040720e+02
2.224827055919936925e+02
1.771187084033751091e+02
7.763782741892937622e+01
8.902731810722746886e+00
-1.374215064815401277e+01
-7.222442934840992734e+01
-1.446608253868256497e+02
-1.666917099010377115e+02
-1.415058334694746804e+02
-8.287057503911975687e+01
2.505298075953665560e+01
8.000429252421459125e+01
7.647931248958168737e+01
7.780448936403001881e+01
5.937940211821756975e+01
4.109997259390793545e+01
2.850847802610308790e+01
-7.879647912281779298e+00
-6.348448333644479646e+01
-7.311690080969313499e+01
-3.547722354672659861e+01
2.108273118778260979e+01
1.128974925382028829e+02
1.153275728739179726e+02
1.696019049354530139e+01
-1.090621602703232469e+02
-2.959592311536188731e+02
-3.337049398829548750e+02
-1.996186082796386927e+02
-2.160506617123521877e+01
2.575394439754669520e+02
3.790533900021525255e+02
3.140631467897010793e+02
2.350144128050370114e+02
7.317754502400899241e+01
-2.427471337818339947e+01
-3.430900546736249623e+01
-8.525894219787254258e+01
-1.390423751102819665e+02
-1.640612518566960887e+02
-1.703118891091746434e+02
-1.428586594173736728e+02
-7.524296980401150847e+01
-2.240103163619357218e+01
1.742916619945938095e+01
7.751764758638999808e+01
1.471684329363015991e+02
1.592923653423613928e+02
1.103047158411325199e+02
2.436860649426742853e+01
-1.173996259322556881e+02
-1.707719011141235796e+02
-1.250540374475666141e+02
-6.646572131370287195e+01
4.183885467639098721e+01
1.011799472964135020e+02
9.870169464796040870e+01
1.124293380201154662e+02
1.170540189381656688e+02
9.695265219740301177e+01
5.739573347938961234e+01
-1.461740868831929419e+01
-1.229691789127818708e+02
-1.647274780957802136e+02
-1.349189216374658713e+02
-8.692107442496201486e+01
5.326413964869379569e+00
5.738230258491767444e+01
6.066180820737348967e+01
7.778028205814237594e+01
8.777975993994965620e+01
6.259473019458355481e+01
4.566797293616313702e+00
-8.989396727338076687e+01
-2.286646381164524087e+02
-2.563150270000764408e+02
-1.622391352415683059e+02
-2.813269352149599101e+01
1.869166022538134371e+02
2.822106108684716901e+02
2.379778005804552379e+02
1.851820263049132507e+02
7.156612445318009463e+01
-2.114754552733792536e+00
-1.943701381521941229e+01
-7.238103353417636754e+01
-1.351658650256167959e+02
-1.513810804516122914e+02
-1.255832110196873543e+02
-6.459006404958026337e+01
4.532018589797437613e+01
9.920635844557094174e+01
9.196911048870961736e+01
8.649420178410562698e+01
5.751673024015159541e+01
1.593008734910609725e+01
-3.413416949439677239e+01
-1.186966605446053791e+02
-2.361833903669258632e+02
-2.494967264265234519e+02
-1.507421624637860589e+02
-5.086091474809248503e+00
2.238268784087023278e+02
3.160342983371285186e+02
2.516984174391595275e+02
1.674058331004694935e+02
5.822579711708815609e+00
-8.082358786344536838e+01
-7.213093167694759700e+01
-8.914938538128338053e+01
-9.260465667464809769e+01
-8.362047796136431543e+01
-7.295761726087575028e+01
-2.849613075349206071e+01
4.842406400188156113e+01
7.827396230186974435e+01
6.062553657681090158e+01
3.362201402214730450e+01
-2.144283109782681862e+01
-4.694895402426375597e+01
-3.694574893150919337e+01
-3.441716926460117065e+01
-2.507829001188656548e+01
-1.950370019848952197e+01
-2.242808487217214619e+01
-1.754519114602273433e+01
-8.188493171764099188e+00
1.214576502895550902e+01
4.658578161270154538e+01
8.969577744401925656e+01
1.443728489323016220e+02
1.413572608157320474e+02
7.379019681868494729e+01
-2.283180707285949751e+01
-1.680772443745024702e+02
-2.137782388987198203e+02
-1.461945786701741952e+02
-5.318878031104583926e+01
1.047276542465553888e+02
1.667517634824305333e+02
1.148193809949286646e+02
5.934379265406616355e+01
-4.193920332829269881e+01
-9.358268744289642882e+01
-7.970086533685066854e+01
-8.096599592267646983e+01
-7.177042664925713211e+01
-5.581587322667652984e+01
-4.079528416598333251e+01
-4.140350836635772858e+00
5.222312579442171199e+01
8.909462953776667860e+01
1.073226929180166849e+02
1.247651449944619486e+02
1.326505034934797038e+02
1.077342035203825219e+02
4.767333997906020926e+01
-4.400240245740578615e+01
-1.751950063507281925e+02
-2.162226426619481003e+02
-1.573605955524076592e+02
-6.817391653795655770e+01
8.576607989551401090e+01
1.482917936365479648e+02
1.038824386927631735e+02
5.683450805572222464e+01
-3.322667856366302885e+01
-7.475758105665477160e+01
-5.279673409256989203e+01
-4.442118870508488016e+01
-2.518930634135620039e+01
-1.423070369400840285e+01
-2.052457923452867661e+01
-1.528896290385493018e+01
-4.928460377111375301e+00
1.720946931565779536e+01
5.582389934251396824e+01
1.028664791301191315e+02
1.617618079201135970e+02
1.583170981804394444e+02
8.480543850404973227e+01
-2.044276842944340444e+01
-1.785600427291842323e+02
-2.344446664727811367e+02
-1.737790986385996064e+02
-8.921428160841560384e+01
6.044930244281766818e+01
1.259329492715661161e+02
9.001682876565179470e+01
5.911414444011702329e+01
-5.655512560605583161e+00
-3.908213598030926050e+01
-2.754649851341591216e+01
-3.413393762211914861e+01
-4.105216910257928475e+01
-4.133654374182726343e+01
-4.120645770386636286e+01
-2.994396314147161320e+01
-7.219301811342084818e+00
2.618680326668379976e+01
7.310487810068514136e+01
1.346184633056625159e+02
2.122494239389122583e+02
2.095573627389830449e+02
1.179178888726065964e+02
-1.517642876377865058e+01
-2.167601154957139897e+02
-2.969662619490301267e+02
-2.387341418575127534e+02
-1.565744138094341622e+02
-4.847555028915440101e-01
8.262258395459126348e+01
7.478127658652061882e+01
8.877829164067199486e+01
8.703280677721545544e+01
7.747947070230094369e+01
7.033827307227110737e+01
3.153157143493763215e+01
-3.612068383854371945e+01
-6.512928309215858746e+01
-5.603583247734324857e+01
-4.004461576904208187e+01
-1.600101080396318265e+00
1.352604269091753153e+01
7.092401480216878884e-01
-5.403672203183690570e+00
-1.601816552787333237e+01
-2.252182389448423194e+01
-2.090514424272734928e+01
-2.396902186372769350e+01
-2.884196249393627198e+01
-7.478683494366337392e+00
4.123603816158225044e+01
1.064196405781761854e+02
1.955934077629097771e+02
2.024794008923428521e+02
1.174240896581731732e+02
-2.642303808502980189e+00
-1.868555980572675139e+02
-2.637704933427450555e+02
-2.168187206398798992e+02
-1.531636525328682694e+02
-2.759582265444000271e+01
4.353618235366587896e+01
4.471846441188596799e+01
6.992753007560865797e+01
8.940490119582412376e+01
9.157184968268819603e+01
8.393321364079376679e+01
4.826771391872999573e+01
-1.763938839112485724e+01
-5.019442875196742193e+01
-4.888489097295192920e+01
-4.711560143957453306e+01
-3.028154642578460809e+01
-9.682156191614666341e+00
1.249488018734745864e+01
5.358831533794418789e+01
1.116348231217379663e+02
1.229946361380225426e+02
8.476443738651798299e+01
2.647669317917094745e+01
-6.844088463254351495e+01
-1.238219681838950805e+02
-1.331211095061528624e+02
-1.472293464318277643e+02
-1.470316235007415173e+02
-1.163273425587908605e+02
-5.653283220708490120e+01
4.065139223797840629e+01
1.806992066355983866e+02
2.303188517143873355e+02
1.811771487925446422e+02
1.027164471644337027e+02
-3.983605757809681336e+01
-1.068158651422251495e+02
-8.456757649156560319e+01
-6.982365721309815854e+01
-2.714357664061918030e+01
2.167372956801646655e+00
7.542398093773158507e+00
3.766494574551339269e+01
8.155389307942252231e+01
9.329498196819743328e+01
7.508038856753105961e+01
4.071125580802482347e+01
-2.053646603297227458e+01
-6.837032873556672996e+01
-1.007839396667951490e+02
-1.464895976806242288e+02
-1.964801795858850539e+02
-1.821464542655616299e+02
-9.925757786972488361e+01
2.673139799870602573e+01
2.152887081180623454e+02
2.810243227757575255e+02
2.090076311243642806e+02
1.053033121503340368e+02
-7.883666992560604569e+01
-1.656890336182317753e+02
-1.356737649354957398e+02
-1.153366949291690275e+02
-5.888543693571576654e+01
-1.264810544050189112e+00
4.541995306343699923e+01
1.356031645771596459e+02
2.602800208455541338e+02
2.713675891615369551e+02
1.632125354641646595e+02
1.430301397461968271e-01
-2.564301647341193302e+02
-3.541949049799305840e+02
-2.713898982433989318e+02
-1.619678297955438211e+02
3.969375673192147502e+01
1.384690698467797176e+02
1.094812193065538821e+02
1.012019629725755436e+02
6.296552287450392527e+01
3.387544518720429920e+01
2.959729714324430461e+01
-9.714695130864427597e+00
-7.263883590551670011e+01
-9.234355617126456650e+01
-7.151582562076151817e+01
-3.384570827042873020e+01
3.598326408295212531e+01
7.038776689306358492e+01
6.437259360318464019e+01
6.316094380116984297e+01
5.029030219543602698e+01
3.110726779571880130e+01
9.239033537290758602e+00
-3.116691346435001719e+01
-8.892988564430204690e+01
-9.988582903391505852e+01
-6.104036813739072187e+01
-2.585678170335965476e+00
9.214574223133526232e+01
1.218950108279523050e+02
7.740715401190014688e+01
2.133445376299788876e+01
-7.281286436666748330e+01
-1.105825763163567501e+02
-8.019757989052133951e+01
-4.893984919604584860e+01
8.279606527374864910e+00
3.600186115123259611e+01
2.448083694310937730e+01
2.099716501722648587e+01
1.044381139332079655e+01
1.125221739564931411e+01
2.952854732249080882e+01
4.425096265391331229e+01
6.121763495126822363e+01
6.083690553357073583e+01
3.877837334764208066e+01
8.999414724198448567e+00
-3.476644385815574623e+01
-6.805959442378185997e+01
-8.821721834278980623e+01
-1.126659527371880500e+02
-1.351024335433186536e+02
-1.186666961050007956e+02
-6.073945784959232697e+01
2.668841996411524065e+01
1.545144171881466661e+02
2.037102818137052793e+02
1.649936786498906542e+02
1.052291164773921537e+02
-6.909127010468898433e+00
-6.381151485644021193e+01
-5.392348092005189386e+01
-5.560410016736461358e+01
-4.156021397117590510e+01
-3.380233990979998993e+01
-4.049652318087411373e+01
-2.907974771145519455e+01
-5.781263146179855816e+00
1.034795138034854034e+01
2.256015759730752634e+01
3.570361316180379418e+01
4.649739743105160983e+01
4.283941700432978905e+01
2.312345029889151249e+01
-9.446238926844618078e+00
-5.900432137507355179e+01
-7.011609431747967847e+01
-3.860805643156399469e+01
5.045180646079410636e+00
7.545939575411131273e+01
8.551696494464744092e+01
2.622328031297496764e+01
-4.853758932872701592e+01
-1.621338755438013948e+02
-1.913207751722642058e+02
-1.220267755708523083e+02
-3.261498146810997412e+01
1.103982672631417898e+02
1.854902077979386661e+02
1.778971473070979528e+02
1.742220525120000332e+02
1.423833797872433991e+02
9.785818238957330095e+01
4.757576490836981975e+01
-4.287475672308961094e+01
-1.702141317727542003e+02
-2.222078123346085192e+02
-1.947746708325912550e+02
-1.401710530452316164e+02
-2.978911949458024111e+01
3.639410947873142277e+01
4.992136883561285288e+01
8.356463809796196074e+01
1.132398586022872422e+02
1.064311404506491101e+02
6.609628068271948109e+01
-1.138887174274055880e+01
-1.349466586174491169e+02
-1.753716293175550334e+02
-1.253345492700293988e+02
-5.535507862483360242e+01
6.735031395966562684e+01
1.352782953248908484e+02
1.366006942607902488e+02
1.504108982069901970e+02
1.494321609441058740e+02
1.194657555142994596e+02
6.515357798804930667e+01
-2.907244749680359774e+01
-1.674081585695465435e+02
-2.226053023355977700e+02
-1.881160345903204814e+02
-1.295186141074729846e+02
-1.429857157115356614e+01
4.960734649494527559e+01
5.152418451505955233e+01
7.098891272995162183e+01
8.129410909023700071e+01
7.167301877761660478e+01
4.762307764690056899e+01
-7.101019524580348907e+00
-9.528721085983475803e+01
-1.293716275179703530e+02
-1.062389937639274251e+02
-7.124904593787378815e+01
-2.839948704380881761e+00
5.595440041721840174e+01
1.004111015297174561e+02
1.694412377975935442e+02
2.532670655925563494e+02
2.404399214881740932e+02
1.246181255808740787e+02
-4.867434684915141929e+01
-3.101058813931728082e+02
-3.906193421677136257e+02
-2.675229946411540141e+02
-9.633407317047615948e+01
1.940047717145792490e+02
3.054947913621222142e+02
2.053735040075785321e+02
9.634636528904393060e+01
-9.979753993760482444e+01
-1.857302277413147351e+02
-1.303471713879903575e+02
-9.271270958761149927e+01
-1.966038486213374625e+01
1.969835685056956720e+01
5.348169621645264549e+00
1.368816547840150122e+01
2.421043667988253745e+01
4.095436621757655615e+01
7.316662828316731293e+01
1.025638861937224391e+02
1.327285243665526480e+02
1.220003747304117212e+02
6.342701357545994512e+01
-2.027429911222457193e+01
-1.422611341389702773e+02
-1.931886323757290143e+02
-1.632482336844390716e+02
-1.166589151790140590e+02
-2.434495858144482838e+01
2.899639268385911706e+01
3.365261829769179514e+01
5.517800842966946817e+01
7.234076082903308702e+01
7.569366321187440860e+01
7.011173870079369408e+01
4.319252812402400110e+01
-7.189017895645346101e+00
-3.144855995958014816e+01
-2.895185238340981471e+01
-2.612791876146389569e+01
-1.151307762126968370e+01
-7.739465428837803973e-01
3.624613587096443545e+00
1.848319915939627123e+01
4.025448474367594542e+01
4.882288356926550676e+01
4.469785072899237122e+01
3.513525713271707929e+01
1.536218395556071670e+01
-1.983092637392584834e+01
-7.164203925116906646e+01
-1.419640461121732926e+02
-2.333570864259518203e+02
-2.339303740067882700e+02
-1.342134641809065556e+02
1.008719130424480070e+01
2.299328940375753518e+02
3.241698196112908477e+02
2.745480233509169352e+02
2.043355972636772151e+02
6.076537922727089125e+01
-2.706092752819640523e+01
-4.218332252898999712e+01
-9.120905267744441858e+01
-1.416223837422725751e+02
-1.638184309048026819e+02
-1.653533947178682126e+02
-1.347909612980165264e+02
-6.545665688508483981e+01
-1.996301654423020011e+01
1.914823604300230908e+00
3.724559817978408205e+01
7.270256319599451444e+01
1.083991667348274888e+02
1.471632559394353450e+02
1.789940356252497793e+02
2.038937409410753787e+02
1.765133577615868887e+02
8.950882305744190148e+01
-3.679683739639187934e+01
-2.172312783475456399e+02
-2.961185596397862696e+02
-2.605238599131685646e+02
-1.986348366875608917e+02
-6.912994126407755857e+01
1.327475594249756163e+01
3.617600331105086298e+01
9.033978843209013121e+01
1.477307344939273719e+02
1.606551321698473487e+02
1.331249759803560266e+02
6.589425117325698977e+01
-5.335020523291165517e+01
-1.086999209146288479e+02
-9.485064496422516811e+01
-7.916132404906078079e+01
-3.356691602422115750e+01
8.077397537595611965e+00
3.962722396004175351e+01
1.004383473638962414e+02
1.828440126580466085e+02
1.909291416036731448e+02
1.212143701888131062e+02
1.416688550542204439e+01
-1.553117940526281586e+02
-2.346396883163201608e+02
-2.112252765312201745e+02
-1.799698022460251821e+02
-1.017795950575206234e+02
-3.991831871652454566e+01
-4.664318031151125865e+00
6.715262215563896575e+01
1.602105870581342799e+02
1.921380984916851276e+02
1.629792579110433621e+02
1.007141421840421600e+02
-1.558146811404915510e+01
-7.235470516548110709e+01
-6.199414801040806822e+01
-5.749436052686179721e+01
-3.111193896338600240e+01
-1.451396012907122213e+01
-1.527902024457963748e+01
4.199096590318333710e+00
3.585505921083731096e+01
5.146675948182829785e+01
5.373811099777332601e+01
5.052843339107913323e+01
3.589487720552529737e+01
-3.466246980013758527e-01
-6.030296664727517708e+01
-1.443810438037260155e+02
-2.569567700349005577e+02
-2.632638384265272293e+02
-1.521374279832604373e+02
7.992517692243623628e+00
2.540824545590639616e+02
3.509552774005126139e+02
2.767842153072904807e+02
1.761054001039455557e+02
-1.297492440380088041e+01
-1.087661196415911888e+02
-8.829416725681775802e+01
-9.083432409709885746e+01
-6.945967627581012493e+01
-4.967911389406884837e+01
-4.539703203899298956e+01
-6.449002713069689641e+00
5.939573124678490501e+01
8.858549328885385421e+01
8.359108882342010816e+01
6.970366639349306581e+01
3.273706943004973624e+01
-1.759154287873012379e+01
-8.115902276485961409e+01
-1.746687236871670450e+02
-2.976943250121352662e+02
-3.010847354678909369e+02
-1.739280253915551384e+02
1.222624911082550980e+01
2.981284274160041718e+02
4.149962565184609389e+02
3.388202957179282748e+02
2.336840663029118730e+02
2.920136838356906139e+01
-8.250846996187696902e+01
-7.685426858183454613e+01
-1.053315830200850627e+02
-1.188119826780843340e+02
-1.242843476111022483e+02
-1.358474645207045342e+02
-1.108967265389690340e+02
-5.278989490168525833e+01
-1.237263892273901789e+01
1.451845669033801478e+01
5.116768982764907037e+01
8.791764215966212248e+01
9.974825523611397671e+01
8.530447827347782663e+01
4.931708757616176797e+01
-1.596806049231076052e+01
-5.174790839547687682e+01
-5.512644976190865975e+01
-6.201810804828371460e+01
-5.831650936040339417e+01
-3.358214259682745251e+01
1.135564190150276431e+01
8.319929412577887717e+01
1.857453366864026805e+02
2.016430955773934954e+02
1.228222386570906224e+02
9.247270622097913062e+00
-1.702822023230822310e+02
-2.438222233010650939e+02
-1.950060331878723048e+02
-1.328621189268170326e+02
-1.244290081637221768e+01
5.369957465415777165e+01
4.975995714546724713e+01
6.734213700138751335e+01
7.733097088829202903e+01
7.556426040174733316e+01
6.999766883561972008e+01
3.928932833122729562e+01
-1.672791018338191904e+01
-4.291211013839219390e+01
-3.930821810028078289e+01
