-1.479500502660349603e+01
-1.416822261899804225e+01
-1.430160465204330045e+01
-1.716750306264514947e+01
-1.607215730218078775e+01
-1.211024050401227115e+01
-7.745752290289775743e+00
-2.068196550029865577e+00
5.397288704013064375e+00
1.447678058733351847e+01
2.478684462111258568e+01
3.636401286735057425e+01
4.942601542669148529e+01
6.390045490445201182e+01
6.259535749974996577e+01
4.376264221756699158e+01
1.539271647167179147e+01
-2.751867010097555166e+01
-6.624268183640782581e+01
-9.954284220045187226e+01
-1.410833488476436628e+02
-1.865378226663557371e+02
-1.720765519999755497e+02
-9.244111962757702372e+01
2.577960499616242629e+01
2.009661148863636981e+02
2.723958770910708154e+02
2.267859334793801054e+02
1.574639859656477370e+02
2.218567782824406720e+01
-5.318094519190356095e+01
-5.418407162462183635e+01
-7.719764638584325667e+01
-9.050686135572850333e+01
-9.309772533342889744e+01
-9.316866299722771316e+01
-6.586500464425394341e+01
-1.156070661725862969e+01
1.842143979361235395e+01
2.518588211927156451e+01
3.425229195092829571e+01
3.445202137488593763e+01
3.590615424418948720e+01
4.050170150790741985e+01
3.456365592281110111e+01
2.008824129549147131e+01
5.775776055503690998e+00
-1.009194733213058548e+01
-3.087289376431215260e+01
-5.535833975374477944e+01
-5.603068092139371714e+01
-3.038985196808307521e+01
9.287956380440862247e+00
7.094577545393845242e+01
8.681785598708738405e+01
5.112778284562605791e+01
3.349078264259305548e+00
-7.440853679071416593e+01
-9.666334332271877372e+01
-5.400409605108553279e+01
-2.319675502977916803e+00
8.117952984591279630e+01
1.080764463648599332e+02
6.701076892906435489e+01
1.920373624913986532e+01
-5.929569705720975037e+01
-9.214899097053067578e+01
-6.849418082173659172e+01
-4.484670390311864452e+01
-4.996582261304753914e-01
2.169140646589774946e+01
1.375889901382079827e+01
1.343707159596338485e+01
8.987234722912663898e+00
8.279907307387935234e+00
1.565708380417401813e+01
1.786549006594011146e+01
1.768688225345507448e+01
1.105847925314683522e+01
-4.372311358063852182e+00
-2.458439366496606482e+01
-5.151823692255118203e+01
-4.837583172455171621e+01
-1.145557323703664565e+01
3.995565430771557658e+01
1.162250141850637846e+02
1.319024326796401567e+02
7.886090405427839301e+01
6.843678249077520981e+00
-1.071761710906876885e+02
-1.516112601512945162e+02
-1.145178989966755125e+02
-6.884062144857610122e+01
1.499145602897295859e+01
5.626486604530443003e+01
4.360819651025933297e+01
4.045215627683453619e+01
2.554140380517094044e+01
1.564233690279673894e+01
1.764228557515175666e+01
6.251533612390602457e+00
-1.347578132438797027e+01
-2.046724416730690521e+01
-1.645420033439364715e+01
-7.787273531172446361e+00
1.004067828441997179e+01
1.441932316550293969e+01
3.729430579769204446e+00
-7.537297694750822785e+00
-2.495290236943453976e+01
-2.745649418211986514e+01
-1.206431354146859825e+01
6.758951348859553399e+00
3.488238874905947284e+01
4.568755440982769045e+01
3.585840949689963963e+01
2.305469740515681565e+01
1.534088023296964476e-04
-7.804261697359845762e+00
2.921587897917208299e+00
1.382240019723272439e+01
3.170392090346501845e+01
1.800617121855785996e+01
-3.236044080349858376e+01
-9.557763213064185948e+01
-1.826086013123926364e+02
-1.907787950923897426e+02
-1.093199283348113937e+02
3.671296983109118450e+00
1.766764869059670389e+02
2.483609522058475818e+02
2.025478116522544383e+02
1.409733591903660681e+02
2.090104541444111419e+01
-4.683508514055537830e+01
-4.738393775629649696e+01
-7.001388693094175153e+01
-8.629423109090348021e+01
-9.041717106060613673e+01
-8.994757948765661126e+01
-6.494350436208276278e+01
-1.472851716718200343e+01
1.283096592655998514e+01
1.844420088635829202e+01
2.664155732272055843e+01
2.694581101763057873e+01
3.719525241928703707e+01
6.016966677394182739e+01
7.916258490178864804e+01
9.856567530401764543e+01
8.942069792089492353e+01
4.668942384014462732e+01
-1.291210774725413124e+01
-9.846434529661618740e+01
-1.407876102164115935e+02
-1.334789889758902746e+02
-1.178206084824587379e+02
-7.540642059897042770e+01
-3.936237967490652068e+01
-1.389543465967018676e+01
3.286331646506301496e+01
9.334187601955540003e+01
1.241548023244716035e+02
1.252710176361164116e+02
1.120241729623797795e+02
7.344671539004801275e+01
3.727328981927065854e+01
4.406777064873154792e+00
-4.847348557073447495e+01
-1.159713965787838106e+02
-1.372052185086598399e+02
-1.093361329544726743e+02
-5.777361719868927281e+01
3.382584786479430505e+01
7.446032871982242796e+01
5.708135413791744384e+01
3.982014284873365284e+01
-1.554124768496478737e-01
-1.877782210321306167e+01
-8.537794590598215549e+00
-9.219617363184013925e+00
-9.314522692108717195e+00
-1.054340005737789809e+01
-1.734298476137481160e+01
-1.996995933553879254e+01
-1.990555631871575670e+01
-7.185362474906912489e+00
2.090268256544952052e+01
5.855131786590851561e+01
1.094387979951674339e+02
1.128048739481536415e+02
6.298768397033868638e+01
-7.728197570475723310e+00
-1.161371731635126707e+02
-1.545442149955412390e+02
-1.126395373565558913e+02
-5.643304354269962175e+01
4.262204677053032498e+01
8.649710351618081461e+01
6.332599615596283371e+01
4.413327222309470699e+01
3.254992353847793396e+00
-1.880599376651094801e+01
-1.312439403510700586e+01
-2.013703773058756852e+01
-2.872571769972358169e+01
-2.785104699132617867e+01
-2.097713172781642754e+01
-4.597142048113117774e+00
2.328477707504697847e+01
3.385168533175954764e+01
2.610085638587697332e+01
1.562198011245023288e+01
-4.550288363353891086e+00
-1.570504907470167488e+01
-1.555847420461194375e+01
-1.879606124345043128e+01
-2.069446173893488705e+01
-1.047316353235844311e+01
1.165368557711306075e+01
4.439740743146944624e+01
9.074696724441928097e+01
9.837605863228078817e+01
6.323173410596111665e+01
1.295827001307953097e+01
-6.646275282017559505e+01
-1.077066203933378432e+02
-1.042643744536351846e+02
-1.004626346798742702e+02
-7.889614773272292325e+01
-5.056076102768641789e+01
-1.880614395467242517e+01
3.634427841021666694e+01
1.127500169640817802e+02
1.378917886887384157e+02
1.085383319657940007e+02
5.832364885773750274e+01
-3.159035349153582573e+01
-7.245116179589857097e+01
-5.657371549869882443e+01
-4.280059882788302161e+01
-8.756101091081635701e+00
7.492212644248441578e+00
-1.378088288751852630e+00
1.111631365741288402e+00
4.882318258481820550e+00
6.516800540274803488e+00
9.818940377934511687e+00
8.647825015099302348e+00
3.117870528376850192e+00
2.282122794369701779e+00
5.588686716039685365e+00
8.785201853338133304e+00
1.366597643217551727e+01
1.580741517545859232e+01
1.455836848739801681e+01
1.333202080202802620e+01
1.094900255935463029e+01
-4.155446781807703438e+00
-3.291608966547153159e+01
-7.091463926673091578e+01
-1.215303298696407808e+02
-1.243914614617560943e+02
-7.401380346744682015e+01
-2.022304367284843529e+00
1.082487011710475997e+02
1.590577724170750002e+02
1.412232474356224827e+02
1.160153505877590874e+02
5.783124828142182849e+01
1.489908225614728465e+01
-5.640727360174571103e+00
-4.863405992223857055e+01
-1.022629355542191689e+02
-1.186635323498987873e+02
-9.843034006928691326e+01
-5.542305185633656350e+01
2.257337574050082907e+01
5.826795289793926003e+01
4.675339162225701273e+01
3.602542784214004712e+01
7.089118874129686887e+00
-7.463146125139864751e+00
-1.861657934097569633e+00
-7.175269345550088218e+00
-1.503521857344507140e+01
-1.843635737079905823e+01
-2.034137551145033385e+01
-1.776695144790895498e+01
-9.744169898889541770e+00
6.717811670254295819e+00
3.318068953443884794e+01
6.921648925494116611e+01
1.165560513660526425e+02
1.194221035985828507e+02
7.301225446276055209e+01
5.602012948913330348e+00
-9.821618131749738723e+01
-1.492652787384701014e+02
-1.394365658469218374e+02
-1.249057045202022351e+02
-8.250386334454127280e+01
-4.284041173102883704e+01
-1.124956658731257519e+01
4.661920893314933778e+01
1.237320204971858004e+02
1.518330922666069966e+02
1.292831325451235500e+02
8.379151995911156803e+01
-2.209895244688576010e+00
-4.707514700691934451e+01
-4.471639280910716252e+01
-4.974104917502747725e+01
-4.218506158868731148e+01
-4.056891162970458709e+01
-5.046297717373179381e+01
-4.697841022969157621e+01
-3.501134200244871408e+01
-2.353935750478892430e+01
-9.548014188158333582e+00
8.030123880165682237e+00
2.827861665772530131e+01
5.162844204223850397e+01
7.803961699962862042e+01
1.069789873507028233e+02
1.384477055400412269e+02
1.296194392483840829e+02
7.593515323751226731e+01
-2.669074371371725984e+00
-1.187641778495080160e+02
-1.829690530583446275e+02
-1.878661408781264583e+02
-1.876177355896413133e+02
-1.590541845590270782e+02
-1.123873740478529157e+02
-5.031807887401563306e+01
5.212489150815940775e+01
1.941704857829071500e+02
2.538628616573897432e+02
2.250952293740268715e+02
1.669921691897537244e+02
4.788376281579188998e+01
-2.500709749483750954e+01
-4.238874668367875387e+01
-8.332528931187961518e+01
-1.220111215247444107e+02
-1.303560304195847266e+02
-1.125195405686988295e+02
-6.157364602132029319e+01
2.989542773189234737e+01
7.219390639338338644e+01
6.207139485624865216e+01
5.009907474965040564e+01
1.478931848689828144e+01
-5.101315077135274656e+00
-3.791053855827048125e+00
-1.740068906920937053e+01
-3.645874545896588614e+01
-4.076536464483108801e+01
-3.271387469462474229e+01
-1.493798576097341524e+01
1.703272147009193915e+01
3.791524991827738944e+01
4.680734157451830413e+01
5.980620120035643339e+01
7.116195689091951238e+01
6.312810652304577275e+01
3.507618663160950234e+01
-9.163219647638010557e+00
-7.480082490557497010e+01
-1.029197219628960625e+02
-8.938087617671791918e+01
-6.724268078608308485e+01
-2.124688674477424755e+01
7.711503354801711119e+00
1.503512211021930689e+01
3.336681135316678848e+01
5.266572141191573309e+01
5.705384634827352386e+01
4.812273499487483264e+01
2.556989930872197903e+01
-1.464748253137575063e+01
-3.234953939134500445e+01
-2.571795974901294457e+01
-1.788732007975871596e+01
8.920899543809317489e-01
6.221473256062477475e+00
-5.261046323129007440e+00
-1.394379767510159951e+01
-2.612663062312177331e+01
-2.593763617638956731e+01
-9.985062749263720505e+00
9.255158289121618864e+00
3.659930222841306602e+01
4.896924305152267465e+01
4.338998038384079337e+01
3.502161980305831435e+01
1.747057392986137714e+01
9.455229465287976254e+00
1.337495266649951375e+01
1.476377252708380361e+01
1.846193176087740184e+01
-3.565351397068412975e+00
-5.539392832659074628e+01
-1.199844636980876089e+02
-2.055553710438219639e+02
-2.083672226351600330e+02
-1.178331415256304098e+02
9.819528444973594006e+00
2.035865544413368298e+02
2.830841824936271109e+02
2.309844761623876934e+02
1.587420691861485693e+02
1.864015444098550844e+01
-5.905344385832368914e+01
-5.765235462497167163e+01
-8.003712018304314313e+01
-9.290478261502930479e+01
-9.166538114327458686e+01
-8.496732891734345117e+01
-4.831264861894788964e+01
1.870830170919481361e+01
4.979424984314226776e+01
4.483396225900377630e+01
3.710731896025214382e+01
1.138215396856703521e+01
-1.272746408185200018e+00
2.990892651023261628e+00
-3.063506448432842255e+00
-1.202321876399279432e+01
-1.693355694535627620e+01
-2.032019482070016636e+01
-2.008722064578635269e+01
-1.516596089378730028e+01
-4.326634513697952045e+00
1.363905690476488530e+01
3.919706684315175238e+01
7.347889122565180742e+01
7.412996704271759540e+01
3.762239713024625587e+01
-1.466596612295220758e+01
-9.438512269895470297e+01
-1.155538851029387359e+02
-7.012722390669672734e+01
-9.233206961294175841e+00
9.005588877858221508e+01
1.234787272044238051e+02
7.939658205188555939e+01
2.700692623088383471e+01
-6.142076563158708780e+01
-9.784522689684226293e+01
-7.012907170133740919e+01
-4.349888144861226635e+01
5.694523280807437082e+00
3.104334983850525376e+01
2.350558988345471079e+01
2.484568298122214713e+01
2.226510183846333391e+01
1.832215634795689496e+01
1.728958008707089178e+01
7.553752777713220290e+00
-9.514377156624512111e+00
-1.709883875911620521e+01
-1.575065071033318631e+01
-1.259872308700699861e+01
-3.907206536145023001e+00
-4.229157066519955599e+00
-1.495854890424886818e+01
-2.613775868397736701e+01
-4.145057207013203993e+01
-4.669280600750913379e+01
-3.977205243299849968e+01
-3.038979738099971684e+01
-1.453309680997521980e+01
2.036139430170212705e+01
7.524825405557623981e+01
1.478595444721047159e+02
2.422178227158306925e+02
2.416923763920857198e+02
1.359796500960029846e+02
-1.596076800245997163e+01
-2.464938737679496796e+02
-3.386521450248550309e+02
-2.724835353109473317e+02
-1.799468157272484632e+02
-3.823708541230120606e+00
8.963831173743358249e+01
7.983290843683190019e+01
9.490206793400312790e+01
9.224365022113263990e+01
8.392986862180057983e+01
8.193203226636140357e+01
4.617616524175345916e+01
-1.920557841865327475e+01
-4.998908205382997494e+01
-4.790646212153525596e+01
-4.165444523873063787e+01
-1.695464604652594076e+01
-2.978521778643381079e+00
-2.721165585472651749e+00
9.378778800241162728e+00
2.671152457020891546e+01
3.119268836982335102e+01
2.422924241793245059e+01
9.766993319229507975e+00
-1.636644670873798901e+01
-2.968227005187498335e+01
-2.886700908128379339e+01
-2.930695666015283862e+01
-2.515378691002630518e+01
-1.753650019867921372e+01
-7.494871182654272879e+00
1.025185897467812346e+01
3.560630199461348155e+01
4.494890678458860833e+01
3.722760053495744614e+01
2.391829762093155409e+01
-1.033125819218472241e+00
-1.302493530027160773e+01
-9.804403785071206912e+00
-8.358300684704367711e+00
-2.522206403671427566e+00
-4.748394443976525103e+00
-1.746798658551815109e+01
-2.979651816424397737e+01
-4.521241457296377320e+01
-4.457623416900646163e+01
-2.495796334247106074e+01
1.804631481864373832e+00
4.137726648361743997e+01
6.101890030104015494e+01
5.740229400175875440e+01
5.117581267130795197e+01
3.363624193375899551e+01
1.822912167477680612e+01
7.018365701304893456e+00
-1.392600891926402085e+01
-4.148642706084037002e+01
-5.274449136713592168e+01
-4.737882091229075598e+01
-3.411717974287395094e+01
-7.097220292283157761e+00
8.436026814318253741e+00
1.079213406403417252e+01
1.728920562254690552e+01
2.192820688028810494e+01
1.708954467484637973e+01
3.351521479362313372e+00
-2.044855306632527459e+01
-5.651557745952157319e+01
-7.057269698826267756e+01
-6.064907681037777110e+01
-4.533483996663123605e+01
-1.589816096300363313e+01
2.286169482307476386e+01
7.030253209912198997e+01
1.363811952181615652e+02
2.208106327496457766e+02
2.154670564734710752e+02
1.118231073627434142e+02
-3.863331047037075194e+01
-2.658332883699475246e+02
-3.341294690860362948e+02
-2.222747882818518406e+02
-6.890115258403271525e+01
1.886174829657738883e+02
2.869905033622717951e+02
1.968931905714484287e+02
9.729630424473843675e+01
-8.113748588612956780e+01
-1.689711572879311632e+02
-1.394151761341906877e+02
-1.310705160239477891e+02
-9.854717323239512439e+01
-6.076844724557711430e+01
-3.147260978250653807e+01
3.548200646073802034e+01
1.337849462158751521e+02
1.699222909661673100e+02
1.429910928866482323e+02
9.341635297338736166e+01
-1.698856988735014006e+00
-5.052364095880164996e+01
-4.535738677753317916e+01
-4.972060686000521201e+01
-4.103272270131632382e+01
-3.816843720628221348e+01
-4.767033321028568338e+01
-4.245085628546762990e+01
-2.771338418660355529e+01
-1.468658163310161946e+01
-1.904125958617125525e-01
1.767144937937601767e+01
3.751623538033798866e+01
4.950627928733585037e+01
5.251898481030167432e+01
5.043641931196217598e+01
4.019252703002584326e+01
2.737680998106328545e+01
1.185412555992191130e+01
-1.214851242601590542e+01
-4.387426985649805289e+01
-6.254797741236737352e+01
-6.722646698885085925e+01
-6.759298211897096564e+01
-5.823917281089451592e+01
-4.229799491789278676e+01
-1.968241171413539448e+01
1.605488096913131457e+01
6.499640652612748681e+01
8.914589410599866426e+01
8.645338738416290880e+01
7.569396829346428035e+01
4.696792245196333226e+01
2.233231037749112602e+01
3.587897233633047911e+00
-2.860885082284269032e+01
-6.948514592748912833e+01
-8.507291165651571418e+01
-7.450126525823355905e+01
-5.058468412202433484e+01
-4.389896673235978319e+00
2.119602970635543926e+01
2.329618754079946186e+01
3.050476835283927812e+01
3.249523114371222476e+01
3.109473338210348814e+01
2.849684518586602877e+01
1.555097892773797241e+01
-7.395757630527563187e+00
-1.895593944416531684e+01
-1.919814988721726579e+01
-1.859802279010883197e+01
-1.225277087472148096e+01
-1.099947600220862221e+01
-1.610143037672474620e+01
-1.838713173214365071e+01
-2.044986518012056820e+01
-2.089326025667016040e+01
-1.853596832110056525e+01
-1.593571765104334936e+01
-1.240929762142775949e+01
1.045443185851070567e+01
5.427651151934504270e+01
1.110921387572206527e+02
1.862061048782011312e+02
1.907201847673859447e+02
1.163480150981657033e+02
9.873584854068397476e+00
-1.533264082411797347e+02
-2.333976714750222072e+02
-2.172355257031487952e+02
-1.932618534615341730e+02
-1.249746375950434327e+02
-6.102630815109582585e+01
-9.826767645464535406e+00
8.301565174311818396e+01
2.063237553979414827e+02
2.404782194623092266e+02
1.816745390497798383e+02
7.914465292572177191e+01
-9.830929257271981214e+01
-1.717347210239134085e+02
-1.268588001212075795e+02
-7.669271864448100473e+01
2.407460692191590113e+01
7.133029099125093353e+01
4.913055041367459808e+01
4.459878889881753850e+01
3.046561993836623472e+01
1.701602695850132463e+01
1.348123981418534534e+01
-6.783765074789295468e+00
-3.962375984944128504e+01
-5.121548081952384024e+01
-4.276315070303223109e+01
-2.735434376276542778e+01
2.663538344030531579e+00
1.724424226486786438e+01
1.393005139110387880e+01
1.342709716347722093e+01
8.381947710160090992e+00
3.882397561474507874e+00
1.958126023841702201e+00
-5.704898499865083572e+00
-1.771479293486203588e+01
-2.221960766202397508e+01
-1.944624496266836644e+01
-1.413542590706565605e+01
-3.513240752292369429e+00
1.213644393335472316e+01
3.302513559371661245e+01
6.174014562960024932e+01
9.871632822901028703e+01
9.948844900075611974e+01
6.046372635447867339e+01
3.323857894279362846e+00
-8.421147269907747557e+01
-1.282148799064892444e+02
-1.221592248088155088e+02
-1.122267215345492559e+02
-7.925919000376235601e+01
-4.516228595122694145e+01
-1.392898443633331951e+01
4.125799561035233864e+01
1.156132556469194412e+02
1.453613817987214816e+02
1.285534893519703417e+02
9.256136377981943042e+01
2.096676267366744639e+01
-1.912123345157176502e+01
-2.256427089945137254e+01
-3.596940128023591399e+01
-4.311872854072387895e+01
-5.526750266660512523e+01
-7.717252876107849602e+01
-9.066602866258232041e+01
-9.900465155678105589e+01
-8.674988599984776272e+01
-4.928847177383626388e+01
4.112514097473352948e+00
7.931462317619256908e+01
1.214818748850101144e+02
1.259235698754419843e+02
1.245140246415020044e+02
1.027340781702460646e+02
6.491640369040342762e+01
1.195869105788533560e+01
-7.111928411101715142e+01
-1.847990243300311306e+02
-2.037074591184741905e+02
-1.193785548887719017e+02
7.103634488375166534e+00
2.094546097905812019e+02
2.727430704946355604e+02
1.773158599471367438e+02
5.507813605720814820e+01
-1.503896677382431335e+02
-2.380619678414398663e+02
-1.832984359822523004e+02
-1.295374342296339307e+02
-2.365039423577852062e+01
3.632134666503121423e+01
3.145244810388166812e+01
5.260671184970446745e+01
7.326337955990967998e+01
7.892419538214669217e+01
7.760929123561348320e+01
5.507892837184321166e+01
9.151403319120607449e+00
-1.662373523685041121e+01
-2.263683746695698673e+01
-3.223110915101104013e+01
-3.590638753339476352e+01
-3.426768194210308849e+01
-2.853023210438368551e+01
-1.093014305145617016e+01
1.890580402025187112e+01
3.241242083773761351e+01
2.898600845266670945e+01
2.326648676572620644e+01
8.414362440272039834e+00
-3.789569841498933389e+00
-1.195130980823729061e+01
-2.743251241397925710e+01
-4.761493612823181110e+01
-4.895511510052885740e+01
-3.066191099169606460e+01
-2.089136656308030915e+00
4.298154296726999490e+01
5.687549292627330999e+01
3.564245941366296933e+01
7.489932692655542290e+00
-4.002952401479092259e+01
-6.175627073895949337e+01
-5.240401213919874834e+01
-4.404997687203474044e+01
-2.487564504769276041e+01
8.096636392200371901e+00
5.315180848745362141e+01
1.188569398390915097e+02
2.064952826738352201e+02
2.098968771860751588e+02
1.211915596272275479e+02
-7.651230243685652965e+00
-2.055174554498520934e+02
-2.826892218359114395e+02
-2.218855666303939245e+02
-1.388888935411840180e+02
1.617082509327079620e+01
9.535858693550878229e+01
8.018044547709894232e+01
8.361316996817701863e+01
6.750134757226663851e+01
4.756341364900224988e+01
3.452185975606698776e+01
-1.006616554337360370e+01
-8.138468235968242936e+01
-1.043884707198610755e+02
-7.890533768417009242e+01
-3.791449613413086439e+01
3.657705032732359740e+01
7.925609635935585118e+01
8.441134289364553922e+01
9.848659236917568194e+01
1.054969802593648893e+02
8.752706407167168834e+01
4.639178638305282476e+01
-2.230649972569649719e+01
-1.237501339547992671e+02
-1.634571695668972779e+02
-1.358091864367414132e+02
-9.115406561465269419e+01
-5.183776178026642256e+00
4.018661397196768803e+01
3.651315008181842359e+01
4.377846757084149232e+01
4.146251145184054110e+01
4.104887283979395818e+01
4.846713967142182611e+01
4.179802668879624861e+01
2.444711532060028247e+01
9.725761144186973794e+00
-4.934321434066774259e+00
-2.384155526682879866e+01
-4.501056433069015128e+01
-5.150025680585012822e+01
-4.176220390013806139e+01
-2.253592099787654490e+01
1.121529594325100021e+01
2.635890871978545036e+01
2.053634140203433844e+01
1.431942619599153943e+01
-5.893101221093322017e-01
-5.686772328474964056e+00
1.866015728773905646e+00
6.408023358001583958e+00
1.275918914198287268e+01
1.569384818176292917e+01
1.315707176156930203e+01
1.141838745737315719e+01
8.705821750852576812e+00
5.503537892203100412e+00
2.516308262586065769e+00
-2.006190327040274557e+00
-7.787755483989670324e+00
-2.802032096375229209e+00
1.388743961476100353e+01
3.686037744304201880e+01
6.948188702317892762e+01
4.912698013002975728e+01
-3.020978368815183046e+01
-1.360067396002935141e+02
-2.857677435515630009e+02
-3.075316168892514952e+02
-1.847274331674016423e+02
-1.424297857912689658e+01
2.508703071346198215e+02
3.681272041309035785e+02
3.129070893709485972e+02
2.415689391191375819e+02
9.025050511203014025e+01
-8.712041565609226268e+00
-3.535693319360328246e+01
-1.069975354377774579e+02
-1.901104492119499412e+02
-2.137129222284917205e+02
-1.833948705535402439e+02
-1.068534299581769176e+02
3.340046235261171859e+01
1.003015979140274681e+02
8.729824490774392132e+01
7.626959178579426180e+01
3.423235320722434238e+01
1.494382018163300785e+01
2.781086504023448214e+01
2.037352285404555374e+01
6.171403449282447440e+00
-2.328756393426195892e+00
-1.041630531716023533e+01
-1.408891365752733016e+01
-1.182862741308629495e+01
-1.742116991804924453e+01
-3.053950170311735590e+01
-4.343591716653235579e+01
-5.892672715374991554e+01
-5.740068552452950001e+01
-3.625531312417905383e+01
-6.719011081685270170e+00
3.691276553446974162e+01
6.827711173069543804e+01
8.488144876376047421e+01
1.044616141578672597e+02
1.202829920299266320e+02
1.040301930375564723e+02
5.381211786995348234e+01
-2.279058221827028774e+01
-1.343351021273417700e+02
-1.801244660312514156e+02
-1.526330683022279118e+02
-1.079722390313419140e+02
-1.974992162051526279e+01
3.132348097643406604e+01
3.658632683460538004e+01
5.738144329383765552e+01
7.363868529877052538e+01
7.655388551070402059e+01
7.059682166258835423e+01
4.399399310999054080e+01
-5.312072847562737898e+00
-2.824343274340553833e+01
-2.402149414942949335e+01
-1.874896120882608841e+01
-9.852929468283901926e-01
-2.696194113694699634e+00
-2.793916324579166854e+01
-5.224898083250745628e+01
-8.386917091885577236e+01
-8.224434913969233207e+01
-4.122003426303160012e+01
1.352615726782352112e+01
9.386742464587038626e+01
1.269423473368283339e+02
1.050973578537478943e+02
7.346991359091236973e+01
1.243238347083732620e+01
-1.933631992116094267e+01
-1.467095500983662681e+01
-1.846908901889652199e+01
-1.569514423332564768e+01
-2.784417239614383632e+01
-6.082814186401900258e+01
-9.242241898386330945e+01
-1.290539644946980786e+02
-1.223066496744166756e+02
-6.489514688888644400e+01
1.523882394409467977e+01
1.326707250991295837e+02
1.825244411491276253e+02
1.548086791956398258e+02
1.125989910928103086e+02
2.791750346189908072e+01
-2.273081854433306859e+01
-3.017996655220444424e+01
-5.509813848535931413e+01
-7.831165502420736857e+01
-8.355925501029612690e+01
-7.484183710841230663e+01
-4.470448572496650286e+01
1.078540367025281377e+01
3.796138716325086193e+01
3.545120927785313825e+01
3.312143075741094833e+01
1.837844591603805000e+01
9.951253463584745163e+00
1.090658667267667070e+01
2.068951030147486048e+00
-1.210776986347145723e+01
-1.486572208982332555e+01
-7.181969037686790180e+00
6.069654438537171792e+00
2.873962839389498924e+01
3.573131079474307370e+01
2.524431954802869527e+01
1.253206711759730929e+01
-8.730601777927734730e+00
-1.258497061018654328e+01
4.232840971941272734e+00
2.418333435063260950e+01
5.431921544237201971e+01
3.531031714306209324e+01
-3.970173211422414994e+01
-1.367975604942748475e+02
-2.727290075932352806e+02
-2.927984734167615102e+02
-1.814299466204864473e+02
-2.654792735839099294e+01
2.143394105444431261e+02
3.333970393805639674e+02
3.094996553263894725e+02
2.788019472903368978e+02
1.868780322715884097e+02
9.751942736051216798e+01
2.350309298087551824e+01
-1.118712952802643912e+02
-2.938065501347076633e+02
-3.493549913891191636e+02
-2.732202914680175923e+02
-1.377490046094571596e+02
1.018660164582113907e+02
2.066629619997659120e+02
1.575335213052841254e+02
1.080871762864347119e+02
-1.786836478786935523e+00
-5.260222491426196711e+01
-2.409859653203081109e+01
-2.266205183453805105e+01
-1.690896432735575061e+01
-1.138867816598984994e+01
-1.760471582845086402e+01
-8.800019361145450247e+00
1.138520448648499261e+01
2.083480371890208716e+01
2.217869131563217522e+01
2.321084121156163604e+01
1.985718727236706016e+01
1.375761142847302487e+01
5.066355863058641162e+00
-1.004233809957020185e+01
-3.160132654182621437e+01
-3.587902188833790262e+01
-2.151836636980120687e+01
-1.573233331763169429e-01
3.444095547966501414e+01
4.579165543679437178e+01
3.049165660231562569e+01
1.132446660637076086e+01
-2.126137067998863017e+01
-3.827062545594154130e+01
-3.592669182038377329e+01
-3.610901366482218577e+01
-3.121513105898450036e+01
-2.279520115746627695e+01
-1.264146143438220804e+01
6.272262728894618888e+00
3.356154363584002454e+01
4.891052953493962008e+01
5.189888095970702153e+01
5.223554798089170248e+01
4.495909048359233395e+01
3.395185053154001764e+01
1.949008117947614593e+01
-4.612941394042785248e+00
-3.797478535316278681e+01
-5.949434657752291145e+01
-6.850566855346180262e+01
-7.525242316555238631e+01
-7.446777014791638294e+01
-5.732818436152246733e+01
-2.276672225039010655e+01
2.978361715013577893e+01
1.037090605703829738e+02
1.274415146333551263e+02
9.575390269139631982e+01
4.623700204682367598e+01
-4.015702041871058725e+01
-7.653263779295637903e+01
-5.449655431701945929e+01
-3.207992917651493769e+01
1.304942943571389868e+01
2.864760828511484902e+01
6.168538524226549136e+00
-1.108644807593643300e+01
-3.717382100785460608e+01
-4.387422580085575419e+01
-2.453677197334289417e+01
-3.894862509895228087e+00
2.657445279334465837e+01
4.274074003627757179e+01
4.034353617122253866e+01
3.814894690223975715e+01
2.927650133740960214e+01
1.857814532753697989e+01
7.701466675188622268e+00
-1.162733735657090506e+01
-3.827461709316681038e+01
-4.856608093827605899e+01
-4.166530155063602336e+01
-2.819895183901394731e+01
-2.085448253150525844e+00
1.380349064775696100e+01
1.763736456734052993e+01
2.570457838201885536e+01
3.249657856303565495e+01
3.196504882378529899e+01
2.483424658965210696e+01
9.595533985335588767e+00
-1.544467817188814607e+01
-2.294285344512758940e+01
-1.144060296720059355e+01
4.274258088511137643e+00
3.110975969082516457e+01
2.310050046001147805e+01
-2.462930715912379398e+01
-8.452298718220450269e+01
-1.691112596113405004e+02
-1.844126650047571445e+02
-1.203883860475343255e+02
-3.229431928838158683e+01
1.057149444228234501e+02
1.886940876646808931e+02
2.055309201857999994e+02
2.288621781708366143e+02
2.315538416257104473e+02
1.840775376400561356e+02
8.779898487804987894e+01
-6.629480522044488566e+01
-2.878904669161506149e+02
-3.678629292915476867e+02
-2.926786871455634582e+02
-1.721374522513599459e+02
4.844076510905969712e+01
1.558185452944053964e+02
1.290307171757438596e+02
1.172002452396470602e+02
6.637143313998609528e+01
3.467975554943974714e+01
3.823617167915787007e+01
5.370775949684620798e+00
-4.826618934623530066e+01
-6.588093022894146600e+01
-5.208090469866829864e+01
-2.262028909243467822e+01
3.491547404394773935e+01
5.040651721408593744e+01
1.908103061183304305e+01
-1.520542834792357922e+01
-6.977432354416875171e+01
-8.642941443589107564e+01
-5.696717201988595036e+01
-2.307170602118307912e+01
3.118607755484743294e+01
7.020084552696778246e+01
8.806773183410385286e+01
1.152704610930723419e+02
1.423160894958018332e+02
1.286293241744322415e+02
7.290578851493317813e+01
-1.353623474099958202e+01
-1.421032660049804690e+02
-2.015400980514265541e+02
-1.837831401804999700e+02
-1.524928712425449362e+02
-7.891444861262776556e+01
-2.466577942908299903e+01
2.809721891350143608e+00
5.766553391478529278e+01
1.252549251743991192e+02
1.521434644215827632e+02
1.393379552092200981e+02
1.013268258608381274e+02
2.450091540524188716e+01
-2.119155136407592011e+01
-3.219872463948681940e+01
-5.450848565953909031e+01
-7.181777528897255536e+01
-7.553031197110225037e+01
-6.821013812300688528e+01
-4.108053674258868426e+01
8.462757946974795331e+00
3.269067909335690558e+01
3.052169089718122308e+01
2.798680298901794217e+01
1.386914618271723931e+01
6.432969573566682087e+00
8.418965291065928724e+00
1.954336771171341747e+00
-8.626037440884729790e+00
-1.115433603173805821e+01
-6.797238214535057388e+00
1.703104389437007260e+00
1.701438592852334963e+01
2.606418060146652493e+01
2.820491163802707035e+01
3.198517742797482910e+01
3.436838448604355989e+01
3.551398137494530260e+01
3.607661691750590194e+01
3.359886565373768263e+01
2.810622820845971859e+01
-8.823922063795961890e+00
-8.076239701847934782e+01
-1.746180440244149850e+02
-2.990579886376436320e+02
-3.050367683935612604e+02
-1.786451670810734527e+02
1.741808160156589125e+00
2.774334410899725754e+02
3.946536069190104854e+02
3.294779819004605201e+02
2.392152422250168229e+02
5.706885165479723554e+01
-5.310075735433478883e+01
-6.946185494985363107e+01
-1.271443345492547934e+02
-1.846771777848898353e+02
-1.819365295457964180e+02
-1.260129512980873301e+02
-1.261879128961721008e+01
1.734298716756349847e+02
2.387923373355814647e+02
1.731051803938619287e+02
8.332493832039193649e+01
-7.902892166185755229e+01
-1.681727880474697088e+02
-1.672012114854080380e+02
-1.864477337188153854e+02
-1.889308976421516206e+02
-1.550694046413654519e+02
-9.195286125615928086e+01
2.109825089495825878e+01
1.893673840891462135e+02
2.689976640720475416e+02
2.536743672144216362e+02
2.182389529921492226e+02
1.266507851898206667e+02
5.056266381760870843e+01
-2.485073033379788132e+00
-9.774640487503988595e+01
-2.191799096653881236e+02
-2.538446435679660453e+02
-1.989387238822386337e+02
-9.671429699946153846e+01
8.252199962157297364e+01
1.592001111742441140e+02
1.200389408579500099e+02
7.741558828627344724e+01
-1.372323313830910507e+01
-5.295428325608368425e+01
-2.469892089182594930e+01
-1.396579048710028914e+01
5.499961718063749672e+00
1.382040550239028853e+01
7.751645716583083212e-01
-3.435000800673792654e+00
-5.903212799178158221e+00
-4.733882889286053164e+00
4.230948641168824409e+00
1.434860741320978939e+01
2.751264919389762298e+01
2.950295463678518360e+01
1.826221545393724455e+01
2.440166335703747968e+00
-2.215120115967185654e+01
-3.386340695236527409e+01
-3.052304943799013870e+01
-2.619355574362885619e+01
-1.519808590646470670e+01
-7.189587859583284057e+00
-3.772090577948949974e+00
4.470174887050243129e+00
1.514276759898603508e+01
1.829571506596828101e+01
1.410877777001168987e+01
5.524859852896581991e+00
-9.954052290053009955e+00
-1.903578480766840642e+01
-2.094240753707694225e+01
-2.428800113343372402e+01
-2.589887107279444578e+01
-9.649962018012775644e+00
2.554607170998136567e+01
7.470673240894321054e+01
1.426121780623191171e+02
1.519128223365192696e+02
9.602449342743189220e+01
1.605417060341454416e+01
-1.090169964823224831e+02
-1.682124930985703770e+02
-1.508597717509825884e+02
-1.282526181845636870e+02
-7.145433027272979132e+01
-2.258129840152851031e+01
1.101117606670074878e+01
7.398465790438444856e+01
1.562487850959687421e+02
1.652111166601166303e+02
9.778584837879294867e+01
-9.357412224773240084e+00
-1.806622812537998755e+02
-2.364984183675362601e+02
-1.621646949049452928e+02
-6.491780922620731076e+01
1.018908799042610696e+02
1.768832504578522560e+02
1.406191677661043684e+02
1.094008683324861977e+02
4.095344807308603663e+01
-1.053143325981380229e+01
-3.183060789125078571e+01
-8.377605995345795975e+01
-1.518188375223455182e+02
-1.374686037374884791e+02
-3.875928172905101832e+01
1.087923557235197052e+02
3.309708142552262871e+02
3.819459747364366535e+02
2.412395544343927440e+02
4.853155261935744136e+01
-2.613071379262572691e+02
-4.013389543349704809e+02
-3.409031412624685231e+02
-2.725861026020147051e+02
-1.211666052123921418e+02
-1.591055781444358708e+01
2.012222598864135037e+01
1.118031269735852504e+02
2.260042319174618513e+02
2.606056377522329512e+02
2.201971182730180203e+02
1.279625259718932284e+02
-4.128665466985489019e+01
-1.219893538591216924e+02
-1.047503066096123376e+02
-9.155866327832822549e+01
-4.223370342462929727e+01
-1.554083214011460967e+01
-2.281225602204038694e+01
-3.333281307122464732e+00
2.803319965869383168e+01
3.919426040685620904e+01
3.489321443371527209e+01
1.959153043700538888e+01
-1.323961423591705611e+01
-2.634192267398468701e+01
-1.813326060612195434e+01
-1.195922606038139691e+01
8.389251570924320944e-01
7.229858490116417791e+00
4.329448226899497598e+00
5.118584510986385006e+00
6.028443271806105841e+00
2.604572012953008109e+00
-4.135424876141715167e+00
-1.489486543174213118e+01
-3.058045882442792518e+01
-3.340039997085413148e+01
-2.219111447619352973e+01
-6.210888424576131328e+00
1.920401542538661843e+01
3.722579339060106207e+01
4.623661328318304697e+01
5.833666087592436611e+01
6.933909470033917444e+01
6.372831468174131686e+01
4.084191384768723765e+01
4.554914488693709629e+00
-4.965998807710159468e+01
-8.126621686783022369e+01
-8.761596763021337608e+01
-9.239756408090647710e+01
-8.536735313548238935e+01
-6.353968385404229480e+01
-2.729329835311685670e+01
3.082435821023586442e+01
1.126737663308118869e+02
1.331561791545041160e+02
8.664812369923059521e+01
1.602166885717874933e+01
-1.013222036469354777e+02
-1.489311700194793957e+02
-1.159305560273633802e+02
-7.754781766020791167e+01
-3.671305976079632494e+00
5.961103552507066183e+01
1.041101957303442305e+02
1.771691237478730443e+02
2.674370562252948957e+02
2.602225537022906678e+02
1.501606896511651712e+02
-1.696617033765099336e+01
-2.722254619172547336e+02
-3.688729885114424860e+02
-2.866238409262314235e+02
-1.708023283801659318e+02
4.304299047024210978e+01
1.529640821925956118e+02
1.350683417484393374e+02
1.406166995944037694e+02
1.178227298445592623e+02
7.167254892424348611e+01
1.450912068202912231e+01
-9.826895304458032854e+01
-2.651953621600356428e+02
-2.966454504097815175e+02
-1.842180008227559540e+02
-1.882778112579028829e+01
2.482605195424410169e+02
3.508151329857810765e+02
2.640912419926912094e+02
1.568961590686430725e+02
-4.000617736013635550e+01
-1.353419679636900241e+02
-1.026587940924681845e+02
-9.121987599146997638e+01
-5.078994319314795547e+01
-2.990830512524802387e+01
-4.560701585877523456e+01
-3.393756729049999876e+01
-9.347463670223566723e+00
2.599834719328947497e+00
8.202291317372681689e+00
8.732045815056512339e+00
7.082177699556568840e-02
1.078612174143665925e+01
4.211649396266557943e+01
7.736950030775967946e+01
1.233638175375322277e+02
1.226102373041462386e+02
6.845104054164033869e+01
-6.581220392802904939e+00
-1.187606367422944231e+02
-1.682335067268684270e+02
-1.451766066373704120e+02
-1.114928363996599501e+02
-4.066758183832284601e+01
4.878237598565923427e+00
1.691523406930426177e+01
4.799362187281637659e+01
8.252489186537974319e+01
9.372379777967124426e+01
8.431680855463288538e+01
5.489075732221913739e+01
-1.175598025708187500e+00
-3.093826190024624267e+01
-3.243378019210034324e+01
-3.736551900354297828e+01
-3.331825211646333429e+01
-2.765983510968570513e+01
-2.287777877332734278e+01
-5.457600524544235832e+00
2.307573940369074350e+01
3.354641532344196975e+01
2.576114952855486351e+01
1.305074664446645372e+01
-1.158370306140320771e+01
-2.080737802454201812e+01
-1.206483494063552087e+01
-4.276571696827970115e+00
9.419252991446727563e+00
1.454193084968832750e+01
8.320371741562759382e+00
3.167356593497664630e+00
-4.969495353118100311e+00
-1.272911713464165295e+01
-1.871951840022233426e+01
-2.790696573884352460e+01
-3.925158564221332824e+01
-4.022528696196576448e+01
-3.027563585869894069e+01
-1.450984783506548759e+01
1.042636854060562435e+01
3.508775195891819720e+01
5.900678626763848200e+01
8.980871867500411554e+01
1.255144654598342981e+02
1.188338934760573409e+02
6.588979369486152393e+01
-1.248754159104695205e+01
-1.297323740381436039e+02
-1.749919469205433131e+02
-1.388485744096956296e+02
-8.623178861593196132e+01
1.204865423990877993e+01
6.388792551615409110e+01
5.865889058418345314e+01
6.533592794060862730e+01
6.044333188809417123e+01
4.158978312167077007e+01
1.401487383928844466e+01
-4.023086686259175337e+01
-1.217579053041129384e+02
-1.401104788439515687e+02
-9.112404138501631223e+01
-1.931483674070594247e+01
9.847624684757310831e+01
1.494254383156091990e+02
1.228223065873328750e+02
9.233343733780439777e+01
2.882461991836843396e+01
-1.065448579332420564e+01
-1.665973405464827550e+01
-4.073164133830046296e+01
-6.811335693081791476e+01
-7.499499754137181640e+01
-6.454427592256672597e+01
-3.653678602361360817e+01
1.460701421468999861e+01
3.830424249794614866e+01
3.244780805890472664e+01
2.648125598562915073e+01
8.289762481339790767e+00
-1.057725616391957502e+00
1.866886420994047446e+00
-2.856418578004407571e+00
-9.965365098716391756e+00
-1.081896056485711277e+01
-6.961087632010766413e+00
1.412921883726071970e+00
1.607033304522184380e+01
2.465021898534240208e+01
2.676232536252379646e+01
2.988317634551474455e+01
3.117091086478972173e+01
2.912421893578949295e+01
2.404873498211923888e+01
1.438285826554965929e+01
-4.120325136026807278e-01
-3.050519068398192601e+01
-7.767488354807908024e+01
-1.379442305252250662e+02
-2.147977363213110777e+02
-2.160377220921579351e+02
-1.331268208480082365e+02
-1.290510674641236477e+01
1.703981121830254608e+02
2.694394993479507434e+02
2.709937124657872118e+02
2.683302350751615108e+02
2.233275426290020675e+02
1.532895508421425177e+02
6.383109749030928981e+01
-8.597553732648050584e+01
-2.940365489122235090e+02
-3.728117844955829696e+02
-3.130348700488507347e+02
-2.046722770717927915e+02
1.046013243300749185e+00
1.085880534084405014e+02
1.008120765600241810e+02
1.138145729387752141e+02
9.917831968025126343e+01
8.886357135872836466e+01
9.596469092723600625e+01
6.624623193431011714e+01
8.338985493733643395e+00
-2.361543989456317760e+01
-3.374521325239219038e+01
-4.268386374244614245e+01
-3.931317653358694741e+01
-3.687208061868962972e+01
-3.636465316235658207e+01
-2.259509321022046890e+01
2.222869683308468680e+00
1.504465914518525871e+01
1.645551195971218306e+01
1.664844325484167697e+01
1.043515397380561716e+01
2.430373886910585757e+00
-6.961492509202843237e+00
-2.427227134549310961e+01
-4.888679203389613548e+01
-5.573076003550429647e+01
-4.368750132849164203e+01
-2.461691528578280241e+01
7.964658089102998773e+00
4.093394847737035036e+01
7.335987629996090220e+01
1.173120491695596712e+02
1.701158662527133743e+02
1.649058450845631967e+02
9.661954601631840944e+01
-5.018800138030228730e+00
-1.587314530138268651e+02
-2.254687515098034396e+02
-1.934842571291411275e+02
-1.458885675613160231e+02
-4.636205671662627026e+01
1.916030541942854981e+01
3.975563215268356743e+01
8.752546906071225408e+01
1.412073675141142814e+02
1.400391396512042945e+02
8.537877293635740727e+01
-1.053335773853366319e+01
-1.636990016756994351e+02
-2.106332180541395758e+02
-1.401358097066253379e+02
-4.489174785578037330e+01
1.171065424195582239e+02
1.881156787287077350e+02
1.503524594474751837e+02
1.145204987204657812e+02
3.952053223408188387e+01
-7.137725713965963337e+00
-1.168526671315511578e+01
-4.031500487974517455e+01
-7.492555640418127894e+01
-9.243300033241865776e+01
-9.808677949676288677e+01
-8.875902421713337276e+01
-5.980856843012076496e+01
-3.409399246256408134e+01
-1.068452490425490176e+01
2.585377940100018535e+01
7.143668944907216201e+01
9.966911785460273165e+01
1.098804784064907096e+02
1.120921752355462928e+02
9.935535740870074051e+01
7.437325111860623394e+01
3.624346089870738297e+01
-2.293843087477423026e+01
-1.040614599648337020e+02
-1.470803908183144983e+02
-1.485822849819725207e+02
-1.389244197479212346e+02
-1.024690734754128556e+02
-6.236484959261667882e+01
-2.044112805229656260e+01
4.832645419830781464e+01
1.396910396389750986e+02
1.750302617936107765e+02
1.507703547156046966e+02
1.019891651667765871e+02
7.991630880482290422e+00
-4.326027395731737357e+01
-4.483236789838419156e+01
-5.717621866837733791e+01
-5.881733486971931057e+01
-5.347417413209947767e+01
-4.593379674305862181e+01
-1.716612094575750902e+01
3.200135535743141446e+01
5.181802897185092149e+01
4.181326020507055574e+01
2.607444438472833070e+01
-7.192310947819096967e+00
-2.815502812048844916e+01
-3.372896705220173885e+01
-4.801031896674206934e+01
-6.388763842887733091e+01
-6.361287865839312161e+01
-4.792607151764980244e+01
-1.982139532330439735e+01
2.528052304810244166e+01
6.038381478419135817e+01
8.444690899089738423e+01
1.147501582596183312e+02
1.451101672019523789e+02
1.294410158815292675e+02
6.427571283317902839e+01
-3.366346468616397658e+01
-1.778549952390022213e+02
-2.214660907685723430e+02
-1.525352010858674987e+02
-5.335951294644058862e+01
1.150132246440274741e+02
1.831094726270117121e+02
1.331473165021418481e+02
7.943030946097685785e+01
-2.220314754872962482e+01
-8.582484317186839462e+01
-9.650578653029023712e+01
-1.320335278954518117e+02
-1.698087031329226022e+02
-1.556022941397238526e+02
-9.209425210590035249e+01
1.300318719625954067e+01
1.736313076003002038e+02
2.430736543243614278e+02
2.118912826545991095e+02
1.629710711999863122e+02
5.891413987350384929e+01
-5.493416637242885869e+00
-1.898984730203781623e+01
-5.864445397814660765e+01
-1.010776824578874624e+02
-1.213767716727619757e+02
-1.247613261858317628e+02
-1.049360172023989151e+02
-5.616041305018649865e+01
-1.534193365125665665e+01
1.852166249178233670e+01
6.913437756955562463e+01
1.294105507289902732e+02
1.373328237202499622e+02
8.917712838524215613e+01
9.367218016315952411e+00
-1.194433045530828679e+02
-1.603753319052091797e+02
-1.025476107986770131e+02
-2.698165550958549375e+01
1.018176872915452833e+02
1.445104042133788198e+02
8.475300523778732043e+01
1.880026271387376369e+01
-9.024630753483783963e+01
-1.290439631192526235e+02
-8.070026561014449840e+01
-2.980071106480485099e+01
5.470449532595569764e+01
9.238836869236328653e+01
6.971206912764050401e+01
5.094887767710457638e+01
1.384248031063159878e+01
-8.731769843089207228e+00
-8.662473705575900240e+00
-2.019665325541707546e+01
-3.402772282122531777e+01
-3.575490691152226930e+01
-2.782928727890936216e+01
-9.663672025326690118e+00
2.187535853672057229e+01
3.362482257679427278e+01
2.401039325385580270e+01
1.172945836396215391e+01
-1.135720941839761977e+01
-2.708790650596965577e+01
-3.305869128504196652e+01
-4.470723582611254443e+01
-5.752728685944740050e+01
-5.657831706188500931e+01
-4.197573104834985713e+01
-1.728328510596239553e+01
2.146800259329916472e+01
5.936160130067474228e+01
9.611999024407012371e+01
1.427184398862969203e+02
1.961233465868104417e+02
1.868955138988081330e+02
1.092256793760522839e+02
-6.399803639048059267e+00
-1.797897329400248907e+02
-2.594090371827910531e+02
-2.326662237014387529e+02
-1.897789413113501666e+02
-9.122202470579745182e+01
-1.769996690888538993e+01
2.027462231349516841e+01
9.517337367202566156e+01
1.876217617832624001e+02
2.021325983872154382e+02
1.376890887367892162e+02
2.504324298751770783e+01
-1.609173682949036674e+02
-2.272648757880069752e+02
-1.598769673825688642e+02
-7.343239204115359087e+01
8.132573279391000654e+01
1.602497326422898425e+02
1.450503361718386657e+02
1.457997658612001999e+02
1.251954049834154574e+02
9.264534487262166351e+01
5.790292760205164768e+01
-1.392248822979136591e+01
-1.199343348952085933e+02
-1.763424849382312800e+02
-1.822166728685052135e+02
-1.764942467508062407e+02
-1.389964238082988572e+02
-8.848072620762201268e+01
-2.625756962061437250e+01
7.415386879204037029e+01
2.103942509105964405e+02
2.518525223065365992e+02
1.911129109807621660e+02
9.000635080251437614e+01
-8.610794939918177704e+01
-1.602169890011578559e+02
-1.168403341017708783e+02
-7.091391421926795147e+01
2.266108962257398574e+01
6.087758285842267725e+01
2.729974843539861951e+01
8.247546930370432960e+00
-2.361106037998415275e+01
-3.561327313797718119e+01
-1.650840073602643798e+01
-3.677071317071380019e+00
1.336204060746752909e+01
2.236846848843883606e+01
1.808359420828598019e+01
1.503277795989306043e+01
8.757782544652798151e+00
3.007284883481436744e+00
-5.396513718455816511e-01
-7.661406465781556818e+00
-1.714782516855281713e+01
-1.843748585525245787e+01
-1.129805330720043699e+01
2.162461373681348609e-01
1.884124599010431922e+01
2.427812887931618846e+01
1.487036586449160680e+01
2.699073245018944966e+00
-1.750974364838111086e+01
-2.837827976696840437e+01
-2.781034787162630195e+01
-2.855476499664123224e+01
-2.609229961805827003e+01
-2.002965230787398099e+01
-1.123149336329059800e+01
3.872627998585401521e+00
2.547537177539184938e+01
4.651516327900331760e+01
6.733760164184161567e+01
9.180266241229321622e+01
1.185311932847151724e+02
1.154783853971276244e+02
7.965877245292689679e+01
2.508425090005183478e+01
-5.756517850707243156e+01
-1.266176564751733480e+02
-1.793030353268364649e+02
-2.443154529632438141e+02
-3.117584861375726177e+02
-2.834233250221765275e+02
-1.514849687738604871e+02
4.592583456388356922e+01
3.373730164275725656e+02
4.539282883961588482e+02
3.738567126139598145e+02
2.515311339716382975e+02
1.626146894013997013e+01
-1.114008416463062758e+02
-1.067328765546375706e+02
-1.358042571376527690e+02
-1.429436237250884858e+02
-1.306444539108377967e+02
-1.128965644222000719e+02
-4.375828099659652537e+01
7.538126777044830362e+01
1.247127784295093136e+02
1.033657587718291921e+02
6.959161876892042642e+01
-4.808825504469394829e+00
-5.057381140415350274e+01
-6.034385473696254110e+01
-9.062698942629420173e+01
-1.248952485601785583e+02
-1.206845195006833649e+02
-7.972273432036436702e+01
-9.572178850279549067e+00
1.006847224236610145e+02
1.560758921145503280e+02
1.508498798274360411e+02
1.404596699555755777e+02
1.011730602594948465e+02
5.722259167128176927e+01
1.287034885674730411e+01
-6.355697037167662700e+01
-1.671774891797367673e+02
-1.930559052444475299e+02
-1.363025387880347523e+02
-4.404888037587092242e+01
1.113261264436491871e+02
1.700649150470772213e+02
1.184700470108390391e+02
5.700057844157316822e+01
-5.539423121490617774e+01
-1.051410928754362430e+02
-7.638999624896015916e+01
-5.748360347830240613e+01
-1.847966315308668328e+01
5.247948671904616447e+00
3.063385525146722355e+00
1.619698177254347371e+01
3.427330879857781554e+01
4.173411857393467983e+01
4.214609456349830907e+01
3.475317254504761166e+01
1.666670455386002558e+01
4.389916621794706764e+00
-2.074167102226756487e+00
-1.317231341035145498e+01
-2.547793640724728448e+01
-2.903528196941015693e+01
-2.379793317259753849e+01
-1.197862954506785194e+01
9.173897756892674948e+00
1.965994405404972767e+01
1.837099015077259168e+01
1.748975310351288215e+01
1.214992574897609501e+01
2.323174844154225482e+00
-1.139970298536905702e+01
-3.305038302399071171e+01
-6.293870554899071124e+01
-6.976593533317515039e+01
-5.159181661932493057e+01
-2.385434498095064626e+01
2.173642715434307249e+01
4.894685403844775351e+01
5.453064260490567960e+01
6.307016369099766706e+01
6.545351914087170542e+01
4.577803871984206552e+01
3.961833881657593093e+00
-6.010616777652796827e+01
-1.513676941823607933e+02
-1.470411129162747841e+02
-3.734170735743006020e+01
1.146770572471809686e+02
3.423473763456297547e+02
3.944933090472152912e+02
2.470201483191045497e+02
4.830673113537429941e+01
-2.690967986307176147e+02
-4.135874638010540139e+02
-3.530721744660934860e+02
-2.844183627039197404e+02
-1.308255478611333729e+02
-2.299169700111816184e+01
1.564072050703785521e+01
1.120795731252443943e+02
2.328692342892677800e+02
2.666285708273513819e+02
2.173893642443470355e+02
1.125190056646661816e+02
-7.567367434960426920e+01
-1.616257315699016885e+02
-1.341616245491448183e+02
-1.069896685025858432e+02
-3.461995095142214751e+01
2.098955700032853855e+01
4.799794846271210957e+01
1.133526046759825476e+02
2.018900014469211612e+02
2.144592212443972983e+02
1.504560746565133229e+02
4.612230095135901564e+01
-1.236889730913004257e+02
-2.226277786627105684e+02
-2.408549540365997359e+02
-2.657960531024328361e+02
-2.637168096153218926e+02
-2.046893554089549809e+02
-9.048425511689458745e+01
9.293568094783300637e+01
3.559591029718709478e+02
4.380470097133770651e+02
3.221660149281127588e+02
1.435769323280923402e+02
-1.661769959260923315e+02
-2.956494078029957109e+02
-2.146368461604235449e+02
-1.309518900296964148e+02
3.552604494595379947e+01
1.159719954341790498e+02
8.175297436771775494e+01
7.959301724513014165e+01
6.455471444439655215e+01
4.384727663099312878e+01
3.245698863480922114e+01
-8.970588152171039553e+00
-7.598233641426649854e+01
-1.022357818346776952e+02
-8.872125042849650356e+01
-6.409524268911283684e+01
-1.304270275931037659e+01
1.624663444248398037e+01
1.945675888727437908e+01
3.236440520384388009e+01
4.336649057272187946e+01
4.448656579276111245e+01
3.813124283453503693e+01
1.901625390231522417e+01
-1.480276329314171413e+01
-2.931321002077943660e+01
-2.349582975293897746e+01
-1.575722328772516434e+01
2.048407265489563756e+00
1.176129027938276117e+01
1.103753133750045023e+01
1.525849681254678458e+01
1.994722931862435544e+01
1.877442901086657656e+01
1.274553052397846287e+01
1.436105985583789213e+00
-1.660689832630082918e+01
-3.073919623324874806e+01
-4.076678185199772031e+01
-5.319320556810767897e+01
-6.565585177077394974e+01
-6.419833059453007706e+01
-4.785346529743382860e+01
-2.132764736997657451e+01
1.947303391996912936e+01
5.655826177249253561e+01
8.913439777359879201e+01
1.297977047617956714e+02
1.745298973986314479e+02
1.586349667669759071e+02
7.666160586522656217e+01
-4.411232905047732800e+01
-2.223354519627290529e+02
-2.729937710376437963e+02
-1.802723403530022210e+02
-4.909772905340565785e+01
1.698317469089716383e+02
2.527417571323672405e+02
1.759881358680969754e+02
8.859731971229027181e+01
-6.812972928715497289e+01
-1.505530513950851628e+02
-1.366162006547403678e+02
-1.438762227228385768e+02
-1.342292545164517037e+02
-1.015583872897500584e+02
-5.548993930881583481e+01
3.217690686242706732e+01
1.623247109961137937e+02
2.124120546196000987e+02
1.778030777402548210e+02
1.189407346186868750e+02
5.041403195107975854e+00
-5.576638112481530385e+01
-5.315447290197516850e+01
-6.513981308587491981e+01
-6.492285693279586667e+01
-6.022419159674067402e+01
-5.798086910687320739e+01
-3.305293027623404356e+01
1.225622794049380637e+01
3.373173732134063130e+01
3.224736500701172304e+01
2.807645780505504618e+01
1.128548262499059973e+01
4.311246810825527298e+00
9.529423120227672683e+00
8.137116416990503254e+00
5.395704798895171628e+00
2.155735376027200001e+00
-3.663864226365200594e+00
-8.657993698845416475e+00
-1.318226258647141869e+01
-1.970480313828817387e+01
-2.782227691828161653e+01
-3.669730721781411376e+01
-4.672291466656279368e+01
-4.494193361210882642e+01
-2.999118144023218591e+01
-8.182016330827599049e+00
2.423284886503793700e+01
5.837537727468904336e+01
9.375982541377716473e+01
1.381768214276615652e+02
1.898312266957406962e+02
1.851184026159931761e+02
1.186323636603515723e+02
1.905836292273679788e+01
-1.316728485092444032e+02
-2.231998621038978285e+02
-2.466642112905378212e+02
-2.712331099155111929e+02
-2.688225949766990652e+02
-2.094236756277256859e+02
-9.294046961604661306e+01
9.056443100900391130e+01
3.518850355289995946e+02
4.369110435342743699e+02
3.284368768723383027e+02
1.589538781253132527e+02
-1.385545723269698613e+02
-2.683148487376765274e+02
-2.017007632245062041e+02
-1.379784947445797911e+02
-1.380979989002300456e+00
7.467618354850532114e+01
6.504851367821608221e+01
9.585124543287739129e+01
1.317556856502403377e+02
1.262226973939354622e+02
8.856118694393146029e+01
1.325237748080806455e+01
-1.096529191204048743e+02
-1.704724041112178270e+02
-1.647117712359768973e+02
-1.540155093454358735e+02
-1.118314813162284196e+02
-6.748723438671939334e+01
-2.595699142459078601e+01
4.892486425181484577e+01
1.510320689500068738e+02
1.892091692601579496e+02
1.605035443317379986e+02
1.046848505994357907e+02
-1.709714285549211343e+00
-5.898701887671264643e+01
-5.923817972394154907e+01
-7.077872092817453620e+01
-6.922165981784576161e+01
-5.672568145458197364e+01
-3.841906147647110004e+01
6.397899603463306661e+00
7.744681207147945656e+01
9.874844613289096174e+01
6.789861002597571371e+01
2.204071544919710135e+01
-5.771606942408703134e+01
-9.063878497715474225e+01
-6.887465304663520271e+01
-4.693075952587808075e+01
-4.143278489332459458e+00
1.845224699325503082e+01
1.347638659889091528e+01
1.748328242351773554e+01
1.945718088666518142e+01
2.131246701352862871e+01
2.688613246761470776e+01
2.647726985281799728e+01
2.130642322126153587e+01
1.452843098939203337e+01
4.617255357529758797e+00
-9.155135763494168799e+00
-2.679220937903493294e+01
-3.323753788953523980e+01
-2.721790047497722398e+01
-1.616202165126464863e+01
4.118322108647866742e+00
1.360607039201503454e+01
1.060258144518023649e+01
8.433916619558571526e+00
2.076116209690822334e+00
-5.621333285355921916e+00
-1.356749985163171779e+01
-2.726864456133416681e+01
-4.610049133116385889e+01
-4.972069818411625874e+01
-3.717497205070434774e+01
-1.782883189782764433e+01
1.363751340489568520e+01
4.691643953535729850e+01
8.139568419019779810e+01
1.268217210626189200e+02
1.811995712384983790e+02
1.775560199349678783e+02
1.105676288476914948e+02
1.051724690259684181e+01
-1.414077238888628472e+02
-2.221737830399889617e+02
-2.215897642666303966e+02
-2.153536253826775351e+02
-1.717702287784051123e+02
-1.099026811244912523e+02
-3.441869908943518652e+01
9.100483186454862050e+01
2.635508408975600787e+02
3.100779632944607442e+02
2.211403028898126024e+02
7.868017623529689786e+01
-1.629917812608580903e+02
-2.575054745291829477e+02
-1.829902146655488195e+02
-9.695210336507521731e+01
6.393319947479770349e+01
1.410130308386215177e+02
1.108615046267652531e+02
1.018041490242091243e+02
7.206264645432153770e+01
4.337853494919462349e+01
2.911008184020909084e+01
-1.489796975255015710e+01
-8.139011206298778234e+01
-1.109044842415467826e+02
-1.049639971832326779e+02
-8.679229085694035462e+01
-4.262156954229985217e+01
-8.959186233646683206e+00
1.169957803015333475e+01
4.857027211060664484e+01
9.362136689704075820e+01
9.930676007285869389e+01
6.423887160578401279e+01
5.119430064721022688e+00
-9.084114058410914083e+01
-1.227669514498689836e+02
-8.294407604659809863e+01
-3.101825753478357228e+01
5.900170118537290875e+01
9.922290547004757855e+01
7.903221322805134719e+01
6.221147416391749374e+01
2.579377097258084106e+01
2.229238093750217420e+00
-8.231540766719752655e-01
-1.774416341210864800e+01
-3.965106664835346351e+01
-5.105442000182824103e+01
-5.459334585711979315e+01
-5.077607732453981981e+01
-3.640306415235397708e+01
-2.188602755011378775e+01
-6.735931367297609995e+00
1.699709927815565180e+01
4.763451073982180617e+01
6.071762446508447653e+01
5.502584517402759445e+01
4.128497612931150940e+01
1.295926291781334427e+01
-4.506478628463071345e+00
-9.265766466383151823e+00
-1.938536035337707375e+01
-2.882917285984057543e+01
-2.973272196313094895e+01
-2.283096655120111507e+01
-7.109384777560152635e+00
1.960277774605743772e+01
3.090085765833381615e+01
2.555604059491199465e+01
1.838997039956970880e+01
2.914557640947286643e+00
-1.114245915876912107e+01
-2.237572563271968917e+01
-4.087794184008945564e+01
-6.445397623528850772e+01
-6.692941311068329924e+01
-4.712685722448812697e+01
-1.593194913411074332e+01
3.365540573744932829e+01
6.101296037948389994e+01
6.294996651471814886e+01
6.512603566247027231e+01
5.728046140180685342e+01
3.552529087796906992e+01
6.650997234029875083e-01
-5.417505469501562487e+01
-1.308074240738106653e+02
-1.288320923169522132e+02
-4.084136328174491126e+01
8.335656225069959646e+01
2.709621565242788392e+02
3.159489794622796239e+02
1.989815772804389837e+02
4.176032628216492526e+01
-2.108033190265563519e+02
-3.264974128308433592e+02
-2.795626725542622921e+02
-2.278698736720600948e+02
-1.103214768034206230e+02
-2.605563077415678919e+01
6.434176639521070662e+00
8.579286840771349887e+01
1.866055679125121856e+02
2.207974197717025504e+02
1.916502297610018104e+02
1.217481129780070432e+02
-1.060741216097652639e+01
-7.867253869168379765e+01
-7.528557292391101896e+01
-8.064191247696022913e+01
-6.432829242332489628e+01
-4.813534414656773208e+01
-3.914457352905358789e+01
-2.417070856645484600e+00
5.688627206466116348e+01
7.875620813875323734e+01
6.355530988508945711e+01
3.703010508181829152e+01
-1.504661482132516248e+01
-4.435198154714819907e+01
-4.678165545553718374e+01
-5.746017192572085008e+01
-6.475062256928970328e+01
-5.273087318223955577e+01
-2.279702414894491014e+01
2.671195038749918993e+01
1.001759864833130962e+02
1.166726063038716319e+02
7.077244900757951029e+01
5.264866461458717062e+00
-1.010586433157807420e+02
-1.352482666974862298e+02
-8.601108315324775333e+01
-2.532743165231222093e+01
7.656779213042321430e+01
1.157044717861879377e+02
7.866887251792158509e+01
3.999710555727089911e+01
-2.810791049922782037e+01
-5.844926555065713103e+01
-3.965597900315444235e+01
-2.686995536217038705e+01
-1.695901838710710319e+00
1.276256304376673434e+01
9.661570915050853969e+00
1.515570153199921322e+01
2.239398155434918536e+01
2.104427459223165187e+01
1.316344135464044385e+01
-1.837006782587846221e+00
-2.606029064363135461e+01
-3.754397896912897892e+01
-3.529757609008851205e+01
-3.168259390061805547e+01
-2.133762438099087788e+01
-1.229738807546111445e+01
-5.755874512671605991e+00
6.604600881596505602e+00
2.295021261207196517e+01
4.003728275383916468e+01
5.876618877929144702e+01
7.950692854384351449e+01
1.018161299362141108e+02
9.823670572970729609e+01
6.583487636607911497e+01
1.715881439471446512e+01
-5.590168201796716119e+01
-1.131223296302592445e+02
-1.516005361394307442e+02
-1.981703564979469832e+02
-2.430191039228070338e+02
-2.168133611701094878e+02
-1.142197884532704677e+02
4.031770535503353869e+01
2.672405839605287952e+02
3.579476024297719619e+02
2.960086281157140320e+02
1.997948923669747217e+02
1.449842227714511722e+01
-8.633016372706002528e+01
-8.361062478183544044e+01
-1.073999804250429833e+02
-1.140024650369592365e+02
-1.061256707097380030e+02
-9.476107968060615860e+01
-4.351891359071871790e+01
4.632756914196568232e+01
8.549336728811329067e+01
7.377235297216375898e+01
5.450010440802173406e+01
6.895621317766031488e+00
-2.072185897244380470e+01
-2.307450454405980977e+01
-4.039410378127424650e+01
-6.120265848505875539e+01
-6.168795896013315883e+01
-4.390440628448683213e+01
-1.055777692031921511e+01
4.411464708248121980e+01
6.712787625146521009e+01
5.546064497449810204e+01
3.968472311697753696e+01
6.614102165658204413e+00
-1.714832390493707948e+01
-2.794109438335513218e+01
-4.950451834572266563e+01
-7.533215179476246703e+01
-5.693478480029086342e+01
7.893170040580588243e+00
1.012570174589359624e+02
2.364846859001837629e+02
2.602968736724493510e+02
1.595954536664886234e+02
1.911875690332624700e+01
-2.022991144708363151e+02
-3.005209004017498273e+02
-2.548261808205207899e+02
-1.981138861919446583e+02
-7.683103361925378749e+01
2.728492054438838466e+00
2.381043691766196702e+01
8.236702792916371152e+01
1.513422486581492308e+02
1.735450398499250184e+02
1.538241958745148281e+02
9.840450891595563121e+01
-6.608003220048601634e+00
-6.025877904776675820e+01
-5.811004697489742910e+01
-6.140914556387851775e+01
-4.622694808477857009e+01
-3.516746067909115681e+01
-3.389993790185878453e+01
-1.234675274094648856e+01
2.410966334032912428e+01
3.843311985128487862e+01
3.192471814467491242e+01
1.892211925997898447e+01
-9.001782683426146292e+00
-2.720147328476627280e+01
-3.386146912012957699e+01
-4.785301552946274484e+01
-6.355190610524413586e+01
-6.357506247627922136e+01
-4.813986314874186689e+01
-2.126913759229978496e+01
2.163782046201812292e+01
6.276180579912463031e+01
1.017532454103950101e+02
1.515808670997574836e+02
2.085893387754089474e+02
1.978744734746464360e+02
1.132662166354430155e+02
-1.263716752141355215e+01
-2.011956823977539841e+02
-2.830633920223893938e+02
-2.441239169209486590e+02
-1.844592196083608826e+02
-5.976100468457557469e+01
2.156235178791853357e+01
4.617549750408512921e+01
1.038522966047893732e+02
1.678318277746866443e+02
1.710729664223614748e+02
1.160017119280250171e+02
1.355464503755606032e+01
-1.538107129550807599e+02
-2.103361894225924118e+02
-1.447539065708581916e+02
-5.722549176606334242e+01
9.690030452217490620e+01
1.643027187885869864e+02
1.270657019051857617e+02
9.580278964706570832e+01
3.069287364006914487e+01
-8.422980119973090041e+00
-7.867533294658601406e+00
-2.882955977789302437e+01
-5.483899773584185056e+01
-6.474148885901442441e+01
-6.351486736694353397e+01
-4.830387030189744735e+01
-1.495722165632266609e+01
5.898648969322774605e+00
1.405151991846336657e+01
2.801997706715514269e+01
4.118216384465333846e+01
3.536396998175514739e+01
1.010710529627501764e+01
-3.108325635436312950e+01
-9.351442312743621699e+01
-1.121320201034058215e+02
-8.230389153223026710e+01
-4.008111387453145369e+01
3.148632512128736138e+01
8.843290917812532825e+01
1.259926180761435575e+02
1.798442650741302486e+02
2.393791285453050932e+02
2.234504417580704114e+02
1.274522136477160785e+02
-1.866403729975549552e+01
-2.377110809465937677e+02
-3.350545094870605567e+02
-2.954746123436942185e+02
-2.326089215131113690e+02
-9.588262749661045348e+01
-4.310087660303366874e+00
2.750088047279218273e+01
9.972901848371751043e+01
1.832694510955699059e+02
2.108064247341114310e+02
1.862633209051269603e+02
1.192557462249951357e+02
-7.225661636754670880e+00
-7.242228532283047571e+01
-7.072534366565176356e+01
-7.588742873701716007e+01
-5.918234018495709137e+01
-4.636780135324450214e+01
-4.415855562427404379e+01
-1.707054918365688678e+01
2.880930695759004578e+01
4.704277959974128009e+01
3.903109897779858528e+01
2.326696453233428841e+01
-1.086383127165547435e+01
-3.015302128939469029e+01
-3.198004895333269104e+01
-4.110991293634047139e+01
-4.976263857714646122e+01
-4.755806288348716748e+01
-3.582243112127521556e+01
-1.352458642452823767e+01
2.195716753116690612e+01
5.583849052820743708e+01
8.832132319443206825e+01
1.292019359475756630e+02
1.755739568708327454e+02
1.674969322220277093e+02
9.990295187600929694e+01
-1.092237141195202987e+00
-1.526520015556383782e+02
-2.291279442014249526e+02
-2.202772314884381046e+02
-2.016769994103016757e+02
-1.407802474487227471e+02
-7.808158787671759171e+01
-1.993257290211287369e+01
8.100488903368103877e+01
2.161097707069926628e+02
2.586736362689476891e+02
2.037346500301721903e+02
1.061468829921824550e+02
-6.724146903765588945e+01
-1.444160860495537690e+02
-1.114076087555659456e+02
-7.963894738348754743e+01
-5.846311604155701502e+00
2.883557539700528949e+01
1.009239434337116137e+01
1.213961591308090426e+01
1.366516672236022778e+01
1.244765297297432305e+01
1.627989787734690097e+01
9.646715039099118982e+00
-6.208374089065022972e+00
-1.412086292504385199e+01
-1.561195408296110543e+01
-1.800876807525572687e+01
-1.805720088426378922e+01
-1.576537706797044791e+01
-1.140516794699516723e+01
-2.575647976034811215e+00
1.096266474873260499e+01
1.512209533984698417e+01
9.250681700841910882e+00
4.923596955642456363e-01
-1.473326365732176413e+01
-2.361013497568387365e+01
-2.488552936116372649e+01
-2.775063189897016258e+01
-2.900381263342834970e+01
-6.523325296297342035e+00
4.127118353426298825e+01
1.066338981266540742e+02
1.960264913126940769e+02
2.052116094251450704e+02
1.250434232836686164e+02
1.081760111480179631e+01
-1.659562416410630306e+02
-2.500146386104374869e+02
-2.265223515424485754e+02
-1.944780817390230538e+02
-1.133334897875416232e+02
-4.693982602808098648e+01
-5.853361110880737073e+00
7.487325365935620880e+01
1.798444747552993874e+02
2.155242881877165360e+02
1.812517400049574974e+02
1.103388609003909693e+02
-2.112952678149657615e+01
-8.633996082170433795e+01
-7.655749389303140617e+01
-7.376794484692395315e+01
-4.692747458064252442e+01
-3.016119412404314204e+01
-3.189084330460343608e+01
-1.065081572764224482e+01
2.487170066320440753e+01
3.829214691223443623e+01
3.216428100036827686e+01
1.783787822677498269e+01
-1.267636647789776561e+01
-2.535144329959748788e+01
-1.793770840711151848e+01
-1.337761175953349913e+01
-3.564528960566303972e+00
2.963298429635760733e+00
3.613216765599775115e+00
8.817879890486832295e+00
1.614837899560226475e+01
2.224984012350591911e+01
2.820120768188617788e+01
3.378156601635575385e+01
3.852997146425992270e+01
3.785566083786108038e+01
3.101082138411653588e+01
1.978623937084683604e+01
2.629747435042239623e+00
-3.143592288726225092e+01
-8.395759266744262561e+01
-1.514624616899987188e+02
-2.376283806867168664e+02
-2.375889608321171806e+02
-1.417439642833864468e+02
-3.102805915484645460e+00
2.076240390799802071e+02
3.091706577109867453e+02
2.851438524829038101e+02
2.480129436929198903e+02
1.504645394344464364e+02
6.687535402069021018e+01
8.736741113849332052e+00
-9.993117365132636110e+01
-2.416914546313241203e+02
-2.874269740796374322e+02
-2.347042949474534339e+02
-1.325129065630456466e+02
5.254235407600049257e+01
1.389745208162181598e+02
1.135080857210413541e+02
9.262189128372099844e+01
3.132017513763494065e+01
1.246677401486356196e+00
1.620229220021930416e+01
5.272480411994756366e+00
-1.292786428336125404e+01
-2.033328790983972922e+01
-2.374098068219909408e+01
-1.774893088096272464e+01
2.501369691509912618e-01
8.301546789524660852e+00
6.836351064127578425e+00
8.577173858258390737e+00
9.035896470157165794e+00
8.194144002824602424e+00
7.081822938979718707e+00
2.457281113990844812e+00
-5.637372297624028583e+00
-6.799793402829155120e+00
-7.979080896459610495e-01
7.291537143115060182e+00
2.000058838073383072e+01
2.294245906287885717e+01
1.466585801619480200e+01
4.112650792123938359e+00
-1.254688882016860418e+01
-2.970607593246770151e+01
-4.652848625157561457e+01
-6.901683976569398737e+01
-9.591413762869487414e+01
-9.776354235578097018e+01
-7.246281064853612008e+01
-3.303346079082726305e+01
2.871056200088998267e+01
8.523578843010307082e+01
1.348180362963157677e+02
1.982242971457072827e+02
2.692557289777904543e+02
2.477638551471291066e+02
1.256555581247481399e+02
-5.473359802966275822e+01
-3.220620967028743280e+02
-4.103113130514438467e+02
-2.969316238250148672e+02
-1.345034298011626106e+02
1.474912983440741527e+02
2.662979567789520843e+02
1.912335102887752498e+02
1.176491623768169035e+02
-2.798224632111208621e+01
-1.021571250773117043e+02
-7.860881602431597059e+01
-8.654791519377303644e+01
-8.738923270772018270e+01
-7.195674782349973952e+01
-5.236527776785791133e+01
-2.144519186095460217e+00
7.887163252509118649e+01
1.197753878125373319e+02
1.202367069907779467e+02
1.150400790275506324e+02
8.767900179556497164e+01
5.642582979748145533e+01
2.349721814346261439e+01
-3.364489407400232324e+01
-1.116857546470083804e+02
-1.423660020839079436e+02
-1.229943525114298950e+02
-8.444624781878107456e+01
-9.049514298458012362e+00
3.598103162143205225e+01
4.526186096349623966e+01
6.652590514678541922e+01
8.355932219535291949e+01
7.544897914170273623e+01
4.394765008677870100e+01
-1.396000845223460374e+01
-1.042016013033801016e+02
-1.263390645450288048e+02
-7.418075352974146597e+01
-1.525690552658100163e+00
1.175436639766387685e+02
1.485777361442009408e+02
7.770058302799547789e+01
-9.092826639634072450e+00
-1.474173618655716780e+02
-1.889697984657670702e+02
-1.152938587018935266e+02
-2.683153272497542119e+01
1.166004436019179167e+02
1.744733130667913770e+02
1.278914466753506076e+02
7.769912939239176808e+01
-1.410335559164518848e+01
-5.969312171604147466e+01
-4.426155630757477866e+01
-4.155421173353542486e+01
-2.780898100834209785e+01
-1.883501289382665433e+01
-2.272904591446888745e+01
-1.259667339015698495e+01
6.367419819474590348e+00
1.475324346717543911e+01
1.477796070338380119e+01
1.185424272393449918e+01
2.115716894848152396e+00
-8.943098385351074819e-01
3.634593775484017186e+00
6.138322231389331307e+00
9.718876338130607806e+00
9.286224347460054318e+00
3.437911620782641009e+00
-3.101649433424487512e+00
-1.193229412328378913e+01
-1.857676049878039493e+01
-2.222483921587152622e+01
-2.639198800836126324e+01
-2.979463552917854940e+01
-2.578553173835964429e+01
-1.389804611508739640e+01
3.882153363626647202e+00
2.954197679438979662e+01
5.055323759764457492e+01
6.622360893651209324e+01
8.448253797098509210e+01
1.023256497265134186e+02
9.660248080019874806e+01
6.541085521980743067e+01
1.712987632532983540e+01
-5.510021310368371417e+01
-1.158403563327024699e+02
-1.630902933538791046e+02
-2.204143580928943322e+02
-2.794637984865840394e+02
-2.548344573380901465e+02
-1.394973207632589549e+02
3.321359264414977730e+01
2.882360583705602721e+02
3.992073398462077876e+02
3.480157148782284935e+02
2.655292413490053605e+02
9.248774789603731961e+01
-1.749442255360739296e+01
-4.649738636457950491e+01
-1.188956785322529441e+02
-1.968720375072778381e+02
-2.205271192801371569e+02
-1.962189875939146759e+02
-1.229417357901734675e+02
1.433742864325380495e+01
8.439035833374239814e+01
8.227316448070821764e+01
8.541468817363424648e+01
6.281625034683824538e+01
4.569981883512557630e+01
4.110914878029526420e+01
9.055648154448263654e+00
-4.322031174125579156e+01
-6.367389680149385356e+01
-5.372083400869676950e+01
-3.373022080416424728e+01
8.337772803038088654e+00
2.815831178872306495e+01
2.225223596209729493e+01
2.193969087710391008e+01
1.657050710619099831e+01
8.342676331407659518e+00
4.093144606439824695e-02
-1.775743214714911034e+01
-4.430693709819872339e+01
-3.742109281807297094e+01
5.150400019865157830e+00
6.373684921815848980e+01
1.494744761849107988e+02
1.681557367065111634e+02
1.110163161162301293e+02
3.244447083078676286e+01
-9.289524197847397602e+01
-1.663974695601686449e+02
-1.774967031262244177e+02
-1.951686014023689211e+02
-1.939704889952682265e+02
-1.530255158860408642e+02
-7.455189764974953448e+01
5.299059321687194313e+01
2.365559252233868222e+02
3.062680948206545395e+02
2.517453028375235533e+02
1.615221044859939070e+02
-8.579920885947904807e+00
-9.632668523491790324e+01
-8.583837931953020473e+01
-9.282244405394193620e+01
-7.661939277352510658e+01
-6.378467272922878095e+01
-6.561493621811557375e+01
-3.661898113880778283e+01
1.585810134895554313e+01
4.034495625006475450e+01
3.960575839888491601e+01
3.360004209185721891e+01
1.117106345868031703e+01
7.595248626802054703e-01
4.660312096053927711e+00
1.788559574047181577e-01
-6.240878418359501190e+00
-8.464597801375582264e+00
-8.451289386520018709e+00
-4.478667567057694754e+00
4.531806613957961360e+00
8.849253664541247844e+00
8.480579041396895335e+00
9.079447127515724247e+00
8.549546558896267356e+00
6.408597626328451646e+00
2.998864679499350316e+00
-3.049239820902661435e+00
-1.191330844331619154e+01
-2.014502667727072094e+01
-2.785948885322090973e+01
-3.699925958112595481e+01
-4.687003719512100730e+01
-4.552622748869443825e+01
-3.189291064856766056e+01
-1.105612292443222344e+01
2.045917423359369991e+01
5.276852511427450310e+01
8.545805286876236551e+01
1.265965592499773607e+02
1.741634654736688503e+02
1.668693493510625672e+02
9.949935712268786858e+01
-5.479412440208388801e-01
-1.507256330856367867e+02
-2.271459960519213155e+02
-2.195592882028457780e+02
-2.028973716841850887e+02
-1.450504979190533845e+02
-8.448144126146175381e+01
-2.740052400125843235e+01
7.217402274620249614e+01
2.061124068110993051e+02
2.522419646195273515e+02
2.059736305578532551e+02
1.204374841135077929e+02
-3.618717995738139592e+01
-1.135206201819488996e+02
-9.952802501987976314e+01
-9.417503033794692158e+01
-6.013423017370182322e+01
-3.008472685814112779e+01
-1.361147279278608835e+01
3.533161289494452717e+01
1.085603893916948124e+02
1.242184691181704039e+02
8.169842516983487712e+01
1.460292605912578701e+01
-9.731215155044355924e+01
-1.424922508298844264e+02
-1.115952683353186501e+02
-7.523867175619645309e+01
-4.977026237362561112e+00
3.195389859651679743e+01
2.546170632207082463e+01
3.123503261713910462e+01
3.168299433591536740e+01
3.647811423845193701e+01
5.175286121026351793e+01
5.886318783898042284e+01
6.129382146229909978e+01
5.345686610604830236e+01
3.181265553954156289e+01
1.474304103870100136e+00
-4.045909876488634893e+01
-7.128016989053853081e+01
-8.903348211935183087e+01
-1.075834717484092664e+02
-1.210006561550959816e+02
-1.009557080224130772e+02
-4.495315692606094871e+01
3.894504923145902353e+01
1.595581342223473769e+02
1.975884457639736809e+02
1.436379107729993052e+02
6.285595071419805890e+01
-7.649693252768503271e+01
-1.338723223297442360e+02
-9.504800446257686986e+01
-5.451292594581560991e+01
2.411532500706609738e+01
5.839834018104885160e+01
3.472852794039371105e+01
2.250980028446389269e+01
-3.446416487945562768e-01
-1.245855050136830755e+01
-5.370279789762241407e+00
-7.051376221947803558e+00
-1.056996130354641217e+01
-9.939309137761080493e+00
-8.053086182889900968e+00
-2.152315547652891681e+00
8.396188174811527460e+00
1.233821808763657124e+01
9.517922126819311046e+00
5.764104158776737208e+00
-1.542484091783870914e+00
-4.660211985286376368e+00
-2.656883027037551859e+00
-1.347995940028843487e+00
1.252378169240460970e+00
3.585100760058255176e+00
5.032592652320365900e+00
7.945512082178865398e+00
1.186723749895103630e+01
7.115158494956759228e+00
-6.936292359332996149e+00
-2.606742384332082452e+01
-5.293993514248317211e+01
-5.642314521510167680e+01
-3.367494091108660825e+01
-1.804992673428268413e+00
4.766357359890673706e+01
6.851002988430290941e+01
5.613889540807545586e+01
3.994745544285647298e+01
7.754802580760958186e+00
-1.135862387869779155e+01
-1.330523699840785490e+01
-2.229646091217524173e+01
-3.088954082923161693e+01
-3.046842121016424798e+01
-2.251036560265787401e+01
-5.192293300120717880e+00
2.359211558277408116e+01
3.406957259446135566e+01
2.482062170477067653e+01
1.214275838719853695e+01
-1.135758086087878738e+01
-2.108492281279961489e+01
-1.421442247640439405e+01
-8.648757028640270406e+00
1.945143003943092364e+00
8.289567637370179654e+00
8.145533929216416169e+00
1.108430610552866646e+01
1.450084261627319471e+01
1.071783478542454127e+01
4.330437476840370836e-02
-1.597902113123616630e+01
-3.928969340216662687e+01
-4.370993450816507675e+01
-2.720433650140691739e+01
-3.947095148607000059e+00
3.302372399426243277e+01
4.493348264494571254e+01
2.787610032639316060e+01
6.302714346035528159e+00
-3.006281542422005160e+01
-4.627514442751018464e+01
-3.791349727275711246e+01
-3.032449478606897841e+01
-1.425809505254404819e+01
1.032368686924145962e+01
4.178802608061406687e+01
8.793083838809580755e+01
1.490594816509404836e+02
1.513754124352255985e+02
8.957121309400186249e+01
-7.196841630426149550e-01
-1.395602006616364292e+02
-1.999049467488860330e+02
-1.703600717479572211e+02
-1.291700093510359295e+02
-4.314703944578951678e+01
1.173938665627705902e+01
2.515580427039535749e+01
6.159239207011839312e+01
1.019930252310670653e+02
1.112549478029653471e+02
9.252598294924857214e+01
4.761024858846775487e+01
-3.224241865408761498e+01
-6.548740153085387306e+01
-4.807041813456837787e+01
-2.724042684406204984e+01
1.694141323799503240e+01
3.309183506067245872e+01
1.421570126006047197e+01
1.186378352516979096e+00
-1.928645034536590686e+01
-2.187890415213847461e+01
-4.114386915237510101e-01
2.255832884032953345e+01
5.473086227676564164e+01
4.567835259967252171e+01
-1.144644401612711526e+01
-8.630632834096624606e+01
-1.934865074511803300e+02
-2.124938862770005983e+02
-1.310426029441036349e+02
-1.910052747038973564e+01
1.562932367318542504e+02
2.395363940957311115e+02
2.143339453755395994e+02
1.834667004656593861e+02
1.060535908023893796e+02
4.289948381187743109e+01
5.051937793865262094e+00
-7.113362526209074588e+01
-1.707179013832862040e+02
-2.042292793742846868e+02
-1.712970355826292348e+02
-1.035789540005490466e+02
2.168288021342770833e+01
8.319191232524921986e+01
7.257208840281221285e+01
6.808920471209812320e+01
4.001676069048629358e+01
2.587387889341860614e+01
3.415513835751754357e+01
2.285527758271668120e+01
1.660896637004988907e+00
-9.701977603802937722e+00
-1.507994259151928773e+01
-1.695924139004142717e+01
-1.180624866582847687e+01
-1.539878824477181318e+01
-2.822047232317416032e+01
-3.993575771192154633e+01
-5.402345879855640476e+01
-5.222236516555148000e+01
-3.175759878681649440e+01
-3.770038493438680582e+00
3.714271610636225063e+01
6.779698189355490001e+01
8.588760013742822252e+01
1.073644519472156134e+02
1.262946036828215597e+02
1.133940950295389740e+02
6.663659612369306728e+01
-5.246232921144365235e+00
-1.110052731348623638e+02
-1.667079968226446738e+02
-1.663479451376537099e+02
-1.582852140584656695e+02
-1.209116047678369341e+02
-7.476950798684484312e+01
-2.294960935923847956e+01
6.311846430739964831e+01
1.798397861605404273e+02
2.163220522628096205e+02
1.669791921510923771e+02
8.297753893025790717e+01
-6.489896773694010790e+01
-1.295567832949057561e+02
-9.841098998032747147e+01
-6.738361256413378442e+01
7.799755114135775713e-01
3.358893441564732285e+01
1.847941184225015121e+01
2.069310155416926378e+01
2.114281730158030115e+01
1.706050830178111255e+01
1.501292048264382828e+01
1.344209187630910796e+00
-2.326111259454124891e+01
-3.256700565865594399e+01
-2.701416379887708530e+01
-1.877515267824167466e+01
-1.957381068923439216e+00
6.525796641199754333e+00
4.856660298926213315e+00
5.867497628366846740e+00
5.365331092409475922e+00
6.785237475273846464e+00
1.160826362717690863e+01
1.491029873935698902e+01
1.780065704967388385e+01
1.546961636073802460e+01
6.740539190347751841e+00
-5.288338179530822636e+00
-2.226841576150272672e+01
-2.795630408202627848e+01
-2.080623552089805273e+01
-1.007808661061343969e+01
8.640742592485636919e+00
1.681753217742058126e+01
1.253286294360856701e+01
8.468663789634121031e+00
-1.642148363970287184e-01
-4.687513359268878688e+00
-3.467402110275446425e+00
-4.598495933350661424e+00
-5.766164939612466789e+00
-5.242789622017061113e+00
-3.727722729550328129e+00
