-5.530669725234723444e+00
-5.352744722576720626e+00
-4.950199071312887611e+00
-4.300125641930785392e+00
-3.619042020905966606e+00
-2.838366894317225775e+00
-2.213194261337926960e+00
-1.790397571407857935e+00
-1.398672476415106392e+00
-1.115579018455747695e+00
-8.416806062573447544e-01
-5.650421148731693544e-01
-4.052767988287014900e-01
-3.435420269705905527e-01
-1.108770425964895057e-01
2.981185956576671847e-01
7.646516602948614238e-01
1.355948217211985662e+00
1.882647207570892878e+00
2.330497610171480272e+00
2.848984332002253428e+00
3.395298294509822679e+00
3.846139300971543662e+00
4.205710612694282702e+00
4.501159740246736263e+00
4.701094318882060641e+00
4.911394037154535930e+00
5.132867766696243450e+00
5.284832563391962168e+00
5.387725067322986838e+00
5.472959609184719909e+00
5.532812048743692479e+00
5.564722940476596769e+00
5.573782708376960215e+00
5.517204999987866287e+00
5.392415150874510843e+00
5.223412654839000524e+00
4.999421913879311674e+00
4.723421055985602024e+00
4.396190019082825806e+00
4.006939634688668761e+00
3.555344569498427809e+00
3.043277545258932903e+00
2.467752750938353667e+00
1.826154864804848010e+00
1.117022555416895546e+00
3.291881119075756312e-01
-5.402029814032178745e-01
-1.488522169055275679e+00
-2.520329307976159949e+00
-3.633019929052539343e+00
-4.828319966502655269e+00
-6.112809961682372339e+00
-7.487630203766461712e+00
-8.444594757910875771e+00
-8.933972419604007342e+00
-9.195836572612293480e+00
-9.083921632035167448e+00
-8.893517537397208628e+00
-8.636708301630854123e+00
-8.033126067233439471e+00
-7.136974185404696414e+00
-6.314451923784568876e+00
-5.556013347344328501e+00
-4.715189398108262431e+00
-3.876757909100565058e+00
-2.742719646895156238e+00
-1.289194531903191443e+00
2.702221032445327187e-01
2.006923328122967920e+00
3.237993893604345530e+00
3.874992846311053896e+00
4.292986710976777864e+00
4.291706424620678639e+00
4.218632719600232228e+00
4.096538427089352119e+00
3.570810222735553374e+00
2.706273087044759329e+00
2.079413073542689006e+00
1.688035596771604308e+00
1.291066454042351319e+00
1.027261896902600169e+00
4.578751961313435315e-01
-4.508962588818603012e-01
-1.370037811034037434e+00
-2.401751191797270035e+00
-3.019736943874659740e+00
-3.137300148305382841e+00
-3.077079991313907303e+00
-2.679791611904323467e+00
-2.174233158995929394e+00
-1.579698036749884515e+00
-6.367383201838651141e-01
6.134430563347520460e-01
1.664523964816561952e+00
2.512837253318336739e+00
3.380883515767094671e+00
4.145435666327472291e+00
5.177220661287932124e+00
6.506412619524081009e+00
7.849791705266889963e+00
9.293822712680141152e+00
1.017750978962812702e+01
1.040400754119640325e+01
1.034672184686970020e+01
9.807266233207075246e+00
9.101515422061224214e+00
8.249209886775336287e+00
6.910851786684066411e+00
5.142306179825813395e+00
3.531048805159547666e+00
2.075010085856640707e+00
5.193192962383448297e-01
-9.959430753315999807e-01
-2.915531830640077260e+00
-5.276980166766476188e+00
-7.748869136696225901e+00
-1.043690643513096816e+01
-1.226161073636403032e+01
-1.308084349417851655e+01
-1.348015874026393490e+01
-1.314057601923306962e+01
-1.261043954447013604e+01
-1.192211351059103208e+01
-1.051127228804710612e+01
-8.477553891382624940e+00
-6.731642136650651587e+00
-5.267164459121006281e+00
-3.698881939953527542e+00
-2.243751462105832317e+00
-2.031845242304413102e-01
2.479431317750915742e+00
5.285493245682387986e+00
8.380047157983403494e+00
1.055061700126750424e+01
1.162354591930551351e+01
1.229148772964968295e+01
1.219390321505918351e+01
1.191457690411763082e+01
1.149443544371127679e+01
1.031435313716449720e+01
8.481248441010471595e+00
7.074028311469099606e+00
6.092797470347741218e+00
5.075895894471648795e+00
4.283669637572223188e+00
2.906360609984429022e+00
8.795036350007908732e-01
-1.186387351245385302e+00
-3.480589708941988825e+00
-5.209234739823442872e+00
-6.230131984629478481e+00
-7.056467602361125913e+00
-7.445808396904106452e+00
-7.719112881682386629e+00
-7.908678914885961753e+00
-7.633565385507711021e+00
-6.951934471811242133e+00
-6.676122428156283206e+00
-6.817458074228773590e+00
-7.015117337042561907e+00
-7.469148300566529564e+00
-7.597206498037633260e+00
-7.352669388848588561e+00
-7.187264402320049150e+00
-6.966615642191400504e+00
-6.675001128844415987e+00
-6.358834828434586584e+00
-5.926969809635887820e+00
-5.385900577665151623e+00
-4.846665300794036568e+00
-4.300944206141300796e+00
-3.700118257021546953e+00
-3.065909079933108572e+00
-2.230792094135779280e+00
-1.175880508439170802e+00
4.139661726929644292e-03
1.356324894062794106e+00
2.800847882665840949e+00
4.330616819226083436e+00
6.026829048844934533e+00
7.873551891375790035e+00
9.204945157879386386e+00
9.965854744114812647e+00
1.045940500674883999e+01
1.049768293786326012e+01
1.048482077855308603e+01
1.043780413162916076e+01
9.985747458009724298e+00
9.204972633808694127e+00
8.541814528019916253e+00
7.982404558621179369e+00
7.356243359114845504e+00
6.766684296721988012e+00
5.844218829395826376e+00
4.561255556417921575e+00
3.181810388975409243e+00
1.618342712819557327e+00
4.043866297492234030e-01
-3.822182852914781104e-01
-1.058742348108774323e+00
-1.467693132673184131e+00
-1.859301428067768658e+00
-2.254989131199815589e+00
-2.388235212049072853e+00
-2.306827863245555665e+00
-2.496742276987207632e+00
-2.961419294437774408e+00
-3.494781264210153449e+00
-4.216207454043316538e+00
-4.768110215367152627e+00
-5.124073431925233457e+00
-5.559052095247645653e+00
-5.991385680631646338e+00
-6.232949871863697311e+00
-6.293781530373913746e+00
-6.202374160099023648e+00
-5.910815437838390807e+00
-5.590171214566939994e+00
-5.239184407615453232e+00
-4.729147990120129208e+00
-4.091917276467139430e+00
-3.357665852926037253e+00
-2.511477217945844220e+00
-1.557261973826726598e+00
-4.968514145565231521e-01
7.286065390963892829e-01
2.123713487599983019e+00
3.661112214700311451e+00
5.357048870686726971e+00
6.498680814771182312e+00
7.014431343915777717e+00
7.253025865080610757e+00
7.010163779839529319e+00
6.692605549930049413e+00
6.320307311380366500e+00
5.505804723503683995e+00
4.325391378708037138e+00
3.303122704925085529e+00
2.428596269249692963e+00
1.493181128560337356e+00
6.201001837174887621e-01
-6.099841759969493182e-01
-2.229005522908995118e+00
-3.931709831529188293e+00
-5.816944284476044835e+00
-7.079772681802388057e+00
-7.609490876241093105e+00
-7.858135431636608992e+00
-7.587669778294639400e+00
-7.193864832012632604e+00
-6.703508058590558427e+00
-5.703001709728926727e+00
-4.265208547018628060e+00
-3.087317949799874839e+00
-2.167769372204728651e+00
-1.210704505175870693e+00
-3.838576445952146532e-01
8.398918540996546112e-01
2.502266600049092737e+00
4.207480211798667824e+00
6.078855241598327908e+00
7.315056730782966810e+00
7.794744979367837168e+00
7.985296859160706084e+00
7.646325860165386068e+00
7.150175186612774958e+00
6.523697938359524606e+00
5.361733699290596178e+00
3.731366044980958030e+00
2.364440752227642051e+00
1.262040126631853498e+00
1.067152245673124167e-01
-9.250512729301954007e-01
-2.379300244565001776e+00
-4.300651979643224543e+00
-6.277039915036469964e+00
-8.436672655967415224e+00
-9.826629953675819706e+00
-1.030831875575718826e+01
-1.042379358730890182e+01
-9.888183859957363708e+00
-9.157683230102596994e+00
-8.262575920467940094e+00
-6.715052641064366945e+00
-4.597140200337102023e+00
-2.758367297676358021e+00
-1.197407499164784728e+00
4.521189173633812231e-01
1.986414414849594134e+00
4.045525723593232925e+00
6.682018137701422944e+00
9.416064015256077724e+00
1.239856279936826056e+01
1.436296515325906142e+01
1.513267958425001503e+01
1.541419280378670464e+01
1.483088468963143569e+01
1.400492559946286875e+01
1.297577021019289845e+01
1.108941058442005811e+01
8.458371724263066938e+00
6.185358963296470947e+00
4.266263831502190129e+00
2.229522541095997568e+00
3.389977639741325044e-01
-2.242167178175308972e+00
-5.582195261708218226e+00
-9.056074995052069809e+00
-1.286118044998717558e+01
-1.541153016661446706e+01
-1.648412104532085820e+01
-1.697027199425449240e+01
-1.639837979337805862e+01
-1.554261174112548716e+01
-1.445364980235283703e+01
-1.231542695748687777e+01
-9.268492215546753954e+00
-6.702798108630584117e+00
-4.614806691350525014e+00
-2.409990111377291022e+00
-4.218091317502281612e-01
2.400969139702078259e+00
6.143433781809299887e+00
1.001817995991054921e+01
1.427246713410300849e+01
1.720776505008738155e+01
1.857312335115364377e+01
1.934969385617262105e+01
1.902987903504631007e+01
1.841639334858646393e+01
1.756626212678184729e+01
1.561642737707897588e+01
1.271257754660357620e+01
1.038954361781686053e+01
8.648731154410350896e+00
6.828343256350377644e+00
5.298644960200936893e+00
2.911532682954105944e+00
-4.257204113881186691e-01
-3.846991020042164866e+00
-7.621294094953285914e+00
-1.046503004639357393e+01
-1.216061809559068152e+01
-1.351045005473502947e+01
-1.412504662917982579e+01
-1.455082805612415164e+01
-1.483715637957114986e+01
-1.435657413657158799e+01
-1.320813244052653523e+01
-1.265968242006330158e+01
-1.272433910317935535e+01
-1.284356627469563250e+01
-1.332784001162957033e+01
-1.325723236617547229e+01
-1.255793091466374456e+01
-1.193792776377858544e+01
-1.118402548531181928e+01
-1.039915316962761871e+01
-9.667675034877209583e+00
-8.784018473227051871e+00
-7.794228027491270083e+00
-6.797603610658297768e+00
-5.776796276952612885e+00
-4.724791765929117204e+00
-3.660968471770827737e+00
-2.230227683464769406e+00
-4.043034956049778028e-01
1.632963052751894573e+00
3.977567293479486121e+00
6.431103890174748372e+00
8.977589529292698600e+00
1.179867716223037633e+01
1.485266517137107911e+01
1.698773310388496682e+01
1.811179974892097277e+01
1.873819994503079656e+01
1.854197995758480388e+01
1.823096379126198840e+01
1.783255252968109161e+01
1.670028313131618347e+01
1.496700531710784610e+01
1.339001219249939467e+01
1.194279700418892709e+01
1.033722210370096306e+01
8.747221493266808423e+00
6.539054567245829119e+00
3.664579997546345780e+00
5.729095291034034254e-01
-2.887098153220664987e+00
-5.405834231843656745e+00
-6.810832523361428414e+00
-7.832467486904628906e+00
-8.086853405316395182e+00
-8.231522438829644628e+00
-8.312321200870702143e+00
-7.654554571942668417e+00
-6.381856817112109503e+00
-5.611225968950130039e+00
-5.340847109692663075e+00
-5.103431990831865939e+00
-5.169114954687858088e+00
-4.693358700101996739e+00
-3.612032412285004046e+00
-2.561916957722204291e+00
-1.347315872971351691e+00
-4.651438105774595710e-01
-3.075372134646078837e-02
3.338120349604964954e-01
4.711681102954493050e-01
5.238055553479924464e-01
5.174289896300978686e-01
2.375080203505438026e-01
-2.906165457692365117e-01
-4.632944111224938655e-01
-2.629821253823375615e-01
3.174790965192429704e-02
5.728591430813126939e-01
9.499777290223264670e-01
1.130134898287371792e+00
1.442565247572457299e+00
1.794138057661848862e+00
2.059687528636508169e+00
2.264125891606025842e+00
2.399838688861122282e+00
2.440827921694283642e+00
2.536081516910591027e+00
2.685115824120382744e+00
2.792238410916614288e+00
2.887953952156820492e+00
2.932931487845670926e+00
2.913633940646381593e+00
2.869698376561136133e+00
2.787845679688840228e+00
2.663288592889489603e+00
2.498465661314717146e+00
2.283510013368589497e+00
2.016842026645207842e+00
1.626310712649634560e+00
1.100930744948952267e+00
4.716949542033502252e-01
-2.847998177540946863e-01
-1.130802201003834107e+00
-2.067578523892416253e+00
-3.137157925617245269e+00
-4.335067156803306787e+00
-5.601819500372728911e+00
-6.940597978676426472e+00
-8.380244267959971793e+00
-9.908636667763559558e+00
-1.157684548452839479e+01
-1.339145735531853454e+01
-1.531942575659313732e+01
-1.737488538250519099e+01
-1.860359166092771588e+01
-1.890640991797164006e+01
-1.874206196692051307e+01
-1.783398487851166436e+01
-1.672479775531129675e+01
-1.543683949521538779e+01
-1.344705044349025691e+01
-1.085394239427889396e+01
-8.360537121794115123e+00
-5.949568435171817882e+00
-3.335495414649390256e+00
-6.809741110026973354e-01
2.582707038762285912e+00
6.502273953822627739e+00
1.066977668791850853e+01
1.522204897680135538e+01
1.862070440496766821e+01
2.067305875336047194e+01
2.220561958646077372e+01
2.276798116814883244e+01
2.315867241754537176e+01
2.342617233171002766e+01
2.276376105063654620e+01
2.131950753183356895e+01
2.036452201858346100e+01
1.988984556896351563e+01
1.936597188408319070e+01
1.909694539499898269e+01
1.810588532165157005e+01
1.631658314253580144e+01
1.445626893524164203e+01
1.229607435606194521e+01
1.045530604142627773e+01
9.067832637191731493e+00
7.671112215935004031e+00
6.457217708668393286e+00
5.229232438787307480e+00
3.952739065264205376e+00
2.898839261417018864e+00
2.029362464183556369e+00
6.124448336097050305e-01
-1.374490746812077280e+00
-3.601257696522963236e+00
-6.253961861721624160e+00
-8.835989641278258588e+00
-1.131070963470144441e+01
-1.408028591264598006e+01
-1.703436557345899871e+01
-1.926069376046881843e+01
-2.071364948676962570e+01
-2.174342429506992858e+01
-2.209886625424504203e+01
-2.240041678459951413e+01
-2.266491122244027068e+01
-2.235664942500730490e+01
-2.159271961064369805e+01
-2.087649402644282048e+01
-2.017694920901842792e+01
-1.932023725085476329e+01
-1.841747052352604541e+01
-1.701417912145638667e+01
-1.507672248023662931e+01
-1.291399818480765660e+01
-1.041614056984970915e+01
-8.384410624492744546e+00
-6.923794351531311619e+00
-5.571602991125906179e+00
-4.559976807051350889e+00
-3.490345252374105200e+00
-2.329016349257327700e+00
-1.481609703162999114e+00
-8.694462931791731020e-01
2.044679705158865823e-01
1.744427000774155800e+00
3.463705440635723498e+00
5.534529368981184305e+00
7.440681610545864189e+00
9.146956927454853670e+00
1.105154291483891704e+01
1.303834886540550819e+01
1.468456105387740251e+01
1.599061420247222109e+01
1.707110063914881692e+01
1.781402447745746542e+01
1.855617902399538366e+01
1.930054609199851612e+01
1.977818750964632954e+01
2.005251969354312180e+01
2.028112597460048860e+01
2.044103180024568900e+01
2.049368358066788076e+01
2.046916617986636666e+01
2.019249190966129603e+01
1.965092722663623803e+01
1.895085645616185488e+01
1.804822619605569400e+01
1.707780926141234445e+01
1.605763301663564491e+01
1.488703469793432888e+01
1.360174358275941486e+01
1.214147791690759881e+01
1.049298005011563006e+01
8.714397395637941912e+00
6.788874203368625793e+00
4.576263549088932514e+00
2.068240698038319003e+00
-6.832206571572814191e-01
-3.717638232563341028e+00
-6.946154120097007834e+00
-1.036795238094732063e+01
-1.406387931888586351e+01
-1.801866346203577862e+01
-2.102481510006998988e+01
-2.297199458845599551e+01
-2.441837137658704648e+01
-2.501878069184052222e+01
-2.549144771772991191e+01
-2.586506389974395503e+01
-2.546814438906992706e+01
-2.443368958058856677e+01
-2.360961270092842312e+01
-2.297185544349138908e+01
-2.218682396816438995e+01
-2.145061704443125095e+01
-2.006759170479607945e+01
-1.798322768153451179e+01
-1.569491622939112574e+01
-1.303648878987356063e+01
-1.072116766251765796e+01
-8.864721885508240362e+00
-7.003982396938129185e+00
-5.349884424137072436e+00
-3.595773668252568722e+00
-1.705686478754525837e+00
-2.005150440222897013e-02
1.522987372893286118e+00
3.634924585685823217e+00
6.330357841562739729e+00
9.306181324469466887e+00
1.274210854715755659e+01
1.613540767971788625e+01
1.945240728150267273e+01
2.309315411030198106e+01
2.694675383739633645e+01
2.932904868827659683e+01
3.011419752175637399e+01
3.001281897978127233e+01
2.854838281698955882e+01
2.678365447056644655e+01
2.474995218617861426e+01
2.148348533919274317e+01
1.717934684299314441e+01
1.290108195701227167e+01
8.600301353221995626e+00
3.872868921618606297e+00
-1.042862557119838662e+00
-7.061849141224008086e+00
-1.425800940935351058e+01
-2.199772027446610778e+01
-3.050381651517602322e+01
-3.631077339040587049e+01
-3.901448911683580434e+01
-4.041366784683652469e+01
-3.950033510356180244e+01
-3.813632887233249846e+01
-3.642478110242826261e+01
-3.252326738752582713e+01
-2.677728078161520386e+01
-2.193337371874982367e+01
-1.795880925497162650e+01
-1.372434508615355142e+01
-9.882022988308898803e+00
-4.289018386673344452e+00
3.221876148375109050e+00
1.107034927380521516e+01
1.976067392297566627e+01
2.604471699136690432e+01
2.943978895132439533e+01
3.184837790663741686e+01
3.230234655409316957e+01
3.232237773779745993e+01
3.202472904474262094e+01
2.977173884803742610e+01
2.584352089764884042e+01
2.319611647709936975e+01
2.183915161773673219e+01
2.050212904580748230e+01
1.990251544541157713e+01
1.784376298417592821e+01
1.415274182506749057e+01
1.049755052973821634e+01
6.367502019142399661e+00
3.134488347565923760e+00
1.108789117008505798e+00
-7.312200632755255780e-01
-1.952086755306108312e+00
-2.969578397335319142e+00
-3.851811612697574549e+00
-3.995719740917210494e+00
-3.474859191981143791e+00
-3.932159124342806678e+00
-5.412511510000797443e+00
-7.159929661665944245e+00
-9.586814162214556845e+00
-1.156892255665639624e+01
-1.301557332941866818e+01
-1.482467885060353829e+01
-1.674029968140282065e+01
-1.787900341966716411e+01
-1.825179082049541890e+01
-1.808889739066800573e+01
-1.716051168230752211e+01
-1.618163933097764584e+01
-1.515994918446949491e+01
-1.353361104791431835e+01
-1.143932477486984745e+01
-9.157085496903723865e+00
-6.636305083440184660e+00
-3.824520806800950190e+00
-7.723732846974977750e-01
2.854552626768921630e+00
7.078851966948163543e+00
1.170330017600401895e+01
1.681203604256207740e+01
2.035598525946658555e+01
2.211789213963897893e+01
2.312795823314945665e+01
2.279693824681219994e+01
2.226649255322222132e+01
2.159728823297204769e+01
1.968793670007345398e+01
1.675307001500847548e+01
1.433950177229295342e+01
1.242245141648834128e+01
1.038034490836918167e+01
8.579188032862289148e+00
5.795732148519231686e+00
1.937173853707368387e+00
-2.099342562001179857e+00
-6.600974489307095183e+00
-9.997705496891246213e+00
-1.204411555761673469e+01
-1.369281191049896407e+01
-1.447432671220168388e+01
-1.509428969399218445e+01
-1.561372064860446329e+01
-1.525543790659022214e+01
-1.415074631136348238e+01
-1.377674897161134382e+01
-1.414499826480791533e+01
-1.461708374132365762e+01
-1.555459679504168768e+01
-1.587560898570508705e+01
-1.549629027852870244e+01
-1.524712402810174083e+01
-1.487867966824882870e+01
-1.428539845810969311e+01
-1.354344652360078172e+01
-1.251871416153384864e+01
-1.119972940422512586e+01
-9.834530124660325612e+00
-8.407958690696458959e+00
-6.786405402503246087e+00
-5.016578027742631285e+00
-2.849892371525058810e+00
-2.491940428930014273e-01
2.637666533396796797e+00
5.884299099547057210e+00
9.393897659721535121e+00
1.315868214365887745e+01
1.729400924396195194e+01
2.178352474712968601e+01
2.472441675977990627e+01
2.594352550720019224e+01
2.632632460004468200e+01
2.533025939159210083e+01
2.408145843039201139e+01
2.262701745301140832e+01
1.991396092590091271e+01
1.615195139273519942e+01
1.266466328018880105e+01
9.414480683904894676e+00
5.882720555028985387e+00
2.375787307308326213e+00
-2.191871668254001371e+00
-7.904584423214949140e+00
-1.398547207048628316e+01
-2.069332283817320928e+01
-2.534798963052261556e+01
-2.760697804659112009e+01
-2.892472912443558997e+01
-2.851510679687397243e+01
-2.775218626551899348e+01
-2.672160218031786272e+01
-2.402501423763806443e+01
-1.991691872937975916e+01
-1.662954149500557577e+01
-1.414917200479589177e+01
-1.154229699515897956e+01
-9.343380751268851370e+00
-5.842555446193967938e+00
-9.059435068217949194e-01
4.191526776951416622e+00
9.850415026085869385e+00
1.413039091828486171e+01
1.670842655679484068e+01
1.879414203744747880e+01
1.980151818499725636e+01
2.056454638316930783e+01
2.115956846048955242e+01
2.063810503091699999e+01
1.915324196417660829e+01
1.860128993466001290e+01
1.900198889012732906e+01
1.952463601077241506e+01
2.063438774259537567e+01
2.095497388965912577e+01
2.037772729299157248e+01
1.996331715554406827e+01
1.939397269143819003e+01
1.858541187256075489e+01
1.764049300313261170e+01
1.636492187477918137e+01
1.475908453935648446e+01
1.311021449990504806e+01
1.139828352748313200e+01
9.481419295869130792e+00
7.414250298886579493e+00
4.839506690140027878e+00
1.710820694408299536e+00
-1.766196927484487755e+00
-5.694612817530127380e+00
-9.918316308582182828e+00
-1.442443169691707361e+01
-1.938323163149766870e+01
-2.476581436920529455e+01
-2.865404929257209687e+01
-3.088122603353989248e+01
-3.233243043535937034e+01
-3.246386855078189626e+01
-3.242506307401189503e+01
-3.226499873510978489e+01
-3.091950327035984003e+01
-2.860467464049834518e+01
-2.663394953052405612e+01
-2.496927215558548241e+01
-2.310286279765469786e+01
-2.133941922105514877e+01
-1.859871026051879639e+01
-1.479902296699632736e+01
-1.071425181765505918e+01
-6.088208285650983598e+00
-2.582893270407226272e+00
-4.367670327774775818e-01
1.325694754660184937e+00
2.214104651781158672e+00
3.018399115928751542e+00
3.803098409369604305e+00
3.732282674930717192e+00
2.955912762737316068e+00
2.970661634685954233e+00
3.784407289049916745e+00
4.763269840238280928e+00
6.273563529689703877e+00
7.207825166005104478e+00
7.483392848319045498e+00
7.948019110897640793e+00
8.347765897006357960e+00
9.039813007942766987e+00
1.015028796986006476e+01
1.132630014721925527e+01
1.269205252369133596e+01
1.423695662554232477e+01
1.593749259299631404e+01
1.791423970881438166e+01
2.016893601557687532e+01
2.212066556986422228e+01
2.374339405576588291e+01
2.532315871619521630e+01
2.671154981724798816e+01
2.827944845452151768e+01
3.005949021552198275e+01
3.174441266479603030e+01
3.341849458083829916e+01
3.410161722316676247e+01
3.365620426495502926e+01
3.259941205689555943e+01
3.063473071978910411e+01
2.825058748825465926e+01
2.546700313324281240e+01
2.176452617247757004e+01
1.722458655083211454e+01
1.267459993966980747e+01
8.101268162679938101e+00
3.141506173029355864e+00
-2.013612612321369344e+00
-8.012248861958481072e+00
-1.491468580417590850e+01
-2.225358505658621056e+01
-3.018839657351803396e+01
-3.620660762236183672e+01
-4.001211568882993674e+01
-4.290671709811184797e+01
-4.415751399533341015e+01
-4.511413273066266072e+01
-4.584933615600897383e+01
-4.502414747478440660e+01
-4.288741744583495574e+01
-4.144690431174659295e+01
-4.067864626223568081e+01
-3.975353936952668477e+01
-3.914767257863736205e+01
-3.729455099849872823e+01
-3.407060110487264382e+01
-3.062992627818834634e+01
-2.660297154195303548e+01
-2.302394870701710516e+01
-2.010685466956503831e+01
-1.708590137370146067e+01
-1.427765494769061227e+01
-1.133541233555883743e+01
-8.198895009057363126e+00
-5.323550831215087875e+00
-2.639111132204000398e+00
1.057146456711798965e+00
5.804008937033400706e+00
1.106675583867722068e+01
1.715334825540719521e+01
2.324940642998062756e+01
2.929841462990267331e+01
3.596430503971215842e+01
4.306872537965545433e+01
4.792250560311931196e+01
5.033091482051721499e+01
5.143018595981121166e+01
5.046306215552161234e+01
4.913513172046067723e+01
4.750008804448229682e+01
4.402050150960011621e+01
3.901273050955927602e+01
3.416354804707138726e+01
2.939786471705482995e+01
2.408214699222206434e+01
1.859644784108118643e+01
1.149176344871489697e+01
2.654393005943436190e+00
-6.908065090577752976e+00
-1.754604881320782539e+01
-2.514869933473242725e+01
-2.921510784771793112e+01
-3.194602060034759106e+01
-3.214433527792311907e+01
-3.196538806197557037e+01
-3.154306959716573289e+01
-2.872050033932873347e+01
-2.390204415281063532e+01
-2.044431707348721616e+01
-1.832408907602806281e+01
-1.615569143561192078e+01
-1.474416822226327284e+01
-1.150855738337586587e+01
-6.252264936293713937e+00
-9.006056396056718594e-01
5.147904443803414942e+00
9.361503302405635552e+00
1.129117828890022146e+01
1.257247045960296106e+01
1.243455476080541544e+01
1.190367746810143501e+01
1.108434440296781176e+01
8.763770399201746386e+00
5.129370467280974566e+00
2.748005841515813508e+00
1.655111822784385955e+00
7.138628283174159872e-01
5.566836617084243155e-01
-6.571635190202924637e-01
-3.073973078687356253e+00
-5.265321463316142037e+00
-7.655284162064175391e+00
-9.286285410431691645e+00
-9.907345186565750694e+00
-1.027632309866050875e+01
-1.007876663857225630e+01
-9.538695391003605195e+00
-8.701038335837743887e+00
-7.162075974368420361e+00
-4.954302728539726530e+00
-3.327181590501716801e+00
-2.316582648815500800e+00
-1.327265493997534573e+00
-6.706823313460597014e-01
5.000184225208129662e-01
2.259828047535934914e+00
3.934698829537444542e+00
5.721434456701496529e+00
7.067433671504590009e+00
7.842280562460278936e+00
8.448020210491680615e+00
8.705573449254941920e+00
8.780498571087719029e+00
8.694571141638281375e+00
8.198312410074059642e+00
7.316702902221865479e+00
6.724868486235684450e+00
6.437512239477368503e+00
6.136602183001461874e+00
5.988469327501007022e+00
5.523829668192520970e+00
4.700636660638301656e+00
3.885969624906628894e+00
2.969538640603964552e+00
2.230013940990057453e+00
1.734295518390774449e+00
1.270068699270701318e+00
9.267941543252622427e-01
6.247491373487404909e-01
3.502231908074246447e-01
2.251678877526588352e-01
2.360505579739568538e-01
2.916991241186973893e-02
-4.059937299648865849e-01
-9.049886393169132015e-01
-1.556806267253709519e+00
-2.121121634920390964e+00
-2.578268972043807228e+00
-3.120915364648011892e+00
-3.694302161369993343e+00
-4.153663791823628770e+00
-4.506052508180752980e+00
-4.780075679954763679e+00
-4.939540308635858246e+00
-5.112183400552261503e+00
-5.298866561791087726e+00
-5.403954655476801427e+00
-5.452290640597773574e+00
-5.471373531490897335e+00
-5.451394062929198370e+00
-5.394557156157574695e+00
-5.304357946010075153e+00
-5.135892273671974095e+00
-4.886699250393093052e+00
-4.580228685179168480e+00
-4.205045363422031279e+00
-3.841888069421463658e+00
-3.499015477582295475e+00
-3.128485002240930513e+00
-2.752212253407713138e+00
-2.327091755244948601e+00
-1.848106509050343460e+00
-1.355202870304764939e+00
-8.385381023495650510e-01
-2.317005020648255920e-01
4.667758478230904506e-01
1.232401016481824874e+00
2.082587165511089911e+00
2.969892037820740516e+00
3.892555302145611407e+00
4.889439283438221651e+00
5.951022401736528522e+00
6.659335468340949582e+00
6.976754879116817243e+00
7.092911565460322976e+00
6.888089780656227568e+00
6.612639780061898342e+00
6.275558083051525848e+00
5.642932386488153540e+00
4.760592014498487679e+00
3.917162067984570228e+00
3.103235499430878619e+00
2.204999521759837044e+00
1.288509514639549769e+00
1.144086975910348913e-01
-1.336650725249133975e+00
-2.895218198384474029e+00
-4.619043987808282736e+00
-5.834691133544967379e+00
-6.459097873820699220e+00
-6.852697011565061835e+00
-6.818814464820367682e+00
-6.709245477851021988e+00
-6.545396556169477797e+00
-5.973687094532690089e+00
-5.059645718057429242e+00
-4.355637998585268456e+00
-3.857614975106278266e+00
-3.336468328445838072e+00
-2.924389258450738271e+00
-2.196347948831815167e+00
-1.119483371863603471e+00
-1.024734231693735786e-02
1.230769136953146825e+00
2.247714674056079165e+00
2.973329556358683234e+00
3.648989095159376639e+00
4.165850703900137120e+00
4.658727305590859125e+00
5.144087529553154958e+00
5.456145480858876518e+00
5.620069169231000750e+00
6.015619888052539110e+00
6.650456759617707547e+00
7.355574414555239748e+00
8.225715314168528636e+00
8.993918131370827851e+00
9.639645413480316449e+00
1.037339718916734910e+01
1.113454000916614284e+01
1.153405368099091355e+01
1.155546461621156773e+01
1.133718798247572579e+01
1.077207472807514499e+01
1.013197455362753807e+01
9.421858971667351312e+00
8.408855879331772698e+00
7.143219801415565229e+00
5.822636040514488798e+00
4.430967688795985460e+00
2.901346622965608191e+00
1.275495580699655074e+00
-6.338826353124616952e-01
-2.841785502145901532e+00
-5.225504166553146312e+00
-7.831623290983228181e+00
-9.898840024862520792e+00
-1.134160226515404446e+01
-1.255443087352177223e+01
-1.331755949040304543e+01
-1.404525799836116740e+01
-1.476164839310828647e+01
-1.506194164641967781e+01
-1.502442075607798699e+01
-1.524643279799176909e+01
-1.572158195712235162e+01
-1.620759487309427271e+01
-1.684718376502354076e+01
-1.717514742716585374e+01
-1.715668656606103326e+01
-1.713673763643427606e+01
-1.700692458576240895e+01
-1.659129228272927037e+01
-1.590515408452808543e+01
-1.494911528531854294e+01
-1.367758975117699727e+01
-1.226685233246228357e+01
-1.070992232945093470e+01
-8.875380601449219142e+00
-6.793108289060843852e+00
-4.455476361521996331e+00
-1.841526627921132198e+00
1.030862450171708078e+00
4.172570967483971494e+00
7.626665250998087231e+00
1.139972841956850225e+01
1.548544211410016302e+01
1.989950127598410390e+01
2.304959898618302816e+01
2.477931710703416712e+01
2.585113967932914036e+01
2.580804488001244223e+01
2.557016426378134710e+01
2.517841476621156360e+01
2.375948370300899981e+01
2.148410646918872402e+01
1.950617746818971199e+01
1.779855715283203565e+01
1.590160609941293224e+01
1.408432725939266206e+01
1.141396129073215526e+01
7.817633644167666596e+00
3.968412075161947161e+00
-3.554707540773623942e-01
-3.604134846405071979e+00
-5.558928239777877423e+00
-7.116229637156168408e+00
-7.818695280613329857e+00
-8.413732587576692623e+00
-8.959022346530723269e+00
-8.668786364072792239e+00
-7.683826472658194184e+00
-7.384709814180956400e+00
-7.775901678176975196e+00
-8.273109642721546919e+00
-9.212789345950048059e+00
-9.566978496131177678e+00
-9.257932965593530739e+00
-9.068528019755991210e+00
-8.761897677904793014e+00
-8.420275481842875109e+00
-8.133237967996132411e+00
-7.687679333731647802e+00
-7.124942746256976100e+00
-6.574846458115819914e+00
-6.018626404409501696e+00
-5.429560094464443765e+00
-4.832541551722202122e+00
-3.866024245742346377e+00
-2.498626438412431039e+00
-9.204599540188609375e-01
9.671585521603702773e-01
2.968978070630569288e+00
5.069255926719664629e+00
7.450937235756892818e+00
1.007359980897139273e+01
1.184795092303351183e+01
1.268944896527940891e+01
1.308388833439571108e+01
1.272539320239804184e+01
1.228736308255546206e+01
1.179715169842753397e+01
1.064367962717132876e+01
8.954625077949353695e+00
7.442441488750469958e+00
6.082988466203365086e+00
4.608149345756984872e+00
3.182442558504991581e+00
1.210718424594269704e+00
-1.350832720905494444e+00
-4.078618463599893218e+00
-7.113535647510677684e+00
-9.327426151357760986e+00
-1.056762294540088654e+01
-1.147078360708714406e+01
-1.170513650619737867e+01
-1.182777588110115197e+01
-1.187853361587010603e+01
-1.127961829399101212e+01
-1.013540899293813879e+01
-9.419616819142742514e+00
-9.131623875849433247e+00
-8.861642454839680383e+00
-8.845296756133432581e+00
-8.349172289313314010e+00
-7.317091506068102547e+00
-6.302846875265086801e+00
-5.136344465912485724e+00
-4.165211445202336549e+00
-3.481104416408615343e+00
-2.794867741470641320e+00
-2.218779912995075154e+00
-1.677066259660867420e+00
-1.149003285868374302e+00
-7.745500943286282025e-01
-5.401857763117959843e-01
1.936470226772506187e-02
9.213660144874286084e-01
1.947985453251262378e+00
3.217888941739320163e+00
4.423540101621237675e+00
5.540603661190622198e+00
6.820759966081998193e+00
8.195157923479015949e+00
9.258128516215858639e+00
9.998183748899251100e+00
1.055722337517836706e+01
1.082624853753307015e+01
1.109820357816135505e+01
1.138038389169662068e+01
1.142936953375350484e+01
1.130149163298033166e+01
1.119028684279773067e+01
1.107980266216983445e+01
1.091099152059518573e+01
1.072560116165777799e+01
1.033856073480624715e+01
9.737320174907070580e+00
9.044708729873679687e+00
8.216176134108639673e+00
7.531906955636436862e+00
7.029237741658545424e+00
6.541316755935849159e+00
6.148872387153311081e+00
5.715511471625089435e+00
5.228113209562581964e+00
4.826019842260186543e+00
4.481513967620898597e+00
3.946910918164593163e+00
3.219422742123353220e+00
2.400328168324433964e+00
1.427653038431366372e+00
4.821176193742860994e-01
-4.247179068610698605e-01
-1.434282732889298639e+00
-2.506657456113528859e+00
-3.716201236720620749e+00
-5.086973039138075414e+00
-6.556400497644971459e+00
-8.150803521681119435e+00
-9.862598899257848828e+00
-1.168955762539078336e+01
-1.366094281385903564e+01
-1.577757712742581120e+01
-1.793626334591283467e+01
-2.013496107652245115e+01
-2.242653489675215184e+01
-2.478632925826249789e+01
-2.728517272134735805e+01
-2.993104100490856467e+01
-3.266975905119036128e+01
-3.551904928599364553e+01
-3.695394996325782699e+01
-3.681276021358826966e+01
-3.582233948672816837e+01
-3.353798559273950985e+01
-3.082222441683033765e+01
-2.770682565899100069e+01
-2.335345877577580609e+01
-1.791563770713116810e+01
-1.251262674430277499e+01
-7.113299800501217796e+00
-1.257771095246802640e+00
4.797769521293822947e+00
1.196527200827909354e+01
2.032302925075420319e+01
2.922308804998116472e+01
3.888763855058669350e+01
4.576113991986836993e+01
4.942603547671786401e+01
5.172117346538399829e+01
5.160973736773905785e+01
5.100128652511174465e+01
4.999806629235573752e+01
4.670558545229446423e+01
4.147554242990224083e+01
3.713176715581820275e+01
3.363835831879244864e+01
2.982955300407544286e+01
2.637380910370421816e+01
2.106374905052004465e+01
1.372448534085320659e+01
5.979499239859555004e+00
-2.692786010938019725e+00
-9.125068884734583108e+00
-1.284108286737354909e+01
-1.572063795943443232e+01
-1.682041408950311023e+01
-1.760936083810888064e+01
-1.820649380816425733e+01
-1.702464279551571025e+01
-1.433730992922887104e+01
-1.306573671204339782e+01
-1.322649795756994173e+01
-1.356542818242890469e+01
-1.479556457882824105e+01
-1.476092632598220789e+01
-1.329493748137535825e+01
-1.204527677445127587e+01
-1.051407802549137038e+01
-9.427524053994376985e+00
-9.031311741861175690e+00
-8.618597426533415984e+00
-8.437717034911219827e+00
-8.443874281990286335e+00
-8.586958400921881562e+00
-9.117713183903653373e+00
-1.003221581116850025e+01
-1.016667200104138757e+01
-9.467140934382358708e+00
-8.498950480212018377e+00
-6.962627697139510907e+00
-5.599653748782445817e+00
-4.471777384839071168e+00
-2.960282681456455567e+00
-1.231085894561425365e+00
7.193144292639591653e-02
9.587211753810145343e-01
1.616397795149774330e+00
1.881504609970504394e+00
2.272420164272019427e+00
2.802264645444531688e+00
3.070514925591185662e+00
3.181435645139630175e+00
3.352784156976722940e+00
3.554602604597773219e+00
3.750204210910541569e+00
3.984655188067582454e+00
4.017436313504245682e+00
3.837815990311131742e+00
3.598846076432636654e+00
3.244710623526617876e+00
3.090479982429865657e+00
3.179224562907231988e+00
3.319525657583518363e+00
3.602128604325289363e+00
3.879573699828786637e+00
4.136680984135180594e+00
4.527008095545979494e+00
5.020480447706638927e+00
5.343400491064252300e+00
5.492854393516129363e+00
5.581202926122110775e+00
5.540129659286958663e+00
5.568984075568111258e+00
5.680732014859896317e+00
5.719538320680062071e+00
5.729579397389341189e+00
5.582452646316924394e+00
5.246984635878225944e+00
4.814101316405311692e+00
4.241367553781597799e+00
3.563964758479284622e+00
2.785404204909986525e+00
1.847801253696604196e+00
7.551249969805957640e-01
-3.451570956153284242e-01
-1.451691024998380986e+00
-2.636349010458279185e+00
-3.864174812238689860e+00
-5.240690360768058831e+00
-6.776935283972179924e+00
-8.393571561386087510e+00
-1.011674483178297557e+01
-1.126278272415339288e+01
-1.175446037529113852e+01
-1.193206053854817661e+01
-1.159583677460304152e+01
-1.112208362769233894e+01
-1.052758875080382772e+01
-9.442079196009471431e+00
-7.933467629930683884e+00
-6.528795803159913369e+00
-5.217869233775340732e+00
-3.782927401241656273e+00
-2.346824929963444717e+00
-4.899004942605020285e-01
1.822576269038531427e+00
4.286862871335792136e+00
7.003665001049479422e+00
8.840942886524556954e+00
9.655936085607690345e+00
1.005642364720593385e+01
9.710372970938855985e+00
9.204067115730614645e+00
8.572542051978603084e+00
7.221862469387245298e+00
5.260192794496779456e+00
3.624449729800389264e+00
2.307634209637568379e+00
9.183092931525543845e-01
-3.198067057283662251e-01
-2.127384436364183617e+00
-4.561221847639426841e+00
-7.085673215212430875e+00
-9.870024200433919148e+00
-1.159117971181062856e+01
-1.206173877322484067e+01
-1.202853441942865942e+01
-1.109790580076752065e+01
-9.911653446873781803e+00
-8.512363114223592930e+00
-6.221067759099904393e+00
-3.154236073514236516e+00
-4.736057381599961813e-01
1.823469089141924515e+00
4.234566891950146683e+00
6.480914662648363134e+00
9.440128372471399132e+00
1.318335852228104699e+01
1.705292204434518055e+01
2.125525644151295879e+01
2.395937345252163908e+01
2.491318283433913550e+01
2.512881347544688637e+01
2.406214277578998306e+01
2.261952030185472395e+01
2.085645117361031353e+01
1.782393083563796665e+01
1.368534799207333208e+01
1.001837146450283988e+01
6.814713043266600323e+00
3.400382924505006788e+00
1.517027456710600131e-01
-4.133899750930615902e+00
-9.555172558453707055e+00
-1.521715157903392246e+01
-2.140432988638753287e+01
-2.568136864705952149e+01
-2.771314487437196306e+01
-2.885509801784967010e+01
-2.838501457121670413e+01
-2.750705874106640536e+01
-2.629837896171983758e+01
-2.350040948772119620e+01
-1.933243425119910697e+01
-1.590445676548458742e+01
-1.320895251077729249e+01
-1.034742710586115244e+01
-7.825545556353228349e+00
-4.041883557656512416e+00
1.132583790831136250e+00
6.500377350639523932e+00
1.243814188939421506e+01
1.664441941630438393e+01
1.876689069592631043e+01
2.016666847044848154e+01
2.015413969058265309e+01
1.978898809149944782e+01
1.915288529878142398e+01
1.708954819525360946e+01
1.379230737640428828e+01
1.139252335783261749e+01
9.898990309987725666e+00
8.388847105939657212e+00
7.379359544584060515e+00
5.291892498625619723e+00
2.000293158529446558e+00
-1.295756344458219633e+00
-4.964104605039575624e+00
-7.651369899417862719e+00
-9.097052568893895241e+00
-1.020825825841280476e+01
-1.056676401018503242e+01
-1.068272762150821542e+01
-1.061280774199978083e+01
-9.720406474410252073e+00
-8.096293225097522139e+00
-7.188297149472073322e+00
-7.021104951332842070e+00
-6.942696246334883803e+00
-7.310669606755137551e+00
-7.098766143828450836e+00
-6.223392123852609537e+00
-5.485001935550052998e+00
-4.646653602878824785e+00
-3.968410821634668295e+00
-3.562777108065699583e+00
-3.134817019564622775e+00
-2.780446620461405338e+00
-2.531644115514242177e+00
-2.368781504389601889e+00
-2.365882597846175717e+00
-2.532761844558450548e+00
-2.363890381821316389e+00
-1.832709093625368713e+00
-1.193418146600613072e+00
-3.155667992910335951e-01
4.870267057951500611e-01
1.186319676303396076e+00
2.046995623836781686e+00
2.998205987395670125e+00
3.781354564934437779e+00
4.402432470294963984e+00
4.933452916128877597e+00
5.309389099685474456e+00
5.741374833188836568e+00
6.234547756537819119e+00
6.627314427615675463e+00
6.962253463427069633e+00
7.316946575823097376e+00
7.678534680723894112e+00
8.037573391973950265e+00
8.409495181790575202e+00
8.703289632000068110e+00
8.915147659811889724e+00
9.101473934550829981e+00
9.241061872451055592e+00
9.125080263050378448e+00
8.735598557078199988e+00
8.153253922374783969e+00
7.316518252029772462e+00
6.356733043245484716e+00
5.274138867025565780e+00
3.945167111339245913e+00
2.391277795173792242e+00
7.449416126671626337e-01
-1.002645696815416265e+00
-2.906238121503704974e+00
-4.938316549231453578e+00
-7.218136223404478358e+00
-9.758053588158025704e+00
-1.248028574938770596e+01
-1.541608697730813482e+01
-1.727600027042396036e+01
-1.792385722715151530e+01
-1.798937418899611274e+01
-1.709914888438923342e+01
-1.598008205129208648e+01
-1.466455096907221289e+01
-1.245004013483522520e+01
-9.469594672646456601e+00
-6.685962077393760694e+00
-4.078387759221571152e+00
-1.255987131549846314e+00
1.556913732702427389e+00
5.132855230221660570e+00
9.534105405087045071e+00
1.420257443146392085e+01
1.932289126107897559e+01
2.278239194885611951e+01
2.431510557805431461e+01
2.505227525275445544e+01
2.437404282735965211e+01
2.337513429326804726e+01
2.212005122619053665e+01
1.949952284333467389e+01
1.571497247957778676e+01
1.250807353995065085e+01
9.864532882207679876e+00
7.056248774766089582e+00
4.498339718656233721e+00
8.486196214461594334e-01
-3.999370402181349426e+00
-9.049896300856431708e+00
-1.461888641530540767e+01
-1.862237933158024816e+01
-2.075141343671493388e+01
-2.222032691862881038e+01
-2.240739332282991469e+01
-2.229197097613195666e+01
-2.194697108974833810e+01
-2.031854921068551789e+01
-1.758615634615664547e+01
-1.564181961087487238e+01
-1.449013742949573214e+01
-1.331703446347013475e+01
-1.258075319208510301e+01
-1.087202126703555649e+01
-8.078802717309523374e+00
-5.268814297235762112e+00
-2.113506374334090943e+00
2.918310576062076445e-01
1.727248593403422294e+00
2.950303540741125552e+00
3.621154595609691107e+00
4.131773003991227711e+00
4.531237737221309736e+00
4.314137695539038475e+00
3.550849006896093840e+00
3.450927149806005900e+00
4.039382122818859777e+00
4.769314447917111899e+00
5.941497375559438687e+00
6.708592308505078705e+00
7.002538725186122193e+00
7.490194338397738072e+00
7.977340267474236413e+00
8.324440062011479569e+00
8.590441399132828337e+00
8.700038029019118824e+00
8.630991457292429558e+00
8.616299649051212484e+00
8.648832549974764916e+00
8.594773489782250309e+00
8.500669828262065408e+00
8.203456917149964056e+00
7.675002699008892648e+00
7.024473733285349297e+00
6.203425213230548074e+00
5.264736904534551343e+00
4.215574974081504500e+00
2.986060029440050556e+00
1.585703140731362426e+00
5.489624026440811377e-01
-8.301311977432358769e-02
-5.576581551031691841e-01
-7.264940197997579174e-01
-9.166285467310800739e-01
-1.144619978363870638e+00
-1.115342709579807190e+00
-8.928634629023364244e-01
-8.306104975645310917e-01
-9.194115377951684875e-01
-1.028776354923656378e+00
-1.242209058174047920e+00
-1.270265538133595662e+00
-1.093722872208238606e+00
-9.230387819244498804e-01
-6.914965040374411176e-01
-7.451725457240819805e-01
-1.139836990910755965e+00
-1.663623593267003375e+00
-2.420619126482835171e+00
-3.259966426479167900e+00
-4.168588725787426341e+00
-5.316344912767335451e+00
-6.675697752680243902e+00
-7.921385059337924694e+00
-9.051305596954023258e+00
-1.020749619384660356e+01
-1.131079916897653881e+01
-1.259980423540007521e+01
-1.409370166557303783e+01
-1.561027327078480376e+01
-1.720504723463084673e+01
-1.806154534594871564e+01
-1.807712349434466859e+01
-1.767471665625902943e+01
-1.661265676741209063e+01
-1.531778977584165702e+01
-1.381023150097854391e+01
-1.165513945335770885e+01
-8.927941395644378275e+00
-6.286552298579608511e+00
-3.720560899597981752e+00
-9.511607771917539589e-01
1.868114180350172404e+00
5.254262655066077592e+00
9.251684412833574456e+00
1.348477424631138888e+01
1.807827048327105501e+01
2.141835766504168248e+01
2.330666245031636308e+01
2.459526422745749485e+01
2.481141271650749403e+01
2.480353639977596458e+01
2.461942389739803261e+01
2.340608362690398891e+01
2.131940870862382198e+01
1.967438953577283556e+01
1.845802432370777169e+01
1.712259208756281481e+01
1.598063525267603602e+01
1.401328549092639797e+01
1.113955964741106719e+01
8.112688891047916684e+00
4.692361593957729227e+00
2.089990192047865847e+00
5.009429728081614686e-01
-8.243616257989112572e-01
-1.522622124639186447e+00
-2.126793333324936697e+00
-2.685977418706431141e+00
-2.605592970427482502e+00
-1.985350825624396798e+00
-1.995577321343362742e+00
-2.648942894830048189e+00
-3.437814052863684466e+00
-4.650304482479386436e+00
-5.436840665997647370e+00
-5.732367604227436964e+00
-6.193561216429350758e+00
-6.625658980800564812e+00
-7.138217756130821101e+00
-7.812794571524401377e+00
-8.456168836123875820e+00
-9.116764128697205649e+00
-9.882278524375209372e+00
-1.073886424359353065e+01
-1.168885186753737848e+01
-1.275143088818564330e+01
-1.359385775664774343e+01
-1.419284436263682991e+01
-1.472353380486031682e+01
-1.509814165700302624e+01
-1.550853995856484069e+01
-1.597250965027509473e+01
-1.632052196373669517e+01
-1.659509529726445365e+01
-1.645008883225798257e+01
-1.582734861603670140e+01
-1.491665855366877480e+01
-1.360916812267379150e+01
-1.206091692581911445e+01
-1.027648928965567521e+01
-8.074626851312650899e+00
-5.478085722881039565e+00
-2.804138380708995015e+00
-4.774594635799242481e-02
2.938032566795791389e+00
6.081079439431190892e+00
9.628219441562087866e+00
1.360521083160317346e+01
1.783603563614631327e+01
2.238324188640855894e+01
2.555339800637757719e+01
2.715964017156635180e+01
2.804489408905843462e+01
2.771681970836621289e+01
2.711435983784777193e+01
2.628140685572184410e+01
2.430119309770076086e+01
2.134533440990073316e+01
1.871158901937173979e+01
1.637606516402934886e+01
1.380733990549295065e+01
1.130930790514333495e+01
7.850213018531438713e+00
3.346887922964969064e+00
-1.451018703253807107e+00
-6.789448806784229795e+00
-1.063129638612910988e+01
-1.270052064873113906e+01
-1.413996402537340025e+01
-1.434925132048350171e+01
-1.433945735366631347e+01
-1.418037825692979226e+01
-1.282380207830839680e+01
-1.045786905789658228e+01
-8.847518938942945610e+00
-7.990662558890721634e+00
-7.142741056747021311e+00
-6.730059970885503340e+00
-5.420774266642589545e+00
-3.111811100211053560e+00
-8.067956945026808491e-01
1.804039163848244476e+00
3.513652791842439171e+00
4.097461346441239272e+00
4.351163765870134092e+00
3.903965175964261292e+00
3.224874673288260940e+00
2.363741530698163729e+00
7.483448837803701181e-01
-1.537173251772625537e+00
-3.233587503994862278e+00
-4.321644573479197504e+00
-5.365001018356355011e+00
-6.053314323059123758e+00
-7.284369043943922151e+00
-9.130929627652333735e+00
-1.089507800216322941e+01
-1.278424054425908807e+01
-1.399887894681720191e+01
-1.438241448054685989e+01
-1.446065473698262593e+01
-1.398350275433074330e+01
-1.325110438086594122e+01
-1.229212571955274313e+01
-1.072569924753348580e+01
-8.601728021148264958e+00
-6.771123007826542306e+00
-5.244326727908507735e+00
-3.632400390274266755e+00
-2.142442072113540430e+00
-1.636848155054378973e-01
2.357332213439176094e+00
4.951671893964880944e+00
7.763493707598096094e+00
9.952775980446892490e+00
1.138608487375116596e+01
1.256455934521931717e+01
1.323448814907056104e+01
1.377606761087753284e+01
1.421828151024729436e+01
1.413958718345280197e+01
1.360818886424729968e+01
1.342171946581556519e+01
1.358417094373671397e+01
1.374672108972223938e+01
1.410280308852474818e+01
1.406348249004155804e+01
1.358071759405009082e+01
1.310208821443744576e+01
1.248982781331136493e+01
1.173214447459621468e+01
1.087269323286683864e+01
9.813776919668411480e+00
8.560589643196063747e+00
7.217528592133685805e+00
5.772882973570471421e+00
4.178219916501531017e+00
2.451422022467359518e+00
4.207067361224574031e-01
-1.935544259851821103e+00
-4.525639296356132490e+00
-7.399872902933042340e+00
-1.047996507525876453e+01
-1.376179630842243284e+01
-1.733046339163681182e+01
-2.117271355606520089e+01
-2.360402620794761575e+01
-2.446715283558896559e+01
-2.454550890278661868e+01
-2.335653425513884329e+01
-2.189209083220013241e+01
-2.019175152710195675e+01
-1.732234320618168155e+01
-1.346663568323714166e+01
-9.806057769467692253e+00
-6.306300925338278240e+00
-2.499921303601950306e+00
1.340686709398761334e+00
6.185229870706410615e+00
1.211097228738941922e+01
1.842614559128452711e+01
2.536331219041096574e+01
3.010947545636592082e+01
3.231707773533402417e+01
3.348338282278433553e+01
3.278527275909423366e+01
3.169271588610407520e+01
3.029191423995508003e+01
2.710260875606916642e+01
2.239640673799112491e+01
1.847090641206700212e+01
1.530591370002308693e+01
1.194547353623333308e+01
8.937181910361625015e+00
4.506630406040829762e+00
-1.485810817561192820e+00
-7.724437556672000937e+00
-1.462640778597540780e+01
-1.974282339742429571e+01
-2.269659280561715775e+01
-2.494931570112579422e+01
-2.576806576260700155e+01
-2.627176226501113376e+01
-2.655054176595961479e+01
-2.538053087618248327e+01
-2.296756795457890732e+01
-2.159108897219485002e+01
-2.126367771890330971e+01
-2.099961489064894948e+01
-2.135400293230504687e+01
-2.064545875406611941e+01
-1.874136083763752936e+01
-1.692443755378420178e+01
-1.480459455753173614e+01
-1.289141761338238013e+01
-1.136888218469653467e+01
-9.709362028084502327e+00
-8.088589470471983844e+00
-6.500466377671942908e+00
-4.904930503717492840e+00
-3.465489151976552051e+00
-2.182495293874368247e+00
-1.840793704408858478e-01
2.575240708518455879e+00
5.672078658235409243e+00
9.333543083630848614e+00
1.301481961853234992e+01
1.667258988244110540e+01
2.076949044988931448e+01
2.518593360654289270e+01
2.810804926783765723e+01
2.940881410693030773e+01
2.985654795038680120e+01
2.894317084289618336e+01
2.782260766487105741e+01
2.653371038580593222e+01
2.404198978095161721e+01
2.056369877964432646e+01
1.722194410889246896e+01
1.396703439523861334e+01
1.038260125795529731e+01
6.722690170132143983e+00
2.022514917994809203e+00
-3.791516035233176041e+00
-1.004655782347651893e+01
-1.697448877190425165e+01
-2.178826219803066877e+01
-2.414774491863742156e+01
-2.553926237910303243e+01
-2.515005874122270058e+01
-2.444084693395280183e+01
-2.350005692341235886e+01
-2.086342146201571879e+01
-1.680334291290010285e+01
-1.358674511486983327e+01
-1.119532203285959859e+01
-8.691023935505151954e+00
-6.615791833535856981e+00
-3.221597068829093580e+00
1.626586600618770362e+00
6.628965611521680401e+00
1.219456445672412137e+01
1.605007144120095575e+01
1.783608447171252820e+01
1.892423425382609281e+01
1.863134191374597393e+01
1.797589330207614466e+01
1.704161606032601384e+01
1.469897210420165479e+01
1.113394781525100896e+01
8.488141874142801413e+00
6.774816489009206855e+00
5.062091038331589132e+00
3.871387581486555707e+00
1.627656499394314338e+00
-1.794842065006552190e+00
-5.193794597003160263e+00
-8.935345551058594182e+00
-1.151034328498056070e+01
-1.264052486509569917e+01
-1.330341345646082907e+01
-1.303409477242393955e+01
-1.242958976191042453e+01
-1.154782000444450851e+01
-9.664920601612909223e+00
-6.885636487771193082e+00
-4.769489217264895053e+00
-3.336192017785326147e+00
-1.885436841894656546e+00
-7.990142940502240609e-01
1.043806887828429231e+00
3.736331944267628824e+00
6.414076759583949183e+00
9.338340335032517814e+00
1.125578841632425942e+01
1.194804160409066718e+01
1.219488662798665146e+01
1.161220355678257299e+01
1.072640722648867673e+01
9.581474332686399364e+00
7.562085341976416686e+00
4.760099607202944227e+00
2.423961279684641923e+00
5.638459206628037013e-01
-1.377213553021836567e+00
-3.096035074102358564e+00
-5.503117835046464457e+00
-8.675158462802121662e+00
-1.191721700407845397e+01
-1.544316786023364507e+01
-1.776654173304660489e+01
-1.866474753084687066e+01
-1.899316995792514007e+01
-1.830543762232418459e+01
-1.730169091061899422e+01
-1.602931357907362653e+01
-1.373063839994377133e+01
-1.053072317126532020e+01
-7.779348954254627913e+00
-5.476250919275078566e+00
-3.035598463092503252e+00
-7.816241825611968119e-01
2.298050912659447498e+00
6.287187549334101178e+00
1.042522991226756801e+01
1.495096029731186960e+01
1.810563409406981350e+01
1.963474455337453506e+01
2.054144408567428215e+01
2.030107713236360922e+01
1.975756104330806551e+01
1.896844621830434363e+01
1.703439225214865260e+01
1.410843489421146479e+01
1.176110586280196024e+01
9.991514254298007103e+00
8.124557508634229208e+00
6.538181778420304902e+00
4.051901034177173067e+00
5.701950522936906074e-01
-3.019216996853078427e+00
-6.993457899847362214e+00
-9.821373141389006634e+00
-1.125859068253895678e+01
-1.222994379147819721e+01
-1.227415183538169252e+01
-1.207557304272084231e+01
-1.168995820458485291e+01
-1.035569883011771530e+01
-8.197102595516170709e+00
-6.668897992594218671e+00
-5.780473199636478654e+00
-4.897099899065804784e+00
-4.372910959616836735e+00
-3.138779857615505708e+00
-1.108874587320048510e+00
9.006963031923783669e-01
3.138733931526851428e+00
4.699952739637964783e+00
5.407907509207711350e+00
5.870852764302975757e+00
5.808063655558252769e+00
5.557091935139459871e+00
5.155217772550406252e+00
4.177033519082029578e+00
2.681862813069740170e+00
1.643893245103388967e+00
1.079521506101580597e+00
5.482859883769575227e-01
2.904187737394549051e-01
-3.847253486605243800e-01
-1.534122172715972843e+00
-2.619843351520812380e+00
-3.801852183918250194e+00
-4.613588949811627593e+00
-4.949867648610120519e+00
-5.146259375338200215e+00
-5.053692395149591121e+00
-4.818483743679194298e+00
-4.460041657745914989e+00
-3.767474779105916216e+00
-2.764363967619655416e+00
-2.001149965362112759e+00
-1.489627500071275090e+00
-9.734221916222386417e-01
-5.884849126413927989e-01
4.843926016821609171e-02
9.706928757855795009e-01
1.877930866135955945e+00
2.859594108862176576e+00
3.572454810595453001e+00
3.949411361855579727e+00
4.216925158014018571e+00
4.267794029461812855e+00
4.232091074966304767e+00
4.122553038572931428e+00
3.775415322546970653e+00
3.212670397188907234e+00
2.804189165235573711e+00
2.555197384201127964e+00
