3.086031378454503482e+01
-6.244338103211543967e+01
-5.500167443659079680e+01
3.711328301245114147e+01
5.811698218096432811e+01
3.308960321342693334e+01
3.347497222058547717e+00
-5.702608196636560223e+01
-4.389362454425793914e+01
5.143537790297339996e+01
5.501062739286693670e+01
-1.807343827680340098e+01
-4.328979641654089505e+01
-4.764608931403290626e+01
-1.900978845141264273e+01
6.411807059616175763e+01
5.176395207134530096e+01
-5.708389795844473014e+01
-6.192735354186610408e+01
1.618018644825215091e+01
5.713741681230121827e+01
9.281507315612692821e+01
4.891567847090268373e+01
-9.871653673486716229e+01
-1.174588179975700228e+02
-1.653566950698213134e+01
2.480581737510120277e+01
4.704871810187362513e+01
4.617018914210770930e+01
-5.900353198907269281e+00
-2.597977977739338229e+01
-2.078263640265042866e+01
7.660306377106466336e+00
7.737169430804952697e+01
6.192996596218645777e+01
-4.227770765970593203e+01
-9.405599613601741282e+01
-1.155939391773876821e+02
-5.013002637236680670e+01
1.349954907023089845e+02
1.369548404183842365e+02
-4.188128851676439979e+01
-8.345021156444833821e+01
-3.717331849628010332e+01
2.682831145298295894e+01
1.625508830306931145e+02
1.132231591386315586e+02
-1.387477498616311209e+02
-1.897357105801721957e+02
-7.782964631929689858e+01
3.640943706194446072e+00
1.255558838418805720e+02
1.361674699643755559e+02
4.254650179895758555e+00
-5.007283119711205188e+01
-6.130562641856359107e+01
-4.096672367395035508e+01
5.044307712249482023e+01
5.292627015144866931e+01
-3.227971377896934513e+01
-3.782512214326702349e+01
1.112134801523224503e+01
2.029051698549532290e+01
1.266250866270579323e+01
8.214606530504786619e-01
-2.845346286076179609e+01
-2.159012581016651211e+01
2.397535408389351019e+01
5.133375234141099419e+00
-7.283558272933015587e+01
-6.512236872211535399e+01
1.736148935913297819e+01
1.198617067359669761e+02
2.714151028124503000e+02
1.611334872768909747e+02
-2.422960672297565168e+02
-3.562883119363921764e+02
-2.246773133177941588e+02
-4.669464474646024144e+01
2.942644073721572795e+02
3.546059368621336034e+02
9.722594224693797571e+01
-5.715608833600743566e+01
-2.055652111775190463e+02
-2.032718485172603380e+02
2.568872440316860661e+01
9.721763959948376055e+01
5.127177725933809427e+01
2.109784348889908756e+01
-6.113593426547554799e+01
-6.429026572298026565e+01
2.569160757897972758e+01
6.949607238893010219e+01
9.449558275387032324e+01
5.028328076591444784e+01
-9.118152958041622469e+01
-1.189529963168528468e+02
-4.020253901443343381e+01
2.076782735286404602e+01
1.050035166714851869e+02
6.953853091657863672e+01
-1.121591464485386354e+02
-1.000042539144086362e+02
8.762907636120601751e+01
8.952677190998339540e+01
-4.771733138624623649e+01
-6.095359993789831066e+01
1.227546316033063079e+00
3.533345949584624179e+01
7.901751818977908215e+01
4.761417514809355822e+01
-7.740557492003397044e+01
-9.569606525176547507e+01
-1.923968209312726074e+01
1.788616670846120016e+01
5.043853741306129734e+01
4.609534921249129269e+01
-1.683873351592029977e+01
-2.985624066515443076e+01
-1.637028092272517332e+00
6.331620143395291223e+00
1.223422344114180405e+01
9.458834940475249198e+00
-9.964825826833225264e+00
-1.737464337759655919e+01
-1.538581551691236093e+01
-6.112313907761208753e+00
1.641657161387202990e+01
2.440593590921151801e+01
1.768633487052776587e+01
4.878511965423351526e+00
-2.075518813930419171e+01
-2.784377935015536210e+01
-1.458855270026006679e+01
-8.073025226528800502e-01
2.098297402093387021e+01
2.334330554450848894e+01
2.236344786927508821e+00
-7.572177168794162583e+00
-1.216527712112326398e+01
-7.136347541680956752e+00
1.407309963811526465e+01
1.289078774735993527e+01
-9.955791400698711158e+00
-1.678502119938262283e+01
-1.383027830653615631e+01
-5.266324573117748820e+00
1.553405525133008247e+01
3.000106366537502467e+01
3.854426367618557236e+01
2.121060052802028295e+01
-2.872848380946375002e+01
-6.374486178554655424e+01
-8.836660082711192388e+01
-4.737026091368838365e+01
7.537919804376267052e+01
1.127509677806324220e+02
7.203925655434619557e+01
5.168918424988836691e+00
-1.245325444806012172e+02
-8.943170497914499606e+01
1.278992300565919606e+02
1.285663977391333219e+02
-5.633146269805564543e+01
-1.203925756553515072e+02
-1.255238789557827488e+02
-5.089328604669223211e+01
1.577842952375323762e+02
1.581390652974029365e+02
-5.110845002047084762e+01
-9.330515749385932622e+01
-2.402953806988004004e+01
1.836600456668671910e+01
9.362342779921925739e+01
6.453162633071858068e+01
-9.035697301778475321e+01
-1.069604033547502411e+02
-6.100458004740102247e+00
2.850505410256289807e+01
3.922100756094464913e+01
4.406391236581126947e+01
1.651641503724654925e+01
-1.109552687869200138e+00
-1.257582070926673978e+01
-4.029932050866082704e+01
-7.807429781167134308e+01
-3.838944566134307479e+01
8.483597941146607013e+01
9.911856056788171543e+01
1.296673288689450843e+01
-2.220658414056717334e+01
-3.972079476397141917e+01
-4.784496439431236325e+01
-2.353503363550284178e+01
-3.078795536310824366e-01
2.767522731337206920e+01
4.311060955524947502e+01
3.919784760128672474e+01
1.008825020502092151e+01
-5.328787403260036371e+01
-5.248265231498299954e+01
1.550980221720208974e+01
2.922744336219413341e+01
5.102958933108057593e+00
-2.297539748918384639e+00
-1.194580804605094571e+01
-1.107347300552578417e+01
6.888061838231018363e+00
1.028786293967802656e+01
2.326172074611882579e+00
-4.358335171402845098e+00
-1.522292043791813931e+01
1.085039703418839485e+00
4.837559669189666778e+01
3.455651516515258237e+01
-3.912763951978946153e+01
-5.424756619714195693e+01
-2.358163584152197245e+01
8.240930743382492984e-01
3.962906829404857234e+01
3.965509341383273778e+01
-7.987757506042875377e+00
-2.013137785177598715e+01
-7.264036571706024681e+00
-1.946108302744940621e+00
9.428411204877512830e+00
9.299228819335933593e+00
-6.004522151284782616e+00
-9.765089104394407471e+00
-5.629909511672059885e+00
-9.875787139113678670e-01
8.652890159975118678e+00
9.418723383801850702e+00
2.013106033581062437e-01
-4.258651913896555286e+00
-6.764152859633266068e+00
-1.088407008593359215e+01
-1.449715069142135704e+01
-6.951746909036547351e+00
1.292750342277650688e+01
4.604343440243928853e+01
9.624719675768776028e+01
6.379795581508358993e+01
-5.906679817821147793e+01
-1.593629526180334324e+02
-2.577117341105708306e+02
-1.411804874684363824e+02
2.317488648274179752e+02
3.524283483907794334e+02
2.510103646005057101e+02
5.718678086210595524e+01
-3.393817952183505327e+02
-3.796622203861888920e+02
-3.124645962973443147e+01
1.054198029602397071e+02
1.388799652699980527e+02
1.512503692670243254e+02
4.581364000761775657e+01
-3.041100102819114781e+01
-8.940578089160838715e+01
-9.182341429380701925e+01
-3.623188568555464339e+00
3.730765611893582445e+01
4.668571610327396826e+01
2.001350214074436451e+01
-7.135218494974940029e+01
-6.289614096731050097e+01
4.543962779753549341e+01
8.085449994260893902e+01
7.046258494248951365e+01
2.709295489204998475e+01
-8.097839494994799736e+01
-1.066415402953111595e+02
-4.799865721079191871e+01
-1.045223395182855786e+00
6.525985774636446024e+01
8.438684016392319620e+01
4.032944656167578756e+01
-3.552707872961569535e+00
-6.711619571323353739e+01
-5.535223554703421911e+01
4.724470873677736193e+01
5.826432463448406196e+01
-6.466905911061640033e+00
-5.653171891723166453e+01
-1.240927498727225782e+02
-7.989839025116253879e+01
9.712335863077619535e+01
1.657144552492310936e+02
1.478659296087531914e+02
5.060694843759996786e+01
-1.795571248029818889e+02
-2.041227781492625866e+02
-1.577217167741663673e+01
6.272007695967341334e+01
9.487307644499273351e+01
6.603410095458391993e+01
-7.935568735412394403e+01
-8.596783396740602257e+01
3.960030670269439668e+01
6.869766434508588304e+01
4.315019012856250669e+01
1.397829768484957569e+01
-5.420562480663231497e+01
-6.022510128415832042e+01
2.398627438111670784e+00
2.737935425270437406e+01
3.424792099458042571e+01
3.927303133952980918e+00
-8.394732433683681450e+01
-6.257149796185663604e+01
6.915230599888649010e+01
9.699873443848390764e+01
4.543434812551178936e+01
2.167031114058145302e+00
-6.991139013981316452e+01
-9.070694948969972415e+01
-4.739129536356339401e+01
-9.776469686190210950e+00
4.304633759084912725e+01
9.553552473096367237e+01
1.390077464747463409e+02
6.434992048232875561e+01
-1.480227942037685125e+02
-1.831454987708807209e+02
-5.079961284585096593e+01
2.669684070885664795e+01
1.084025764977559163e+02
1.099768838514054750e+02
-6.440913883821927755e+00
-4.291432526989810015e+01
-2.162336553248655235e+01
-3.050274394871890848e+01
-3.742751147625121888e+01
-9.979523416039667083e+00
4.779331358089400084e+01
5.138663138035838784e+01
3.722880892674477193e-01
-1.450710432135419836e+01
-8.065032569159304998e+00
-1.285708686148519142e+01
-1.522790981254023990e+01
-4.484363668746574660e+00
1.844138294128314826e+01
8.171691112740226970e-01
-5.968636083093601030e+01
-5.344017919703296826e+01
1.466481807457249431e+01
9.621879904796270466e+01
2.141190314074756600e+02
1.233283483634201048e+02
-2.021315601308893406e+02
-2.838629918236923686e+02
-1.551773878351039002e+02
-2.253267644872870079e+01
2.069296928088194818e+02
2.729270295605542742e+02
1.421359561145517034e+02
1.055598086470812014e+01
-1.894428702733897296e+02
-2.471947652866812746e+02
-1.260960316406718533e+02
3.708803602480612582e-01
1.912558257147560141e+02
2.044524157926705925e+02
1.699460113420251162e+00
-7.711473911436756623e+01
-8.407813728424471833e+01
-5.080906610603327067e+01
8.338914788566775371e+01
8.398887002357032827e+01
-4.980530048797478315e+01
-8.295382748808302154e+01
-5.476555167119398959e+01
-1.850364178104152302e+01
6.387765631508833764e+01
9.097782079712195014e+01
5.729722381278793364e+01
1.173685424831880830e+01
-7.052306740033819210e+01
-9.249835486331208756e+01
-4.488656318839385762e+01
3.599720015437953613e+00
7.727848316186474165e+01
7.566870545865315023e+01
-1.656506837438715962e+01
-3.600509140000853847e+01
-1.666801821928492355e+00
-6.958224275929072888e+00
-2.716739616158581327e+01
-1.219561168300523768e+01
3.011025556336452169e+01
2.915452443671103566e+01
-1.160341924079880194e+01
-1.818964642944103360e+01
-1.196575516399425165e+00
1.033571538602076068e+01
2.830311806422001197e+01
1.829803979165015804e+01
-2.507635612061542218e+01
-4.220143497055550341e+01
-3.913077457638647161e+01
-2.321439768802817483e+01
1.782740057399455935e+01
5.334183056074852658e+01
8.483539867171266735e+01
3.192403925616439864e+01
-1.208475455260006157e+02
-8.035878827359802301e+01
1.522496238495289163e+02
1.406908995340972410e+02
-7.901479384050799126e+01
-1.602300068460228886e+02
-1.692649790025635639e+02
-7.244199297263492099e+01
1.948568809211829205e+02
2.310760767530394446e+02
3.814087098846162149e+01
-5.037456452608235935e+01
-1.087953438481111874e+02
-1.053595691625844069e+02
1.454665052416943993e+01
5.302417506903206146e+01
2.634878284178986974e+01
8.660740544259368789e+00
-3.617102899471456823e+01
-3.542846349925503091e+01
1.932915831323992251e+01
4.595052336891608036e+01
5.954620086405013524e+01
3.264666579244222078e+01
-5.163201607866462695e+01
-8.512428774175556612e+01
-7.334255372337052847e+01
-2.067325354882468602e+01
9.887744670139777270e+01
1.064688753126758058e+02
-2.967163301978435364e+00
-3.436577907671540544e+01
-1.955040807865070462e+01
-3.409149025527123911e+01
-4.938906782253649652e+01
-1.821092827884980991e+01
5.793692728806841075e+01
6.570076976804431013e+01
7.129366159926127544e+00
-1.637912136273641295e+01
-2.511083525739260125e+01
-3.255714494707195428e+01
-2.311629187425545240e+01
-3.216791473258130640e+00
3.065718693184003740e+01
4.624882428349899044e+01
4.115604273376833078e+01
1.968943944736544438e+01
-2.797117738412053356e+01
-7.146341249498149750e+01
-1.121631570645709672e+02
-5.504172012636369971e+01
1.169696972150125731e+02
1.419867291420890467e+02
2.940275797760951448e+01
-2.883765584682953076e+01
-8.035507436286847849e+01
-6.691356787441745269e+01
4.463933485173195237e+01
5.827214374842585443e+01
-1.312666721655330981e+01
-3.117009911155150803e+01
-2.777102072529557475e+01
-1.388116749494814073e+01
3.061422698026373013e+01
3.769216823394077664e+01
7.280527617086033132e+00
-6.817293429424054807e+00
-1.727555234323432032e+01
-1.270477860617180887e+01
1.594001964904518864e+01
2.161869750614471641e+01
7.262411041051432647e+00
-2.131639576477754972e+01
-7.463746977278974271e+01
-4.443029135534147400e+01
7.621641889862814878e+01
8.935734155675510237e+01
8.470864032028064372e+00
-2.253262996840847165e+01
-3.640540904381614951e+01
-4.451099907614567286e+01
-2.567801132230041361e+01
-6.909041313556006259e+00
1.639448283294161257e+01
5.730039286256724296e+01
1.131697976737558946e+02
5.773883988517724219e+01
-1.196139153039697902e+02
-1.535949705200921187e+02
-5.852315535169420002e+01
8.874613210421360421e-01
7.350481491308501347e+01
1.271449343374969629e+02
1.394663263459450206e+02
5.370039336266900420e+01
-1.555254825848116695e+02
-1.957387511686563357e+02
-6.827028707292795673e+01
1.692986894392261377e+01
1.184324730309990912e+02
1.285160497329316627e+02
1.049586353739109867e+01
-4.337071443578399510e+01
-6.176383714412700243e+01
-4.091155754775770959e+01
5.550309595322121226e+01
6.111614662524983999e+01
-2.074410095808352850e+01
-4.969076566839321885e+01
-5.440905554627961038e+01
-2.231016458359525600e+01
7.110624697868401256e+01
6.432863822050693159e+01
-4.307966040418460807e+01
-5.398767022549013461e+01
7.431550589631345183e+00
3.404967167292225128e+01
5.637468799641182926e+01
3.276501969110189805e+01
-5.485252946179977585e+01
-6.751561777340008064e+01
-1.151528128314035726e+01
1.608850505994407598e+01
3.989751401195998426e+01
2.347866345588774450e+01
-5.042451875451753551e+01
-5.026949446378281294e+01
1.854529667525845937e+01
4.811718782263977801e+01
6.039554207066520064e+01
2.244264774032666665e+01
-8.715380870856569118e+01
-6.827632759894623860e+01
7.922422396576068593e+01
7.955468020401146134e+01
-4.039259778444203164e+01
-6.659843361555098795e+01
-3.911397102962446581e+01
-5.880583193349556481e+00
6.664438421030921234e+01
5.623799672497513313e+01
-4.585105107590197093e+01
-4.884481301647867468e+01
2.913326624654104435e+01
3.556127905739960227e+01
-2.440909329146932372e+00
-8.225040969020058768e+00
-2.086228551732070002e+00
-1.753940314759705288e+01
-4.684387949492827374e+01
-3.110639588887962503e+01
2.980738055535995912e+01
6.438272343769895656e+01
8.222462825698860911e+01
3.742348539174031430e+01
-8.933874275277418064e+01
-1.018633708232285073e+02
-3.419714269427200470e+00
3.541499674017431687e+01
4.940968890161535398e+01
1.773662870259500579e+01
-8.995561074658046152e+01
-7.545825475010157390e+01
6.007249180274747857e+01
1.102208127300121276e+02
1.073286587929670617e+02
4.506961788421460113e+01
-1.167632366941392377e+02
-1.695322158974817057e+02
-1.149815837700544989e+02
-3.424135801072669949e+01
1.200652879260124593e+02
1.916978158265565071e+02
1.687384138095169135e+02
4.843718489005892991e+01
-2.179689608120577873e+02
-2.389574127688575231e+02
-3.359579161037034467e+00
7.823572242277533917e+01
7.760695700174787248e+01
7.431793306448724934e+01
2.742820728062429048e+00
-3.098434850832685683e+01
-2.772941871941757341e+01
-2.404705208233858471e+01
2.583095876177422756e+00
1.658354952110909863e+01
1.683434338847763811e+01
4.647849168367455874e+00
-2.943152228753657695e+01
-2.304686881989810843e+01
2.514437458835381989e+01
1.524574768232714028e+01
-4.518869710982202292e+01
-4.148401524790465800e+01
1.448906219402097406e+01
7.082115563397071867e+01
1.479396943974595615e+02
9.202992557467713652e+01
-1.162089526867660396e+02
-1.980096268990033082e+02
-1.779276358058441190e+02
-5.861472285565685070e+01
2.230233565049499589e+02
2.441890638268741043e+02
-4.526046994783952115e+00
-8.887486977773072283e+01
-8.531756377675067426e+01
-5.674570118882363090e+01
6.823520827241813436e+01
7.911787538113100027e+01
-2.621996381237095974e+01
-5.969435862723674546e+01
-5.896864886703065167e+01
-2.352530915386891053e+01
7.791249198768088036e+01
7.869023364774004392e+01
-2.209510282853680607e+01
-4.183346726487100398e+01
-7.590650327380441986e+00
-4.339382293994356488e+00
-5.038971460095050148e+00
-4.682073444323879841e+00
-1.243096258460626480e+01
1.343559650117619420e+01
7.463609884894943036e+01
4.373813394058173287e+01
-8.010382728750798265e+01
-8.177723803117469004e+01
2.468177963633645433e+01
4.359767060976366082e+01
7.174817265958770562e+00
2.248037889080249929e+00
5.438643499529426384e-01
-1.619724291212130129e-01
9.635304734352001077e+00
-1.460084810654078069e+01
-7.395876917719428434e+01
-5.056623193647052972e+01
5.502304621931079254e+01
9.206754689680595050e+01
7.777626617973817247e+01
2.553630136575556975e+01
-9.580349347966746620e+01
-1.079341777383001499e+02
-5.718824828019772433e+00
3.676405074166507347e+01
5.315073079168874415e+01
3.407020600109290598e+01
-5.089192425227128069e+01
-4.945174698653477208e+01
3.563570940433751844e+01
3.767840987081214621e+01
-2.070036188381934394e+01
-2.665126176881744868e+01
-2.578827948879206744e+00
2.069694999837323834e+01
5.994716145471105762e+01
4.061603653883322096e+01
-4.508832989989754481e+01
-7.005412597388500728e+01
-4.580049967091630236e+01
-6.139887719348710249e+00
7.420395775199689581e+01
5.359088790732747754e+01
-7.816468181827482908e+01
-7.846451522056358385e+01
3.325251006148643995e+01
8.691774870563442335e+01
1.215765343752190546e+02
6.461999759481417982e+01
-1.177952455154571680e+02
-1.684458647940674609e+02
-9.874527237866423945e+01
-1.464495578319125180e+01
1.370948017356766115e+02
1.603883528013639364e+02
3.514732083114088823e+01
-2.977520399596304657e+01
-7.693788494239478837e+01
-8.638168908639320875e+01
-2.261641548028828907e+01
2.113983774732698251e+01
5.917873044280662498e+01
4.957845920697976538e+01
-2.836211577979393894e+01
-3.677380144434444986e+01
1.561642220098939582e+01
1.030316144875962792e+01
-3.213629015707795844e+01
-2.344730067304417886e+01
2.352011346915009682e+01
3.603183815637348886e+01
2.499521536157260115e+01
7.960871595062246620e+00
-2.805400987822662273e+01
-3.872239410462776732e+01
-2.145734035597732614e+01
-1.859044049779852381e+00
3.075980514290843360e+01
2.864960732802183330e+01
-1.407713187987330627e+01
-2.261735470347937493e+01
-5.542691127429031361e+00
1.922691896837844183e+01
6.568731040934585508e+01
4.602751610565942286e+01
-4.623374916652740296e+01
-8.705484629970318622e+01
-9.137231657771468463e+01
-3.681060231675172645e+01
1.049393883506977403e+02
1.255567688102058526e+02
2.533889899152131875e+01
-2.574951794509599523e+01
-6.722500339467850949e+01
-6.359233122698695695e+01
1.399329416025902084e+01
3.321838275301364263e+01
5.061852687784116789e+00
5.428024490542837199e+00
1.257325913436883624e+01
3.107200205377383284e+00
-1.596480659294532956e+01
-1.697715307970785759e+01
-6.535089657446471190e-01
6.844602630695570511e+00
1.050056786024149780e+01
1.607117208723866497e+01
1.961340362932063641e+01
1.283112171200554741e+01
-5.533067423561325526e+00
-4.979446485292020697e+01
-1.246540985698680828e+02
-7.904492226841109925e+01
9.582481570573494878e+01
1.708544963164503088e+02
1.696703044522945447e+02
6.643513510214823725e+01
-1.919479128973844126e+02
-2.368740082512254332e+02
-6.685160591922522144e+01
3.347850637310749988e+01
1.367064840072246454e+02
1.295390637234901021e+02
-3.812478491054425689e+01
-8.224489594822691174e+01
-3.062514289135551948e+01
2.133034745929368370e+01
1.253795096493607986e+02
9.273756118052097008e+01
-9.457043976383251049e+01
-1.506654997476678375e+02
-1.069910804274809806e+02
-2.553867224679630610e+01
1.488071217444158378e+02
1.598077199293857120e+02
-6.327377956599202768e+00
-5.922806638596531315e+01
-4.627123361908519428e+01
-4.890568028607171414e+01
-2.165283884651592672e+01
1.884417255656024137e+00
1.914031467261351338e+01
5.261958150059304273e+01
9.583381871886535919e+01
4.933950000815995907e+01
-9.459994353081285112e+01
-1.271930941145199370e+02
-5.957695045004677326e+01
-1.495202735991482790e+00
8.766353815176140074e+01
1.061952280662239616e+02
3.547208675831300440e+01
-1.323540988654183970e+01
-6.578186564687115379e+01
-7.274362805319006497e+01
-1.339849381821171548e+01
1.611292796225754742e+01
3.039895400460120101e+01
3.981738636169087897e+01
2.772912080491176567e+01
2.097873341114342871e+00
-4.216668262654259536e+01
-4.560245026509867472e+01
-3.521791798892629721e+00
9.439475381525078035e+00
4.731452560114400185e+00
2.188105185324083379e+01
5.074992007781377623e+01
2.637893443150235484e+01
-5.207717038047156421e+01
-5.568294773863525648e+01
9.648343563014787350e+00
2.908135605655317946e+01
2.358125750033000401e+01
-2.821876734819558585e+00
-7.026646087807213803e+01
-5.153105627991291016e+01
5.708961178898779565e+01
7.709227543983713815e+01
2.700576612374866770e+01
-7.603608116295180963e+00
-5.730252711068781935e+01
-4.992001903117608919e+01
2.941321928299647226e+01
3.671506102374708291e+01
-1.549945476623663509e+01
-1.331117160977472125e+01
2.240662151614793984e+01
1.873598124446690250e+01
-1.117653205465471977e+01
-2.145821948870286633e+01
-2.132024341111892696e+01
-5.183742536802204093e+00
3.575492938626481987e+01
2.882635990604434895e+01
-2.728594208823752965e+01
-2.522874300694443761e+01
2.530123572752919614e+01
1.490371369644411814e+01
-4.313510384200454695e+01
-3.314715767731836138e+01
3.319241227424785023e+01
4.601506841099873668e+01
2.043645196493320171e+01
1.703051423649424523e+00
-2.828794620434747031e+01
-3.994937426142208636e+01
-2.716279906483503837e+01
-5.004528739915037328e+00
3.593658953280181834e+01
4.818731827139646384e+01
2.827765193303552849e+01
6.227342750183994191e+00
-2.974719648150814066e+01
-5.191225480240572665e+01
-5.586574070385406543e+01
-2.546239407331291815e+01
5.071408807441922306e+01
6.763612835460642714e+01
2.573921958576696056e+01
-1.309860416762179192e+01
-7.121958121491293525e+01
-1.919494995240867041e+01
1.609464589897313544e+02
1.295020129323320646e+02
-1.029373389989120540e+02
-1.897658862596632900e+02
-1.838065133994242615e+02
-7.202391959765756724e+01
2.145886967802128140e+02
2.575172356902081106e+02
5.426988662201375035e+01
-4.929271091039666430e+01
-1.333091899708035442e+02
-1.333661358767591594e+02
8.441630404593455594e+00
5.887266129112723689e+01
4.134104458672533866e+01
3.237815743100467358e+01
-9.600182230046105047e+00
-1.956664374811364482e+01
8.017422559915763358e+00
-1.832803283325675547e+00
-3.733414572039921353e+01
-1.902049027732639885e+01
4.721194378123927748e+01
3.739529526773621626e+01
-4.174245833210848389e+01
-3.801331414996979419e+01
3.301145365459625936e+01
3.473971750316994189e+01
-1.273491065863416338e+01
-1.615147951392067327e+01
6.487017426362852390e+00
-7.432611353731131132e-01
-2.676037774435342342e+01
-2.092934548494917024e+01
1.175422074937223549e+01
2.746314160173130148e+01
3.356186205416660329e+01
9.488338762958814954e+00
-5.520736541752334858e+01
-3.170718190108001622e+01
8.185465163992466842e+01
7.031949729155391537e+01
-5.171203828176758321e+01
-8.459179239352739899e+01
-5.975930542161807324e+01
-1.662740971173110083e+01
7.953601103980106757e+01
8.615130199711420289e+01
-4.159402087250928304e+00
-3.415835757403899464e+01
-3.029817128405543869e+01
-1.817096938273011375e+01
2.830504337510782875e+01
3.031586119197951845e+01
-1.377709005927132857e+01
-2.036147050952122584e+01
-2.691590203150756810e+00
7.200386917100508377e+00
2.185554506889802440e+01
-1.333255318428150149e+00
-6.920129976410554207e+01
-5.019563235414192093e+01
5.394185637052932947e+01
7.857368148705924682e+01
4.237715773206961245e+01
4.637449012936055937e+00
-6.419055023711831609e+01
-6.722027640910206969e+01
6.173005388862759624e+00
2.970164470141709856e+01
2.226671713461873736e+01
1.677312087451255351e+01
-7.576967726969979999e+00
-1.146752166310382748e+01
7.393653904368838958e+00
-1.146677673885714022e+01
-6.288540931363630904e+01
-4.480954381507049789e+01
3.933854814334534211e+01
8.721658593470719723e+01
1.152258190388618573e+02
5.683941692176370708e+01
-1.143246826186703089e+02
-1.530432541137311944e+02
-6.704364669655379316e+01
7.357362591836986709e+00
1.193505962477377551e+02
1.079113097694455945e+02
-5.410427419496053858e+01
-7.860166492937912608e+01
5.649570185342636996e+00
3.410851472092713266e+01
5.306021220053353460e+01
3.368220375830774316e+01
-4.811023213781007968e+01
-7.286030444980744392e+01
-4.797082829603294130e+01
-1.002012765184854359e+01
6.543252205562365020e+01
7.762042452658425873e+01
1.950150304302701088e+01
-8.882495113932613151e+00
-2.841496004625943783e+01
-4.647321969882008830e+01
-4.796579159370730849e+01
-1.209061517502678740e+01
6.886895128592824733e+01
5.992446465328941940e+01
-4.188349554875559022e+01
-5.006100443424014657e+01
1.535910584801275469e+01
2.978893275911476124e+01
2.119839421894398868e+01
8.159366881687747153e+00
-2.736210385763544650e+01
-3.209440582347358628e+01
-4.339168897660865554e+00
7.035735924450403189e+00
1.209456843098053369e+01
1.552883772331611034e+01
9.920608914980206805e+00
9.253724305190151878e-01
-1.332540677307181376e+01
-1.637755256174456164e+01
-6.356628416401974846e+00
1.562915669555503095e+00
1.142152157025124204e+01
1.321247360485650901e+01
4.036381249276573158e+00
-1.075389977544862319e+00
-4.852636336257609706e+00
-1.064721190501571257e+01
-1.627455604714067050e+01
-7.618713073664745039e+00
1.695266515164595234e+01
2.363450035107987901e+01
1.394150660665238917e+01
7.118172794967572159e-01
-2.328442348446180077e+01
-3.194515749645244185e+01
-2.303329030341772565e+01
-9.176527087327626120e+00
1.659643117780958477e+01
5.846969304173315862e+01
1.174077589132998440e+02
6.965129812307523594e+01
-9.549302674032729499e+01
-1.737197023137674137e+02
-1.847972846571749699e+02
-8.002624280185254690e+01
1.911953827634324909e+02
2.719240228243314164e+02
1.670412404107160853e+02
2.948754474463667208e+01
-2.200895692189865542e+02
-2.664251646733963526e+02
-7.916552991980701393e+01
4.093687123383396198e+01
1.650926816838132254e+02
1.611729502348863718e+02
-2.684437637385209285e+01
-8.045844808684901750e+01
-3.265430642666866135e+01
-2.145916696507673649e+01
6.944623735381270535e+00
1.856947903860272930e+01
3.445422496273098933e-01
9.484515204341018801e+00
3.735794873679715522e+01
2.355741189204943709e+01
-2.759678816775151233e+01
-5.880997137684124709e+01
-7.907625181503557599e+01
-4.338115478294020733e+01
6.406246846001911877e+01
1.144804919776063912e+02
1.158453634611330756e+02
4.228823826748338632e+01
-1.397319030635017612e+02
-1.563322394669308153e+02
-5.346722816658616040e+00
5.227366452891131132e+01
6.624994330964068467e+01
5.020747167407527911e+01
-3.925228498346204020e+01
-4.786947552441201026e+01
2.159477304754181404e+01
1.759740591805405074e+01
-3.572501995771231975e+01
-3.156750137403326306e+01
1.215891526431384939e+01
4.202904475371497028e+01
7.342272664334326748e+01
4.162184980583096916e+01
-6.708574024047710793e+01
-8.405348473512295016e+01
-1.720403003492760163e+01
2.418360539265943743e+01
7.105692894548876382e+01
2.494157634577054949e+01
-1.376911169891713200e+02
-1.095034802913058058e+02
1.014983805100858660e+02
1.446301473461475950e+02
6.442747177109862378e+01
-1.668273611471768447e+00
-1.129276917591475069e+02
-1.070904326093730816e+02
3.937453203504335875e+01
6.467075265131288120e+01
-1.902569510368924632e+00
-9.174299954624869358e+00
2.713019317299851796e+00
-4.007985635486654985e-03
9.154736068199847976e-02
-4.846864162058347247e+00
-1.701859325552669588e+01
-9.262457669157988960e+00
1.856129710816218648e+01
3.030626764988714328e+01
2.985549368219847111e+01
1.641370760250417860e+01
-1.802747084849687553e+01
-5.855230115511803035e+01
-1.082375669269259930e+02
-6.310321352863695665e+01
8.961778012969860185e+01
1.401585246441266008e+02
1.032582096947502208e+02
2.174941380074554687e+01
-1.498545121741303205e+02
-1.399872747672806668e+02
6.606393911493951521e+01
9.855934097531442717e+01
1.978160376314437974e+00
-3.804794024912668959e+01
-8.016591845963856144e+01
-5.114032430991441913e+01
7.727821754000190424e+01
9.253295799845902536e+01
6.718685962862617878e+00
-2.800911460415273879e+01
-4.746353540523448800e+01
-2.351357835307451083e+01
6.958273317054177198e+01
6.174524188980637973e+01
-4.360119490209901727e+01
-7.023683200303810281e+01
-4.463319469263345241e+01
-1.383731892627859494e+01
5.183926184353359190e+01
5.141620576664252695e+01
-2.299369542502643426e+01
-4.398187421638362338e+01
-2.991540086968903722e+01
5.057572284774915516e+01
2.256503996665784939e+02
1.536214316412639391e+02
-1.766598181327395878e+02
-2.994016427910318043e+02
-2.676462390713196555e+02
-1.037019607132428121e+02
2.901346482387863830e+02
4.019236509587960882e+02
2.259911201701262371e+02
2.321805388268810333e+01
-3.220040224647573268e+02
-3.651658637279061850e+02
-5.347125736330490753e+01
9.502472133928341691e+01
1.765808126804481901e+02
1.620851702708619655e+02
-3.956698680262957168e+01
-9.201315720776699436e+01
-1.633592536682129293e+01
-4.754289081697677943e+00
1.160317869999720308e+00
1.305347356320768526e+01
1.051512665875141295e+01
-4.828949558273644804e+00
-3.849489093185504629e+01
-2.801406960376140276e+01
2.941501677365707224e+01
4.709276448098643897e+01
3.497625866538560047e+01
1.085406428528783174e+01
-4.197474333976624905e+01
-5.176498592197640392e+01
-1.520500622187837259e+01
8.652290441269258281e+00
3.499041822031930593e+01
2.961474684021004578e+01
-1.876067585141534266e+01
-2.406687503776181103e+01
7.217404579119519603e+00
1.130176007023356988e+01
1.568565442429611601e+00
-6.894257645811999735e-01
-3.854359382904994025e+00
-3.418156830299558635e+00
2.895812001587716900e+00
3.565023043242630862e+00
-4.181190966406259646e-01
-3.611666130234896688e+00
-8.019524830883000277e+00
-8.642668263495917103e+00
-4.536034810659344885e+00
2.087754619653788613e+00
1.285117559974421475e+01
2.703971134247213470e+00
-3.058465580836266540e+01
1.347669496889443863e+01
1.370015945800160182e+02
1.004452830246360833e+02
-9.153461778983547958e+01
-1.812439169107305474e+02
-2.066528523776679265e+02
-9.458459887404231381e+01
2.133955075039012286e+02
2.871889894195225565e+02
1.346490810056335192e+02
-4.361118655946018663e+00
-2.187290714921669519e+02
-2.229652218093928013e+02
2.932016629608936853e+01
1.032401337125591425e+02
5.654692015097518976e+01
2.884777631189002989e+01
-5.250355921714731267e+01
-5.615469624565891138e+01
3.183141517850308588e+01
4.796010939522174255e+01
1.688493282918102878e+01
-1.666267124252078347e+00
-3.274252530353182777e+01
-3.381861645292448770e+01
3.098142572204868994e+00
1.249449817346110336e+01
2.971644412481233122e+00
1.418977108160947864e+01
3.711247710985912818e+01
2.271852633581867309e+01
-2.766199079655731907e+01
-5.090991311500486916e+01
-5.394737081469424567e+01
-2.218821916914236070e+01
5.970196609474967886e+01
7.293057048867478898e+01
1.779225064050954330e+01
-1.402785688622092053e+01
-4.556832437836338556e+01
-3.566536782628703151e+01
3.253122620697509149e+01
3.648068018916323751e+01
-1.632372131396968129e+01
-2.870647597949620078e+01
-2.001792545020455094e+01
-1.055054759736396441e+01
1.419608406361421693e+01
3.100197148018399318e+01
3.916018182299126948e+01
1.524833501165852390e+01
-4.939931180903188590e+01
-4.246636842024104652e+01
3.605768801366847498e+01
4.508572004539758638e+01
1.233986835848968955e+00
-3.212649618765606618e+01
-7.860373141393365870e+01
-4.602955858037572057e+01
8.017344523396558031e+01
7.907809842275503343e+01
-3.895307836230063003e+01
-5.732922497446563881e+01
-9.197762012177081559e+00
4.979819461646638956e+01
1.563075568792420995e+02
1.076722546052694440e+02
-1.132113047040125764e+02
-2.134253104181649690e+02
-2.277814890707778090e+02
-9.639442781050753695e+01
2.484913361284382347e+02
3.197212736440564527e+02
1.210056349349976585e+02
-2.382412483754779942e+01
-2.129642585061343709e+02
-2.225733056269664871e+02
5.466145053504911644e+00
8.475337708834879891e+01
6.698506067841016431e+01
5.270562173051914812e+01
-2.405440582152656148e+01
-4.513097953855017153e+01
-5.381425269697698077e+00
2.873067633046187908e+01
8.343539952685139838e+01
6.250985700280703128e+01
-4.741255880401055123e+01
-1.196708049160774152e+02
-1.746574777975785366e+02
-8.638686986449538097e+01
1.814217232430800948e+02
2.271456644578855162e+02
6.456801285744197116e+01
-3.294877877891962470e+01
-1.404869661334983562e+02
-1.328209709047038984e+02
3.749352621305391153e+01
7.564248038731103918e+01
1.004077066448127908e+01
3.146337483710609284e+00
7.304852967959249099e+00
2.977755419440977214e-01
-4.259281773126345483e-01
-1.157619860420001956e+01
-3.335092945273881071e+01
-1.976944945456837033e+01
2.989981655973544150e+01
2.932934872394104886e+01
-1.705013050908891614e+01
-3.043269743095580537e+01
-2.438129593319117561e+01
2.471323048256963872e+01
1.338730426314604927e+02
8.566439336188784637e+01
-1.265811661282952088e+02
-1.507560944054733341e+02
-1.467901315880432911e+01
3.799402383642832604e+01
6.485957627735579933e+01
5.573014784495307339e+01
-2.727620730745084288e+01
-4.260124808464579615e+01
2.509958755731446445e+00
1.379496595351326249e+01
1.541694132585059940e+01
1.046897216795745855e+01
-1.374559751593156598e+01
-1.743244787301801324e+01
-1.756964740804882963e+00
6.074534018232297328e+00
1.318463223502825343e+01
-1.917531479858407994e+00
-4.507318449324466769e+01
-3.371144753925275950e+01
3.162977118120261011e+01
5.948555058159582387e+01
6.304635882862939411e+01
2.839893728926873706e+01
-6.406805624479449079e+01
-9.493803356220561795e+01
-6.640344495299089544e+01
-1.424238650055070465e+01
8.923436741769609171e+01
1.116273497613182712e+02
4.495553260862978817e+01
-2.588230023469983099e+00
-6.031484602482514390e+01
-1.025382683102670285e+02
-1.133251306862062933e+02
-5.009048935267291114e+01
1.064989905362815961e+02
1.688723988186161478e+02
1.414372607831055859e+02
4.359025479374187029e+01
-1.719268001181425234e+02
-2.006265763829188131e+02
-3.247255830462782455e+01
5.188433033953205609e+01
1.125869321097492985e+02
8.525008946107422503e+01
-8.077899131832887747e+01
-8.871541592745407456e+01
4.779174819374234318e+01
6.443879497325958994e+01
7.224042743489028418e+00
-6.962470614956597359e+00
-1.468199795434725274e+01
-3.123727094880482014e+01
-4.412440720696361751e+01
-2.117657695327530831e+01
4.207073554443513785e+01
5.489473951763774551e+01
2.010901280569225236e+01
-9.089235762374441308e+00
-5.088339673770418869e+01
-2.903828886482656912e+01
6.898626782396461010e+01
5.802497039009596591e+01
-5.326396326088957522e+01
-7.110159562495167052e+01
-2.200951904400836412e+01
2.251391171286580839e+00
3.190880744113656320e+01
5.195139220936714963e+01
5.109331894417054798e+01
1.936112290872205577e+01
-5.353219707643258118e+01
-7.504110210075019438e+01
-4.482581247222339016e+01
-2.644476135942878781e+00
7.311193885703961826e+01
7.770960018956857596e+01
1.546551086134433817e+00
-2.335754271376709568e+01
-1.729849447803523788e+01
-4.920191821066173077e+01
-1.011168932134049641e+02
-6.427957689415022458e+01
6.245978466722379352e+01
1.503374005366341635e+02
2.181147743803356320e+02
1.052452842757896576e+02
-2.301917387399731467e+02
-2.793593933199996968e+02
-5.799917677028363272e+01
5.410154735527326153e+01
1.497930034878474430e+02
1.276549936170674329e+02
-7.714015251524038774e+01
-1.126505495610552856e+02
-3.824779119557958573e+00
5.811742135724025360e+01
1.350850026536458586e+02
8.443566495032678176e+01
-1.280340539747882360e+02
-1.501724918225781948e+02
-2.436448355168882252e+00
5.289358478911577066e+01
7.444158905333958387e+01
1.565247165949572405e+01
-1.694030067304743454e+02
-1.386094733311534526e+02
1.066796000817294328e+02
2.015408568185247020e+02
2.015714245662472308e+02
8.289064325956060486e+01
-2.277598629466913565e+02
-2.779083617987014918e+02
-6.690960747678738585e+01
5.187849670997120910e+01
1.661072606159075065e+02
1.465969839535434289e+02
-6.912896482022563305e+01
-1.034646361844842772e+02
1.459167673659989006e+01
3.005829529957837565e+01
3.284335299724942203e+00
-2.019763212550689246e-01
-1.215294929579022387e+01
-1.237272598888130659e+01
4.280254805475804503e+00
4.576673965917366971e+00
-7.762326124993142784e+00
2.295545903735831672e+00
3.138637082046835403e+01
1.937566308148331728e+01
-3.183888464718546984e+01
-3.454016195077162621e+01
4.346378452884793298e+00
1.182821984818443184e+01
1.154915701008948137e+00
3.059333033502348975e+00
7.451350901934253201e+00
1.816842333842331625e+00
-1.164973333662002197e+01
4.210603136239297051e+00
5.049694772295733003e+01
3.757948630356217024e+01
-3.260787261905984735e+01
-8.143512534964528982e+01
-1.248175038599276121e+02
-6.900704568654076354e+01
1.087320733700856863e+02
1.933785780448491494e+02
2.013532726390345715e+02
8.587228887991972215e+01
-2.078328225413347639e+02
-3.076624661011900344e+02
-2.189306615422899824e+02
-5.876161040948591108e+01
2.597003485792857873e+02
3.477298636239260645e+02
1.817261446678512016e+02
7.157817719671262680e+00
-2.693025898725173306e+02
-3.016888195405016972e+02
-3.979168111928292717e+01
8.129766751232658351e+01
1.382625212272444344e+02
1.314138849308367867e+02
-1.531709787373944742e+01
-6.542855980394209325e+01
-3.434684044697625893e+01
-2.591084526923393838e+01
3.288263993771359139e+00
1.435175503199358182e+01
-1.827658595794251273e+00
8.334634553760146503e+00
3.623655037990192795e+01
2.050085483858638469e+01
-3.547199072666401065e+01
-3.576694257026638724e+01
1.380161093953197948e+01
2.209389877084040421e+01
3.495805110326959841e+00
-2.009695538614003496e+01
-6.407950638005236499e+01
-4.748390154318041567e+01
3.605231863064725673e+01
9.373250271617864371e+01
1.416560689051451618e+02
7.157264739245877649e+01
-1.442367392464991269e+02
-1.870362894864971111e+02
-6.947624108455035241e+01
1.342121628111118348e+01
1.225726712684212742e+02
1.301163379431680482e+02
2.302399402345722379e+00
-4.621602839335863422e+01
-4.568618066535292144e+01
-4.261420007798092513e+01
-3.297863544772117184e-01
1.692332381532086316e+01
8.999410418415834556e+00
1.247067978157288515e+01
1.466979813450266157e+01
2.589116702099358847e+00
-2.207444796105614770e+01
-1.023302491016270466e+01
3.989947421681362272e+01
3.632181796498765181e+01
-1.555838860147576241e+01
-5.177205284452114142e+01
-8.839645157166151535e+01
-4.648656934063895108e+01
9.112126225078722541e+01
1.150490993103274917e+02
3.495747248506341265e+01
-9.163351106223707632e+00
-5.538452507982592721e+01
-6.803955172101747451e+01
-2.542584504148869584e+01
1.304188821163666390e+01
6.188727764918778007e+01
3.317803282860149494e+01
-8.953503549820931084e+01
-8.060842524307224721e+01
4.978454750942303519e+01
9.366431537354947068e+01
8.641051858806706321e+01
3.103213665086669693e+01
-1.108381453017764926e+02
-1.146744233487633693e+02
2.322413661264799600e+01
5.669288691386744006e+01
2.377192078860773705e+01
4.214314145300980918e+00
-4.101221303120816231e+01
-3.516096250309599469e+01
3.154568391096443492e+01
4.304395445661746322e+01
1.271376023783328435e+01
-6.525322842920354915e+00
-3.372864245438663744e+01
-3.142780794828191659e+01
8.837842341405375279e+00
1.245594552776568520e+01
-1.378590808539531665e+01
1.710657898239640318e+01
9.740190226477189128e+01
6.605574162992760989e+01
-7.318335374617088007e+01
-1.230728521104236250e+02
-1.067388635866015534e+02
-3.750296780653769702e+01
1.256194448008969431e+02
1.518709300878421118e+02
3.607051296516213057e+01
-3.042543547933019354e+01
-9.377169742043977863e+01
-8.090561098999202727e+01
4.285186775450299734e+01
5.984843090692395151e+01
-1.415244050248912622e+01
-1.315226944411947230e+01
2.941836975542942056e+01
2.230837633536348008e+01
-1.561464271837796680e+01
-4.440716143340227973e+01
-7.635214257110041558e+01
-4.620663952533870855e+01
5.782099756553169811e+01
1.108952434277218657e+02
1.246427486277776211e+02
5.233744302945044780e+01
-1.387025341793265909e+02
-1.702652580292981384e+02
-4.493634149876020700e+01
2.593804485409574312e+01
9.572964400837531684e+01
9.213540206750215589e+01
-2.129857557614836239e+01
-5.040509883765935939e+01
-1.383203290458258650e+01
1.073258016385215896e+01
5.748943136755841721e+01
5.018242813765060362e+01
-2.219939091698212152e+01
-8.376480132276164170e+01
-1.528166736332340747e+02
-8.309559724947064296e+01
1.508132467248235287e+02
1.920497752002929417e+02
5.859502520328248210e+01
-2.434439117979002987e+01
-1.223466330623710832e+02
-1.128185971744228056e+02
4.350762712219624007e+01
7.345460126958282387e+01
2.699177183952690129e+00
-1.783328676128272150e+01
-3.284772480019309882e+01
-2.281480704936468484e+01
3.233018597530541172e+01
4.613789861283556348e+01
2.457968513406971667e+01
6.245924882060549521e+00
-2.483197574959188358e+01
-4.849711440836709642e+01
-6.067375665929066031e+01
-2.798933474042533120e+01
6.023996509874777416e+01
7.950850914457156193e+01
3.265042552499293294e+01
-4.620120247001296754e+00
-5.735504740796809386e+01
-4.452556008030202861e+01
4.930684025369070156e+01
5.861253431501768318e+01
-3.246338723808455118e+00
-6.050909242045310066e+01
-1.435165563917114753e+02
-8.438528472005597791e+01
1.387442088990599700e+02
1.906028508093077392e+02
9.488323510671335725e+01
9.622894869587344857e+00
-1.285148368674602182e+02
-1.847348179997564444e+02
-1.358287758530422877e+02
-4.051387805810433917e+01
1.433307541356459183e+02
2.260751252137417282e+02
1.968068569568375779e+02
6.298299962036640665e+01
-2.321508665880050444e+02
-2.811373458619478356e+02
-7.281367234713343350e+01
5.036432850571182485e+01
1.712906861113974628e+02
1.489867917326742486e+02
-7.940729268368654914e+01
-1.165287317222697396e+02
6.907967641109300949e+00
4.678324146514871984e+01
6.911427173538230306e+01
3.999238068695793658e+01
-7.636681014419882274e+01
-8.519484409489292887e+01
6.664503582892014499e+00
3.253315006087525063e+01
2.438376560642703694e+01
1.691616233039102113e+01
-1.517014778198464597e+01
-1.767873737961463121e+01
1.175142270077997608e+01
9.450353981857853469e+00
-1.573798320586833910e+01
-1.123263302177161904e+01
1.565683074317379919e+01
1.483836992254850351e+01
-7.844793512486312181e+00
-7.770977579615021114e+00
8.586524393428030422e+00
2.231719154249915071e+00
-2.174556512356325300e+01
-1.434473598452148124e+01
2.113547772338714736e+01
2.300591855354409176e+01
-2.974208446787519389e+00
-9.399813793435338738e+00
-5.576831305422829566e+00
-4.628412822821899475e+00
3.603879016919613876e-01
-1.252962501944910434e+00
-1.073230161309045272e+01
-1.392186895349732279e+00
2.612369755336056798e+01
1.232036216722846333e+01
-4.185980216833509360e+01
-1.680265857259687579e+01
8.360936872248251461e+01
6.402400171482739211e+01
-6.425765685455984055e+01
-8.854363804193178566e+01
-3.551674971328075259e+01
2.538784988877935689e+00
6.113595416665472015e+01
6.285440099810252690e+01
-7.155502522863048220e+00
-2.636671362788138850e+01
-1.073761139941640508e+01
-9.089357819597324806e+00
-1.834178406990206289e+00
7.430032723253979121e+00
1.506457526971110994e+01
9.491626237005087452e-01
-3.917150384532641283e+01
-2.649528392908898056e+01
3.884624851689843439e+01
4.454874762293405865e+01
9.043287298476224700e-01
-1.162970339910740414e+01
-1.043568854387982014e+01
-2.333612350863889162e+01
-4.004788556425791768e+01
-2.305909964823665348e+01
2.874584103613249297e+01
6.198136048064078096e+01
8.279260680289060303e+01
3.885123442365991764e+01
-8.666011560866409980e+01
-1.144504843817838093e+02
-5.006442524293738217e+01
1.961548098568958398e+00
7.726482162924554586e+01
9.216056644340584114e+01
2.875800089588539876e+01
-1.140748525096204702e+01
-4.994238033754749750e+01
-6.149635075320460231e+01
-2.810133705815844962e+01
4.822196470632418297e+00
4.896966729621319558e+01
5.145184000958462178e+01
1.570427682004232217e+00
-1.665847035508983254e+01
-1.499843047536206520e+01
-2.579098917584076744e+01
-3.598008992263666528e+01
-1.863553867020801746e+01
2.684038787885167210e+01
5.791133866717773060e+01
7.870072495648476263e+01
3.690811114394524139e+01
-8.241211284436566586e+01
-1.072416174835835392e+02
-4.289118333407487427e+01
3.096244518881575036e+00
6.422633975411132212e+01
7.687630228209258121e+01
2.317132080064791921e+01
-1.620975491532417223e+01
-5.947703590875029533e+01
-4.185172605950587155e+01
5.477529495973370643e+01
5.371660629567889345e+01
-3.553822529652845930e+01
-4.496225799512310317e+01
-6.174158936360335526e-01
9.900006538626886510e+00
1.031725643844804807e+01
6.495500253845430727e+00
-1.321976737093125642e+01
-1.828927491751806400e+01
-9.479625695793494344e+00
2.275051923761946426e+01
8.698339240998815569e+01
5.427808737884814860e+01
-8.109941655242926117e+01
-1.030788515795441782e+02
-2.849358378899332322e+01
1.439145948451623624e+01
6.316797132975674600e+01
6.379427150814538550e+01
-4.635295649081951908e+00
-2.306367125624632664e+01
-4.601513559919204965e+00
-2.226435370649731738e+01
-5.858335579838593077e+01
-3.128778341996975598e+01
5.695252684283556732e+01
7.252455406400069648e+01
2.405249524677662976e+01
-4.854900545339652318e+00
-3.830571969894230477e+01
-4.313238717101945952e+01
-5.801898894506281046e+00
1.678318223753715088e+01
3.468644885563879399e+01
8.763201277573887893e+00
-7.462823045083824525e+01
-5.764001431111304186e+01
5.766868906769676784e+01
8.203979690274698555e+01
3.850424891227858382e+01
3.896581272357132697e+00
-5.396538158194473311e+01
-6.336981412749541676e+01
-1.266026471347785431e+01
1.652636419388928957e+01
4.108679144888415635e+01
2.505778374355955407e+01
-4.800782592243547953e+01
-4.576213650795080667e+01
2.671835292988863131e+01
4.754575794058752081e+01
3.767685774639579677e+01
1.344948204563763205e+01
-4.595411826046256465e+01
-4.945588902439139645e+01
5.996542101257852586e+00
2.265306200126967084e+01
1.680419411620015069e+01
-4.403885809336921753e+00
-5.824610026444577215e+01
-4.694875852809525441e+01
3.245522316648447259e+01
7.637454605648956374e+01
1.024925216292678556e+02
4.906054484029309037e+01
-1.091371471123033103e+02
-1.339502815281338144e+02
-3.176866585314198943e+01
2.284889348902751038e+01
7.398777559106612500e+01
6.771652791593059817e+01
-2.567152389123241107e+01
-4.712624615178142307e+01
-1.033160667103700803e+01
1.182648193726894625e+01
4.732584582782727267e+01
3.340358188439130060e+01
-4.153503458240579960e+01
-5.028050632970499123e+01
-2.684613199214848756e+00
1.793041038563166012e+01
3.254814396619339334e+01
1.220667276156270553e+01
-5.795215583926040637e+01
-4.617291655740555001e+01
4.546668867805846048e+01
5.149397850472852411e+01
-1.000343699854573565e+01
-2.631188039374388055e+01
-2.206322557394171469e+01
1.099959612900625672e+01
9.215288288461987065e+01
6.595929112986732434e+01
-7.140168413690346938e+01
-1.129954512226506722e+02
-8.245094473167324622e+01
-2.525934983672396328e+01
9.833862784849318928e+01
1.209308275575371852e+02
3.410338230999764875e+01
-1.863685679918410898e+01
-7.248681753791663596e+01
-5.493749882939059148e+01
6.130101041667746387e+01
7.265996443891124557e+01
-7.513149724546601682e+00
-7.713197342850870086e+01
-1.739697171498855255e+02
-1.064206504779678397e+02
1.529674261836278220e+02
2.293708441152666069e+02
1.519182887455094146e+02
3.569466954638090073e+01
-1.948045870031493791e+02
-2.377748730473479668e+02
-7.156540481454925384e+01
3.336411946732458489e+01
1.427770691201423006e+02
1.461803497272431684e+02
-5.223923460576152422e+00
-5.841384986858346906e+01
-4.317075837209636546e+01
-3.414055326497235399e+01
1.279558509502477825e+01
2.868167494905292614e+01
9.256697459995606891e+00
-1.028126883359148991e+01
-4.606835092607567361e+01
-3.379201972326159620e+01
3.364988444325432226e+01
5.710081308703949077e+01
4.771757401252708064e+01
1.392870424486997472e+01
-6.454519631405382540e+01
-6.913949456860497378e+01
3.663236024085807951e+00
2.434913457914340995e+01
1.394569149660086538e+01
2.160150897310017726e+01
2.817086794544369610e+01
9.683232850606064090e+00
-3.248313297059977600e+01
-4.640182229009015202e+01
-3.355198763428813180e+01
-1.073645744857183359e+01
3.411260178827394896e+01
6.782268197316389546e+01
8.907678035073112710e+01
4.482992711262384233e+01
-7.988658257862330458e+01
-1.373375139360707635e+02
-1.358055909589113526e+02
-5.408761193228990294e+01
1.460609439895148114e+02
2.007880868600324220e+02
1.103187347817999040e+02
1.234069609273981172e+01
-1.511586933939034907e+02
-1.797352899734854361e+02
-4.717942166916392921e+01
3.455163540542297795e+01
1.121922310044138129e+02
9.919608097909581090e+01
-4.498928344536857793e+01
-7.128643360526805850e+01
6.673054943842016140e-01
1.708167153953204220e+01
1.898643459651102106e+01
5.360532446730788436e+00
-4.457819946704483272e+01
-3.076284781423082038e+01
4.685459477184761568e+01
3.633041658665902673e+01
-5.081144673561398406e+01
-4.847518981116024861e+00
1.597280528030448750e+02
1.289245582314352987e+02
-7.843710832631323626e+01
-2.088053277664543543e+02
-3.141625312327571464e+02
-1.561106831471851137e+02
3.322882744368463364e+02
4.040270148276963482e+02
8.492752653825949949e+01
-7.636006599855137722e+01
-2.152675328612919259e+02
-2.030481951036497037e+02
5.152217838768208225e+01
1.164435474927098113e+02
2.919157453876968233e+01
6.373380290564838901e+00
-2.542313474275373508e+01
-2.852107761122427476e+01
2.162152876272485358e+01
1.374789579628364855e+01
-4.239642879087431027e+01
-3.459075300658388130e+01
2.416938266970719695e+01
5.861801358014353980e+01
8.554873847359039019e+01
4.689098739154854911e+01
-7.548220646878829143e+01
-1.286674324367490669e+02
-1.227944820811466684e+02
-4.675318963104739822e+01
1.369142408080229245e+02
1.893403986357029680e+02
1.099547684621137904e+02
1.682239111674158138e+01
-1.435649926764353097e+02
-1.941710904686960646e+02
-1.141720208436361190e+02
-2.052411730298546644e+01
1.338496537446256696e+02
1.930994580771185554e+02
1.361571380633261015e+02
2.177253095463501609e+01
-1.976100440768877604e+02
-2.020965673494345651e+02
2.964157909138600999e+01
8.994737002597302933e+01
3.664249905266751028e+01
3.418995542623564887e+01
1.903312131819901509e+01
-3.370436646524427093e+00
-1.987700467681530725e+01
-3.983800603932930073e+01
-5.811118144192252544e+01
-2.835801692133081175e+01
5.510331583728810756e+01
7.227163772338967362e+01
2.728099070265640691e+01
-6.967083866493178235e+00
-5.403816084248327911e+01
-3.077047189246598791e+01
7.861193561818986097e+01
7.420845287048661021e+01
-3.329700382642890588e+01
-1.051721586976122467e+02
-1.764371929057829504e+02
-1.013684635528312157e+02
1.544989441138703796e+02
2.403612726019551360e+02
1.790651067399473675e+02
4.856168769504437677e+01
-2.269928448876296443e+02
-2.601462593636775864e+02
-3.133915524288802601e+01
7.497668085788839676e+01
1.356671745887297220e+02
1.023318038459288744e+02
-9.320170444181675862e+01
-1.085994231361450630e+02
4.244279027593674414e+01
5.689630901685967501e+01
-1.127191804462681723e+01
-2.917650714193094430e+01
-3.806112367995122980e+01
1.790630451365073128e+01
1.607381548584843642e+02
1.115456378553819832e+02
-1.320464704662329325e+02
-1.829723971389011581e+02
-8.002695141140051760e+01
6.576376917738613770e+00
1.457451213689917040e+02
1.353509738542851721e+02
-5.568071816298483157e+01
-8.419309640031801223e+01
1.383775889658328140e+01
1.496936162168028517e+01
-2.940904531303992187e+01
-1.993378634319212495e+01
1.854864107429009934e+01
2.903110061131556208e+01
2.173380163037195345e+01
4.311382268583997757e+00
-3.376619663045890718e+01
-2.790830966703647320e+01
2.514688246870210619e+01
2.762480569414411136e+01
-1.102979277255677992e+01
-2.231314279444551474e+01
-2.108614198885492996e+01
-9.129285101282897941e+00
2.456439434470366834e+01
3.493153759827305294e+01
2.242789142303360350e+01
6.554223958258314831e+00
-2.256685471486583339e+01
-4.106962773671040878e+01
-4.663544145897522242e+01
-2.330670031020450850e+01
3.812713102018210520e+01
5.857336504160812041e+01
3.973046685033511238e+01
-1.345953702030102672e+00
-8.371208168460249510e+01
-4.444287753837291888e+01
1.272296481082513395e+02
1.050990475851071437e+02
-9.340800755864839289e+01
-1.246354796523591517e+02
-3.435371907280926251e+01
1.347555658071335927e+01
7.314924183281107162e+01
6.448154741674841262e+01
-3.794916531986202557e+01
-5.348776727423027921e+01
1.948713094133001089e+00
3.124884285610459855e+01
6.488569121397446793e+01
4.125453124290621076e+01
-5.660071269378086356e+01
-8.525747827481247043e+01
-5.551654317843495789e+01
-9.699194220318410942e+00
8.116215114920647977e+01
9.154376885600817104e+01
1.266856109697022426e+01
-1.757431298334061864e+01
-2.390403209208610491e+01
-5.314461722794772669e+01
-8.590727064795592582e+01
-4.190391788969814968e+01
8.390543575724790060e+01
