4.662431576300702574e+01
4.744295331726158338e+01
4.718613154727439962e+01
4.573974813433289910e+01
4.420104540386317638e+01
4.222294657749922209e+01
4.018273744730711172e+01
3.822408935893108151e+01
3.590767707786826435e+01
3.336017263881799977e+01
3.060290639620673048e+01
2.759359388602826257e+01
2.443185318585248922e+01
2.111563702057773284e+01
1.694224066088518654e+01
1.186418727187471234e+01
6.213673190737235785e+00
-1.995540214443365934e-01
-6.958059155114897365e+00
-1.403630687738863791e+01
-2.180855146941822298e+01
-3.019031461105409875e+01
-3.711346653684815777e+01
-4.242084261829509018e+01
-4.703054746806341768e+01
-5.036296345504600680e+01
-5.370741246370434396e+01
-5.711654617798365763e+01
-5.942642569146192955e+01
-6.088256991522305839e+01
-6.284214993386817127e+01
-6.526055199524297734e+01
-6.762977653835865510e+01
-7.026438963630111800e+01
-7.203220731701354396e+01
-7.285143388891226834e+01
-7.353024158259877652e+01
-7.380179188956007863e+01
-7.230848089007602653e+01
-6.898150157266874771e+01
-6.424935217062626691e+01
-5.772349360370090920e+01
-5.035127183631649928e+01
-4.212573145753661663e+01
-3.220839824399192253e+01
-2.075708064952542742e+01
-8.433328973868666978e+00
4.840468443018523637e+00
1.931262124384207723e+01
3.485997297875817935e+01
5.215550791554449006e+01
7.127153660122249335e+01
9.180245573992939967e+01
1.139310223978111623e+02
1.285152455224015569e+02
1.346078178446873892e+02
1.366466522453396237e+02
1.319901950700136695e+02
1.258270563283380312e+02
1.183870454043983216e+02
1.046793412661808844e+02
8.565641415403098335e+01
6.808486120918037443e+01
5.181387442662322940e+01
3.410890315822832974e+01
1.654590262065038786e+01
-6.318235331808679689e+00
-3.491958114440705430e+01
-6.532932934804969705e+01
-9.884736678589341352e+01
-1.218483622625560372e+02
-1.325883128716799888e+02
-1.384476401291316847e+02
-1.354260409785558750e+02
-1.305151323769174780e+02
-1.241447886849668407e+02
-1.091965626061091541e+02
-8.696169364761432519e+01
-6.880222014182260182e+01
-5.464546386839501224e+01
-3.973386250946165887e+01
-2.678538630594139036e+01
-7.090511252622585303e+00
2.003605840167860208e+01
4.810617117955524691e+01
7.916288394208142165e+01
1.007072809860435854e+02
1.108281226512615234e+02
1.169138908487525583e+02
1.152201421980713576e+02
1.114974074301961338e+02
1.061883091986709644e+02
9.301608264265490789e+01
7.302922634583025285e+01
5.776693119993261405e+01
4.727318691993906441e+01
3.655142805442218901e+01
2.840013036323398765e+01
1.426644312356806665e+01
-6.534617763563125514e+00
-2.750809862474158507e+01
-5.064849141065212734e+01
-6.668206748325970068e+01
-7.399993835568231759e+01
-7.842674473005385494e+01
-7.713270589371187214e+01
-7.399622200619079138e+01
-6.936375935288901928e+01
-5.871336197263507728e+01
-4.273581355880391186e+01
-3.066852480228451938e+01
-2.260275701206104060e+01
-1.443836730537397273e+01
-8.430415898366897309e+00
2.125464440528905374e+00
1.778008637920216017e+01
3.338735572233876070e+01
5.051014447892456616e+01
6.199853138123341978e+01
6.658856826637243387e+01
6.878443044993476008e+01
6.639352403609252917e+01
6.237227094356693868e+01
5.698081137680867414e+01
4.673366376022079294e+01
3.214954171245677372e+01
2.042610412222957095e+01
1.163352446263914075e+01
2.558251689309212207e+00
-5.045968716481556093e+00
-1.640234929654357998e+01
-3.194723388220609195e+01
-4.767785100091928996e+01
-6.481671912751913567e+01
-7.595561367960239352e+01
-7.992558973748101891e+01
-8.110263940927080739e+01
-7.724698700298060317e+01
-7.172325728917175525e+01
-6.477508265326494552e+01
-5.267214836973560921e+01
-3.601097870421376257e+01
-2.172942943579819897e+01
-9.845817391748372671e+00
2.680721071070796047e+00
1.417759769897610411e+01
2.979915882137337491e+01
4.997485234816372923e+01
7.081206969091911674e+01
9.352513563627060478e+01
1.078947470493556153e+02
1.124885468005205382e+02
1.130012659121101137e+02
1.063890894907258513e+02
9.766468908158661577e+01
8.714086266620992660e+01
6.953621297012833224e+01
4.575273570459282269e+01
2.470454330097223661e+01
6.355329839489878729e+00
-1.311604530529312029e+01
-3.157960510369581542e+01
-5.580566855525309222e+01
-8.635071819046510200e+01
-1.181651107508672851e+02
-1.528491486306930085e+02
-1.755652915881979936e+02
-1.843069792105331146e+02
-1.872288685876502825e+02
-1.799341137804381106e+02
-1.698415267139090474e+02
-1.574040697737214884e+02
-1.349111531897152076e+02
-1.037079219831319250e+02
-7.648511664855632830e+01
-5.317239501856393957e+01
-2.837379319980752967e+01
-5.118395584885309546e+00
2.628163241223011326e+01
6.661396133358046256e+01
1.086676594287434341e+02
1.547301096016790041e+02
1.864901927514484328e+02
2.013795568969669034e+02
2.096995316966205394e+02
2.060102722285328412e+02
1.992564915816001871e+02
1.900301633052172861e+02
1.689147472712440674e+02
1.375394716282474690e+02
1.119493792320058816e+02
9.210888701741797036e+01
7.116457550206948213e+01
5.297007467566911032e+01
2.539983238541779897e+01
-1.252203477312848889e+01
-5.170324166233086061e+01
-9.499128922723687651e+01
-1.252985791564580182e+02
-1.399826473080840685e+02
-1.491825829698034909e+02
-1.477688241008240766e+02
-1.435575003987503635e+02
-1.371524274179922145e+02
-1.199817041942496303e+02
-9.346569241274916351e+01
-7.350430001155667981e+01
-6.016554642276523168e+01
-4.654651401028554147e+01
-3.650447337314161445e+01
-1.827223976120018634e+01
9.096236742277675091e+00
3.665961200953046983e+01
6.716313464697789470e+01
8.828351241065887223e+01
9.785136252818364255e+01
1.036779665192492388e+02
1.019967774836786418e+02
9.789504672342127378e+01
9.184133841505921225e+01
7.785482949683799347e+01
5.684205278048938936e+01
4.120853054759415812e+01
3.109073219316067949e+01
2.097170552957191347e+01
1.388578583335903005e+01
8.612863302328088722e-01
-1.883720696144660778e+01
-3.830584605386596309e+01
-5.963252918639424394e+01
-7.424270299621254310e+01
-8.054024748679213985e+01
-8.408151751981182542e+01
-8.221697959112002252e+01
-7.832412924568363621e+01
-7.272594484757006228e+01
-6.130481863222890837e+01
-4.464742822884560525e+01
-3.167466694660740245e+01
-2.249827579134151279e+01
-1.309973976002888207e+01
-5.660554858401061651e+00
6.231548378512399289e+00
2.311541474966738718e+01
4.005006271723356548e+01
5.853403293598309887e+01
7.081688263152665286e+01
7.559319264654254766e+01
7.760103829759614769e+01
7.447670216926333353e+01
6.957080318395713903e+01
6.315021579338618096e+01
5.137519654221190990e+01
3.483462848187586758e+01
2.109565976639030538e+01
1.020737180033864533e+01
-1.184964292765615212e+00
-1.124720764530569106e+01
-2.553044841210293114e+01
-4.449953107257585572e+01
-6.393053484166095757e+01
-8.512781849702273007e+01
-9.952949019479575554e+01
-1.058337591361857477e+02
-1.090234282409204809e+02
-1.065253047443151360e+02
-1.023255998352322536e+02
-9.670601033884967990e+01
-8.532592359375847479e+01
-6.889991851701137193e+01
-5.528941597545432529e+01
-4.450554589150673479e+01
-3.313179301814418665e+01
-2.306268828013710959e+01
-8.430481010617405957e+00
1.124691656167077625e+01
3.154448968836893386e+01
5.384185254466969184e+01
7.037199112880017537e+01
7.990219222476635252e+01
8.710452123178797024e+01
8.963981007102348997e+01
9.099939124953611724e+01
9.146343753067533555e+01
8.715874333413425745e+01
7.871896443287880629e+01
7.350502463543155329e+01
7.156153144680843070e+01
6.967897940884773789e+01
6.964807090589360428e+01
6.605154082484318678e+01
5.845410865780058174e+01
5.098717301642561495e+01
4.238928424379308524e+01
3.484764097516105608e+01
2.900773554458524828e+01
2.290776248396057824e+01
1.726993317219078250e+01
1.175456974517535969e+01
6.217554007466169708e+00
1.486247928409376140e+00
-2.498520075899666182e+00
-8.952576940126862226e+00
-1.801503963800841746e+01
-2.816105621232695810e+01
-4.021853287447762426e+01
-5.210698406746337241e+01
-6.366276394266361649e+01
-7.661412452825993569e+01
-9.049964248527535915e+01
-9.927677934003322946e+01
-1.025380565535315895e+02
-1.027937509411477635e+02
-9.835227035578377297e+01
-9.309629627007119268e+01
-8.714668769001107762e+01
-7.703633209502434909e+01
-6.348947721094224761e+01
-5.017478374296563715e+01
-3.691515291280208544e+01
-2.235738266256185369e+01
-7.324419167298470867e+00
1.136891102339818538e+01
3.396914754179661600e+01
5.827234919068031616e+01
8.504860617949418611e+01
1.031527137218032237e+02
1.112693036130487201e+02
1.152223003926375640e+02
1.117675416474603054e+02
1.068517934375715726e+02
1.008113873845559567e+02
8.773990505564914599e+01
6.874144724679962337e+01
5.269624129290325243e+01
3.950537758448484027e+01
2.551062418839432411e+01
1.282280572542916453e+01
-5.468658059361819923e+00
-2.990275577848884936e+01
-5.537494769294503527e+01
-8.351016558041202131e+01
-1.022992949286824995e+02
-1.100247402277667277e+02
-1.135362525256941524e+02
-1.092626484772290354e+02
-1.029813306057636879e+02
-9.509417023316891004e+01
-7.946992844597251349e+01
-5.716435504451608551e+01
-3.881167328238610992e+01
-2.440583854471469394e+01
-9.394353318659188545e+00
3.660857223784736547e+00
2.275383532931346053e+01
4.852459468637483297e+01
7.495607111094655295e+01
1.039203023268666755e+02
1.235046654082142368e+02
1.318908987477967969e+02
1.360561450412250224e+02
1.324233758655803399e+02
1.265011324446189889e+02
1.186914108667274661e+02
1.029810496719080390e+02
8.036227593702020044e+01
6.178043993620750740e+01
4.725844698242924835e+01
3.204255533619461005e+01
1.877490923061147399e+01
-6.958460904796228697e-01
-2.703532983723758321e+01
-5.408433447548788564e+01
-8.375534348835843446e+01
-1.048913963425333833e+02
-1.157363536143320175e+02
-1.229451014360277128e+02
-1.231568730915292207e+02
-1.214219215867604333e+02
-1.181308006938057815e+02
-1.076974843571199330e+02
-9.103292971964970093e+01
-7.862078250390186440e+01
-7.050945886253711592e+01
-6.212619220550961785e+01
-5.601294922430555800e+01
-4.442246632747760771e+01
-2.672556309291531917e+01
-8.808534365763565077e+00
1.113957786856139265e+01
2.576509471190347966e+01
3.372039092403032612e+01
3.979844868424896731e+01
4.174288761189580299e+01
4.247443276203506457e+01
4.229039964074743096e+01
3.767417919749271960e+01
2.914952779483271783e+01
2.435215469385270382e+01
2.339317006856902381e+01
2.286260315973019530e+01
2.464053745716832822e+01
2.326592118823235822e+01
1.829672522551352642e+01
1.397100189297506567e+01
9.026249670870861053e+00
5.783029600213702714e+00
4.929592333392198711e+00
4.454312718890194311e+00
5.136051768523171468e+00
6.600700762257035947e+00
8.720887375215003345e+00
1.240565007620832638e+01
1.760671501406882200e+01
2.097384966248009519e+01
2.238401761656840705e+01
2.345191385101560044e+01
2.333081999211690061e+01
2.423002437981386947e+01
2.634166335489940280e+01
2.787145282556496539e+01
2.932556256433741382e+01
2.971588883085084731e+01
2.873452910619013068e+01
2.720440904001674909e+01
2.478051475159887929e+01
2.161378609322798283e+01
1.773984758422075458e+01
1.275279193232503872e+01
6.657659828943760516e+00
8.927989578179482688e-01
-4.503178375653508425e+00
-1.024714441818415622e+01
-1.598683898059010033e+01
-2.269757911839012721e+01
-3.047832533977362246e+01
-3.856502323159383394e+01
-4.719307003980571125e+01
-5.305252503347914939e+01
-5.572700094734753407e+01
-5.694317118811187584e+01
-5.572289605219116737e+01
-5.380413906669755164e+01
-5.127351063738059622e+01
-4.636809224984340716e+01
-3.939873428838452440e+01
-3.308166239316027202e+01
-2.738282031038088959e+01
-2.115571868149113399e+01
-1.503976419963348476e+01
-6.916701206674245483e+00
3.390257564142341806e+00
1.432935810778520569e+01
2.640696035326037006e+01
3.469979074717154077e+01
3.856238307924186159e+01
4.068836767624551243e+01
3.962802847896151803e+01
3.788011097202294053e+01
3.560149985581647059e+01
3.022898096526019529e+01
2.222299471203677257e+01
1.575371408784053173e+01
1.080061719752776739e+01
5.608958949724642373e+00
1.178312169025910405e+00
-5.673466839764304659e+00
-1.519739465779554877e+01
-2.501668688429399978e+01
-3.587722066982751556e+01
-4.236084061627972375e+01
-4.367954544323114163e+01
-4.292939103053862482e+01
-3.849287807087174684e+01
-3.295557919869531105e+01
-2.649404253077301874e+01
-1.634304192375637044e+01
-2.970096503524765730e+00
8.795562531141207785e+00
1.895838941349538231e+01
2.959779193081090298e+01
3.955310473678286343e+01
5.245589913608353072e+01
6.860198079526702486e+01
8.526341548126627856e+01
1.032942406495475751e+02
1.147823548095830262e+02
1.186482185919043104e+02
1.192359467447204509e+02
1.141950670568498794e+02
1.074659509446293271e+02
9.928352293526542383e+01
8.553438497156548692e+01
6.692720404183263838e+01
5.023530525468493124e+01
3.541608311337730441e+01
1.957802105731851583e+01
4.333302832740022481e+00
-1.549678239353293918e+01
-4.033951650221303709e+01
-6.635018771352208944e+01
-9.475643413881860511e+01
-1.152214353165563239e+02
-1.263216776062949691e+02
-1.338283189042219306e+02
-1.346780759178377593e+02
-1.339769666449161036e+02
-1.320581564195323665e+02
-1.235868040563580763e+02
-1.094963304875660270e+02
-9.876693631681150976e+01
-9.137297431816753601e+01
-8.349454546011224920e+01
-7.728783243142487436e+01
-6.594980632728976389e+01
-4.893640254996525130e+01
-3.134459709920571058e+01
-1.157806459989190095e+01
3.391267603745037995e+00
1.235033089210221391e+01
1.976388275675274286e+01
2.351579830872109511e+01
2.649423562245516806e+01
2.898719568346001907e+01
2.763226181022605132e+01
2.296105829729505743e+01
2.201173144431404083e+01
2.488122951673441108e+01
2.846776254258278982e+01
3.450766333868651259e+01
3.794716327717103610e+01
3.839003556079538271e+01
3.976069517702632083e+01
4.089820629668721352e+01
4.207189529459898125e+01
4.373086024938926641e+01
4.490254830651085882e+01
4.576519489703981947e+01
4.706006804530307619e+01
4.871274961496971656e+01
5.052735319076406739e+01
5.265757182861087671e+01
5.337467406246918245e+01
5.252995971123642249e+01
5.106526291157921094e+01
4.851447313872822065e+01
4.580817852558477909e+01
4.303389368757414957e+01
3.932967950604869856e+01
3.489653571839156854e+01
3.093231997291563928e+01
2.743701513777430989e+01
2.397524300559063448e+01
2.084770678235016206e+01
1.714631553953669751e+01
1.282687220185212773e+01
8.595531592575254010e+00
4.258671296774085846e+00
-6.939430131772683641e-01
-6.229050146886450534e+00
-1.223803499831981156e+01
-1.884289520841035070e+01
-2.556567771357014607e+01
-3.239474324474605282e+01
-3.967111684860727649e+01
-4.729469602018899366e+01
-5.336288842080438144e+01
-5.771796804390957902e+01
-6.118078451528816686e+01
-6.320714293961059838e+01
-6.497839357140151151e+01
-6.652894842354481852e+01
-6.677196176347054291e+01
-6.592180311745336496e+01
-6.525719950452746332e+01
-6.472850104649680247e+01
-6.383627423552437108e+01
-6.286963968845250861e+01
-6.074805890870984371e+01
-5.738271289987748958e+01
-5.352888503083047311e+01
-4.892361546346537438e+01
-4.487848472873879757e+01
-4.158647021964723933e+01
-3.822417349470662629e+01
-3.517301326046928267e+01
-3.182748282086058111e+01
-2.812051199220215381e+01
-2.469043835281869192e+01
-2.141227270882354006e+01
-1.703090399761683926e+01
-1.152197506033466645e+01
-5.406713026782963283e+00
1.633226783768436663e+00
8.704551795895165256e+00
1.575167005020330890e+01
2.348643453542343451e+01
3.171427641083534255e+01
3.938524277746881808e+01
4.647757652461729094e+01
5.334974973872459714e+01
5.972254251085971077e+01
6.637737957096990726e+01
7.333508079602431451e+01
7.995832268772623763e+01
8.639990832709791846e+01
9.316559939897219067e+01
1.002166417639820679e+02
1.074052669535188329e+02
1.148431763621235291e+02
1.220500762400900925e+02
1.289969696865222488e+02
1.360077130057482293e+02
1.429694061169347492e+02
1.452629502873796810e+02
1.424380882644012161e+02
1.365651238082159011e+02
1.262984216675278191e+02
1.143484931613993609e+02
1.007873708515749485e+02
8.302048788867014650e+01
6.152090143542852019e+01
3.948373792789094239e+01
1.678260321309402769e+01
-7.887382331882967890e+00
-3.381387275428396322e+01
-6.368337551877029057e+01
-9.773828254291491646e+01
-1.341175700257106769e+02
-1.734893540007775243e+02
-2.012550154052528910e+02
-2.157816400079230732e+02
-2.244383900686765969e+02
-2.229848632165934532e+02
-2.194411476688048594e+02
-2.142079925220377845e+02
-1.994316725429523274e+02
-1.765888166308022278e+02
-1.569658384028577984e+02
-1.403802508173237413e+02
-1.222125309917714588e+02
-1.051195275716750217e+02
-8.018492737921141611e+01
-4.670099123031339872e+01
-1.118169915744263321e+01
2.848701200769384556e+01
5.727436827323509050e+01
7.304280069124935437e+01
8.444570990472365679e+01
8.703225338524975996e+01
8.803938660276674000e+01
8.800454573831942184e+01
7.928612176336952189e+01
6.323100078003677282e+01
5.323377981952521765e+01
4.932080985108767379e+01
4.579459840726648423e+01
4.590601794602608265e+01
3.965002529658112707e+01
2.625259034975293204e+01
1.330151047428720545e+01
-1.522875726448537304e+00
-1.084048154016147336e+01
-1.312008488317298927e+01
-1.353517483656703924e+01
-9.779812621964540043e+00
-4.386911745016473851e+00
2.316018795400229813e+00
1.370171086558457318e+01
2.932553040348812701e+01
4.092547385085718759e+01
4.832931135985038651e+01
5.530411221168822777e+01
5.979950766030543008e+01
6.759114920514380742e+01
7.915376759409468832e+01
8.994683402361602020e+01
1.013008526272367504e+02
1.075552182313516596e+02
1.076332570211851589e+02
1.051489103721860232e+02
9.833217488830074160e+01
8.938987950710085784e+01
7.850471943149395315e+01
6.293338878691586302e+01
4.303582688934107381e+01
2.468323987663374552e+01
7.923505793958374177e+00
-9.928233279922860532e+00
-2.745621444413798073e+01
-4.892728481179540267e+01
-7.472471340533866169e+01
-1.016080184969594882e+02
-1.305949734249612675e+02
-1.501684102121350293e+02
-1.588312316882439745e+02
-1.627436281807989644e+02
-1.584993737896414245e+02
-1.520133192755593257e+02
-1.436121231943447754e+02
-1.272327640374609814e+02
-1.039412916534228088e+02
-8.336950494759989283e+01
-6.542974398337412367e+01
-4.604531287526189232e+01
-2.749962161610354983e+01
-2.358623626618906677e+00
2.998907991955961094e+01
6.405416042307261648e+01
1.016022573107877065e+02
1.277624707514258091e+02
1.404981946387442235e+02
1.481167142734174718e+02
1.462179982155907112e+02
1.421636886951420138e+02
1.364405127831821574e+02
1.213767849753088370e+02
9.832471578726178052e+01
8.018692041599702236e+01
6.693136994153438479e+01
5.308289712165407082e+01
4.174409089045406773e+01
2.314815182725410381e+01
-3.479269287814848788e+00
-3.081048818598832639e+01
-6.113205968335410034e+01
-8.270412144466108373e+01
-9.360084907382737640e+01
-1.010323313247026249e+02
-1.014517384998764413e+02
-9.998418641604519053e+01
-9.706987625939335373e+01
-8.692189771810855348e+01
-7.047130390658463739e+01
-5.905180030397033164e+01
-5.275665082751518753e+01
-4.661975443559698817e+01
-4.340773579653743042e+01
-3.484081156387851053e+01
-2.025475819920175269e+01
-5.994067365140612225e+00
9.864205198001751995e+00
2.150225936860761422e+01
2.766740954053717161e+01
3.250466192075133876e+01
3.418141318687172259e+01
3.461639561139854493e+01
3.406793953735326852e+01
2.989769628583938399e+01
2.243578724046611939e+01
1.837680207266644317e+01
1.786930919642357907e+01
1.783847297111755381e+01
1.994712366087568611e+01
1.953742915714519768e+01
1.622193763523181431e+01
1.366962999092639031e+01
1.080605512947965607e+01
8.370093064788871828e+00
6.837193072405256089e+00
5.079712903509676636e+00
3.410752018087028326e+00
2.239061561155394564e+00
1.490587411017777475e+00
1.261774720881323031e+00
1.649468764584605340e+00
6.500182703496746317e-01
-1.863912435239920784e+00
-4.845693540938106558e+00
-8.818258650178432134e+00
-1.259328029253825676e+01
-1.605871980583690473e+01
-2.024306443948577083e+01
-2.487872793064099142e+01
-2.811182541855124128e+01
-2.988249954252212248e+01
-3.087563994054071514e+01
-3.059484451593944954e+01
-3.034806955554186558e+01
-3.017634980842256098e+01
-2.898735284294946268e+01
-2.703640186984550553e+01
-2.522554191110029009e+01
-2.348847222323415806e+01
-2.154898105604184266e+01
-1.960580492289228971e+01
-1.681583697018351842e+01
-1.312504867572639888e+01
-9.102926623546370166e+00
-4.549726590583285102e+00
-2.814669753128906660e-02
4.360424669097440642e+00
9.036867989141610380e+00
1.383789892411432021e+01
1.896860529338715651e+01
2.447046283972694880e+01
3.010159358993725220e+01
3.591081999264552138e+01
4.251111255185404758e+01
4.992741445344783102e+01
5.790267667447655242e+01
6.659899508066993690e+01
7.561034445128676396e+01
8.491636524272475128e+01
9.486021650599661825e+01
1.053590791491584469e+02
1.110408364843105460e+02
1.114006944660787326e+02
1.088995391797612911e+02
1.019908193624992947e+02
9.384461266411469182e+01
8.457280806833711040e+01
7.118161264851181613e+01
5.424549646633472122e+01
3.750771089608152664e+01
2.084587670997924036e+01
2.765939907292532585e+00
-1.587839261530602464e+01
-3.818676541948821068e+01
-6.441639569567382750e+01
-9.237779808411930560e+01
-1.228232145321343722e+02
-1.441956148623738159e+02
-1.551316110530495109e+02
-1.616312908238175794e+02
-1.603248022096566672e+02
-1.573989825522964168e+02
-1.531904358026958164e+02
-1.415529911171836090e+02
-1.236278413237895535e+02
-1.086131422897860546e+02
-9.639656959933167002e+01
-8.317997016895628803e+01
-7.114307546494779899e+01
-5.310672557567818330e+01
-2.850368852352927718e+01
-2.620449912530440351e+00
2.623753230603123399e+01
4.700897815689867087e+01
5.806377572520887753e+01
6.586775405598152133e+01
6.712939974690934264e+01
6.705643561787208284e+01
6.604784374430357730e+01
5.851996038641704700e+01
4.543618579999122176e+01
3.684070284096701897e+01
3.276765402132478044e+01
2.891137732257174520e+01
2.771223176527102439e+01
2.170653447342947118e+01
1.031067333482400272e+01
-8.026146881885756201e-01
-1.336534313609768887e+01
-2.095188189984438054e+01
-2.232296366285898159e+01
-2.176926070521392731e+01
-1.730139397167576831e+01
-1.133468224634663102e+01
-4.130666761343063875e+00
7.336893156836065799e+00
2.264377341358840212e+01
3.495130506514041713e+01
4.415116685368236205e+01
5.333210817675225712e+01
6.081090832234524157e+01
7.144959358220242507e+01
8.565076190464826311e+01
9.963621797235040844e+01
1.145341961926300343e+02
1.234457490070037267e+02
1.252620729958205743e+02
1.240388518115075556e+02
1.176762756511575247e+02
1.092780688309113941e+02
9.905368060609619363e+01
8.352058798301203524e+01
6.321451947246048775e+01
4.460196823436399427e+01
2.768605071125672268e+01
9.605306341198417641e+00
-8.093004480479224938e+00
-3.023679788938078161e+01
-5.724373487702518304e+01
-8.549432359490404565e+01
-1.161384032424882520e+02
-1.380511552171362837e+02
-1.497463694288605041e+02
-1.573046374298105832e+02
-1.574339707776334194e+02
-1.557455625361663749e+02
-1.525781233219972819e+02
-1.421316666491253216e+02
-1.254261980961396432e+02
-1.119486457928615692e+02
-1.016445751220208962e+02
-9.049168899606284810e+01
-8.075515785023551985e+01
-6.518425744673176325e+01
-4.319285601745924907e+01
-2.017764766488848593e+01
5.571505350747500529e+00
2.471473265271000841e+01
3.577793427150866989e+01
4.442818918926116112e+01
4.786472431611014855e+01
5.028195983585597162e+01
5.203740157432095970e+01
4.849752276620667857e+01
4.043797154453968545e+01
3.673194915975165031e+01
3.745081523142180657e+01
3.874781412895717381e+01
4.279439427968351595e+01
4.309436782900100837e+01
3.914088306360626035e+01
3.591925917031804971e+01
3.192974489050005715e+01
2.898384161617457977e+01
2.778889283110225605e+01
2.639351639746860556e+01
2.543983890524003399e+01
2.501438452193965389e+01
2.497700102160808910e+01
2.587755626850456281e+01
2.774654382860601487e+01
2.733185236265059359e+01
2.446404908601031281e+01
2.074895623468479400e+01
1.534365016901102763e+01
1.027428958994981834e+01
5.711700164231983123e+00
-5.839605977140283066e-02
-6.584984760638171508e+00
-1.139088549187662380e+01
-1.443729062882528602e+01
-1.657658742226264081e+01
-1.715820104261409540e+01
-1.801940219717414138e+01
-1.921576976730615627e+01
-1.925924125357096983e+01
-1.851420713766322734e+01
-1.807979733249314691e+01
-1.786177557286318418e+01
-1.756332036857833856e+01
-1.742546011143853590e+01
-1.638176592787419850e+01
-1.437227196009228436e+01
-1.211095067892243193e+01
-9.348794774778422578e+00
-6.797778292408606760e+00
-4.586847639379739938e+00
-2.188360536019128499e+00
1.900296461018974037e-01
2.803472937886986482e+00
5.701997086553804550e+00
8.579578230388550608e+00
1.149532693375565628e+01
1.520608795549212822e+01
1.973986669270408001e+01
2.477668875851902186e+01
3.051478335420715382e+01
3.644825829098585501e+01
4.254955808486069202e+01
4.924145407899643345e+01
5.641884365049831018e+01
6.091410775108536058e+01
6.245867449840671526e+01
6.246747130773972145e+01
6.003886569795754724e+01
5.710105413985519363e+01
5.372314396417774418e+01
4.812438139757452404e+01
4.066072290278830792e+01
3.346572810705214351e+01
2.646527942964111446e+01
1.883087885750590473e+01
1.105031599352792071e+01
1.341700383395548979e+00
-1.043617628004755638e+01
-2.302448115282764007e+01
-3.685197788741216129e+01
-4.800811155221451543e+01
-5.598799756984048059e+01
-6.295792810528190842e+01
-6.777482231252103873e+01
-7.242544374959125264e+01
-7.704728648750425180e+01
-7.961827364309043276e+01
-8.051386035476348013e+01
-8.304923049676703783e+01
-8.721841141256675201e+01
-9.164173984897608705e+01
-9.712175919427312465e+01
-1.011484260891578515e+02
-1.035334998855554431e+02
-1.061703646356653934e+02
-1.084788082685308694e+02
-1.084888379085224983e+02
-1.061896461035552619e+02
-1.020711493685926001e+02
-9.559787506177121941e+01
-8.832087476544450055e+01
-8.023144260321674892e+01
-7.006086809134495752e+01
-5.808439908275533980e+01
-4.498310270256430243e+01
-3.062749266066650833e+01
-1.483330095138763660e+01
2.288428598374627754e+00
2.155392283078676385e+01
4.304155217298323066e+01
6.629327336676304583e+01
9.153067235361771736e+01
1.110919691904182116e+02
1.241899193241288941e+02
1.346086226896441076e+02
1.401478505904395604e+02
1.451493283140841299e+02
1.498312107532819084e+02
1.500397959976968139e+02
1.465896236969037147e+02
1.452041623861730670e+02
1.457810398169366124e+02
1.460313610233567658e+02
1.473053897429379617e+02
1.450484687824602474e+02
1.389145973743380011e+02
1.322316201746360207e+02
1.239282000981194471e+02
1.151324778209401103e+02
1.062678835392467960e+02
9.598823367305219278e+01
8.466388721047536592e+01
7.235965391542633540e+01
5.893498908620654930e+01
4.467197627251974268e+01
2.955472442235497965e+01
1.146715040854439138e+01
-9.744894760511959575e+00
-3.309712586088284070e+01
-5.917093572501006804e+01
-8.673040126670763073e+01
-1.157106617128577994e+02
-1.472428658484948016e+02
-1.810862289750753575e+02
-2.043678003051722101e+02
-2.159397903846837607e+02
-2.216912038063645412e+02
-2.179486127516531724e+02
-2.124125487504591376e+02
-2.053810158100533272e+02
-1.896789125924902919e+02
-1.667304908472040665e+02
-1.454078038626209377e+02
-1.254357659797074831e+02
-1.033396940439061069e+02
-8.116125884427829362e+01
-5.157091376645030323e+01
-1.399052918928516043e+01
2.636552437154853834e+01
7.125399684529918432e+01
1.033520267385463711e+02
1.204412140065489609e+02
1.319971472557714947e+02
1.329476057072006085e+02
1.321517023575533472e+02
1.301865510276801103e+02
1.180442199182616463e+02
9.738040061371236789e+01
8.272240232599034471e+01
7.400753967150662049e+01
6.517654894563264634e+01
5.972448212306456838e+01
4.657651417704306596e+01
2.488210670420726700e+01
2.940042017305675159e+00
-2.182888714637343242e+01
-3.905044338855977060e+01
-4.683716053002842727e+01
-5.197238869935394234e+01
-5.128409167426633530e+01
-4.888310741425112127e+01
-4.520095688220905572e+01
-3.529937352124899519e+01
-1.992430878550757711e+01
-9.763028807220837990e+00
-4.974534048097543071e+00
-8.013583412286480190e-01
1.208999578790814766e-01
5.426672484538674013e+00
1.572688930258787643e+01
2.508650870536676436e+01
3.526507934482134488e+01
4.213139782800111277e+01
4.462568816176841580e+01
4.596587445613969436e+01
4.479992142733191685e+01
4.214665224214984818e+01
3.819446112146840022e+01
3.117941489652051601e+01
2.125122275870395328e+01
1.371770294329126649e+01
8.724048752805217077e+00
3.747610433969542854e+00
1.085157582904240359e-01
-5.808023171112409067e+00
-1.432268772779087485e+01
-2.256784798775039746e+01
-3.138530277299523163e+01
-3.755625466634158016e+01
-4.043919971733460983e+01
-4.215567633823541627e+01
-4.169327908793992776e+01
-4.025612513321372887e+01
-3.795682961277486811e+01
-3.325630127953719040e+01
-2.635181492707137707e+01
-2.074028772518189356e+01
-1.646727772138104839e+01
-1.192819250090256133e+01
-7.974635482724268698e+00
-2.100867450104267675e+00
5.913703829915920807e+00
1.414372235078263529e+01
2.318109534683614825e+01
2.949713063884933462e+01
3.253583050877580973e+01
3.439226245374226920e+01
3.400156988602244468e+01
3.297109239297877537e+01
3.142153674861229717e+01
2.757780464864717018e+01
2.172827932226283920e+01
1.720735645814401948e+01
1.402994434221732867e+01
1.073966558627259360e+01
8.144464489661098483e+00
3.778036659203825032e+00
-2.560851969864752942e+00
-8.999972221090761337e+00
-1.611659672185611569e+01
-2.165992351434249130e+01
-2.521116752724319099e+01
-2.825526483162921920e+01
-3.010088988425239975e+01
-3.162793180774521318e+01
-3.293028317123958004e+01
-3.293870983202839398e+01
-3.181191897825270942e+01
-3.191752415668763021e+01
-3.329389043918882152e+01
-3.488276172630225602e+01
-3.726906459023148699e+01
-3.876804371688289308e+01
-3.924456245543102284e+01
-4.001156216527179765e+01
-4.068104911610133456e+01
-4.071938018589195707e+01
-4.021271394881633654e+01
-3.912719788034556245e+01
-3.734082627936214038e+01
-3.545698623448128473e+01
-3.346266110002979133e+01
-3.094807028252917291e+01
-2.802739050069603977e+01
-2.456377086329816350e+01
-2.049260514994317006e+01
-1.594806840522606528e+01
-1.087395765274609971e+01
-5.216597864543844665e+00
1.026894422645886928e+00
7.888744477934839239e+00
1.539156765535811111e+01
2.290900278363683640e+01
3.039865527364215581e+01
3.818413520009674755e+01
4.609977172545683999e+01
5.453096808369469528e+01
6.351180552234035304e+01
7.271077210988302397e+01
8.221375796221890653e+01
9.246423389939171500e+01
1.034653335896392434e+02
1.150675281007791142e+02
1.273856623618990227e+02
1.400848144961775006e+02
1.531541764257054581e+02
1.668608215284546361e+02
1.811373342978983487e+02
1.885950065836380816e+02
1.885093381808367781e+02
1.842924374341257874e+02
1.738049380062051625e+02
1.613509869068044509e+02
1.470780378740790582e+02
1.268788406291294280e+02
1.015246430771236277e+02
7.623919039185980751e+01
5.085377070650670106e+01
2.325701254635846738e+01
-5.362664749002367337e+00
-3.932041377707207630e+01
-7.898310243196273461e+01
-1.213068273769824970e+02
-1.673442608393441446e+02
-2.021636413234844269e+02
-2.239907385298179179e+02
-2.406460537507434481e+02
-2.477792091332172504e+02
-2.533512339208349999e+02
-2.578142818478917206e+02
-2.532538072620104970e+02
-2.411478576564306309e+02
-2.334888547148635212e+02
-2.301530810968889682e+02
-2.261937083048323132e+02
-2.244656799709171366e+02
-2.156559210368519075e+02
-1.990396502577451372e+02
-1.815071776569301107e+02
-1.608711838891014452e+02
-1.427394352310306544e+02
-1.283426612616027285e+02
-1.133979201527992728e+02
-9.963996983853229494e+01
-8.534083032510490341e+01
-7.016626783658675492e+01
-5.653044671421599077e+01
-4.408592974437176792e+01
-2.608254117683695128e+01
-2.289687196895749288e+00
2.425721739373711827e+01
5.528824380782450731e+01
8.626934340650812771e+01
1.168789953148921654e+02
1.508258499542290281e+02
1.871149855649021845e+02
2.150864853462502424e+02
2.341020311552310318e+02
2.484703594023799269e+02
2.552325379004030594e+02
2.614174552939725800e+02
2.672412812546841678e+02
2.665307919860787251e+02
2.606110040681743385e+02
2.557652137298161961e+02
2.516727717579506134e+02
2.460812163948539535e+02
2.404007164143513080e+02
2.291203953388379944e+02
2.118301804778347730e+02
1.923374825681643756e+02
1.693180956383424700e+02
1.489785992418081264e+02
1.322526192501158562e+02
1.151873564381823343e+02
9.958991417531854040e+01
8.266463169895261842e+01
6.408765418254139945e+01
4.684550088621014652e+01
3.035915946118141306e+01
8.672049115772763273e+00
-1.833565524925290546e+01
-4.818119447202406036e+01
-8.237621262834059621e+01
-1.166967126318781993e+02
-1.508785661287759581e+02
-1.882933636915394686e+02
-2.280212171266597068e+02
-2.570328885553493024e+02
-2.743969916288964441e+02
-2.855786360247677749e+02
-2.869090694658156053e+02
-2.866987367268129674e+02
-2.852020399448723538e+02
-2.749450557409529097e+02
-2.574678494225761938e+02
-2.409382578158285071e+02
-2.249888658783528683e+02
-2.065560828764675989e+02
-1.874788643767484189e+02
-1.607283031244633946e+02
-1.257527606298138352e+02
-8.743543037467209444e+01
-4.407565785470119835e+01
-1.061255307974178663e+01
1.104060845291532011e+01
2.922283769590332980e+01
3.958556996379305559e+01
4.972470817932505582e+01
6.019502513689970868e+01
6.330152081116669649e+01
6.050094739408058331e+01
6.448948903906621410e+01
7.527007703498478008e+01
8.759266393670560547e+01
1.045498059706929297e+02
1.165776360922004642e+02
1.229817785068563296e+02
1.310217679752827280e+02
1.385061552375582892e+02
1.433829470056679725e+02
1.461971401220341136e+02
1.462987887374375475e+02
1.432549485115024765e+02
1.398991633532782544e+02
1.361187787864412826e+02
1.301063609380402681e+02
1.223871781085216384e+02
1.116816751243756300e+02
9.764513044109709483e+01
8.119966959694366437e+01
6.190854818618917221e+01
3.989677453235902505e+01
1.517114228639351659e+01
-1.275967300489402767e+01
-4.392736547257636204e+01
-6.638227901210862569e+01
-7.905011365203561979e+01
-8.762000576153835141e+01
-8.871160385679786486e+01
-8.938780646906083405e+01
-8.999540662127498081e+01
-8.397715137269646846e+01
-7.268318986957673644e+01
-6.454480615700356338e+01
-5.937497862634904067e+01
-5.391641728059339300e+01
-5.015624706659929899e+01
-4.128289011469497893e+01
-2.680550372256654512e+01
-1.168114754363514862e+01
5.680728062594472938e+00
1.754423399088496538e+01
2.265120307537513966e+01
2.582658400193978565e+01
2.475086888205638402e+01
2.277348211565663405e+01
2.021295138136451186e+01
1.330152329278711676e+01
2.666648782490974146e+00
-4.250692428449074356e+00
-7.369822888086237533e+00
-9.922767894309092895e+00
-1.007838207450270218e+01
-1.323187143660009468e+01
-1.979784283824186630e+01
-2.560551930498109385e+01
-3.189245320186968158e+01
-3.606675201345818493e+01
-3.741563235773980267e+01
-3.805341609968026972e+01
-3.712050110339678355e+01
-3.514581744907137306e+01
-3.225432622783927172e+01
-2.738240386816495686e+01
-2.060078708406359027e+01
-1.538479507872854057e+01
-1.183964249198394292e+01
-8.295624734507633491e+00
-5.619783175607729220e+00
-1.472993294471057091e+00
4.354917557492443692e+00
9.996862326753436889e+00
1.599731852764539219e+01
2.078873758505904235e+01
2.400581333101541759e+01
2.677912948258817494e+01
2.860169212565728714e+01
2.995443485611798806e+01
3.089829633494010253e+01
3.072091952913558899e+01
2.949542913458616766e+01
2.912366871497008702e+01
2.964592259803507801e+01
3.016800899799375557e+01
3.115814257028971568e+01
3.129123725483116658e+01
3.044876279745662018e+01
2.966587799726162444e+01
2.863107087504402770e+01
2.694190467342742323e+01
2.466444378364994350e+01
2.175481114209082989e+01
1.811886127639920474e+01
1.421138501041102131e+01
1.001622149354636804e+01
5.219646451272678789e+00
-9.650408650150033019e-02
-6.077769156143189910e+00
-1.278127244369569837e+01
-2.009275189372421977e+01
-2.807011936518959416e+01
-3.673786700382188286e+01
-4.610209515202109998e+01
-5.621201519615102171e+01
-6.708571152823509465e+01
-7.318647272612031429e+01
-7.396880697823034723e+01
-7.204924946385793305e+01
-6.583249282929160984e+01
-5.852047841291999930e+01
-5.024239188473574558e+01
-3.794820717447927194e+01
-2.222317353512253746e+01
-7.034093337074660113e+00
7.727245470129257221e+00
2.365175837375411305e+01
3.982437403412246368e+01
5.948084900774173889e+01
8.288395329010555201e+01
1.077215709320977197e+02
1.347718769706603439e+02
1.522705688664288459e+02
1.588135429185902865e+02
1.605111535381426506e+02
1.539246814067300875e+02
1.453221016619664283e+02
1.350381754091547464e+02
1.168181631179973721e+02
9.181064179461780839e+01
6.939767230503048268e+01
4.945950743923288684e+01
2.810486797126957725e+01
7.551634614766776998e+00
-1.952970100177757828e+01
-5.372657393051504471e+01
-8.965319223577830599e+01
-1.290458519697440920e+02
-1.570619656919836018e+02
-1.716790701135004724e+02
-1.811678206750806623e+02
-1.811390801794611889e+02
-1.789538448054543949e+02
-1.750953557420701827e+02
-1.619021502168475592e+02
-1.407258226397877934e+02
-1.243791238575727363e+02
-1.128231332259509117e+02
-1.006247677070006858e+02
-9.086176099795419248e+01
-7.382065789596413197e+01
-4.872992172722003090e+01
-2.286858612200716578e+01
6.039475061293735791e+00
2.704641755746164833e+01
3.831552133127954107e+01
4.668109969104750689e+01
4.883033079186823500e+01
4.944960520850523267e+01
4.896603320487709965e+01
4.202845691261503447e+01
2.949291456757315188e+01
2.211012893724590711e+01
1.999230217392801734e+01
1.841902739449948712e+01
2.002590543166536463e+01
1.701240705712254453e+01
8.758758075422701239e+00
1.274095691915272610e+00
-7.245175452544365235e+00
-1.144676590808431627e+01
-1.014993836741242461e+01
-7.184823144471514489e+00
-8.526360434841803171e-01
7.134392067381481795e+00
1.654795207471504526e+01
2.980806629936262908e+01
4.663107936851159963e+01
6.080614596273252914e+01
7.220108032424029432e+01
8.369254919802578740e+01
9.374460969516712794e+01
1.066847876028262618e+02
1.228840244510427766e+02
1.389476320128159443e+02
1.558819865101328332e+02
1.652823468167708256e+02
1.659216240361286339e+02
1.624683067817114193e+02
1.523898649579955986e+02
1.397394234373449535e+02
1.247439549602954969e+02
1.030477607987233881e+02
7.535331161754359641e+01
4.907294966021969884e+01
2.415792227693487249e+01
-2.624534774982937968e+00
-2.952175907866349291e+01
-6.219236300799786221e+01
-1.011289888922095770e+02
-1.421515138505049265e+02
-1.866185921885553967e+02
-2.171632836616412305e+02
-2.316220216140954449e+02
-2.391663497641977187e+02
-2.346933379257799572e+02
-2.272903212832404165e+02
-2.174575564841784114e+02
-1.960129850194335859e+02
-1.646131985929037285e+02
-1.374698547428317852e+02
-1.144358719815569714e+02
-8.956173949407380519e+01
-6.621709919563336655e+01
-3.338237167050787946e+01
9.831891167372784679e+00
5.529607444521907667e+01
1.056192490307634699e+02
1.412515923658843917e+02
1.594274950012648446e+02
1.712840600856971207e+02
1.710220173818091780e+02
1.681154264157949285e+02
1.632313124192452278e+02
1.463764083046949622e+02
1.192954560132449160e+02
9.929083970340710152e+01
8.636382233102585815e+01
7.313805331128067166e+01
6.379264497012219692e+01
4.533496642253417974e+01
1.674040749818839302e+01
-1.218891371075070396e+01
-4.448367198124715571e+01
-6.774386035228883429e+01
-7.971695166973127300e+01
-8.846933439973628310e+01
-9.020489328812513463e+01
-8.986809588605012777e+01
-8.796373853062689818e+01
-7.856430463275873421e+01
-6.256103370815052500e+01
-5.272775568698778415e+01
-4.924675984577047672e+01
-4.642576473341144094e+01
-4.740988483127794950e+01
-4.305591467246375714e+01
-3.262685321591972354e+01
-2.321696542901605653e+01
-1.271399230106530176e+01
-4.510474739131460353e+00
2.913694632752473757e-01
4.827151033419684545e+00
7.935749539914533024e+00
9.959528490615843666e+00
1.110107753378561846e+01
1.011082326289366584e+01
7.018390705322587131e+00
7.073224300628035088e+00
1.049107289690580203e+01
1.471452813125286241e+01
2.107846869763160669e+01
2.617715435677438052e+01
2.971332184698553291e+01
3.448201390792726073e+01
3.970668196250873905e+01
4.329659717920834083e+01
4.536465988922782344e+01
4.633959096183035342e+01
4.570724706443993313e+01
4.531637929763194705e+01
4.518960003065505759e+01
4.395789613127519857e+01
4.198860893585910503e+01
3.964509176664693513e+01
3.679096166429878423e+01
3.348721923332647066e+01
2.978126354982348545e+01
2.505998449746360635e+01
1.929815839936143362e+01
1.281947523017000812e+01
5.472925608422798405e+00
3.210497254327895345e-01
-2.317335280229259276e+00
-4.005103264745298652e+00
-3.868474103789015128e+00
-3.607972137899944975e+00
-3.324377707387370595e+00
-1.386489980625897456e+00
1.878911136114240099e+00
4.176201084835861721e+00
5.536014441854622881e+00
6.868947861264472543e+00
7.626707238598072536e+00
9.612279707687042318e+00
1.295558515157991053e+01
1.632234818412475974e+01
2.013026825699222755e+01
2.068053342251282345e+01
1.746204518071745326e+01
1.251681031837826019e+01
4.744345911538555782e+00
-4.035468490907466510e+00
-1.371319858881801146e+01
-2.620296302887794937e+01
-4.117908853096592736e+01
-5.548277409400760973e+01
-6.913546438047620768e+01
-8.349057293348705855e+01
-9.779787082347836247e+01
-1.144730978870788789e+02
-1.337179671214270229e+02
-1.537420233720472140e+02
-1.751196891883634237e+02
-1.878910164271461269e+02
-1.908650595493576247e+02
-1.891383423162561144e+02
-1.797865350360527259e+02
-1.681347210736639113e+02
-1.544391687513710281e+02
-1.333698094554420379e+02
-1.058845897559365596e+02
-7.985941874083293612e+01
-5.516677315773246448e+01
-2.851716507806668943e+01
-1.754384352227846389e+00
3.132823390537448915e+01
7.124731870729286243e+01
1.134853721055802964e+02
1.595296681782383246e+02
1.930554817146167466e+02
2.119862691500830465e+02
2.251101995457455871e+02
2.276330167500892969e+02
2.279764579610122155e+02
2.266446920343830413e+02
2.150811274417445702e+02
1.948363094853249891e+02
1.794800609608214756e+02
1.689145243276399810e+02
1.574578238348866535e+02
1.483501596085539234e+02
1.311637379903296505e+02
1.050735983146603871e+02
7.783194707660072709e+01
4.698782640651785414e+01
2.295837413198172783e+01
7.556350470364565197e+00
-5.947385476356265244e+00
-1.439988176733877268e+01
-2.209667316558299177e+01
-2.948739417467921342e+01
-3.157555794539217686e+01
-2.916418279761989751e+01
-3.281435108464536654e+01
-4.268911082488720155e+01
-5.415024888413296367e+01
-6.981514778733081528e+01
-8.213568720801548295e+01
-9.053309688548914380e+01
-1.008988076703649881e+02
-1.115105164900994339e+02
-1.182275588934036108e+02
-1.212687538489218468e+02
-1.213248120559688772e+02
-1.173499716972291083e+02
-1.130776551352628019e+02
-1.084996892981955483e+02
-1.008166206695635054e+02
-9.073563479533746090e+01
-7.894962700640552100e+01
-6.514696750606030662e+01
-4.941550793054809532e+01
-3.181360911003940828e+01
-1.105962158178330590e+01
1.293476356484566736e+01
3.954985908076790935e+01
6.912936494380424790e+01
9.017911084076141037e+01
1.015421022194228300e+02
1.089120927369706635e+02
1.090042660313203839e+02
1.083483025827109714e+02
1.072880895957600700e+02
9.960972009472469324e+01
8.655172847233599498e+01
7.662035939783420702e+01
6.966890520945420917e+01
6.232544659195045966e+01
5.660421171381049277e+01
4.574460089386293760e+01
2.924615048479448021e+01
1.206443316355257878e+01
-7.381182774191331397e+00
-2.290430113361266606e+01
-3.340144984175299925e+01
-4.296404103369622618e+01
-4.971983187609437493e+01
-5.613375816143579300e+01
-6.248958213397267514e+01
-6.586882178962130752e+01
-6.673878388923399996e+01
-7.145184826134421030e+01
-8.012212701414404137e+01
-8.995656499897397396e+01
-1.025375851067576036e+02
-1.133640033506151212e+02
-1.220961537305854563e+02
-1.322712481755353053e+02
-1.428688041793435275e+02
-1.482701489283352885e+02
-1.482923253385746705e+02
-1.448311811103524462e+02
-1.363532093214831491e+02
-1.269038466554604696e+02
-1.165487019508901767e+02
-1.018805167140270953e+02
-8.365115163381983621e+01
-6.453613879806133014e+01
-4.428616544123514132e+01
-2.204178140403064390e+01
1.641966741610206615e+00
2.937790039732892566e+01
6.137114631993559755e+01
9.593489406246860085e+01
1.337204876452851465e+02
1.620562050318137040e+02
1.795450983943273116e+02
1.926540695846061055e+02
1.977246014207113660e+02
2.017185031425787543e+02
2.050170199348131632e+02
2.008419105728108605e+02
1.904990517583965470e+02
1.837771446161333131e+02
1.805431840187398507e+02
1.768303550285203016e+02
1.749625960622418575e+02
1.672554114495277133e+02
1.531234995567344583e+02
1.382264115227870036e+02
1.207624676447220651e+02
1.057259067866818043e+02
9.416514868171395847e+01
8.237695940107590786e+01
7.189729032939611386e+01
6.108872793232664122e+01
4.966733292541410805e+01
3.982559755808906488e+01
3.123823228028933841e+01
1.810489136800018173e+01
2.454623042938337552e-01
-1.974506586827754617e+01
-4.334563714548300339e+01
-6.661948753992116679e+01
-8.928467041544176652e+01
-1.145367486252842895e+02
-1.415066851311291884e+02
-1.625161999040323622e+02
-1.771634538659387772e+02
-1.884424440943346610e+02
-1.942366239612934180e+02
-1.997314406656871313e+02
-2.050755401085477843e+02
-2.057773577191399283e+02
-2.028177251974717308e+02
-2.005223125979190684e+02
-1.986416645940565786e+02
-1.956693899110304073e+02
-1.925676481018764150e+02
-1.854701725289624790e+02
-1.740933815558122433e+02
-1.610832540129150914e+02
-1.455092698373252631e+02
-1.313933910090128165e+02
-1.193486730248823449e+02
-1.067528349021957155e+02
-9.477191038613419494e+01
-8.162558949616781945e+01
-6.708768318100976558e+01
-5.306613216219307816e+01
-3.918216209626331903e+01
-2.150992151319950452e+01
4.548894891505272930e-02
2.385536209387744933e+01
5.092572620593082888e+01
7.850591875564293787e+01
1.064337106139976612e+02
1.369308351460083202e+02
1.694075229865621566e+02
1.936237062625514511e+02
2.088052513960001875e+02
2.193475852023341020e+02
2.223597421685800555e+02
2.242800657056420164e+02
2.253207929682433814e+02
2.196490061264113081e+02
2.084598466118514466e+02
1.983435213989339161e+02
1.890322550232374681e+02
1.780291045374796965e+02
1.668294159998640680e+02
1.498296497183359008e+02
1.265925721171585820e+02
1.010415730327744797e+02
7.182679796120575588e+01
4.823032308571487903e+01
3.151902155208444967e+01
1.628456798051890431e+01
5.236529247988698010e+00
-6.159513142362157190e+00
-1.828497060607668345e+01
-2.645378139568167697e+01
-3.154946535757373738e+01
-4.181294858892580635e+01
-5.729838371171280187e+01
-7.457462105729901225e+01
-9.567353433933264739e+01
-1.145059018297418731e+02
-1.306430411809419354e+02
-1.487760573213094233e+02
-1.675273270130487049e+02
-1.787889027878061938e+02
-1.822377575859230205e+02
-1.806714156902983461e+02
-1.718540384366679348e+02
-1.615284143400029393e+02
-1.497809895728767344e+02
-1.317108297343515630e+02
-1.083721329382399006e+02
-8.383466549246466570e+01
-5.774668898949957452e+01
-2.873597056345456480e+01
2.348322911265991575e+00
3.940951189249915387e+01
8.276647748371988200e+01
1.298850256718363312e+02
1.817429151419547964e+02
2.175975057088465121e+02
2.351746051067314340e+02
2.449879137215726814e+02
2.410443582666736688e+02
2.347851179370051113e+02
2.268167582331919050e+02
2.060099149347504977e+02
1.745012328872176397e+02
1.482420368403541602e+02
1.269963144642347004e+02
1.042952173932879560e+02
8.391467989810892902e+01
5.329037652445958884e+01
1.145569082577608455e+01
-3.236405040465412242e+01
-8.112412191183371135e+01
-1.180500958389689288e+02
-1.405554343075895645e+02
-1.587353162540157712e+02
-1.675804321229629750e+02
-1.747163002114158985e+02
-1.807859455387292087e+02
-1.774479489384374347e+02
-1.661207786308992240e+02
-1.624708321125822579e+02
-1.666075213817748022e+02
-1.717746000349298754e+02
-1.818024015480550020e+02
-1.851826355954891028e+02
-1.810236173939601656e+02
-1.781432990544949462e+02
-1.738861790055729841e+02
-1.670718636858649688e+02
-1.584988274063219080e+02
-1.467625897192964999e+02
-1.317204499583392874e+02
-1.160356330610065498e+02
-9.954332428940648470e+01
-8.078804163189737153e+01
-6.026706826535029649e+01
-3.538160508506477697e+01
-5.731583953619711735e+00
2.713649178885174962e+01
6.399831024550726255e+01
1.038672170861219684e+02
1.466682998947607075e+02
1.936047383121177177e+02
2.445163452747470956e+02
2.791867931256322777e+02
2.957781544450443789e+02
3.037118665608242054e+02
2.972266531195519974e+02
2.882888225893656795e+02
2.774046255159665861e+02
2.533916967033062235e+02
2.184820976805143573e+02
1.867583225280511954e+02
1.578269229296329286e+02
1.261751464712643553e+02
9.506729104035946420e+01
5.296713968687743090e+01
-1.016734452910029063e+00
-5.861806061474305096e+01
-1.225828563361056069e+02
-1.680582366942298904e+02
-1.917725722248751481e+02
-2.074789463519472292e+02
-2.078762976820283939e+02
-2.054811131111891882e+02
-2.011281798277548774e+02
-1.819626809348917220e+02
-1.503155296265455831e+02
-1.273005116847957225e+02
-1.128498947113423583e+02
-9.810376930513720595e+01
-8.814615200347792268e+01
-6.694543084786712939e+01
-3.326062421099747013e+01
8.751977342513725944e-01
3.919800233968137348e+01
6.607906637047018705e+01
7.871942351400809912e+01
8.722590035916198303e+01
8.682678314785894713e+01
8.382121480726148377e+01
7.884470146752991582e+01
6.440860641158459998e+01
4.165345660927007998e+01
2.651297500928127349e+01
1.920463114273281136e+01
1.264866661951385751e+01
1.076600652466329855e+01
2.128008277875469645e+00
-1.418299788458865152e+01
-2.930823046363599360e+01
-4.588728132471738519e+01
-5.781226424400320951e+01
-6.351517066845784854e+01
-6.778801767047777105e+01
-6.863648905231977437e+01
-6.755808274258524193e+01
-6.484267461640418162e+01
-5.789634673822166633e+01
-4.694609105400201798e+01
-3.988246513818305061e+01
-3.693224642078907038e+01
-3.435615313597166676e+01
-3.412423491436237555e+01
-3.088368203878031082e+01
-2.416778898857682023e+01
-1.824196710032065738e+01
-1.186698302968367891e+01
-4.524239819499944915e+00
3.370434493384205865e+00
1.247587925212738291e+01
2.282534272714444512e+01
3.316113361746455013e+01
4.353858989726640516e+01
5.459826632778492694e+01
6.608610813546464158e+01
7.938061198603072910e+01
9.466114475000567552e+01
1.110940134957181016e+02
1.290710101372016254e+02
1.479952728505856783e+02
1.678030213504280255e+02
1.891363908229315882e+02
2.118755633956455426e+02
2.251058924945965600e+02
2.278129174522096037e+02
2.250397906577688332e+02
2.136573911550035234e+02
2.000916140104556007e+02
1.845883716047146095e+02
1.610950687845578955e+02
1.307889914952281174e+02
1.012313008969534280e+02
7.218385756303717926e+01
4.065098479201883208e+01
8.365355542816253376e+00
-3.091537051048166873e+01
-7.769747326424827349e+01
-1.275528866961349763e+02
-1.819873145511672021e+02
-2.222120312593239646e+02
-2.459320117354625665e+02
-2.631187374395764778e+02
-2.682842606466638813e+02
-2.713015392391278056e+02
-2.727506307516206334e+02
-2.627310510272776014e+02
-2.430737975184508173e+02
-2.290686602525343005e+02
-2.205809841779509668e+02
-2.112702274053157225e+02
-2.047835623278544404e+02
-1.893066922865907031e+02
-1.639174478883792574e+02
-1.373807393603789251e+02
-1.069238868223435333e+02
-8.172209646439483777e+01
-6.355663618134808246e+01
-4.603605975385843863e+01
-3.196666395805909033e+01
-1.798687423109518591e+01
-3.638835323394692178e+00
6.871206533842540765e+00
1.418604930656556284e+01
2.835804213516478711e+01
4.962871612481151828e+01
7.352745528359643856e+01
1.025834650570537292e+02
1.298126821438378329e+02
1.546947659020915182e+02
1.827951685570546090e+02
2.125456525538214692e+02
2.320676493828126752e+02
2.407825467108995667e+02
2.431385691254282051e+02
2.358567030494321273e+02
2.270675805631966000e+02
2.169601282034948611e+02
1.985119699438499197e+02
1.732397548596745764e+02
1.475539135717978922e+02
1.210165370177947750e+02
9.140991444676015476e+01
6.012542068942597240e+01
2.128377008385498215e+01
-2.556938789589786154e+01
-7.649290741318117171e+01
-1.329267720346688861e+02
-1.724985799410729328e+02
-1.926412575382683485e+02
-2.049850329775922546e+02
-2.030484494929246182e+02
-1.989023988733773649e+02
-1.932396990143580240e+02
-1.741818675150749414e+02
-1.439919509140634375e+02
-1.203174150459656602e+02
-1.029625885524502849e+02
-8.472089885322442626e+01
-6.979733436137519220e+01
-4.444646932979323140e+01
-7.619568985654767701e+00
3.051285102995607446e+01
7.316745073834492530e+01
1.029425198875601808e+02
1.170744595756298310e+02
1.261322947278705158e+02
1.248904290684683076e+02
1.211001066992783706e+02
1.154188188729865061e+02
9.923322854172310770e+01
7.396741206332775675e+01
5.608223113298561913e+01
4.569640009691655536e+01
