-3.096207344689557672e+01
-9.288261824102525210e+00
3.685487404741855322e+00
2.183197470284824693e+00
1.063124765751162393e+01
2.302694037901753177e+01
2.580208881565710399e+01
2.072821782782999733e+01
9.653429170008488214e+00
-1.030688583508671563e+01
-2.168123470600088964e+01
-2.371612023681394987e+01
-2.727608795848871281e+01
-2.827752251362674940e+01
-2.178605471573430918e+01
-7.980164149612271274e+00
1.410509390512895855e+01
4.604034886231895740e+01
5.232356561723993593e+01
3.045893279780247553e+01
-1.066982033764457771e+00
-5.166920291473913807e+01
-6.781711584213174149e+01
-4.429540672560741399e+01
-1.472960262684561350e+01
3.498848510846187310e+01
5.610590493267421408e+01
4.245083611117934197e+01
2.914919841709251713e+01
3.258858770834983432e+00
-1.180926006128464500e+01
-1.144957606388930671e+01
-1.758171854268636736e+01
-2.385825586465982084e+01
-2.126073337876519886e+01
-1.118247815479034735e+01
7.181255867805185211e+00
3.594242433783922053e+01
4.352837852799906670e+01
2.805564430331395798e+01
6.541874297866767662e+00
-2.910189792594824709e+01
-4.445067307661707190e+01
-3.588362090436197605e+01
-2.667620420304713846e+01
-7.866897932607105126e+00
3.250916364312752549e+00
3.640569706936837679e+00
9.011051964417591265e+00
1.480476627576889470e+01
1.893880479063285449e+01
2.286980605884396311e+01
2.401317842511275202e+01
2.213925907702176943e+01
1.729857033754583995e+01
8.706747305696989514e+00
-4.012364623727496138e+00
-2.134121387646877466e+01
-3.127244596703006607e+01
-3.298696309436518703e+01
-3.284645881330073536e+01
-2.768989592468663830e+01
-1.919825810721708947e+01
-7.490002022865665410e+00
1.108444572272733097e+01
3.650667772488020546e+01
4.584952631969856895e+01
3.776168130223481256e+01
2.342862162637522161e+01
-3.206326778183620441e+00
-1.665529246802868713e+01
-1.467109194563251862e+01
-1.475427767196211803e+01
-1.054782342776461945e+01
-7.136011951133758302e+00
-6.226208990588045111e+00
-2.313338651167603510e-01
9.520881391024724749e+00
1.290920919794993260e+01
1.018603065081825143e+01
5.314428150338878609e+00
-4.056194173309629392e+00
-9.626297934974012094e+00
-1.075803441436511854e+01
-1.340703709725383774e+01
-1.560069509790374376e+01
-1.389686376621782493e+01
-8.458809292054924711e+00
6.366574975791687852e-01
1.434558654692082413e+01
2.200163453406986136e+01
2.302309192047136222e+01
2.344415955281156627e+01
2.060373635139225357e+01
1.533680203227955374e+01
7.878843940662130230e+00
-4.455913786598713955e+00
-2.169761836056179050e+01
-3.121905596187502141e+01
-3.248084268950737652e+01
-3.175241474462039548e+01
-2.582794641934022550e+01
-1.742583619766871550e+01
-6.732745983135439261e+00
1.039753733065060715e+01
3.366964767694701521e+01
4.426458551956255860e+01
4.123222876585820984e+01
3.357910587538546565e+01
1.639363924174093512e+01
5.128850128708194234e+00
1.058852332961242482e+00
-7.551998086504340790e+00
-1.707272159144478962e+01
-2.566714709465445665e+01
-3.431140923107358986e+01
-4.113354915865762251e+01
-4.581510143238718058e+01
-3.870725200332105942e+01
-1.815457985677864983e+01
1.177656490660587707e+01
5.433518153176623855e+01
7.040752793755703465e+01
5.675516088222883582e+01
3.510261774626081177e+01
-4.992112883140022994e+00
-2.539997757079455454e+01
-2.220184075910573185e+01
-2.267957499556117895e+01
-1.718228861866945323e+01
-1.202986452719842703e+01
-9.847303800968221665e+00
2.245592494632366876e-01
1.647607684629386782e+01
2.118128355662929962e+01
1.446835328002403998e+01
3.707335366910321284e+00
-1.532500893808780340e+01
-2.291752771954243073e+01
-1.737504508459496222e+01
-1.166693403167269238e+01
-8.219871486803784766e-01
3.592715376098103874e+00
-3.411840828980712281e-01
-3.053520817059910630e+00
-7.671939501285912399e+00
-2.685276069875492944e+00
1.390597157579147947e+01
3.414072872607867026e+01
6.142765187673423810e+01
6.343179245001839206e+01
3.662595681911534484e+01
-7.342374623461973560e-01
-5.770215491275617836e+01
-8.236704986899835035e+01
-6.958635688249218276e+01
-5.204128391137196274e+01
-1.600605116206637035e+01
6.065576545710412937e+00
9.723134996892150994e+00
2.215727169493350601e+01
3.514897911138449871e+01
3.912229315602537127e+01
3.583263122568220638e+01
2.337102235743109446e+01
-5.242418848572605317e-01
-1.339928537269830144e+01
-1.468799061127930550e+01
-1.740399617623628359e+01
-1.636437973663056766e+01
-1.272609199098106103e+01
-7.279576181344536323e+00
4.703814116688512570e+00
2.317360752488582065e+01
2.869140897503531207e+01
2.051874826277702013e+01
8.199825489822833546e+00
-1.316350265628775418e+01
-2.381173422669566264e+01
-2.185914145526244212e+01
-2.092386691191646975e+01
-1.601027609075246261e+01
-9.686784146140452023e+00
-3.104938371206813486e+00
9.071804784149758660e+00
2.624473279332683262e+01
3.026491624606517661e+01
2.036797899463628880e+01
4.888226290103454552e+00
-2.087501690434010726e+01
-3.045817865564762883e+01
-2.151370068417666914e+01
-1.074278968819267988e+01
8.687395241300704285e+00
1.770791408014700252e+01
1.367233426953517750e+01
1.137766661763305542e+01
5.798625733425310180e+00
1.000811659359539751e+00
-1.431074123455118752e+00
-7.543798232140174420e+00
-1.614576142228220590e+01
-1.525106387781433881e+01
-4.571016049372348178e+00
1.109788139868379986e+01
3.484624724795457951e+01
4.086275936047606194e+01
2.692003382273512102e+01
7.986557373299058682e+00
-2.277127604314696185e+01
-3.828373936077777273e+01
-3.556221138049777153e+01
-3.336497702313722868e+01
-2.463325998040112097e+01
-1.435337700218395973e+01
-4.141362706103722147e+00
1.430612345058364809e+01
3.984694737827049948e+01
4.621588404605861911e+01
3.231472230141408630e+01
9.981511048223239868e+00
-2.761770559719734308e+01
-4.207908685586439645e+01
-3.007445667173488602e+01
-1.588860239388751516e+01
1.034393183144999284e+01
2.309021055590409333e+01
1.868418152822921385e+01
1.752022276981597670e+01
1.289249945579487111e+01
7.241566147752297233e+00
2.550859969259302584e+00
-7.787539111913424072e+00
-2.294589341745432520e+01
-2.571122026315399367e+01
-1.560351471652757382e+01
-2.815550198053483610e-01
2.461046234337507954e+01
3.247284724035111481e+01
2.092390221157539898e+01
6.376962315638257550e+00
-1.810399243836436156e+01
-2.844864074194325454e+01
-2.163698303964973846e+01
-1.496811871466513111e+01
-2.061929760927646349e+00
4.809412557808834698e+00
3.303957086943260624e+00
4.567436104338135294e+00
5.259657058091041115e+00
6.516279099288992960e+00
9.570447439160302494e+00
1.121034002888281833e+01
1.197383322181483400e+01
9.931398823407333154e+00
4.346248771086120399e+00
-3.487019467306738285e+00
-1.437231016346556167e+01
-1.833295894771480761e+01
-1.447099897991482109e+01
-8.322012435402148967e+00
2.820178685122503914e+00
8.358387413957794720e+00
7.232524561418419040e+00
6.871733607310111402e+00
4.585581999799082986e+00
2.198865715662180254e+00
4.018309776144646239e-01
-3.880919099358267843e+00
-1.018374475909246257e+01
-1.139090812680041509e+01
-7.336027529930924551e+00
-1.116928468787190543e+00
9.061477514018410062e+00
1.327891466085740824e+01
1.067605655533090392e+01
7.532451439029700602e+00
1.301961603799942191e+00
-2.437178905289546726e+00
-2.839577819695409122e+00
-4.694369597050296328e+00
-6.563466461535641727e+00
-7.104165508959797037e+00
-6.663663101040668835e+00
-4.744356800616052361e+00
-1.049948714398883487e+00
3.314641777181230320e-01
-7.281999880581018214e-01
-1.975351233193810119e+00
-4.385117480043849270e+00
-1.503526879737974387e+00
7.404360668014080993e+00
1.850264463778216850e+01
3.358265331782929763e+01
3.468962284478287472e+01
1.995403038038734067e+01
-5.909170541241778318e-01
-3.193687435300481781e+01
-4.534182584521675352e+01
-3.796353997722636109e+01
-2.786790807659062352e+01
-7.454174964496356637e+00
4.831723323162091077e+00
6.485087461975215462e+00
1.278809378035833078e+01
1.905645426294019629e+01
2.099868545993724922e+01
1.967648677830881354e+01
1.343259170186902551e+01
1.281688305558596142e+00
-5.226625150183505042e+00
-5.881902408697674112e+00
-7.240127676458228301e+00
-6.659036591974805575e+00
-6.872408595253608254e+00
-8.485481738569362165e+00
-8.089089163699917151e+00
-6.323431839576448610e+00
-4.200731392622070182e+00
-1.261072070405455436e+00
2.604302030589945360e+00
7.355274645458615090e+00
9.682955295324799039e+00
9.275563143811268674e+00
7.735150545579368320e+00
4.118032057614060548e+00
1.144347624807149355e+00
-1.008718708214699111e+00
-4.521823754643634174e+00
-8.798141791810158097e+00
-9.721812207559377583e+00
-7.132831131950977621e+00
-2.547554820896355210e+00
5.152113391816093291e+00
8.319612077077652046e+00
6.387221955924438532e+00
4.020740082255841230e+00
-7.185933864200139132e-01
-2.259491460565906884e+00
1.495074885674299581e-01
2.242926217038416326e+00
5.485170730509245196e+00
7.127140091378144859e+00
6.558160963395715193e+00
6.274328082407128804e+00
5.479873801430812819e+00
-5.316950658697144894e-02
-1.054119413813173445e+01
-2.467898025247886906e+01
-4.367914104000134756e+01
-4.466425327478355456e+01
-2.561463568088027998e+01
1.537044464845059633e+00
4.308115399677432578e+01
5.949770750818907317e+01
4.704944074238439100e+01
3.008196486298685812e+01
-1.835578292487266339e+00
-1.863317103722900114e+01
-1.650196278179380727e+01
-1.866951006283258963e+01
-1.739244750640358106e+01
-1.390035843853568487e+01
-1.024909991101765350e+01
4.150647704418000128e-01
1.763608577851579184e+01
2.310653370229626447e+01
1.651141454506778317e+01
6.465808677999048015e+00
-1.148369494542222036e+01
-1.891097521568424966e+01
-1.405526265148979093e+01
-9.455738788063447586e+00
-4.308474180856036173e-01
4.624805376464581563e+00
4.077999111502852436e+00
5.758493882242390782e+00
7.399427629287803398e+00
6.421311148302025096e+00
3.388730450805849337e+00
-2.283061788364411537e+00
-1.116068237432767596e+01
-1.358720754419991827e+01
-9.029984322108909112e+00
-2.625295034890188894e+00
8.086941026305810354e+00
1.264907607237785570e+01
9.970319634408237874e+00
7.121809122103504919e+00
1.386605028530476291e+00
-2.431920761562632372e+00
-3.453967825987974027e+00
-6.233347215801427588e+00
-9.513513032270846992e+00
-8.888639349857189842e+00
-4.426523646704144888e+00
2.771215007152522780e+00
1.384719090420173870e+01
1.604866850100604481e+01
8.402278183517809751e+00
-1.995933347538092484e+00
-1.849828871915923756e+01
-2.187037917299446121e+01
-1.009698187364175936e+01
4.824018442774597126e+00
2.805258276989003363e+01
3.426488222427948216e+01
2.052166236510088737e+01
3.234421455669308720e+00
-2.445587189889049640e+01
-3.523962922004321285e+01
-2.574568256325019888e+01
-1.480383577643734405e+01
4.921672954451738136e+00
1.435808698486448698e+01
1.059492676648494047e+01
8.896799273965282140e+00
4.158017729002337681e+00
1.941795741958023180e+00
4.060255450058475546e+00
3.691286161626544438e+00
2.493120036918586191e+00
1.767118693355478998e+00
7.611272392587886682e-01
1.382759321426490218e-01
-2.053981508252265137e-02
-2.605815342864623574e+00
-7.717371342549579794e+00
-1.395939775752151668e+01
-2.205289610401762701e+01
-2.193826632303484203e+01
-1.260400818378009546e+01
6.032875334110725518e-01
2.050110035162684596e+01
3.024898124123092558e+01
2.826597083099563079e+01
2.507397150208046099e+01
1.625623848341831845e+01
8.972168075616824723e+00
4.320819008710261144e+00
-4.897939507186578112e+00
-1.699167260657640455e+01
-2.414240973506071342e+01
-2.655095923815793668e+01
-2.674738671637008025e+01
-2.283400962281978508e+01
-1.555406834270991112e+01
-4.621271064278797525e+00
1.208264300877443276e+01
3.481763093272244447e+01
4.102420358283999491e+01
2.913638163549325810e+01
1.034579640573486614e+01
-2.141000059329749661e+01
-3.391950419206659717e+01
-2.425489823809851231e+01
-1.310520481217209543e+01
7.833892292836071469e+00
1.746065289354844197e+01
1.266580698466053967e+01
1.042271302267839772e+01
5.163137812833059392e+00
9.594681781813234611e-01
-3.228695141012078440e-01
-5.133771521235870772e+00
-1.218609703378418097e+01
-1.272127472229463763e+01
-6.828577653960802074e+00
2.308738505555476106e+00
1.683015113389073036e+01
2.113761777577629530e+01
1.394806399221937099e+01
4.527718859306502530e+00
-1.118191772006660045e+01
-1.836705502637732579e+01
-1.527524665114724023e+01
-1.239648671047430639e+01
-5.838983237278362104e+00
-5.579452891028137129e-01
2.291896978254027051e+00
8.318439736272782881e+00
1.622825139228153901e+01
1.731176449140158269e+01
1.145602113065123007e+01
1.828783054479091508e+00
-1.381289317044790366e+01
-1.833013287066073715e+01
-1.035392389806789737e+01
-2.861270628985013165e-02
1.709073474847303942e+01
1.967705760460220077e+01
5.285319376845222905e+00
-1.221681698809030081e+01
-3.857921171235451396e+01
-4.507476218071759888e+01
-2.824520737205476095e+01
-6.583101532741798323e+00
2.778067124540980259e+01
4.417371844345050391e+01
3.889446639081372581e+01
3.330093126364644007e+01
1.923154832864082309e+01
7.356186651921023056e+00
-5.601845097128538287e-02
-1.499045407299986010e+01
-3.476665359072435280e+01
-3.896728498443423661e+01
-2.722234591269897663e+01
-7.277588921119807708e+00
2.613589914257140379e+01
3.889186766179553700e+01
2.832519876000460002e+01
1.537545723273482778e+01
-8.660098513720882352e+00
-2.151718456168149274e+01
-2.011168332265600611e+01
-2.233032281190245882e+01
-2.240518995169464844e+01
-1.753250678228759440e+01
-9.013614010561699530e+00
6.482178308423803159e+00
2.960794992514887269e+01
3.662728507981240966e+01
2.634461305936951803e+01
1.082343710533759129e+01
-1.601001328692015946e+01
-2.701444894197334889e+01
-1.952859171134015881e+01
-1.169291791061728425e+01
3.483288719469314731e+00
1.152436112922406153e+01
9.957077843941920747e+00
1.146809202672970862e+01
1.221044082729895841e+01
1.013437454451281283e+01
6.282684367855235763e+00
-1.453555350757205211e+00
-1.344907931036207849e+01
-1.816939031028551810e+01
-1.518503064740189323e+01
-1.041573132078389996e+01
-1.004980821872316188e+00
4.224670690309102916e+00
4.352144532081632100e+00
6.007035546271141335e+00
7.001013530608052982e+00
6.499677395129161539e+00
4.987856642203539970e+00
1.119250124134371083e+00
-5.303114043438637459e+00
-7.517381914806247956e+00
-5.295537619631324411e+00
-2.121084740293091020e+00
3.666690817289207427e+00
6.107896760399332159e+00
4.568778369230497738e+00
3.281956419792532831e+00
7.248896604338803673e-01
-5.943306525514474581e-01
-1.268045611409329143e-01
-3.048789532144110526e-01
-4.317901018591873141e-01
-1.409406455005700165e+00
-3.590767866988403778e+00
-5.998871975237090481e+00
-8.955639983066754795e+00
-8.974238940972801615e+00
-5.621326908997974492e+00
-8.224854479887722114e-01
6.435300848414304831e+00
1.042244599906658564e+01
1.060630607981239670e+01
1.063049400198352323e+01
9.004368821658390587e+00
6.034906571185162605e+00
1.901932669306225288e+00
-4.825528857112075798e+00
-1.417460070129109084e+01
-1.653260576167654605e+01
-1.131901955193209197e+01
-3.225055200075768624e+00
1.029487751326081657e+01
1.558439892695496987e+01
1.139938603328984357e+01
6.474994994404128512e+00
-2.715948334204193237e+00
-7.295276717792737564e+00
-5.965772799804994087e+00
-5.904611999166431424e+00
-4.780539969318707172e+00
-2.394399850366422111e+00
6.486837163654564087e-01
6.148283408278826911e+00
1.410765769259786850e+01
1.338160605011332116e+01
3.302162879798867134e+00
-1.077808364173009892e+01
-3.181784936282004850e+01
-3.594288032951935463e+01
-2.091128260438701147e+01
-6.285629305086966045e-01
3.131883825970367852e+01
4.343408732107738501e+01
3.233239165330377318e+01
1.851431774672612107e+01
-6.387692587791296894e+00
-1.776296674679427667e+01
-1.225105120938674474e+01
-8.649340107671699585e+00
-4.519201540304481068e-01
1.244942337040251701e+00
-6.112884469791131536e+00
-1.193261042693788632e+01
-1.939645209074325294e+01
-1.956867009883353248e+01
-1.048813725927317009e+01
1.050386926044017510e+00
1.782819973364511412e+01
2.605318081597211943e+01
2.407463452168860485e+01
2.092253949057928608e+01
1.284092163406290865e+01
6.265346010343591843e+00
2.175181888828715771e+00
-5.760512682988665922e+00
-1.600090835489235985e+01
-2.093618261780047618e+01
-2.063652804473649383e+01
-1.760790191322963949e+01
-9.941054090381484798e+00
-3.408984200571192336e+00
1.776252750768093636e+00
1.012481507600365482e+01
2.044713820515637082e+01
2.194565196067864576e+01
1.408690523154379726e+01
1.155042716417059134e+00
-1.979918767662882217e+01
-2.652781935041206651e+01
-1.724471932053954859e+01
-5.209351588609932193e+00
1.534228488692146009e+01
2.398982147319887659e+01
1.827851996996847461e+01
1.279674617698866079e+01
2.178507532339878150e+00
-3.080713003967415986e+00
-9.784491724846153815e-01
-9.487315287798203656e-01
-1.209284555483987889e-01
-3.350316237035524392e+00
-1.205579288819231820e+01
-2.164545565287893680e+01
-3.368689628095746258e+01
-3.305605781098177687e+01
-1.786640745710965916e+01
3.405353996121267546e+00
3.513640842860460367e+01
4.887569390218119025e+01
4.189822186444207119e+01
3.165502313458475570e+01
1.060233678402601676e+01
-2.164760248532926923e+00
-4.209465847239927783e+00
-1.111680411993177486e+01
-1.808752504149046558e+01
-2.377349158423871600e+01
-2.956194293363479630e+01
-3.234402343905150445e+01
-3.199168641198576779e+01
-2.606504017820461172e+01
-1.343096098857281895e+01
5.093402112176482532e+00
3.076105082410743208e+01
4.511722542284162785e+01
4.679969936291831800e+01
4.595985687067876313e+01
3.774240537769382797e+01
2.579883576340094109e+01
1.052305872390652119e+01
-1.415661010356132010e+01
-4.783871897957429553e+01
-6.141934817795789314e+01
-5.336024388961433829e+01
-3.758578314999913061e+01
-6.462937344862647038e+00
1.173116017695133806e+01
1.460096368703364611e+01
2.239837706489953106e+01
2.825442669912617433e+01
2.813076287097910466e+01
2.326934191264261642e+01
1.012189754253549978e+01
-1.241815125130166741e+01
-2.128569454393504401e+01
-1.567671992926848290e+01
-7.899660087778642037e+00
7.661405477919980278e+00
1.132300836276261080e+01
8.436159397948512773e-01
-9.751659898027099871e+00
-2.556512781399408851e+01
-2.905412949552083290e+01
-1.748875268743479339e+01
-3.335494499087879205e+00
1.836954820389784260e+01
3.045010809445328803e+01
3.059507276772885120e+01
3.125197870438621806e+01
2.779031875649536332e+01
2.041750493914550901e+01
9.902108805559896254e+00
-7.816425098962955786e+00
-3.287248995439135513e+01
-4.406040326870004264e+01
-4.037866895753079177e+01
-3.231857641434456241e+01
-1.444181887506711526e+01
-2.505215311905924835e+00
2.071799330008308182e+00
1.156854423405464338e+01
2.226606252816500131e+01
2.773564173430366253e+01
2.857646712569409786e+01
2.501201262195128905e+01
1.543117603570205709e+01
7.025468389048654672e+00
-2.934424782115424568e-01
-1.158041713172609910e+01
-2.546133746262917086e+01
-2.955872189120877636e+01
-2.323797477535720191e+01
-1.144388552458895170e+01
9.214509477731638754e+00
1.812642020365405315e+01
1.374533960804584787e+01
8.995268874208889542e+00
-1.305723891422390537e+00
-6.434951646678658044e+00
-4.687053222888969195e+00
-5.456367493142074032e+00
-5.965375100070113845e+00
-5.819371222696396728e+00
-5.952494513587772929e+00
-4.382796681834963515e+00
-1.200469130591278910e+00
3.483700391918262085e+00
1.012030186558957823e+01
1.876200270845863827e+01
2.963595951965939079e+01
2.900489343857568869e+01
1.561987363369125781e+01
-3.747692963946914535e+00
-3.295921362958217316e+01
-4.339931120223047145e+01
-3.248132732444386761e+01
-1.726532391038979952e+01
9.823663495506306020e+00
2.202038003620354090e+01
1.621971281212311666e+01
1.165635920784303003e+01
1.373720397832209450e+00
-3.619224259078696715e+00
-8.998561128654927188e-01
-1.424899163808787117e+00
-2.169839534637028056e+00
-2.085512907245387293e+00
-2.303447290084314591e+00
-9.513167173389363018e-01
1.951917907720433165e+00
3.547796349067465993e+00
4.004856876514237385e+00
4.688970026376793498e+00
5.033506516996116176e+00
4.426615635516597536e+00
2.873352358621032110e+00
2.369258674460297254e-01
-3.691694082046693470e+00
-7.075181162353285202e+00
-9.881802987234745927e+00
-1.322691306469499928e+01
-1.670103115692207751e+01
-1.581052233919763594e+01
-1.017096957540678837e+01
-1.566509304668421088e+00
1.131881908376890955e+01
1.978841112464194651e+01
2.321446102103449149e+01
2.698348686202539426e+01
2.891096183535205100e+01
2.366580568923293626e+01
1.093668213792899557e+01
-8.636348516208579795e+00
-3.676208087677468939e+01
-4.677411202705915372e+01
-3.673684529290001421e+01
-2.103076918441437471e+01
7.375445526363559878e+00
2.040035398385267484e+01
1.521561511974500824e+01
1.130585645859202160e+01
1.503548504753684956e+00
-1.775716377022050985e+00
3.998060292345498645e+00
7.057020217596567946e+00
1.078861156654495623e+01
1.038944834259924477e+01
4.109809570080092733e+00
-3.122512947212379597e+00
-1.299087558981836921e+01
-1.564759329568536650e+01
-9.736184393092607081e+00
-1.413811645243908011e+00
1.214656491691392048e+01
1.720409582519256375e+01
1.229063363099312234e+01
6.440881013915851661e+00
-3.980038881217002444e+00
-1.116754998075028382e+01
-1.392257949136735462e+01
-1.904310514591058023e+01
-2.452116572064426236e+01
-2.283671104656425044e+01
-1.392376049775408120e+01
2.617642661147331351e-01
2.175967926121622753e+01
3.329497005854261005e+01
3.370680667968967015e+01
3.313294118403668165e+01
2.719893077815230953e+01
1.862324389700430771e+01
7.983435562612881675e+00
-9.772128260680135625e+00
-3.427207545381487819e+01
-4.518277136536652705e+01
-4.159104412426098918e+01
-3.317878789407640738e+01
-1.469630735077593542e+01
-2.903717249728558158e+00
7.918684187749519543e-01
9.020804338929988120e+00
1.781695646246327058e+01
2.426649417856840785e+01
2.928853635032627167e+01
3.123346835064295490e+01
2.945523861842019997e+01
2.174777937682349815e+01
7.094726549330675702e+00
-1.426925016867284413e+01
-4.354870167006946247e+01
-5.119025909430833110e+01
-3.481981811459050391e+01
-9.780992388379011970e+00
3.194217570151061381e+01
4.762727614892357764e+01
3.325030565972117813e+01
1.620842784993689989e+01
-1.459830808215155074e+01
-2.997384458303595522e+01
-2.573740577454990941e+01
-2.509605112321467502e+01
-2.036831411427293048e+01
-1.379421056158294334e+01
-7.546042941385558755e+00
5.704006180331401943e+00
2.519576058207891833e+01
3.420827669253436909e+01
3.254414131294283408e+01
2.777496586175812965e+01
1.583838664736455293e+01
7.050770286829735056e+00
2.273634394997507080e+00
-6.920377520503148361e+00
-1.819805327216641899e+01
-2.638977565229244249e+01
-3.195894817754027528e+01
-3.568391032424376164e+01
-3.635044928398447439e+01
-2.980750036826058391e+01
-1.517510679927545247e+01
6.795014584693857884e+00
3.774856170357934104e+01
5.286103375540942295e+01
5.034524831907402387e+01
4.373942358368817906e+01
2.652436447723626145e+01
1.188268005116205650e+01
1.171611004623817731e+00
-1.763635244918359746e+01
-4.160419867678999850e+01
-5.007541483301360330e+01
-4.256283583356425737e+01
-2.680782307161196343e+01
2.604757998669788854e+00
1.740654152537122812e+01
1.562538754680591069e+01
1.565209904564596144e+01
1.056805680546208137e+01
8.008596641054648302e+00
9.885949881357484870e+00
6.956764709005404335e+00
1.185469983578907094e+00
-2.257030024846532257e+00
-4.225081521164034015e+00
-5.836319159554721026e+00
-6.151024540103196436e+00
-5.076337642683848017e+00
-2.419807521740370504e+00
2.530008522870674348e+00
1.002539770223635607e+01
1.235894234377293088e+01
9.089774152815166985e+00
4.243843672826890234e+00
-4.168033814687966299e+00
-9.792495044368981993e+00
-1.200012951866107436e+01
-1.554558178679431180e+01
-1.886716936652436161e+01
-1.665262548350633054e+01
-8.770315898261536347e+00
3.527380557952664475e+00
2.174980912035422875e+01
2.911711306434320790e+01
2.441741422936724248e+01
1.706326462573524338e+01
2.691067688880186992e+00
-4.834838294335730424e+00
-3.989388972123307564e+00
-5.132807068461604949e+00
-4.770205953697917778e+00
-6.349038927406177812e+00
-1.106923697493490266e+01
-1.450442670351130658e+01
-1.769041233099061117e+01
-1.545749869862244630e+01
-6.676871759865458777e+00
5.451438070341088071e+00
2.264551633698684796e+01
2.758303793596072140e+01
1.861443465413364962e+01
5.556681352946948316e+00
-1.630450778270411405e+01
-2.497682131374656223e+01
-1.820517813641593463e+01
-1.057366726682968761e+01
3.659860105930915264e+00
1.249988845825281736e+01
1.399610166197918026e+01
1.867580994049401966e+01
2.340684843739519039e+01
2.107292131255731960e+01
1.202083510467415906e+01
-2.880722365275703467e+00
-2.548641690256326697e+01
-3.441665485607676800e+01
-2.826875536012129331e+01
-1.896337633817496027e+01
-1.010838824360461574e+00
8.446102996677579355e+00
7.491837204104920822e+00
8.986321842572856156e+00
8.600661962718437081e+00
8.011124542785278635e+00
8.443466352967652355e+00
5.626275118139807851e+00
9.043549421176994008e-02
-3.256555739896526358e+00
-4.749533501688488535e+00
-6.447657024733079112e+00
-7.351717005184530862e+00
-5.611508580939418067e+00
-1.060186814815647249e+00
6.225017591718743581e+00
1.689669414033502903e+01
1.920879673980995150e+01
1.231047421423173027e+01
2.456221457731348146e+00
-1.346295780972548783e+01
-2.044574895104646473e+01
-1.700448831629919866e+01
-1.297634244322633101e+01
-4.457015313302155946e+00
1.739710005265014736e+00
4.446020850623807696e+00
1.019495082833328503e+01
1.725964032481293131e+01
1.767477685747688554e+01
1.141592856943664280e+01
9.362704932839369665e-01
-1.584120393616643874e+01
-1.998254524780272234e+01
-1.003586991857951460e+01
3.120858320769161587e+00
2.441589970262601739e+01
2.605612433036258224e+01
5.004450210459130410e+00
-2.138566707302511105e+01
-6.063597469409755547e+01
-6.877979464970924539e+01
-4.084944795658432071e+01
-4.101901417492919144e+00
5.348747965302147378e+01
7.838413969289685213e+01
6.451225015991040834e+01
4.770500829746355720e+01
1.370962026293568314e+01
-6.399311750468860360e+00
-7.771911367864136722e+00
-1.728691628335760910e+01
-2.687683822824372015e+01
-3.256858535390709619e+01
-3.667476631622756855e+01
-3.472194457124162881e+01
-2.608212668962348602e+01
-1.631565995209322750e+01
-4.487241846195047401e+00
1.291398484487420362e+01
3.525073294901445564e+01
4.447079270653694039e+01
3.938120351045279932e+01
2.836070436961155039e+01
6.494136226106510534e+00
-6.468158842568854539e+00
-8.999193386748103762e+00
-1.498078908875019621e+01
-1.965240798427626956e+01
-2.092853848043466414e+01
-1.970630174684201563e+01
-1.319650485399637141e+01
-8.192475904539212594e-01
5.567387437646205584e+00
5.815324028195670181e+00
6.352185639880157275e+00
4.452815780507028975e+00
5.045888965076911425e+00
8.882124559007920084e+00
1.142558243498754500e+01
1.389582769627137893e+01
1.223311893704013897e+01
5.476273148708407312e+00
-3.583284302148320499e+00
-1.629003540159058616e+01
-2.149783850452263323e+01
-1.808676958282643810e+01
-1.258713194426452020e+01
-1.965099118786616028e+00
3.769682261053694639e+00
3.535424709059549198e+00
4.762032947958331874e+00
4.926792784339601994e+00
6.005933369224266904e+00
8.800159061571214636e+00
1.035056722622948122e+01
1.124801418289504795e+01
9.315573176338764583e+00
3.872318386355522613e+00
-3.656409832918648295e+00
-1.409621457513741483e+01
-1.808966925835373374e+01
-1.477564783128668502e+01
-9.396244349396363660e+00
5.890766967640220786e-01
5.567114574964005413e+00
4.565289723481885886e+00
4.398296022485751244e+00
2.630984575590890273e+00
2.423609621658971314e+00
4.581002445571281889e+00
5.624711539264008131e+00
6.430894824314807856e+00
5.491109864777682148e+00
2.210289893373601711e+00
-2.045566875653312522e+00
-7.858412319826984849e+00
-1.036573646674619020e+01
-9.042829304266961188e+00
-6.745346243672329933e+00
-2.129655677968556482e+00
9.304218653707130304e-01
2.024918726923644385e+00
4.193496935031803652e+00
6.489503813588100023e+00
7.822539995085509013e+00
8.374944122400506785e+00
7.927224489160091814e+00
6.211122366370170234e+00
5.189043037770228572e+00
4.856751490053438758e+00
3.994419569460467390e+00
3.012649969143224471e+00
-2.392801214802400711e+00
-1.277343975257662656e+01
-2.582137005591209800e+01
-4.280304497687244236e+01
-4.285035135489835056e+01
-2.391506435318754953e+01
3.026076868194007119e+00
4.381155240202319590e+01
5.913667960631926235e+01
4.529830565571814560e+01
2.616574395588504487e+01
-8.681778534820473681e+00
-2.672005173327216809e+01
-2.401400403516194970e+01
-2.498728593432434408e+01
-2.125821707669540572e+01
-1.405398998581019931e+01
-5.396143327985547522e+00
1.215136061097698850e+01
3.824201575391610675e+01
4.227484903421053986e+01
2.289700133627819412e+01
-5.317362180797681859e+00
-5.024639819090491244e+01
-5.879108177814224234e+01
-2.594977092037892774e+01
1.627023650885521278e+01
8.197136536732625700e+01
1.002776611603198802e+02
6.318132765454787148e+01
1.632931371892482986e+01
-5.939566206329688214e+01
-9.531953848454907074e+01
-8.283045147288122223e+01
-7.091050458296869863e+01
-4.129002238898159050e+01
-1.713589160328211136e+01
-3.767781800747707077e+00
2.520451529805172797e+01
6.380004074796858049e+01
7.878167375802782146e+01
7.048109142885995482e+01
5.032546196193206356e+01
1.007420469090749471e+01
-1.184649847380316601e+01
-1.295799014544636130e+01
-1.894974367610740984e+01
-2.064383106949700775e+01
-2.477636105271423261e+01
-3.390414346859547123e+01
-3.755830501723443859e+01
-3.758838085688230279e+01
-2.906942076242434680e+01
-9.727972918792453072e+00
1.701739375818665678e+01
5.340895470672819556e+01
6.316166028073097749e+01
4.296434558245966429e+01
1.227804518085219065e+01
-3.886590877753181417e+01
-5.862360334212171153e+01
-4.203303930985863701e+01
-2.257814805366812294e+01
1.322037546871472280e+01
3.311236844974158089e+01
3.229409207684435756e+01
3.743356970424447638e+01
4.010233560891509796e+01
3.322135066081106913e+01
1.852061375063017223e+01
-7.454114760120241101e+00
-4.644675688798523794e+01
-6.255922389728748101e+01
-5.398123578099951914e+01
-3.964163731566554816e+01
-1.045869504421890994e+01
6.379812743133873809e+00
8.024295170280041134e+00
1.521740535399631788e+01
2.125418744696024476e+01
2.640483564903867020e+01
3.256522044191154208e+01
3.434431736365380061e+01
3.203592217797599773e+01
2.489917913434379670e+01
1.159915085819744540e+01
-7.585565258997181814e+00
-3.358212141163430431e+01
-4.707361086554931262e+01
-4.658369626651790441e+01
-4.240854238856752545e+01
-2.938565365307487554e+01
-1.640490171630674610e+01
-4.259579506646464786e+00
1.592167345509598775e+01
4.234133162554375218e+01
5.206223147111975891e+01
4.415224232082650246e+01
2.838012560699408482e+01
-1.302191471129008349e+00
-1.674614655509153494e+01
-1.580422220943957434e+01
-1.733135711577143923e+01
-1.441943098599919537e+01
-1.175858175513381454e+01
-1.108610700263363213e+01
-4.579609463118980095e+00
6.576330000413626919e+00
1.111637548936654873e+01
9.321472001193230383e+00
5.880117817597603214e+00
-1.781930647019804193e+00
-5.428535268297407512e+00
-4.350962986754668194e+00
-4.623015555000010046e+00
-4.271904163275360489e+00
-3.757772762762051411e+00
-3.675367765269847986e+00
-2.280707184608580018e+00
2.280859070546964462e-01
3.000888277506482904e+00
6.299438517281921612e+00
1.042892186674573907e+01
1.532225624434083677e+01
1.432595038668057619e+01
6.814607742484546371e+00
-4.086645215845202905e+00
-2.028377543984854015e+01
-2.465179975962076853e+01
-1.566648855994768041e+01
-3.183236865285091532e+00
1.737275832156700517e+01
2.454775274901210835e+01
1.604599769438727108e+01
6.012010213064777453e+00
-1.122001971130784348e+01
-1.877492764407691084e+01
-1.428186355513197547e+01
-1.053117222953254384e+01
-3.010379987911680821e+00
1.502034000916747658e+00
1.400319594749686702e+00
3.644815987192739914e+00
6.340763864490618573e+00
8.053819452095675402e+00
9.435849126561658196e+00
9.674175710196275091e+00
8.567099779540534144e+00
6.878636861778812062e+00
4.374231008611651816e+00
4.745219948788784170e-01
-4.808691537356542867e+00
-9.346056071192180070e+00
-1.308510147535855239e+01
-1.713281165279980911e+01
-2.097487691796614229e+01
-1.840769071958400716e+01
-8.807734827332694749e+00
5.366181241916955891e+00
2.598181209573797545e+01
3.222835372091270045e+01
2.236736810789290075e+01
8.026642560983901831e+00
-1.634485936873322487e+01
-2.623716639074079993e+01
-1.910900620062846045e+01
-1.143760084552349277e+01
3.155865507249867363e+00
1.246880256857712510e+01
1.437438718090822043e+01
2.001028255537469391e+01
2.617763411533174533e+01
2.417903523421943035e+01
1.432373939630897475e+01
-1.803874882767912968e+00
-2.645316561452422377e+01
-3.787358807597198762e+01
-3.465019253836717184e+01
-2.923355608174106024e+01
-1.609556453624959005e+01
-6.811481814569741111e+00
-2.850131646465438706e+00
6.017902887807531798e+00
1.701253923105851484e+01
2.476863999541742700e+01
2.995258469561873937e+01
3.306413684181910639e+01
3.290072776811710753e+01
2.524740581791138538e+01
9.155410040207616618e+00
-1.458159026913352818e+01
-4.766161579459248543e+01
-5.824987833230176903e+01
-4.385884501776257594e+01
-2.136997460018102046e+01
1.775686550000749975e+01
3.380032424678946512e+01
2.291774617482947107e+01
1.150650553190823899e+01
-1.066621392928586154e+01
-1.558590272566209123e+01
1.028817662018372214e+00
1.740531211315190419e+01
4.113825743048197126e+01
4.562052280339825927e+01
2.652948485153442348e+01
2.703429900029647559e+00
-3.350413263805300090e+01
-5.093269495345587927e+01
-4.564617188637353706e+01
-3.908987626407093074e+01
-2.283020724398301482e+01
-9.522134394807515889e+00
-1.497690925131008211e+00
1.449807232647148680e+01
3.533471952646542746e+01
4.243209755248401649e+01
3.570619309603420533e+01
2.169752793035265981e+01
-4.328695714101179703e+00
-1.731248587435532826e+01
-1.554250000135615473e+01
-1.522753185187850100e+01
-1.024251482317450446e+01
-6.026756175727742360e+00
-4.118465364197925638e+00
3.052149294612549468e+00
1.414171346595121648e+01
1.766450351911790051e+01
1.372645719507660367e+01
6.939771370927017458e+00
-5.446638927588007384e+00
-1.273764306543582059e+01
-1.410172956511177667e+01
-1.700707548468344754e+01
-1.887220092993180032e+01
-1.526738619064159153e+01
-6.322702895946948232e+00
7.941462090334148627e+00
2.881115382098077760e+01
3.435874433243029102e+01
2.304895757714037785e+01
6.569900349135464168e+00
-2.084767581965741812e+01
-3.029598479504031872e+01
-1.887925487809469871e+01
-5.332612967120354597e+00
1.791711467965696869e+01
2.436340760248888770e+01
1.047073265127205310e+01
-4.826608953267310653e+00
-2.868906558044402999e+01
-3.554007240046927762e+01
-2.167794088566678923e+01
-5.223328007401820905e+00
2.092064200944114916e+01
3.330395422163100960e+01
2.864361343485133204e+01
2.413912808668489873e+01
1.343167540438373386e+01
5.161322486923620723e+00
1.268251451362270910e+00
-7.734466114413356408e+00
-1.958371742451077324e+01
-2.456823250835012118e+01
-2.297175653425529873e+01
-1.772253282149258169e+01
-6.453397966018004972e+00
8.313432904429421955e-01
3.616890360133500071e+00
8.814009410535517119e+00
1.414075496285118483e+01
1.545201444156397486e+01
1.293607260511434198e+01
6.802720275745702594e+00
-4.087713179499560034e+00
-8.876752920195142949e+00
-7.029154904773077917e+00
-4.854929715554053615e+00
2.976249731609234561e-01
2.728169701382186396e+00
1.615491011893921192e+00
1.861318353113207813e+00
2.023520157490534377e+00
2.479280509519615538e+00
3.783241618416085306e+00
4.649639510471682335e+00
5.302010079409301468e+00
2.799569474998019558e+00
-3.368337583184187523e+00
-1.164920565307013867e+01
-2.298977616689596815e+01
-2.362902731745909790e+01
-1.227812143469344441e+01
3.674157325344228120e+00
2.802199338318015265e+01
3.460109745553086213e+01
2.086728194221856114e+01
2.579099167315447527e+00
-2.726314418879911727e+01
-3.761032662718034913e+01
-2.495172060052440699e+01
-1.004321961887544568e+01
1.537562729415807183e+01
2.760245189061620152e+01
2.324332066741147074e+01
2.053665184298954216e+01
1.314996745215353435e+01
6.599461380783520958e+00
2.805351769601860390e+00
-6.104014831124834117e+00
-1.858641915812336265e+01
-2.299715389747752781e+01
-1.937955540306404600e+01
-1.216441856417986678e+01
1.507496445416570685e+00
8.714995676727250284e+00
8.512925563327364387e+00
9.570406948163963534e+00
8.744801301913049940e+00
6.365444679941365536e+00
3.064138054070145945e+00
-3.855539647373606549e+00
-1.436290349799754118e+01
-1.679806007869957796e+01
-1.067125666252978711e+01
-1.657884329495136866e+00
1.321195944508330555e+01
1.852356616504312115e+01
1.281335558180443002e+01
5.966961253133177046e+00
-6.023641132743438042e+00
-1.093059290011240314e+01
-7.073247957587635248e+00
-3.622146322332327806e+00
2.685726373337437689e+00
5.762825317091798460e+00
4.346369458729653523e+00
4.028455010394931257e+00
3.105588469812063934e+00
2.430871835447541596e+00
2.632369190208055265e+00
1.918300362718184271e+00
6.235755144410964901e-01
-2.612842107336822206e+00
-8.214160916579432481e+00
-1.529659574433184233e+01
-2.437723233729044026e+01
-2.455080299063245164e+01
-1.476108115786060182e+01
-6.497500321054184846e-01
2.084259352667073628e+01
3.134120153351370064e+01
2.916437847865969601e+01
2.579391257642376090e+01
1.643480480507351160e+01
8.194422531999814296e+00
2.215578299908147031e+00
-8.992855734168538007e+00
-2.377544931936260397e+01
-2.873229263070853179e+01
-2.359042216918167156e+01
-1.356378139039232877e+01
4.804610390221991878e+00
1.403050913425171942e+01
1.283468333806795414e+01
1.264968554139166557e+01
9.173271939539899833e+00
4.292872490879659608e+00
-1.100270441396537846e+00
-1.142737715818289601e+01
-2.630326067592394779e+01
-2.895180650520905274e+01
-1.862673541231468022e+01
-3.184272879359387964e+00
2.171992432663588346e+01
3.270655640531041541e+01
2.767568748719240190e+01
2.154440542647686385e+01
8.286927736609344564e+00
-6.416367317830993233e-01
-3.407741079160687914e+00
-1.053374564516291123e+01
-1.911833189846349867e+01
-2.115257874141878958e+01
-1.702705452832261201e+01
-8.311982756080610102e+00
6.990106056533762491e+00
1.364920727113390519e+01
1.077811302670117222e+01
7.479295410953208822e+00
-3.677800459106483899e-05
-2.186654051051918568e+00
2.268771472359906838e+00
5.771962533058114353e+00
1.079763757354338694e+01
1.239131069857456424e+01
9.384509285483197516e+00
6.100370528454120311e+00
1.040400399860329284e+00
-7.238132491657886192e+00
-1.857846321749352114e+01
-3.362611054484157336e+01
-5.283206717550339704e+01
-5.177355406798081106e+01
-2.836792309107206478e+01
5.394049604251062391e+00
5.630153245643739979e+01
7.683187748794499328e+01
6.269516075740727246e+01
4.254975984145352186e+01
3.869849905862908557e+00
-1.616325414823056761e+01
-1.301822993766900716e+01
-1.513276388743780032e+01
-1.298770305677785331e+01
-1.527675026343993281e+01
-2.524069960046903205e+01
-3.110894356620042345e+01
-3.552099631612809816e+01
-2.996230223690978534e+01
-1.190649758652382850e+01
1.270433316943705826e+01
4.696835061729304783e+01
5.748033187968041346e+01
4.101687015316086615e+01
1.636174370199043082e+01
-2.562553475197533714e+01
-4.280253137814117537e+01
-3.091958890834422746e+01
-1.806060272142813972e+01
6.717841225132128891e+00
1.969472587911941730e+01
1.698114150083501528e+01
1.899237928004035680e+01
1.945590993215692777e+01
1.541947557509147160e+01
8.554171174541290057e+00
-4.771993922167871993e+00
-2.509712571921876645e+01
-3.349992451500789770e+01
-2.928245038316867266e+01
-2.209973875392249099e+01
-7.260412126469986127e+00
5.805213286237786985e-01
-8.815818802814340271e-02
1.706967301740943688e+00
2.335133168060040454e+00
9.105861562973508683e+00
2.371189874382729457e+01
3.985549599056851378e+01
5.973887208014902939e+01
5.813827259221554300e+01
3.202324222281375654e+01
-4.873675425335896705e+00
-5.984723737114992304e+01
-8.299693663562517543e+01
-6.963106992528278738e+01
-5.002843067520358744e+01
-1.095654567786901090e+01
1.217464911630335322e+01
1.498276058981638315e+01
2.573077341007820351e+01
3.549628634089943091e+01
3.662211291500233301e+01
3.096417885801621495e+01
1.507798644191004023e+01
-1.289259090328416768e+01
-2.488051001405607821e+01
-1.993701845043809584e+01
-1.343374861640540452e+01
1.382211066020614831e+00
7.723015762600695666e+00
3.440356519928305712e+00
2.099218905903307064e+00
-5.316928335734869560e-01
-1.818652978018207467e+00
-1.944659402048523611e-01
-2.112797018122278547e-01
-8.990901589536564043e-01
-8.446258068008469788e-01
-5.550493041979202014e-01
6.872867359445844482e-02
1.189031631630611097e+00
1.204127024753206987e+00
4.621294362594253330e-02
-1.431844027595370772e+00
-3.623122924396339872e+00
-3.199116278403693947e+00
1.949091758026041399e-01
4.662114721458536337e+00
1.112592034832004195e+01
1.199205502194045003e+01
6.489293922779213908e+00
-9.799979484901173432e-01
-1.249203718662459117e+01
-1.675288901840303879e+01
-1.258376328268535893e+01
-7.156644762247411862e+00
2.537647988085437678e+00
6.482987628938598590e+00
3.405428850900312110e+00
6.307129843764472943e-01
-4.487142837590826439e+00
-4.410483962044605022e+00
2.125453936376212383e+00
9.371274722913998545e+00
1.945089264691455710e+01
2.078042461632442084e+01
1.182298268971641519e+01
-1.564469915927380328e-01
-1.844091274991853879e+01
-2.416971133532688398e+01
-1.530507116473188844e+01
-3.672804545482533989e+00
1.581589572521634679e+01
2.403459782277714751e+01
1.869071731438282313e+01
1.324632757737617617e+01
2.644181676452538099e+00
-9.201806476969052184e+00
-2.109926460352586375e+01
-3.918180931847702198e+01
-6.253459316501005105e+01
-6.244950470675455279e+01
-3.711688203045438428e+01
4.497472779112968722e-01
5.804445874961469798e+01
8.480217037558868753e+01
7.636236819849059998e+01
6.389681371027651835e+01
3.420601473561927719e+01
1.236814698720134231e+01
1.986872843144447565e+00
-2.014684802086809512e+01
-4.793351432446324623e+01
-6.085052546014683372e+01
-5.965654428865943260e+01
-4.957481087840416478e+01
-2.553365255383190657e+01
-7.580984135731094753e+00
3.610927716622077011e+00
2.231979399906338202e+01
4.423696210090036374e+01
4.964984640069975796e+01
3.804936966641663076e+01
1.561576929827188920e+01
-2.303737707486186181e+01
-3.992323390856154930e+01
-3.249222000923193576e+01
-2.386810970871069415e+01
-4.560482149595052270e+00
1.160652005505829898e+01
2.224827533437626670e+01
4.187638252291196039e+01
6.718014724105616153e+01
6.771826497733523809e+01
4.243339612450923681e+01
3.371072510339295558e+00
-5.753012233183672919e+01
-8.691556894585724535e+01
-8.055811875417313672e+01
-7.109328111124028737e+01
-4.486168857388377518e+01
-2.193996190943164493e+01
-5.571724706057741727e+00
2.540821584815900280e+01
6.632059224652661555e+01
8.101075120039028832e+01
6.888111270275928177e+01
4.386094012295712474e+01
-3.321965643587527328e+00
-2.786212483037149568e+01
-2.655293458451888711e+01
-2.906409104100094254e+01
-2.446874469569704758e+01
-1.890389925399327709e+01
-1.495113421647393537e+01
-8.503950069740870976e-01
2.191620004257475074e+01
2.962816644780810904e+01
2.218132973726415713e+01
1.014160202192719495e+01
-1.219022406209501241e+01
-2.208973680820398044e+01
-1.750689069114943308e+01
-1.409697877363083407e+01
-6.184831415971369317e+00
-7.664076515454896210e-01
3.742311424860497171e-01
5.162516782684921424e+00
1.169376141704392147e+01
1.276288844317320326e+01
8.684844929570921579e+00
1.435064678014322803e+00
-1.071382946002053593e+01
-1.535429607149954734e+01
-1.162532675782185798e+01
-6.959465851432217853e+00
1.773082392454810252e+00
8.342840904980468153e+00
1.184665393581780179e+01
1.788192944384045902e+01
2.490485335606536665e+01
2.365992505411720970e+01
1.384381957228140614e+01
-1.360464917068354485e+00
-2.446765655836175313e+01
-3.496145980060306613e+01
-3.128470682768125855e+01
-2.550366068450699331e+01
-1.232824205908429427e+01
-2.861563072218458181e+00
1.454825318898908870e+00
1.043879670475783783e+01
2.140506243829497990e+01
2.625616251992587991e+01
2.531701828321279990e+01
2.041987760559376497e+01
9.541882291924125070e+00
2.469607391378880301e+00
-4.139797907204058047e-01
-5.671508934846037242e+00
-1.110567559284816852e+01
-1.664862417824415530e+01
-2.286492123394807052e+01
-2.813089940621237517e+01
-3.248129743240743750e+01
-2.847287982006027818e+01
-1.492946507317945048e+01
4.752831471719931145e+00
3.298323972331225207e+01
4.706033078096810840e+01
4.512217062749066088e+01
4.026925541721421808e+01
2.652584547063024800e+01
1.396848616141992672e+01
3.818334301492577687e+00
-1.395615246337435345e+01
-3.713711089021236234e+01
-4.758157538698591082e+01
-4.491717913920482630e+01
-3.627556641430137319e+01
-1.698303950807495966e+01
-4.520833778939758574e+00
-7.731224826766580627e-03
9.123964457438573206e+00
1.883717488563243236e+01
2.645089430005835496e+01
3.286341754996540487e+01
3.628050174887543022e+01
3.609143065328407118e+01
2.740973959285281580e+01
8.921759968196651513e+00
-1.786892724052747283e+01
-5.495668155156898393e+01
-6.423947896130439972e+01
-4.257119093877590643e+01
-1.006897258773136627e+01
4.359567605550870439e+01
6.287876961939347353e+01
4.245089109059048837e+01
1.781268961198747647e+01
-2.553929574621700738e+01
-4.404542231347446801e+01
-3.177269668858310681e+01
-2.162839312548837967e+01
-2.054349589672215259e+00
8.873615005721465110e+00
6.921610834889826869e+00
1.020458942421628912e+01
1.362957624706719706e+01
1.325789787975673306e+01
1.067019905875450370e+01
3.652959664751255442e+00
-8.460169943936220349e+00
-1.284862594256034285e+01
-9.121513557210612078e+00
-4.046335693398752653e+00
5.471793190493629666e+00
9.262433983865925313e+00
6.161946843668701490e+00
3.575476088874887992e+00
-1.111255621369405366e+00
-3.810783617165505621e+00
-3.568028752266897641e+00
-4.451854356298543536e+00
-5.309122260372927116e+00
-5.953227470028782164e+00
-6.805630140130510597e+00
-7.031623774812773675e+00
-6.680232315453026537e+00
-7.293111176336704027e+00
-8.841960722085602242e+00
-1.062366286668305904e+01
-1.298475682426066236e+01
-3.008909093062199780e+00
2.063442693636928382e+01
5.161704281199862265e+01
9.365655298729329559e+01
9.642532896696776845e+01
5.514800416921709569e+01
-3.053487555733608971e+00
-9.206873264789122402e+01
-1.291093425191363906e+02
-1.061810537583071863e+02
-7.489967386700048735e+01
-1.341599010415646553e+01
2.089582012952404710e+01
2.046882444273768087e+01
3.127775157406959039e+01
3.863727850489189564e+01
4.282824175385866994e+01
4.806268038361636741e+01
4.250703062737382965e+01
2.674882543661349033e+01
1.281897993209971354e+01
-8.374030372162583058e-01
-2.004811492629598035e+01
-4.289529725307347263e+01
-4.982955904981832163e+01
-3.945242754573677502e+01
-1.982348002846585899e+01
1.460172294543500371e+01
2.981018317694142894e+01
2.326478977100559931e+01
1.631443080726235806e+01
4.159717520742273189e-01
-9.381640010531697271e+00
-1.052514314641023851e+01
-1.726544308228463720e+01
-2.578140969022977202e+01
-2.656496659392323423e+01
-2.034140079758511632e+01
-8.721940806841610438e+00
1.055893851041254194e+01
2.712481100212773555e+01
4.071402717997525400e+01
5.839780649213291497e+01
7.794595653569049887e+01
7.291023858413754510e+01
4.126944986599965404e+01
-6.213266579011855306e+00
-7.711035006781682455e+01
-1.095088100630893990e+02
-9.842604212372656036e+01
-8.030040886774570197e+01
-3.900798372154851279e+01
-9.834550568680526794e+00
2.783539943332079325e+00
2.953743919373184568e+01
6.189176801602895495e+01
7.528598672827305904e+01
7.073605564410544844e+01
5.347022565993722765e+01
1.731844186800296725e+01
-5.213081541419183118e+00
-1.278292782651843673e+01
-2.669536024716012790e+01
-3.953638082088161099e+01
-4.151417548298629612e+01
-3.331156717082870244e+01
-1.379279425975192552e+01
1.985956631095771030e+01
3.463128844868229095e+01
2.901847670628952613e+01
2.169615031810948835e+01
4.590174007971944192e+00
-1.057047119900634158e+01
-2.200988903523409590e+01
-4.207485324485516998e+01
-6.810205373708208754e+01
-6.926137358428640312e+01
-4.424493504416656720e+01
-5.827909520040153168e+00
5.419828041427100374e+01
8.627182209728907480e+01
8.644658602881416698e+01
8.569747459993006089e+01
7.142601077871184145e+01
4.985660132874335915e+01
2.295883733085647194e+01
-2.292900878694263866e+01
-8.692195578900602015e+01
-1.142472632530252667e+02
-1.025070873765972408e+02
-7.784338584283122486e+01
-2.616206114519214054e+01
6.157091351427101067e+00
1.514978600125549058e+01
3.534089406216006068e+01
5.565102654816210048e+01
6.172762293542588452e+01
5.528440938509050540e+01
3.450436434146301679e+01
-4.361071760229674688e+00
-2.453400076868878088e+01
-2.479801689183769753e+01
-2.655192364520978998e+01
-2.115214998066424101e+01
-1.342231049836035695e+01
-4.880641174577953656e+00
1.380514205242708670e+01
4.177317054015950504e+01
4.894493951000540477e+01
3.428293554523892084e+01
1.188982225762625333e+01
-2.585826869344830570e+01
-4.713252134990987230e+01
-4.909350014175286958e+01
-5.352412581888147258e+01
-5.246234503961965601e+01
-4.193707558396943114e+01
-2.298317003262294733e+01
9.093327864436869135e+00
5.566644219167692142e+01
7.747388416256286803e+01
7.252813585922628192e+01
6.121269467517619489e+01
3.353300655764407168e+01
1.199705652900964381e+01
-1.147654713124014236e+00
-2.532606149550625219e+01
-5.539673876420573606e+01
-6.589602039489631125e+01
-5.662045140146129540e+01
-3.591718913287836301e+01
2.855677781541731353e+00
2.249786678895958758e+01
2.063441466090258558e+01
2.109154052367540189e+01
1.482928350688846919e+01
1.183440213617394754e+01
1.455867611408509710e+01
1.092894632875817607e+01
3.488633369647837323e+00
-1.349529834126847128e+00
-4.751456063299868582e+00
-8.051572947661103541e+00
-1.013491461074385214e+01
-1.004844784454968831e+01
-7.486426948745236842e+00
-2.028307189714078529e+00
6.862414318569003413e+00
1.027788566837376116e+01
7.739319858086726178e+00
4.138124873740370191e+00
-2.771357957435086838e+00
-6.292678899305856000e+00
-5.666168295099215158e+00
-5.984818772376590879e+00
-5.562964720513319250e+00
-4.169658131495022069e+00
-2.214575152869387775e+00
1.543114748231637856e+00
7.139856358455139329e+00
9.456053945788966075e+00
8.315025542627681787e+00
6.248892729890063613e+00
1.981947489827100339e+00
-1.140151024748888853e-01
3.861508465865544637e-01
3.070796193200727164e-01
7.330359528722302231e-01
-9.206132491775509408e-01
-5.173397120214643152e+00
-9.947428482384918169e+00
-1.600085374687213502e+01
-1.520360791637506992e+01
-6.591809037090591517e+00
5.364807280372809295e+00
2.300342074565367056e+01
2.731246593343822582e+01
1.645755029141436410e+01
1.541965765284154966e+00
-2.256733358161097414e+01
-3.016908815627526508e+01
-1.851266916056237477e+01
-4.247112365518762367e+00
1.946178038290874568e+01
2.756711331648436314e+01
1.684109560229997982e+01
4.959034158668096381e+00
-1.481781851360375413e+01
-2.207935507236030048e+01
-1.375445636761723556e+01
-5.187432915291728008e+00
9.213720575439898752e+00
1.496821740742322504e+01
9.608413708620465954e+00
4.697804002865481721e+00
-3.788779963835492648e+00
-7.459245399984857805e+00
-4.612697037440384840e+00
-2.598423818760696058e+00
9.679774259703812778e-01
2.895026301036751626e+00
2.229158218251586998e+00
2.466598423324659617e+00
2.637090367132334023e+00
2.825991153374136200e+00
3.426367683009709175e+00
3.604791508255537735e+00
3.478986484717698779e+00
1.455817417614915232e+00
-2.777449456099355007e+00
-8.385525215634611840e+00
-1.590262891179130733e+01
-1.567483933598305690e+01
-6.793037355123424881e+00
5.680275189749689702e+00
2.442813178277241448e+01
2.745365764035301481e+01
1.264350011055205414e+01
-7.202848679531896003e+00
-3.802511523751830680e+01
-4.656511527713606569e+01
-2.929109972967240338e+01
-7.117925647144067725e+00
2.887940565228386802e+01
4.456895507967098524e+01
3.581861167121721934e+01
2.648087579732998975e+01
7.482747451504520697e+00
-4.394495108366808900e+00
-6.091996366826136544e+00
-1.322100638882404766e+01
-2.135010749852848733e+01
-2.271508227825236403e+01
-1.823128818299625209e+01
-8.095579067815261709e+00
9.533260710480908173e+00
1.660499380757671872e+01
1.221441808568295961e+01
6.698797159535428314e+00
-4.376750939837441123e+00
-7.513084128280805629e+00
-9.896782116901190474e-01
5.109799720244460275e+00
1.431437712053578970e+01
1.675093350302415729e+01
1.066423618847460020e+01
3.598303183190950882e+00
-7.280814836316843675e+00
-1.475216345025871512e+01
-1.765164149426126627e+01
-2.185421407822468609e+01
-2.540385892905739951e+01
-2.195059542453524060e+01
-1.132098877456182784e+01
5.139772319103881770e+00
2.926478298966176794e+01
3.887420613502576572e+01
3.236084864320027066e+01
2.202512107445005896e+01
2.074143936834927260e+00
-8.815975687747949152e+00
-8.647518404032233263e+00
