-6.037094660754135367e-01
-7.934894186478224754e+00
-9.849061848141525743e+00
-5.554777733847654275e+00
1.123761360110497320e-01
9.289462150197703494e+00
1.269205650099543270e+01
9.262223625674836924e+00
5.245024249511930137e+00
-1.828265520797356825e+00
-7.134749765513028308e+00
-9.881450548348524876e+00
-1.445814825789878100e+01
-1.962403177148698319e+01
-1.822768256962561395e+01
-1.002120888934848786e+01
2.599342831482071681e+00
2.159345888398346247e+01
2.856929998083936795e+01
2.209007431667055243e+01
1.269615022959621342e+01
-4.420090806374699532e+00
-1.266318117071709715e+01
-1.017390571333331550e+01
-8.978946935071679292e+00
-4.818072423306111851e+00
-1.611168726803013040e+00
-6.227565003517017139e-01
3.495418351633697629e+00
9.668181767178481323e+00
1.105335912690157762e+01
7.776744407730051378e+00
2.325150857549987293e+00
-6.944004708444079910e+00
-1.141478730437578193e+01
-1.043324214744473721e+01
-9.526580825336738556e+00
-6.547516139707132865e+00
-3.654843490967477404e+00
-1.367704398266274213e+00
3.117294129257182078e+00
9.285351010755926282e+00
1.166903367246145251e+01
1.017509433074071445e+01
7.068670335140351035e+00
9.711503581162943544e-01
-2.362502236012012258e+00
-2.494573092772756073e+00
-3.386141376915538181e+00
-3.643077998696223396e+00
-4.003424684165477032e+00
-4.839911775512898195e+00
-4.692431033321261324e+00
-3.766336148293279784e+00
-2.502511092145532245e+00
-6.706981901207177410e-01
1.836394557208647083e+00
5.027916373702628228e+00
6.653683026604844564e+00
6.528010355696142852e+00
5.771159517516335491e+00
3.761253259938211801e+00
2.191171444916739208e+00
1.186443128488720467e+00
-6.306219374241122111e-01
-2.883593136301997095e+00
-4.901458803297859212e+00
-6.781452047575831976e+00
-8.577996331870188840e+00
-1.014645619200076077e+01
-8.883660113366122602e+00
-4.458920736649108818e+00
2.050129752993269605e+00
1.145862672795748871e+01
1.502323155705432889e+01
1.202156009054118435e+01
7.380119101194193121e+00
-1.223066971254057611e+00
-5.921601948158534690e+00
-5.880269903739312021e+00
-6.866500895066343091e+00
-6.896028783523131978e+00
-5.373893541772811311e+00
-2.687864645087933102e+00
2.492618519703832636e+00
1.034165761540198503e+01
1.165486440452972694e+01
5.939811536152118876e+00
-2.188501677942891188e+00
-1.511188335585849352e+01
-1.733489275556560472e+01
-7.348042689049886889e+00
5.446426308607200895e+00
2.518219395509445491e+01
3.019396706267927755e+01
1.803917308192206193e+01
2.519135196207740623e+00
-2.223070153364676571e+01
-3.166866748340951077e+01
-2.285123922928993068e+01
-1.245431502159367909e+01
6.104364978285826915e+00
1.478220477996318749e+01
1.093001972619151552e+01
8.694325197817592610e+00
3.257914121868140445e+00
-1.516150120579594640e-01
1.059757127519778408e-01
-2.413807506394148206e+00
-6.192844045282165588e+00
-6.793207242883617880e+00
-4.626007166829390727e+00
-6.329954274395945824e-01
6.170139448978293473e+00
8.167705210911147873e+00
4.853898474718230993e+00
7.015111200070638375e-01
-6.210258387895710719e+00
-8.693289331112049823e+00
-5.870790023278961378e+00
-2.759001940995008617e+00
2.555412121867694619e+00
5.783711190832448779e+00
6.207783827463623894e+00
7.473208541381274550e+00
8.429679619861582651e+00
7.448759213776514621e+00
4.697182410042005429e+00
2.236874214654127613e-03
-7.068834804837537789e+00
-1.061541514523405638e+01
-1.031777728762839708e+01
-9.420374566231645375e+00
-6.438207044065676676e+00
-3.138052047318646398e+00
2.490522710619210156e-01
5.846220609707496685e+00
1.331253277124076284e+01
1.413596756450107605e+01
7.831337733902944187e+00
-1.756603204769934479e+00
-1.691413573621441913e+01
-2.127924956051638716e+01
-1.341467988619063689e+01
-3.125579891690346557e+00
1.388673799670990761e+01
2.077067978856848995e+01
1.555682947087831280e+01
9.914646289077056807e+00
-6.110374986635828121e-01
-5.738052613825759707e+00
-3.763531711959946513e+00
-3.302469710746104070e+00
-1.588788258803329301e+00
-1.732264032353294736e+00
-4.815607601650681246e+00
-7.122959423625756514e+00
-9.635130749991432708e+00
-8.901721938903367715e+00
-4.133598552390254532e+00
2.257656015994141008e+00
1.139741534918596066e+01
1.465637691002103082e+01
1.114743476458997762e+01
5.995885563167288268e+00
-3.147445821473807470e+00
-7.361045835765262169e+00
-5.668376418908797731e+00
-4.363911897855067501e+00
-1.142077251078364775e+00
4.799341128076098917e-01
-2.671234667907163574e-01
1.880830730624515890e-01
8.930860161754741178e-01
9.976687800265243711e-01
8.383079487376288164e-01
8.413273469210000299e-02
-1.389509727016147167e+00
-1.491492941042206199e+00
-1.550769905118598857e-01
1.516640504086783414e+00
4.029499316094339534e+00
4.547918251907123732e+00
2.761915275072249099e+00
4.311659392456373974e-01
-3.212776171877613329e+00
-4.929771162303297594e+00
-4.344832860929043861e+00
-3.659403410754776154e+00
-2.011940050680332881e+00
-7.402496524454675875e-01
-9.144184882121957070e-02
1.303036580577733528e+00
3.107179328431363796e+00
3.754524565820734239e+00
3.265032896768869097e+00
2.133750230114613178e+00
-3.220110765620817772e-02
-1.225708634717733503e+00
-1.324353252567752826e+00
-1.640961539081179144e+00
-1.695449839144122839e+00
-1.473154890136644024e+00
-1.061685498798086602e+00
-8.198228356644458870e-02
1.481206101702865485e+00
1.980679422438551995e+00
1.357972645711392090e+00
4.372283644279749137e-01
-1.191793656920185684e+00
-1.525304666609586857e+00
-3.623486084434123233e-01
9.975569575115051935e-01
3.078926051783187123e+00
3.760803908812068386e+00
2.768448508249915729e+00
1.546311161076247220e+00
-4.849225227913759317e-01
-2.304439470161943948e+00
-3.744697458596502937e+00
-5.791858617185797087e+00
-8.191945334707487092e+00
-7.662635536235016254e+00
-3.990366828500843788e+00
1.473115748371884415e+00
9.643623874337544422e+00
1.240335668848513251e+01
9.069395638272068183e+00
4.330282854845915352e+00
-3.957701002954014946e+00
-7.573071392181663697e+00
-5.607386901492286135e+00
-3.816845962010137150e+00
-6.637774612286459486e-02
1.880013112742872305e+00
1.278412812084879890e+00
1.683966627979379460e+00
2.079856337767987728e+00
1.712735698079411950e+00
8.889718675641857804e-01
-8.384909815204744099e-01
-3.599202403290706176e+00
-3.946360226887597467e+00
-1.710477862158361839e+00
1.344180400393507613e+00
6.094360242806201811e+00
7.232927132226303790e+00
4.226151685667120184e+00
3.381710577334851031e-01
-5.849006098842062684e+00
-8.330087745119341136e+00
-6.403860093535082676e+00
-4.135352068815200788e+00
7.761277753509145116e-02
2.061603455452501787e+00
1.191874788468325175e+00
8.060868141731256653e-01
-2.064526536892367647e-01
4.905775181347949987e-01
3.412455079090229937e+00
6.552712397913659892e+00
1.060349686766434196e+01
1.060452601848337295e+01
5.900401339290288760e+00
-5.867175589255018142e-01
-1.029053206837717127e+01
-1.481790204977133030e+01
-1.333239092756191546e+01
-1.110377270714550413e+01
-5.907124200165545957e+00
-2.186972991522419196e+00
-5.727900117051525353e-01
2.965931721239178032e+00
7.339660521534701054e+00
9.966408449193744801e+00
1.106156223153885065e+01
1.103799937156335176e+01
9.286086030894391996e+00
6.557349477216095401e+00
2.707268405772825570e+00
-3.212272287261298764e+00
-1.119835164093405311e+01
-1.423146089241691925e+01
-1.186022316047084146e+01
-7.522360018281067262e+00
6.564731175537362740e-01
5.183372394151298579e+00
5.411755707501701096e+00
6.582509362338381464e+00
6.849014842598184494e+00
4.660300694162470947e+00
2.450953754767338233e-01
-7.162062892983026785e+00
-1.802987013338498556e+01
-2.021660406283055877e+01
-1.294418268234067959e+01
-2.486775208322557162e+00
1.434062631887985084e+01
2.229795799186944194e+01
1.990746264228516083e+01
1.718820228860418453e+01
1.019672484046569849e+01
4.601237527862386933e+00
1.480825397626597928e+00
-5.179354931495025127e+00
-1.397311496219945148e+01
-1.788454147703760455e+01
-1.702842212595204074e+01
-1.372361521718062605e+01
-6.239971165079966298e+00
-8.456410341597434543e-01
2.144680482369470731e+00
7.286322950644649410e+00
1.318858734587820436e+01
1.472076649225754252e+01
1.182595403157185743e+01
5.897436215327909181e+00
-4.458173137031126387e+00
-8.658457632504500623e+00
-6.020320382910640866e+00
-2.893663768878946385e+00
3.364263437424646064e+00
4.710778799204720535e+00
7.406511374581102591e-02
-4.537511968546692920e+00
-1.125309432665379461e+01
-1.227117730885134783e+01
-6.365602788547858104e+00
1.032986485088882800e+00
1.215714291416765036e+01
1.578225012557584606e+01
1.055806943944165432e+01
3.743067365314197481e+00
-7.734166999324934011e+00
-1.220497555810195500e+01
-8.244415229815620805e+00
-4.041467712977630633e+00
3.508175644006014782e+00
7.137022652318041338e+00
5.634119265903019702e+00
5.052156522073276257e+00
3.426055752307249680e+00
2.133895921801697071e+00
1.840276464927629307e+00
2.841521151808094059e-01
-2.091685106501441904e+00
-3.905803378298418949e+00
-5.367654880704844977e+00
-6.811347022562777909e+00
-7.982542113616772461e+00
-6.675393525587834276e+00
-2.621223627128754785e+00
3.352883603764616804e+00
1.194598978188848903e+01
1.400755240989683337e+01
8.774557855383926963e+00
1.255090835306262420e+00
-1.100725556643524783e+01
-1.515444456020587438e+01
-9.893101010659265171e+00
-3.473163850344933579e+00
7.490554610651352085e+00
1.198359776711659030e+01
8.546360541823947443e+00
5.269968016364079411e+00
-7.816385603496522894e-01
-3.953557397700082188e+00
-3.133928584573362652e+00
-3.450104222201986204e+00
-3.343247548237058719e+00
-2.748463658267456200e+00
-2.158300603097212278e+00
-3.379301277562430927e-01
2.648759021195290497e+00
3.382054127253141473e+00
1.797524017015600606e+00
-4.979599275095282218e-01
-4.338720716508646547e+00
-4.296474577239298043e+00
1.598197850343611170e-01
5.755300043401067711e+00
1.394128281415039439e+01
1.542846007660265428e+01
9.193461310263824515e+00
8.722566624054763906e-01
-1.207977431888036790e+01
-1.824376896180896068e+01
-1.636050629869913209e+01
-1.406832279926053708e+01
-8.346641883332740264e+00
-3.975252337633304656e+00
-1.809837964382854159e+00
2.990414701576056711e+00
9.232843796351522414e+00
1.339282532486203081e+01
1.574697647714012660e+01
1.710268009926632971e+01
1.665645577915744724e+01
1.291775895546605035e+01
5.514299684168774363e+00
-5.608270148615480011e+00
-2.112328276850607978e+01
-2.747055507187553403e+01
-2.367072365112882437e+01
-1.690672701914140674e+01
-3.583501826569449378e+00
3.680552283335900565e+00
3.665533266115539313e+00
5.542671400417580330e+00
6.183165956533027696e+00
8.381830827114429283e+00
1.316045589169659458e+01
1.670518650651520787e+01
1.984689558254381225e+01
1.738048705801579530e+01
8.220385149680030423e+00
-4.597771857841104648e+00
-2.280369557652818813e+01
-3.002037526890251584e+01
-2.474633779645118992e+01
-1.638497346933221976e+01
-5.298071505381621860e-01
8.004423220073464407e+00
7.635175717168108278e+00
9.271179205708660831e+00
9.176385805306779275e+00
8.555147335685370891e+00
8.390307939598892872e+00
5.095237343932571328e+00
-9.724475355976316404e-01
-3.760906138034254109e+00
-3.404936108120120597e+00
-2.645359774048740675e+00
-1.257570505883692236e-01
8.903575162720669955e-02
-2.421416574387655452e+00
-4.620704004167570211e+00
-7.514820563852002699e+00
-7.404446833643796744e+00
-3.649470088892250885e+00
1.221826381301878373e+00
8.306534262553448400e+00
1.086256489319395691e+01
8.141319159002414096e+00
4.309530530991606767e+00
-2.473140594069623610e+00
-5.580709830981483321e+00
-4.245446998028638674e+00
-3.217452986413307237e+00
-7.723080512402837883e-01
7.245749802419072516e-01
7.150080904536866289e-01
1.747198784691908147e+00
3.180353076892622255e+00
3.313806191264538903e+00
2.296735689254077339e+00
4.469118506359658904e-01
-2.624789336422979069e+00
-4.130946751662175842e+00
-3.910505691299981823e+00
-3.637474710462649252e+00
-2.627679033320255098e+00
-1.785125389056992473e+00
-1.275202095477003361e+00
-1.002613376102423348e-01
1.525745223302013454e+00
2.710951314460005701e+00
3.513999348205111062e+00
4.216981956394094233e+00
4.622160785691695750e+00
3.510228829167380660e+00
7.247952574591413066e-01
-3.339118518727668405e+00
-9.081445879582433989e+00
-9.607723724153231615e+00
-4.332687399782367166e+00
3.091440128019529165e+00
1.453964901890550010e+01
1.751894898864852124e+01
1.081440050851744950e+01
1.999575741223428960e+00
-1.225986176235513447e+01
-1.818872664783789972e+01
-1.420051786428076035e+01
-9.699058681804473281e+00
-1.033661801010290038e+00
3.987630806607520118e+00
4.076225860852653149e+00
6.020037477015678817e+00
7.758766364166979734e+00
8.224040531240154550e+00
7.977166882448783802e+00
5.880729596888991217e+00
1.743080761694907554e+00
2.472042858985691871e-01
1.472330776873624014e+00
2.956312325460651813e+00
5.796767947552471156e+00
2.092803221385419299e+00
-9.030391898898859182e+00
-2.295937683078765801e+01
-4.188578679592347953e+01
-4.319486943542582935e+01
-2.455390159612187873e+01
1.452451214950166936e+00
4.110720666082548291e+01
5.706888843244454534e+01
4.565163892271013424e+01
3.014140520712531313e+01
6.388218813099670879e-01
-1.521140904231960533e+01
-1.384207102807009093e+01
-1.688032286419833383e+01
-1.721230307457886965e+01
-1.533662929903042915e+01
-1.315477285885720349e+01
-4.692825198800464115e+00
9.766903843171331090e+00
1.528680178583128146e+01
1.175792735915432274e+01
6.323709824067021756e+00
-4.549203338194695689e+00
-9.077176517512828724e+00
-6.062087594430932924e+00
-4.057536937350542772e+00
-1.150812064475929819e-01
1.683212009572104595e+00
2.525788552557595712e-01
-1.144471560272979083e-01
-6.050581345892165341e-01
-2.385228313851738002e-01
1.564179115159068489e+00
3.391071071316698937e+00
5.647765657580939624e+00
5.421852185649474798e+00
2.275129258862291337e+00
-2.058732000649361460e+00
-8.450161634099369934e+00
-9.403158128786168746e+00
-4.176036246786139827e+00
2.896680092908431092e+00
1.385619287615051398e+01
1.693630216446942427e+01
1.090732342782172104e+01
3.126062650698015588e+00
-9.560856672908609966e+00
-1.588284347857915435e+01
-1.446952312427352361e+01
-1.338093825707018780e+01
-9.646152467028178634e+00
-5.811528911222328730e+00
-2.644447789206807009e+00
3.556963068661506355e+00
1.215788961166049376e+01
1.595278361557488545e+01
1.484185906115817488e+01
1.184558215850743501e+01
5.165888458657033055e+00
5.941598044878183549e-01
-1.455621967149570040e+00
-5.334964236537528492e+00
-9.712531634349943488e+00
-1.118737264013435961e+01
-9.852696936210351808e+00
-6.313813106065337521e+00
3.298221641898670953e-01
3.758834132967120212e+00
3.662150490268160752e+00
3.917795830020295078e+00
3.014878814241382265e+00
2.615375253955471546e+00
3.103033223777712735e+00
2.464774722121171990e+00
1.109329184639188615e+00
9.042959674167189155e-02
-7.978397561854939646e-01
-1.792920497135419344e+00
-2.722071579370764383e+00
-3.157540639341103184e+00
-3.032908997049311939e+00
-2.422975206826047501e+00
-1.169526278222757343e+00
-7.134972621532200687e-01
-1.130914998112177106e+00
-1.565990493234714176e+00
-2.371240452639264973e+00
-9.762435653563372728e-01
2.919278610169882437e+00
7.817937992689959259e+00
1.444225745703649544e+01
1.449806708614462636e+01
7.137157202268679335e+00
-3.094115509667381581e+00
-1.850678107798521665e+01
-2.286600355229039394e+01
-1.458145805828353403e+01
-3.396402347753274320e+00
1.504467652529114652e+01
2.146409103999372903e+01
1.369953017375245530e+01
4.656492939572264511e+00
-1.078145184402820789e+01
-1.654336718251296290e+01
-1.036955263467190846e+01
-4.197114976557239530e+00
6.310348586078994515e+00
1.066495021066880966e+01
7.013127033641816332e+00
3.947283353756665392e+00
-1.450146781161824494e+00
-4.295160620341291313e+00
-3.422096237547248787e+00
-3.580136773227051261e+00
-3.356402919995405298e+00
-2.252548316748288926e+00
-6.911092335708468593e-01
2.256884440526008451e+00
6.650962681778978869e+00
7.122889955714389210e+00
3.395415835343067901e+00
-1.902992175362530070e+00
-1.016422265751064913e+01
-1.221450549150893750e+01
-7.178260407659795561e+00
-6.130304354987266002e-01
9.919885954847959653e+00
1.379430346727886736e+01
9.787402445751400393e+00
5.029653666116782773e+00
-3.313373601903565557e+00
-6.745860750936391703e+00
-4.064363827069962909e+00
-1.698845779633434194e+00
2.629904817653966109e+00
3.288357072262044767e+00
-7.532072309142290312e-01
-4.940956830110235565e+00
-1.087012919412558176e+01
-1.184562043571115986e+01
-6.857055407278384251e+00
-4.055722379246160525e-01
9.427942365648183554e+00
1.359868120747626463e+01
1.105303079684883549e+01
7.763430916267681781e+00
1.292804609538148242e+00
-2.531863681281817158e+00
-2.872529949444792230e+00
-4.589674171706829675e+00
-6.181893370972996848e+00
-5.447295187253123672e+00
-2.628894824330834545e+00
2.430121592273417619e+00
1.029450946879336826e+01
1.253288679437603648e+01
8.632342011843956442e+00
3.154221477099507176e+00
-6.065507970653243319e+00
-1.139479257033965709e+01
-1.202533556175762719e+01
-1.344708594016917047e+01
-1.372109177302620964e+01
-1.124371041390304882e+01
-6.248069839329124520e+00
2.107195199026851817e+00
1.431511840644204092e+01
2.031148569414997951e+01
1.956704306718746267e+01
1.742251255095785467e+01
1.132306961044393923e+01
5.947668147373000203e+00
1.795803376730912948e+00
-5.581374044803737888e+00
-1.516088618747254912e+01
-1.966839232539905424e+01
-1.899766856620414757e+01
-1.591370923127937509e+01
-8.551313969798815862e+00
-3.025006069735595382e+00
3.282771778243360750e-01
6.124695959715217519e+00
1.301646806019459213e+01
1.618180130476267564e+01
1.563611743618048955e+01
1.268163092628630473e+01
6.045530108519876933e+00
1.357573330518515142e+00
-1.162399326115648890e+00
-5.411210292877606243e+00
-1.014266001233781900e+01
-1.228911685115277841e+01
-1.190793972381372967e+01
-9.518148334339242567e+00
-4.287361612282998280e+00
-6.945826252287585767e-01
1.125546817990058734e+00
4.131958783852565986e+00
7.333304591439680387e+00
8.978670733959072336e+00
9.146917801495073164e+00
7.916432877311051719e+00
4.803115644266163997e+00
2.319851463682545134e+00
4.748306121439412886e-01
-2.432672599667062840e+00
-5.889857890563616749e+00
-8.011559087097200660e+00
-8.788343546458014188e+00
-8.753933167275706140e+00
-7.405063170504194048e+00
-5.205664109608084011e+00
-2.065861296725897134e+00
2.731805085762994967e+00
9.205351221284862717e+00
1.199943634359491718e+01
1.077865313669457947e+01
8.184163920334908582e+00
2.793928398017606618e+00
-6.807914140113124901e-01
-1.840055691068248400e+00
-4.199086530764994940e+00
-6.634407868002419661e+00
-7.502544411733145679e+00
-6.962025515724473479e+00
-4.918908513197296273e+00
-9.408764952506180057e-01
1.148760394247082539e+00
1.222108420959213682e+00
1.542656031065454680e+00
1.216993399742938076e+00
2.171690204284554060e+00
4.725068342922846831e+00
7.251936623312121633e+00
1.026632062613970220e+01
9.894404647647716544e+00
5.589010892899828775e+00
-4.218719673410851190e-01
-9.284859422404197815e+00
-1.367039863756733098e+01
-1.287769532308663578e+01
-1.142932464941793569e+01
-7.386195082057279926e+00
-3.646454661001448105e+00
-6.398967541676868764e-01
4.694880196182412924e+00
1.170345100123824444e+01
1.412638727261480476e+01
1.178582986013359246e+01
7.210826140758376468e+00
-1.227091231128688120e+00
-5.303100499598984996e+00
-4.397565475648277378e+00
-3.889608117725541270e+00
-1.745421182772974644e+00
-1.364863378493512691e+00
-3.419546726155161309e+00
-4.641006871422797886e+00
-5.936763907792724559e+00
-5.531607814066727968e+00
-2.873722657037869777e+00
5.058594397019176014e-01
5.220884244006439801e+00
7.872561697195567199e+00
8.056657346882733606e+00
7.949678095236976993e+00
6.619178332218392136e+00
4.525114040643849478e+00
1.775452494494088818e+00
-2.677856069438949049e+00
-8.794878316749302982e+00
-1.113048666189751223e+01
-9.390688941917947119e+00
-6.201990105568413014e+00
-1.365895530968121441e-01
3.022258130443818747e+00
2.769766365809663178e+00
3.123094749491448052e+00
2.649953495315748420e+00
2.496234997041129944e+00
3.067544404404076719e+00
2.664975629821126013e+00
1.600794874825173020e+00
6.830259742656221711e-01
-2.853495393999911922e-01
-1.488715132852862055e+00
-2.817210595974611653e+00
-3.001077214297061424e+00
-1.907785778586994274e+00
-6.827064275407088156e-02
2.899923962626564045e+00
3.897264369501390657e+00
2.679882375706030384e+00
1.082777081995278223e+00
-1.696814353935655717e+00
-3.386261486833811230e+00
-3.705549888271341796e+00
-4.420102071060263427e+00
-4.950853393632363542e+00
-4.613357083306519613e+00
-3.489638333292354400e+00
-1.434940647639221245e+00
1.737639798647460987e+00
4.587740716306599076e+00
7.110566001389734048e+00
1.019743604996857655e+01
1.354159727010981129e+01
1.226680828349135766e+01
5.946203234020392081e+00
-3.366549501351503437e+00
-1.708656292816845834e+01
-2.126363104743210641e+01
-1.471202241320397697e+01
-5.356932826672327508e+00
1.051336917504678681e+01
1.675110110100122540e+01
1.164073098117201077e+01
6.070493193555511979e+00
-4.179809404637456538e+00
-9.047716700595874073e+00
-6.926603676786919905e+00
-6.123118662137045476e+00
-3.945206384622277795e+00
-2.045094251860906098e+00
-1.315546266165587452e+00
1.218948507728890629e+00
5.015487095157510566e+00
6.554289149826333372e+00
5.957687125545323426e+00
4.502792926518039529e+00
1.377731133669422681e+00
-6.233480396318827887e-01
-1.311720005793813426e+00
-2.716855877595968582e+00
-4.192945632111467091e+00
-4.251494315944541746e+00
-2.932025298106598843e+00
-4.436280541886015172e-01
3.617214655724025896e+00
4.971848765204668119e+00
3.349488337204637123e+00
1.173305864184743585e+00
-2.644324062243397666e+00
-4.082066659618166504e+00
-2.678494380776466954e+00
-1.263608298203359848e+00
1.213363038266136673e+00
2.269775990521574638e+00
1.476122081193611324e+00
8.797011403482365433e-01
-2.023485345990704842e-01
-7.845900297403887169e-01
-6.000572173486132810e-01
-6.807141040769559837e-01
-7.352873303321311171e-01
-5.277835596867063161e-01
-1.452172480915245312e-01
5.391952478717825237e-01
1.568527039588582639e+00
1.850749579391809840e+00
1.329614750730218953e+00
5.661886800293469690e-01
-7.184471670140454291e-01
-1.022772430109352593e+00
-1.963860976826616034e-01
8.091578057366767274e-01
2.390392767977060018e+00
1.961095768527253869e+00
-7.789973241930248093e-01
-4.274475460757106937e+00
-9.244292287837774680e+00
-9.860513353496095590e+00
-5.510456850479537927e+00
4.244613131085732682e-01
9.548655423199857495e+00
1.315772715825651673e+01
1.034967037663904676e+01
6.661915086392667718e+00
-2.198365499381342292e-01
-3.519783465851114013e+00
-2.347342277582220582e+00
-1.899232976260605721e+00
-4.066830249111762496e-01
-8.384334857728281687e-01
-3.909208538958029333e+00
-6.777985706745856653e+00
-1.031203221583989915e+01
-9.892619782162649145e+00
-4.774268622650041038e+00
2.160748449257579029e+00
1.229767285871088411e+01
1.606581893016815243e+01
1.249524664413185349e+01
7.373298417259235293e+00
-1.880624198354272636e+00
-6.239686267273467202e+00
-4.666447859355365324e+00
-3.690990871587542355e+00
-9.783354259495022909e-01
-9.191760447180967741e-01
-4.419240499855644266e+00
-7.487094059943216529e+00
-1.135367309511470246e+01
-1.153103696199242023e+01
-7.180405240929790267e+00
-1.411723980548134971e+00
7.136580387741933151e+00
1.298328868569739036e+01
1.550627308982719477e+01
1.853993710148870022e+01
2.064800159032091287e+01
1.763934204292001695e+01
9.311237452725345420e+00
-3.592822943389342161e+00
-2.235459533669739685e+01
-2.985635218550643089e+01
-2.486776959020010835e+01
-1.678457067293613747e+01
-1.125585002459752904e+00
7.769713972630762022e+00
8.399984756795131347e+00
1.148738897427713113e+01
1.345984596152075952e+01
1.141560878034717952e+01
5.959749829192900528e+00
-4.399240517661294980e+00
-2.044873208426763256e+01
-2.489866275570496867e+01
-1.680928994685620026e+01
-5.256071268685840181e+00
1.418052325243488809e+01
2.312223150705955632e+01
1.969338100703461691e+01
1.642425819146179222e+01
8.578735478553404903e+00
2.520502903985008203e+00
-3.651708270152702607e-01
-7.043731337144378379e+00
-1.587342687054573531e+01
-1.807999478321892894e+01
-1.371566697320075967e+01
-5.728835177352584296e+00
8.085995921445304546e+00
1.357434813168331544e+01
9.707025962837203537e+00
5.190700954684280610e+00
-3.537631060403837679e+00
-7.172099749923715351e+00
-4.390008642050731602e+00
-2.573131033937618106e+00
7.216826702428774665e-01
2.037903421777266466e+00
4.016731137569273802e-01
-5.751514891035561794e-01
-1.934205083990358176e+00
-1.734152463614873518e+00
5.999309068980176463e-01
3.298191584276018773e+00
7.003440643240216978e+00
7.274984773854487941e+00
3.551939166367653389e+00
-1.498276652677477339e+00
-9.138082953803122521e+00
-1.109727880735612260e+01
-6.521561611948530235e+00
-4.460644639304983672e-01
9.361842901141141482e+00
1.266549893891105327e+01
8.310329221964051882e+00
3.079162503795922490e+00
-5.759418927412442990e+00
-9.483600967164708351e+00
-6.902382037172614559e+00
-4.469964033871721476e+00
1.514567754679793377e-01
2.925180486341198982e+00
3.011893112376863080e+00
4.280139829315059430e+00
5.623721767180582809e+00
4.237659874852815811e+00
2.497610084461021895e-01
-5.903825218377751760e+00
-1.494365509966926631e+01
-1.646194230315744278e+01
-9.670033151101172564e+00
-1.689573439668680122e-01
1.480324683468081837e+01
2.038806338337042234e+01
1.509519162084933441e+01
8.379512295304293090e+00
-3.679998827720287302e+00
-8.987759894973576635e+00
-5.949277974404036939e+00
-3.639546337077442573e+00
1.132015385388549733e+00
2.695648487961957773e+00
-1.868759289539302093e-01
-2.204003955709846085e+00
-4.960147433408296891e+00
-4.964834154089173168e+00
-1.339650827516634779e+00
2.969077411619298168e+00
9.065165159662056382e+00
9.423529139175402136e+00
3.112412421693607101e+00
-5.341978495373874480e+00
-1.806694814804929550e+01
-2.105770426224443881e+01
-1.285817901935851282e+01
-1.978272950141708009e+00
1.537030605209923628e+01
2.266170172877721711e+01
1.803341963431934047e+01
1.260611760241824797e+01
1.997087727026757742e+00
-3.932239203886932266e+00
-3.630126453944875653e+00
-5.489374426291234954e+00
-6.922011773709798810e+00
-7.455853951696895798e+00
-7.851069385224370478e+00
-6.266122917317324514e+00
-2.693405848510038059e+00
-8.887639009164233217e-02
1.729560142495923047e+00
4.268707662704247063e+00
6.958026108373814189e+00
7.830201975622893329e+00
6.788728585165189067e+00
4.348222161970490163e+00
-7.192754531380335381e-02
-1.830330343297495332e+00
-6.403505193662776263e-01
7.208634963988037603e-01
3.407228083701632215e+00
1.667695159884842626e+00
-5.198041355055551982e+00
-1.352266630649462087e+01
-2.488954790162292952e+01
-2.583953813284283996e+01
-1.489298280984990441e+01
2.380737234068173724e-01
2.330933962212734656e+01
3.321735365681045948e+01
2.783492948252344235e+01
2.050158236737015827e+01
5.625437363890703146e+00
-3.370782748521438776e+00
-4.647663927230807346e+00
-9.379104736110539520e+00
-1.415516546314771773e+01
-1.527939067350521718e+01
-1.347879376966337084e+01
-7.818428289787345165e+00
2.577885081801879252e+00
7.611754941001526831e+00
6.972482732920003201e+00
6.374454689945267205e+00
3.433987415243135999e+00
1.279424698156349294e+00
4.632169429322629539e-01
-2.450300343470995568e+00
-6.731097223331806489e+00
-7.703949949955253729e+00
-5.410370663962533300e+00
-1.582374821687941413e+00
4.924165358224247946e+00
8.153187239366856076e+00
7.656010561874598608e+00
7.270035166073459010e+00
5.514905289395991339e+00
3.672469506281092144e+00
2.087029488502256225e+00
-1.073423389732880873e+00
-5.509330085182975623e+00
-7.804138397372781810e+00
-7.933800970451226675e+00
-7.346562386587369708e+00
-5.204850578569078401e+00
-2.947764884180068101e+00
-6.512063675696354581e-01
3.113566315476669732e+00
8.084848963743299421e+00
9.004971015461789463e+00
5.581100966843947297e+00
1.587186516964050331e-01
-8.675816551335977067e+00
-1.199146927032796839e+01
-9.030211589105784142e+00
-5.303575904703445865e+00
1.495686429492983915e+00
6.822148039230745198e+00
1.001142819774970683e+01
1.518646197193191050e+01
2.122278206032724412e+01
2.008148160460777731e+01
1.142067561128594377e+01
-1.829563972942328309e+00
-2.187116044212434218e+01
-3.035061008890531653e+01
-2.582774067448220023e+01
-1.904399929887707543e+01
-5.232451080801885368e+00
2.896427720938935302e+00
3.803812230750269308e+00
7.626548985268462033e+00
1.118139439855446327e+01
1.284701485070817739e+01
1.341600126477930033e+01
1.115252096618507061e+01
5.728347535569890070e+00
1.597327481740679733e+00
-1.420146999069422655e+00
-5.875644027228526411e+00
-1.089898243705330572e+01
-1.206291965464016336e+01
-9.140037587814866527e+00
-3.599317453401265077e+00
5.820652681254714800e+00
9.838795148305900184e+00
7.817285819403309688e+00
5.368544903714048466e+00
1.589926582817992040e-01
-2.973986086826012620e+00
-3.317124312315255175e+00
-5.123213181322642917e+00
-7.172518636491371780e+00
-6.532732541339637322e+00
-3.367472358193841941e+00
1.879541908906707803e+00
9.948631769448146756e+00
1.184258908675364808e+01
6.925453278530885548e+00
1.537282428166595605e-01
-1.081689533410544968e+01
-1.438143450374731280e+01
-9.320195976588696141e+00
-3.153133498160245018e+00
7.191435772847985852e+00
1.184154422230949244e+01
9.477926050448100881e+00
7.388989885280292214e+00
2.942408193514415515e+00
-1.127912880766168691e-02
-5.916052292205370433e-01
-2.822744597265296917e+00
-5.656856518389040467e+00
-6.641159088516072728e+00
-6.014792548078625956e+00
-4.129986211247178574e+00
-4.226015454835361229e-01
1.540271975556008366e+00
1.603331614273465489e+00
1.982896060613974720e+00
1.843062008600373725e+00
2.002762331657463868e+00
2.684603050938178193e+00
2.834924992914712227e+00
2.663684855962898723e+00
2.025699232465653310e+00
7.402098329996955606e-01
-9.918845609185742429e-01
-3.284097651807054596e+00
-4.314548888721100539e+00
-3.912365498160516708e+00
-3.064088515843179650e+00
-1.267564900347167844e+00
-9.358147443199904547e-02
3.134759102708447598e-01
1.153735877836804979e+00
2.050504995496718941e+00
2.546578753908110837e+00
2.710332602406185565e+00
2.467502902466801817e+00
1.703760916880904475e+00
1.041105906664409719e+00
4.606525729972542060e-01
-4.563230320322432254e-01
-1.594333591369400782e+00
-2.201785017824168911e+00
-2.253867767796659649e+00
-2.032525333367627418e+00
-1.336317350921436775e+00
-4.747116409824669314e-01
5.573156067602783592e-01
2.099130304762113042e+00
4.110916826528302259e+00
3.779296354563900451e+00
8.874785970942237201e-01
-3.246367775499606534e+00
-9.401851021472982239e+00
-1.062074102231689920e+01
-6.271368822699094459e+00
-3.503181653487796865e-01
9.008858027505384669e+00
1.286177906919297520e+01
1.025935701594173821e+01
7.067120446553222912e+00
9.223728713889177699e-01
-2.203747852234719140e+00
-1.441143738112261374e+00
-1.628347096077213951e+00
-1.199523920276858613e+00
-2.231775823242390988e+00
-5.364178101707069324e+00
-8.357377317652172621e+00
-1.185644673121406711e+01
-1.131469077175514926e+01
-6.032749511457213387e+00
1.323764293485096610e+00
1.212608834400271007e+01
1.635591087210730876e+01
1.304793289270328316e+01
8.204553304499627941e+00
-8.563520033631191186e-01
-5.507230443713475587e+00
-4.749056780909751474e+00
-5.009979330687626131e+00
-4.083198103580054195e+00
-2.358186162622271986e+00
-3.750755379358738373e-01
3.848382384936499090e+00
1.020034241468509428e+01
1.212862457630000179e+01
9.426655561876369660e+00
5.206797608682788514e+00
-2.172978807856182026e+00
-8.357074224350856895e+00
-1.296941590874089201e+01
-1.951957511369860043e+01
-2.700707292371241408e+01
-2.516380609084174580e+01
-1.333021902501670120e+01
4.412566838787427947e+00
3.094928453105019273e+01
4.044724928584459178e+01
3.077734704681272149e+01
1.685305280782357329e+01
-8.124323398300967725e+00
-1.947301684408842348e+01
-1.444121236901541216e+01
-1.062060952118134516e+01
-1.636191436016636747e+00
2.470204208511700195e+00
-5.111912860772489520e-01
-5.741179415262989139e-01
-4.747688431819102606e-01
-6.892167754592767870e-03
1.986256319802962356e+00
3.257816032214846391e+00
4.167360699841559324e+00
3.434545312731460687e+00
5.550957616261819050e-01
-3.561902792372976023e+00
-9.453378810874490057e+00
-1.023690598954573794e+01
-5.278278204552894870e+00
1.626884116004698955e+00
1.235704301034179053e+01
1.512653774055122469e+01
8.757209948433768432e+00
4.849952677544713264e-01
-1.283948648686349081e+01
-1.694040817976658175e+01
-1.016734490370281030e+01
-1.987776992983593782e+00
1.142794431615269879e+01
1.576862399988203656e+01
9.163426905922381849e+00
1.646898603588638377e+00
-1.065658463368903597e+01
-1.495511832740529812e+01
-9.411414779713471290e+00
-3.363887578086246055e+00
6.686974129702878855e+00
1.146403244999434712e+01
9.471155989692865873e+00
8.066600525402007449e+00
4.711025628381748653e+00
2.149737385555315239e+00
1.213945638891165579e+00
-1.521160712410487559e+00
-5.280141372029403257e+00
-7.588716785503550888e+00
-8.673176631363917366e+00
-9.131424485462028784e+00
-8.423775626162289143e+00
-6.480286536700226918e+00
-3.164219904809814299e+00
1.980815643763863099e+00
9.124244123163801845e+00
1.218976377787237020e+01
1.078297510541331761e+01
8.026746652697864803e+00
2.319541145276799110e+00
-1.427641589583720894e+00
-2.764157099337950729e+00
-5.446627206085059569e+00
-8.299688351690251764e+00
-7.710562927802481425e+00
-3.670920966610126346e+00
3.027465907485712204e+00
1.337615187311019938e+01
1.629690872179995154e+01
1.099305883243908788e+01
3.663480922640822701e+00
-8.572576422685219910e+00
-1.460899199745102628e+01
-1.324198606914854537e+01
-1.222556106419914990e+01
-8.685925706126850443e+00
-4.948376770791554691e+00
-1.734691885436654646e+00
4.454754127251616680e+00
1.304793076635963089e+01
1.561287757534357112e+01
1.190469945461779488e+01
5.568796828946136479e+00
-5.552739166549067740e+00
-1.039010487293914764e+01
-8.022467639063373568e+00
-5.618122348827229828e+00
-3.813088242161043473e-01
2.783365292056815932e+00
2.995539636237297909e+00
4.900809736894146340e+00
7.226963148166144713e+00
6.853027811904671474e+00
3.995859373858109187e+00
-8.485456080844260285e-01
-8.440142908680366318e+00
-1.137872128431347818e+01
-9.186774641696922927e+00
-6.079466007604261257e+00
-1.757873764140825412e-01
2.597924101223064053e+00
1.543082305981569924e+00
1.071683107113929889e+00
-3.377732282597087909e-01
7.094207403428837155e-01
4.901394399881427333e+00
9.405652805059551369e+00
1.520613147869884862e+01
1.517630326373465444e+01
8.380267306984265474e+00
-9.983089718653980205e-01
-1.501797720277521542e+01
-2.103203004809937582e+01
-1.778133082009707167e+01
-1.311148896275511966e+01
-3.656252151960489805e+00
2.012045968447180755e+00
2.786306848082931165e+00
5.644985685985383306e+00
8.423260501278921453e+00
9.402781571134356753e+00
9.080180299635568275e+00
6.563337929580582042e+00
1.461688929802827941e+00
-1.553559868011072487e+00
-2.451950865713291794e+00
-3.894565915785497712e+00
-4.844535896966813304e+00
-4.700175162432306486e+00
-3.553849597862792198e+00
-8.725450448938157910e-01
3.562533690993033186e+00
5.278737970930158063e+00
4.085864664463176865e+00
2.381469881910241337e+00
-9.417078693692044755e-01
-3.073876742882543756e+00
-3.692998821791597219e+00
-5.073724829621887089e+00
-6.528645084559272505e+00
-6.095718355195686833e+00
-3.804697711344031674e+00
-4.809219352323543251e-02
5.699162925204624308e+00
8.804892959295994359e+00
8.980203171366635928e+00
8.928156157804700399e+00
7.485953397787663555e+00
5.194729738908439032e+00
2.192558938306623961e+00
-2.773703760890758652e+00
-9.655871508435758699e+00
-1.274477588977725695e+01
-1.177073190719660545e+01
-9.497417514897806612e+00
-4.450509431177327890e+00
-1.157663012402015301e+00
-7.518180092244280965e-03
2.459456499133699570e+00
5.174447263794021090e+00
7.528619479622741473e+00
9.803060768247977563e+00
1.147685085216051704e+01
1.243659717657743080e+01
1.055962063838722820e+01
5.429448484382738194e+00
-2.111673033578098213e+00
-1.281570572483078507e+01
-1.749568628908540902e+01
-1.541756497427705241e+01
-1.169225152963637093e+01
-3.882650832398054863e+00
1.293774934842813584e+00
3.134495980237357760e+00
6.977470304905411425e+00
1.119774285417811299e+01
1.097854406251336101e+01
6.363548784362233590e+00
-1.630364343291200058e+00
-1.430060330034417326e+01
-1.831126419287833329e+01
-1.274213425232999697e+01
-5.154725405614798639e+00
7.881652344461312687e+00
1.466780866924916715e+01
1.387570965222785446e+01
1.399533194424863680e+01
1.201657463723852892e+01
8.490329036766093296e+00
4.078887044650445048e+00
-3.963314335792865517e+00
-1.552496329235588668e+01
-1.953280233003620125e+01
-1.552387115170775900e+01
-8.808642637034200362e+00
3.444086054697913291e+00
9.317369748173804922e+00
7.729766184519268890e+00
6.820141276272842390e+00
3.594185149014602398e+00
8.557995434815194313e-01
-5.790377673765754185e-01
-4.494164561560739735e+00
-1.016426180531166956e+01
-1.116290075580266894e+01
-7.439648501440577100e+00
-1.550048647342349595e+00
8.109107512008845831e+00
1.290506643274901855e+01
1.214849701579915831e+01
1.135285963834331291e+01
8.342742594598608008e+00
5.393781567404407618e+00
3.015616519628541603e+00
-1.690363844733636656e+00
-8.193070979188684433e+00
-1.209208527712728198e+01
-1.342186713167223999e+01
-1.394540483190910685e+01
-1.260403541682006257e+01
-9.097355892316869586e+00
-3.287173410993186273e+00
5.639157880626240349e+00
1.797713313166939386e+01
2.198847019452026075e+01
1.686795625090861961e+01
8.578907322271652092e+00
-6.005862045862001786e+00
-1.214479847124912837e+01
-8.466994662228099600e+00
-4.741296665960033963e+00
2.803272970173833478e+00
5.226667106257181672e+00
1.079986765051953013e+00
-2.274141885568997878e+00
-7.240550407778392206e+00
-8.104251575878951286e+00
-3.648247394237506658e+00
1.477415814111990189e+00
8.981972934497727934e+00
1.057094063352847257e+01
5.115937657078959866e+00
-1.982886225083333454e+00
-1.306316907818524697e+01
-1.648944032698038598e+01
-1.093316799148701435e+01
-3.950675142886860058e+00
7.596917641062352899e+00
1.380150262443175357e+01
1.337321490864653306e+01
1.370919984068677344e+01
1.219803585900381648e+01
8.868390574352769562e+00
4.251141906366250112e+00
-3.846939363702452930e+00
-1.546090602538101422e+01
-1.999346602351659641e+01
-1.696511283900319711e+01
-1.157773546216000682e+01
-1.119870648745878938e+00
4.697211738584686991e+00
4.982055911625800526e+00
6.724409498860580925e+00
7.533740921313784256e+00
7.907463043042000095e+00
8.454639149804528131e+00
7.032040503531955089e+00
3.796106997074599310e+00
1.752236493239810233e+00
7.253385945064744211e-01
-6.980549803518042440e-01
-1.912376504447816927e+00
-5.236714294956970051e+00
-1.096926513087252353e+01
-1.756682490458613444e+01
-2.566381488802455735e+01
-2.521359862961019971e+01
-1.512437727890785055e+01
-6.543433667912308405e-01
2.106922189929979083e+01
3.257689202720321475e+01
3.228298110372171692e+01
3.109377292266298554e+01
2.445535670656357041e+01
1.583080315349281442e+01
5.968164474477745784e+00
-1.070832533557440414e+01
-3.358322297075082474e+01
-4.151009857784405455e+01
-3.349221575396755668e+01
-1.935482557463749487e+01
6.424078670087124188e+00
1.887409826789667378e+01
1.586192927553434551e+01
1.416138517174440814e+01
7.526262864004514164e+00
2.896121876305776777e+00
2.033717518916656530e+00
-3.469592538417743288e+00
-1.181311050779820171e+01
-1.402649579316312334e+01
-1.043893757781607690e+01
-4.041344843782839646e+00
7.271801053356370836e+00
1.266128462961333767e+01
1.135745915800131733e+01
1.034572812187705004e+01
6.960056695448320063e+00
3.369955850771808592e+00
2.038555028020604121e-01
-5.754974407443073758e+00
-1.399280162217010570e+01
-1.537915215609629271e+01
-9.555356602767714591e+00
-5.374936329131421164e-01
1.405249617346346547e+01
1.845466337822688985e+01
1.129214188598187540e+01
2.145625609828968994e+00
-1.309898792006581836e+01
-1.812420597006307688e+01
-1.097054871643486962e+01
-2.867611649777684235e+00
1.053793164600688392e+01
1.523469298260789451e+01
9.200895785353317535e+00
2.738365507794664477e+00
-7.978841304604147311e+00
-1.151852359625170052e+01
-6.086924049421130078e+00
-3.209649002648364280e-01
8.946811796531418892e+00
1.216020636250246412e+01
7.799913519982726307e+00
3.066393745646873725e+00
-4.702769323672999491e+00
-9.230444206161227072e+00
-9.437444022277844624e+00
-1.056616897772114783e+01
-1.090098938661292038e+01
-8.889616231053320661e+00
-4.815874744004862151e+00
2.016360288979390791e+00
1.203156885496183470e+01
1.695523879998318861e+01
1.636012825860947117e+01
1.464242382334314563e+01
9.707538689344014315e+00
5.498552861206932540e+00
2.441233711178987686e+00
-3.158137967239382338e+00
-1.042632190004496273e+01
-1.548014726529015839e+01
-1.843924834627337717e+01
-2.056205801824273038e+01
-2.091602721300375123e+01
-1.691895622690489631e+01
-8.131981819267727118e+00
5.102164507649604275e+00
2.376631538952918277e+01
3.273228630905362024e+01
3.092742349023766835e+01
2.657711382984345860e+01
1.571443164665977044e+01
7.366293112654536124e+00
2.459199032638128557e+00
-6.794460630682171320e+00
-1.831616586213966258e+01
-2.592605476441838519e+01
-2.994621547558342556e+01
-3.181559677320061397e+01
-3.003549090152571210e+01
-2.317922864300543395e+01
-1.066397836607261596e+01
8.289948338528596139e+00
3.456467137050188398e+01
4.639253695104144981e+01
4.228176668235618507e+01
3.363071139032099666e+01
1.469143556560844033e+01
1.759401256681180081e+00
-3.635013485667129451e+00
-1.434017115680857657e+01
-2.649543959743995813e+01
-3.121440176258241905e+01
-2.891711288597463536e+01
-2.087341633635341509e+01
-4.781268667469476874e+00
4.597059671736493769e+00
6.679184919670668741e+00
1.073287989553174349e+01
1.334153927904244874e+01
1.457790364869838129e+01
1.507586020023842366e+01
1.209840088527975155e+01
5.588584851337485837e+00
9.756006755071575665e-01
-1.953408729966919388e+00
-6.066807847996179781e+00
-1.025969474817296145e+01
-1.230222929415542232e+01
-1.214977173620047424e+01
-1.002731206073608838e+01
-5.255728549846652164e+00
-2.132419961912991546e+00
-7.735076561191065458e-01
1.580663601132994867e+00
3.972728912326629391e+00
6.877451469076941493e+00
1.056707401625502207e+01
1.409392705378102839e+01
1.760497854254262862e+01
1.555328905622552860e+01
7.198203330032262315e+00
-4.782250496429296227e+00
-2.208530107475990079e+01
-2.762698340441400902e+01
-1.989905785513444059e+01
-8.584068126729524906e+00
1.089954773417064970e+01
1.893648376732556216e+01
1.347186924259225904e+01
7.819919375797537597e+00
-3.116833691944512985e+00
-8.575101248945204091e+00
-6.711008182460325600e+00
-6.881776604236555350e+00
-6.211783922170242001e+00
-4.701000969166568844e+00
-3.251447794198726537e+00
4.462412745381926782e-01
6.247608004736510345e+00
9.669492045947434278e+00
1.077487352905499662e+01
1.165017356814850658e+01
1.128084314315400682e+01
9.219757851410673055e+00
5.430893195624235226e+00
-7.287829448911875563e-01
-9.518197800331186897e+00
-1.527604385515195062e+01
-1.774944808917779682e+01
-1.997674157665158745e+01
-2.054902344290450245e+01
-1.675216259331200774e+01
-8.344581883414281975e+00
4.632134338792731398e+00
2.313824751323564755e+01
3.124818852162814764e+01
2.786982200856185088e+01
2.158091595219567438e+01
8.214812397617086148e+00
-4.299232728704673878e-01
-3.157384481355355099e+00
-9.232541778598850613e+00
-1.580637860641193448e+01
-1.837302816980635356e+01
-1.738980058717921295e+01
-1.279182792698459181e+01
-3.437240737184239947e+00
2.068166988729614353e+00
3.487008308588333882e+00
6.067186647832147450e+00
7.850061635873307964e+00
8.645742033610222421e+00
8.779957522342600740e+00
6.800803055335566505e+00
2.601199419346444941e+00
-5.104867978583992327e-01
-2.647408920740016214e+00
-5.620972012589875000e+00
-8.758311661413269888e+00
-8.580844009502737180e+00
-4.860487152477628747e+00
1.268552295657365159e+00
1.082712499592675037e+01
1.326737659508731149e+01
7.777905363574244113e+00
3.360790018260946810e-01
-1.181980962877428887e+01
-1.543439328958520740e+01
-9.077635587590155097e+00
-1.406224900411120249e+00
1.109860245786975952e+01
1.512398704855516662e+01
8.942026017332516119e+00
1.838844540897668578e+00
-9.790730690474257258e+00
-1.336818771162893782e+01
-7.127490071484683831e+00
-7.733207516047685415e-02
1.122763259368839250e+01
1.493895853229559556e+01
9.354240348058102228e+00
3.004790990943536411e+00
-7.369979035482106866e+00
-1.251578086175612370e+01
-1.102294740519052851e+01
-1.005476601964817185e+01
-7.096565459737145254e+00
-4.198997922509496661e+00
-2.085083962197734841e+00
2.328396168103717301e+00
8.486424766224718752e+00
1.186605805796488866e+01
1.251750786221181500e+01
1.221979477143460002e+01
9.889391991246982982e+00
6.918038938050447229e+00
3.332762235782276150e+00
-2.493147742741865791e+00
-1.037084822050951161e+01
-1.490412263618222788e+01
-1.588525895550871603e+01
-1.584449363339529349e+01
-1.340020662268999097e+01
-9.476973538486348048e+00
-4.082751122698246249e+00
4.473408132379543822e+00
1.616501148715827796e+01
2.116105204007430984e+01
1.890884284395695403e+01
1.420913194928622936e+01
4.479721167759737277e+00
-1.577882454047320859e+00
-3.218416176331725609e+00
-6.882278726538944014e+00
-1.048330194781892999e+01
-1.124492625531214607e+01
-9.465311770791851487e+00
-4.828693567407785991e+00
3.402822575753606138e+00
7.377128175328085291e+00
6.781770456673386960e+00
6.116757207740582736e+00
3.496656863314462793e+00
9.678392290023249966e-01
-1.085444793236461480e+00
-5.195897061119167049e+00
-1.091730288478948196e+01
-1.141159849575771545e+01
-6.413784472326907959e+00
1.104968652144427965e+00
1.293018455570899583e+01
1.630963458626444051e+01
1.012713306316034334e+01
2.011192566912887614e+00
-1.138743854107113762e+01
-1.606437356354358670e+01
-1.039805963015926693e+01
-3.890287386591365415e+00
7.183196587414406586e+00
1.201836516299241175e+01
9.034310513529460351e+00
6.495945179470881570e+00
1.490587721401653409e+00
-1.405915963154017456e+00
-1.136233577060505207e+00
-2.294978172056594268e+00
-3.601430133658132249e+00
-4.157737605586389051e+00
-4.382280066109855987e+00
-3.682037752293340738e+00
-1.923613808270447478e+00
-5.930078350038903157e-01
3.801408144896890606e-01
1.847563738077732776e+00
3.526023446829136265e+00
4.164967115139695863e+00
3.716481644933716577e+00
2.574880314361231548e+00
3.893205041880115624e-01
-8.085830362944789185e-01
-9.013165925728016115e-01
-1.192059456037114717e+00
-1.193720392848127254e+00
-1.658564536974915793e+00
-2.746662434227837846e+00
-3.712063747932579538e+00
-4.758061452440337291e+00
-4.494159689601850083e+00
-2.691125905666285956e+00
-1.558397823937778814e-01
3.540394211690181869e+00
6.116951268380026896e+00
7.367607482241417927e+00
8.776649189457884859e+00
9.758707719027295724e+00
8.503834938775613139e+00
4.899080601497133536e+00
-7.071218095652673785e-01
-8.878370371735604394e+00
-1.303615247229131135e+01
-1.273214869692947460e+01
-1.165593026992454107e+01
-8.110682820353112277e+00
-4.475458759529159281e+00
-1.042558965331008780e+00
4.800340583968585761e+00
1.256559074975016088e+01
1.460260298919541633e+01
1.056569453920478985e+01
3.786931290407804074e+00
-7.758089799646591622e+00
-1.248380861403162889e+01
-9.432762500955155005e+00
-5.924922870743515979e+00
9.916818591553380191e-01
5.467910335431281688e+00
6.574376458369143528e+00
9.561803739430212445e+00
1.293432711322706119e+01
1.221742421104762677e+01
7.528696952476618520e+00
-1.824011150996341923e-01
-1.207603602338048354e+01
-1.740289349925137330e+01
-1.544625663838856866e+01
-1.239783932002091937e+01
-5.521850835486891818e+00
-7.347879053030765828e-01
1.209402849444952910e+00
5.459874849117680284e+00
1.058151380798320140e+01
1.174799271882348073e+01
9.054905808751048113e+00
3.703927085829598287e+00
-5.547669256191481324e+00
-9.540476525653005524e+00
-7.698721063570123313e+00
-5.533821143509287666e+00
-7.704879635985715236e-01
2.808156554739505761e+00
4.589617489267959982e+00
8.270048313703314946e+00
1.292318064992889681e+01
1.258944807787346853e+01
7.136608619964196265e+00
-1.301404190691246354e+00
-1.429603330810675388e+01
-1.960405968064743121e+01
-1.626852868887658232e+01
-1.152870232502036352e+01
-2.219126834669012727e+00
2.652660672155219501e+00
1.976566274611013974e+00
2.734188312609567628e+00
2.627906184166887371e+00
4.843812856557691227e+00
1.030836647804583706e+01
1.568557733106822916e+01
2.194921511364581335e+01
2.096086149087094697e+01
1.154427656123255375e+01
-1.681660640800428208e+00
-2.115231939672892381e+01
-3.012324235001026906e+01
-2.701729314246789571e+01
-2.200880508987335205e+01
-1.065680916770102726e+01
-2.475830249551821183e+00
1.303871037654791287e+00
9.058920204781463426e+00
1.848309822711868122e+01
2.155628024543283061e+01
1.843265368047694963e+01
1.117763887409772749e+01
-2.265848807060332426e+00
-8.918762592270358169e+00
-8.031443786742560320e+00
-7.696876588593614343e+00
-4.771476485348054020e+00
-2.424429594538481503e+00
-1.426558157036387220e+00
2.291348077932277683e+00
7.963415955467429974e+00
9.588151103293975908e+00
7.217921709221241322e+00
3.211923918726811156e+00
-3.877201808091101931e+00
-8.591943182024339265e+00
-1.053130831588896221e+01
-1.355531365453200543e+01
-1.636703908954327957e+01
-1.489016342290469019e+01
-9.030626305144213717e+00
3.179358958374922661e-01
1.432121186016980374e+01
2.183247564463457735e+01
2.212266026516437734e+01
2.162291535736895298e+01
1.750373853490586740e+01
1.176334573623569568e+01
4.765572257423794866e+00
-6.882859685607667366e+00
-2.289290530162417525e+01
-2.911119661383721180e+01
-2.485193152718968079e+01
-1.680930174730733384e+01
-1.294566733595315489e+00
7.113693856097495605e+00
7.170945628784933135e+00
9.085180735298411747e+00
9.274282404247591316e+00
8.772296164813006669e+00
8.451155016543356879e+00
4.944108270808981409e+00
-1.472581072340999775e+00
-4.635749216792020455e+00
-4.658507893353843521e+00
-4.416320155517118096e+00
-2.526746406629738484e+00
-1.059923991680539190e+00
-2.529318732034761541e-01
2.013128921771445867e+00
5.303577297768703680e+00
6.085066835493427639e+00
4.329936357616285925e+00
1.447278339372083611e+00
-3.445574256604694074e+00
-6.109555050263399956e+00
-6.217434978196051176e+00
-6.564250961777289284e+00
-6.101617378390183255e+00
-4.675096656039933407e+00
-2.440476767913433598e+00
1.394078788012637515e+00
6.912805841387180905e+00
9.452228506933577634e+00
8.795501061779317453e+00
7.300444459373506945e+00
3.780750344284240061e+00
1.172462553528820450e+00
-2.468493522088756054e-01
-2.911528159124613602e+00
-6.144156051719277478e+00
-7.566638569129633396e+00
-7.218479265271606771e+00
-5.728773739876302784e+00
-2.486029234648257535e+00
-4.504282021346751042e-01
2.436612661986336525e-01
1.581310677031876555e+00
2.887312436468013388e+00
4.071363765455219053e+00
5.290175487947858635e+00
6.069726015888058157e+00
6.394190148108918947e+00
5.131415531169499111e+00
2.029976460607016531e+00
-2.436270803406122454e+00
-8.680511153260248136e+00
-1.059176271395378599e+01
-7.655203371177137228e+00
-3.178654101377644370e+00
4.487588842668192690e+00
7.558822299054220650e+00
5.269694938891019476e+00
2.771452807455313305e+00
-1.951739329888400709e+00
-4.121112387635447405e+00
-2.983546777024618901e+00
-2.490743894483482990e+00
-1.371088069713816360e+00
-6.538673016761373802e-01
-7.945224439560332197e-01
-2.762447677771004972e-01
5.668769895965971584e-01
1.740452604731077768e+00
3.459389320413901459e+00
5.468017082386499084e+00
7.848794828170482241e+00
7.661296147282746105e+00
4.587997740153443083e+00
1.015350410241965540e-01
-6.649294191194634607e+00
-1.003780954369290690e+01
-9.571502293163264952e+00
-8.703350488099275140e+00
-5.967427102233526348e+00
-3.214018439635974556e+00
-7.442285614622763390e-01
3.585352612796501415e+00
9.371611736148375726e+00
1.096444563070761724e+01
8.140252304611585998e+00
3.324968675607428814e+00
-4.963955014896411555e+00
-8.337162165402643765e+00
-6.105910094520515585e+00
-3.582882959878229023e+00
1.364881720210362470e+00
4.052155345142971932e+00
3.753402713744914188e+00
4.473163973663873527e+00
4.992642505660230157e+00
4.473280150716941073e+00
3.224484623292670271e+00
6.752754079498444195e-01
-3.348131702997503290e+00
-6.022268377753078994e+00
-7.301687371992894526e+00
-8.726570561494300549e+00
-9.644877556150376563e+00
-8.118791232407648550e+00
-4.007262118796121264e+00
2.319634273888175446e+00
1.147825855435772446e+01
1.507256187549923787e+01
1.249245221229823599e+01
8.339388557762893228e+00
4.103344946327125986e-01
-3.829260804486978031e+00
-3.603703552655042941e+00
