6.665228666825501413e+00
7.286784264983200643e+00
7.958428722243656495e+00
8.685057285945557481e+00
9.426860541381117287e+00
1.019562317339465807e+01
1.060809084025793680e+01
1.062058506576272165e+01
1.042100106317414898e+01
9.896716910646485843e+00
9.258480561665198394e+00
8.514492251781350163e+00
7.456062669699923262e+00
6.120371779603605233e+00
4.799566454782366876e+00
3.486713492393285208e+00
2.059885133646046640e+00
5.863032022343735994e-01
-1.169104228227626496e+00
-3.226743008780022848e+00
-5.418512519013759743e+00
-7.801648852562137471e+00
-9.652986397152533371e+00
-1.088447914275258377e+01
-1.187960415484536547e+01
-1.242723240340235158e+01
-1.290863005364248650e+01
-1.334623302851644056e+01
-1.335850944251820849e+01
-1.301630656764396221e+01
-1.290967413989072199e+01
-1.303367592327077062e+01
-1.314392188806068340e+01
-1.338134816147267081e+01
-1.329038852173017027e+01
-1.283569537148274797e+01
-1.235565232382536038e+01
-1.174351929779334647e+01
-1.102983955892615242e+01
-1.025024986283735728e+01
-9.309680587225932058e+00
-8.222335414527522701e+00
-7.043927668585312496e+00
-5.763242714951216428e+00
-4.363745356215494198e+00
-2.853631599412014275e+00
-1.077301899942715080e+00
9.817432716402214599e-01
3.245849041539334845e+00
5.759737793602560885e+00
8.444839893881072257e+00
1.129753320819998663e+01
1.439771118010857265e+01
1.773153149105813142e+01
1.998079630314110844e+01
2.102418912613648416e+01
2.147259583155106100e+01
2.094900341551942091e+01
2.023344973348960707e+01
1.935711903665351130e+01
1.758867412920221440e+01
1.507226443029155405e+01
1.272912385812356995e+01
1.053241176429452608e+01
8.119037932552007675e+00
5.701574738159530753e+00
2.523277578522955089e+00
-1.475676321716581807e+00
-5.755215804346515363e+00
-1.049653612395083613e+01
-1.378605204123515549e+01
-1.538127175173452876e+01
-1.631854672440821474e+01
-1.603737288650699000e+01
-1.552321917532985829e+01
-1.483763335708771081e+01
-1.298114771301094450e+01
-1.013686108138999487e+01
-7.895016924922632739e+00
-6.245973863807809501e+00
-4.526380948625719824e+00
-3.117319947874096275e+00
-8.004649656941209557e-01
2.518914219210982797e+00
5.931822165241161571e+00
9.723219849340868137e+00
1.230399183219180159e+01
1.342226110569208153e+01
1.403575371834160990e+01
1.366638328062023078e+01
1.302567835553667486e+01
1.217149047973335740e+01
1.031356666323088334e+01
7.581318895242747047e+00
5.472792231753354386e+00
3.996799755796933251e+00
2.500557337289363247e+00
1.348406631211028994e+00
-5.622564907408484913e-01
-3.319982887377940894e+00
-6.084019646653549884e+00
-9.111110601676015719e+00
-1.107207046076489476e+01
-1.174455788986420401e+01
-1.194106249294864419e+01
-1.125706725962056076e+01
-1.026748545926412959e+01
-9.018651282868852093e+00
-6.853172703480502115e+00
-3.872600008500943325e+00
-1.364970597325175783e+00
6.616403124209198072e-01
2.777123297415567293e+00
4.669263408115557290e+00
7.283377570308753768e+00
1.069831919999919556e+01
1.419478271485172982e+01
1.799472367200209888e+01
2.019874517285591864e+01
2.053962074081070099e+01
2.007193371657528758e+01
1.822880780983743065e+01
1.594129571148753399e+01
1.326569029206968331e+01
9.218630703215769273e+00
3.966306955473083651e+00
-8.368033653504981517e-01
-5.199093543716469590e+00
-9.831936542210009122e+00
-1.434122675240965705e+01
-1.998665168839286821e+01
-2.687319512743114558e+01
-3.406418935542510695e+01
-4.185860751651939182e+01
-4.682998074925241383e+01
-4.853800520575182986e+01
-4.881319520562309577e+01
-4.664467005038046921e+01
-4.379646587245633071e+01
-4.036725515990156055e+01
-3.455471419798136878e+01
-2.667833015387817852e+01
-1.957875214085145288e+01
-1.322914926081724829e+01
-6.431444916825268088e+00
1.408159190102231673e-01
8.682337256853069007e+00
1.937245511873832982e+01
3.059065391269862744e+01
4.285756087228717348e+01
5.133328202878853830e+01
5.536988409928339649e+01
5.762911433873681233e+01
5.668063176496416844e+01
5.495398615876331405e+01
5.260092585545228161e+01
4.710773166419600955e+01
3.891847471853383666e+01
3.216222672641610103e+01
2.681855795750668037e+01
2.113926031035866515e+01
1.611234046087891869e+01
8.589525163021352938e+00
-1.681472980368990511e+00
-1.235195263927745657e+01
-2.416242979322921869e+01
-3.253222391682429304e+01
-3.676442098091632715e+01
-3.956170778304475277e+01
-3.955290727820576535e+01
-3.885496220441725512e+01
-3.763042699542568670e+01
-3.357574589337218640e+01
-2.707774721132852491e+01
-2.236261513360065223e+01
-1.944676579880427170e+01
-1.650286256426609555e+01
-1.455641144024497891e+01
-1.047456682181435816e+01
-4.007497136433670448e+00
2.464777541154875351e+00
9.672092809130777624e+00
1.492361290325981216e+01
1.770195170018882180e+01
1.980944651039770932e+01
2.041469176712353573e+01
2.053290043612692983e+01
2.027657203304617894e+01
1.837965046398085889e+01
1.502274240046410014e+01
1.308143467315625763e+01
1.260446982039614383e+01
1.229697536221374676e+01
1.286905468878151915e+01
1.228181776288709770e+01
1.036911954812002179e+01
8.720860977943974746e+00
6.866211055801510810e+00
5.404788691642082199e+00
4.568481959260655145e+00
3.732395572472338330e+00
3.111137553781785581e+00
2.720531145474923473e+00
2.519839709696998664e+00
2.701944332655515701e+00
3.277779238019491892e+00
3.183508389715774101e+00
2.368140379702034615e+00
1.360849125024200967e+00
-1.111323016909216144e-01
-1.375543911183523926e+00
-2.372544694085926498e+00
-3.662572926665931927e+00
-5.093006153033709182e+00
-6.282614712973698445e+00
-7.259694646054939859e+00
-8.095927497453923039e+00
-8.700784394993686277e+00
-9.424588756340794404e+00
-1.027319346107831954e+01
-1.099499312831433606e+01
-1.166161159483062626e+01
-1.231760285779467168e+01
-1.293803704778074604e+01
-1.354951829929500917e+01
-1.415636927830176717e+01
-1.466173181207975595e+01
-1.506442345095888058e+01
-1.541372113587654979e+01
-1.568702994675945916e+01
-1.554227007341913591e+01
-1.494512349565864362e+01
-1.403641514746735552e+01
-1.271399435505509778e+01
-1.118332329350584686e+01
-9.445246509686098690e+00
-7.300624269831931912e+00
-4.782422071608899650e+00
-2.126123244917611288e+00
6.810989825634443662e-01
3.739526528887509915e+00
6.999172159544537308e+00
1.066530818314928375e+01
1.475929693646986607e+01
1.914467814526410905e+01
2.387491719029901205e+01
2.697027669119129456e+01
2.822014584184551467e+01
2.859564720086144618e+01
2.752329853440296148e+01
2.611588994634306360e+01
2.442382714861328097e+01
2.137013446537882189e+01
1.715872461194936704e+01
1.327574608964191505e+01
9.690441943947442738e+00
5.798881735861179720e+00
1.947954862215191874e+00
-3.052045044611677582e+00
-9.296693267730278265e+00
-1.592495809827795128e+01
-2.322075779463052214e+01
-2.824117998781499494e+01
-3.060790863605204137e+01
-3.191713977621989073e+01
-3.130428658973383094e+01
-3.027644151989495924e+01
-2.892633568161397406e+01
-2.571722069855645998e+01
-2.092712757385678302e+01
-1.701537629288242215e+01
-1.396652447241912220e+01
-1.074964076048785699e+01
-7.953010294728088958e+00
-3.692305229285466339e+00
2.181042006395573107e+00
8.263198405275046454e+00
1.499633477012025828e+01
1.981943832556200746e+01
2.233381325557048314e+01
2.407127651142596392e+01
2.426348376555653630e+01
2.407289667220942064e+01
2.359265229085196580e+01
2.154396572227316398e+01
1.813932914454129275e+01
1.577330539613002358e+01
1.445884575533989747e+01
1.315685769376688441e+01
1.244978572999635347e+01
1.057151641125793340e+01
7.381334032199881712e+00
4.225318737220646881e+00
6.927516139738202350e-01
-1.970985581942937603e+00
-3.500530928706212741e+00
-4.783555415693184543e+00
-5.429353995620409101e+00
-5.852541435677502513e+00
-6.109956710047216966e+00
-5.637395845165148245e+00
-4.507626218426389109e+00
-4.147970652191632190e+00
-4.591069787218070353e+00
-5.184161107293636661e+00
-6.282718238962940127e+00
-6.895226481928784068e+00
-6.940613985964010801e+00
-7.202055010197729423e+00
-7.451923399843758844e+00
-7.477372284177632444e+00
-7.342805774314016709e+00
-6.982993923196447739e+00
-6.357729818464463278e+00
-5.768165107544209746e+00
-5.207016686392774929e+00
-4.490560613252946531e+00
-3.678426534096467915e+00
-2.611690001236231851e+00
-1.256088593273977150e+00
2.732663535394831422e-01
2.025940002495807857e+00
3.966974832409155827e+00
6.090301503732520771e+00
8.459010753845880970e+00
1.106860124880107499e+01
1.284913835698119122e+01
1.370535747360032985e+01
1.413993945975032851e+01
1.384971782532836038e+01
1.346833709551604308e+01
1.302485154840871395e+01
1.193021950548786236e+01
1.030432143170486903e+01
8.887372128688728168e+00
7.659906412359994476e+00
6.335353331208880334e+00
5.086433116855472392e+00
3.309042922157155342e+00
9.581635643679080605e-01
-1.530794044407977061e+00
-4.300336268304963738e+00
-6.503882189388751733e+00
-8.015403667001400834e+00
-9.340350416488595542e+00
-1.022776116276678948e+01
-1.107002748287776939e+01
-1.190050767603250215e+01
-1.229708342474344640e+01
-1.233394478087010704e+01
-1.278798842227877230e+01
-1.366452542440548257e+01
-1.463198698928395380e+01
-1.588078851042746109e+01
-1.683935686660357689e+01
-1.746462056250534545e+01
-1.819527291470848596e+01
-1.890020247833679790e+01
-1.905413193313683351e+01
-1.864939199225173283e+01
-1.783555810783403572e+01
-1.647015715686062975e+01
-1.495392315901279900e+01
-1.328848548468782376e+01
-1.114366911434525420e+01
-8.592364390562018173e+00
-5.842253901586857090e+00
-2.863669612284718280e+00
4.034074688104735129e-01
3.920419018597046446e+00
7.914072805317755588e+00
1.240392730377844366e+01
1.725402778110366597e+01
2.252340627647012639e+01
2.626270670555688014e+01
2.826767924862407355e+01
2.950132686572656127e+01
2.940174461434076392e+01
2.906612896425236059e+01
2.854789660938706319e+01
2.679060868113699101e+01
2.399816391199737708e+01
2.162993820481224816e+01
1.965831480197031667e+01
1.749530692627456219e+01
1.548371937674795618e+01
1.246009238213085624e+01
8.333843079940981724e+00
3.951903785274601066e+00
-9.610672317699839873e-01
-4.591713124405854884e+00
-6.676821749764962455e+00
-8.275901483262533276e+00
-8.851482743653868113e+00
-9.263191283601086568e+00
-9.578306800197841753e+00
-8.881822812435832049e+00
-7.334531935408989511e+00
-6.573819300491174467e+00
-6.606148847432911531e+00
-6.733633003559679864e+00
-7.355192274965037136e+00
-7.255295879195045927e+00
-6.340720512532813657e+00
-5.537654235368164812e+00
-4.565370448398192949e+00
-4.024230570646125216e+00
-4.071648590759475717e+00
-4.219566804958581940e+00
-4.663156374151077088e+00
-5.267139544306666643e+00
-5.999130488286379403e+00
-7.105770405546436130e+00
-8.564976368457239531e+00
-9.585865094689639321e+00
-1.014218634575195921e+01
-1.060699990250347113e+01
-1.078068920197010883e+01
-1.119210805895039584e+01
-1.188536786255197164e+01
-1.243316447186014528e+01
-1.295595864422956645e+01
-1.313345093692609744e+01
-1.288344490636572282e+01
-1.244123907109977800e+01
-1.169979551618822278e+01
-1.074258085728389389e+01
-9.579414773568698749e+00
-8.066923990696299285e+00
-6.214459654035563219e+00
-4.421980268476906062e+00
-2.696189170557580450e+00
-8.425117315429131448e-01
1.042544089473050883e+00
3.239707309411572922e+00
5.777147751658235464e+00
8.439686020921699949e+00
1.129561077041413775e+01
1.353375858411382282e+01
1.505046980934833911e+01
1.627779407428414160e+01
1.697650133623582747e+01
1.756799108981233459e+01
1.807572111774073775e+01
1.807126424411507770e+01
1.763119773795455103e+01
1.743402221800051777e+01
1.747405567092035028e+01
1.746570571712040731e+01
1.757033700130444132e+01
1.726469972831117516e+01
1.650652932149973040e+01
1.568321185881157653e+01
1.467104471037826663e+01
1.361937587412161932e+01
1.257983509914667941e+01
1.138807115491953503e+01
1.009285021661789372e+01
8.690619606817612919e+00
7.165062359256942237e+00
5.560011471722205556e+00
3.871918522206667657e+00
1.837110287861419611e+00
-5.620223960659206375e-01
-3.203178718755108623e+00
-6.157998809629164683e+00
-9.268675144820360146e+00
-1.252629894086385143e+01
-1.607242844232512624e+01
-1.987554676476286986e+01
-2.255229032080826101e+01
-2.398162293378581111e+01
-2.479240761401382187e+01
-2.459053427613197584e+01
-2.420827419981465312e+01
-2.367749678529192892e+01
-2.222553423988780352e+01
-2.000654983207969195e+01
-1.796625366672466839e+01
-1.607446424774684601e+01
-1.396239343676238143e+01
-1.184745368894487605e+01
-8.946137615243005214e+00
-5.196874876102386409e+00
-1.156339676949422746e+00
3.363241572482543962e+00
6.681952161090587872e+00
8.580523299316253016e+00
9.991585092717995664e+00
1.042310376709958319e+01
1.072393957121570196e+01
1.095257980337410331e+01
1.024125018770174655e+01
8.749658218429534173e+00
7.906902700895479086e+00
7.710244776363248675e+00
7.562901575356061556e+00
7.810428532578609584e+00
7.370956995917599563e+00
6.162546187168140399e+00
5.000542441616329548e+00
3.634313751498131406e+00
2.634092736884039887e+00
2.140757919021882394e+00
1.701191653108810264e+00
1.497656942377626921e+00
1.385562728048762793e+00
1.333250882465834009e+00
1.578814404315916686e+00
2.096497166751824182e+00
2.161080005277529192e+00
1.748610331308297683e+00
1.196204257727458309e+00
3.201211894780893186e-01
-3.934285164429026094e-01
-9.056532067333196157e-01
-1.610441848291221278e+00
-2.398169464871646284e+00
-2.960178850494237679e+00
-3.310970894404970277e+00
-3.517879121507331508e+00
-3.504410830484153916e+00
-3.541025173702908369e+00
-3.631504552709704292e+00
-3.574387178511508001e+00
-3.423502315890124770e+00
-3.246753820201548457e+00
-3.025448267607045771e+00
-2.761641154764761907e+00
-2.466421751138043295e+00
-2.041489420648840536e+00
-1.482767660271473664e+00
-8.456411458934786074e-01
-1.063993754434001265e-01
4.444025599682008831e-01
7.750193524309481052e-01
1.041275727440646337e+00
1.160627133338561601e+00
1.289280459141853852e+00
1.438521668019670408e+00
1.457173446825591911e+00
1.376167399542396641e+00
1.420844462210330228e+00
1.590118951669636127e+00
1.794815733729596241e+00
2.089820722269084552e+00
2.302404886963241193e+00
2.421007656522855989e+00
2.576217072382913642e+00
2.728914977514221629e+00
2.799101673790010736e+00
2.792361202503985673e+00
2.717660093131949672e+00
2.554847857207001915e+00
2.380293613854471246e+00
2.193139750970384494e+00
1.937019258836553348e+00
1.626153666839453615e+00
1.270337117130830418e+00
8.628250749207951875e-01
4.071799327420205783e-01
-9.667450309830719068e-02
-6.726207660407362843e-01
-1.322470735929823338e+00
-2.035908677384321575e+00
-2.819614329733501012e+00
-3.305917630927214024e+00
-3.457970784921106322e+00
-3.454129366923627931e+00
-3.188825519754817872e+00
-2.872326206307586283e+00
-2.514441416204368007e+00
-1.914686262548521922e+00
-1.112192755500190477e+00
-3.754998435944296165e-01
3.012650370469497907e-01
1.025316943527173397e+00
1.733852521393306478e+00
2.642849699074617309e+00
3.769089786450448010e+00
4.956170499919258177e+00
6.255307753033601870e+00
7.184029806285581188e+00
7.678749528872627295e+00
8.004544663589744147e+00
8.019343239239010046e+00
7.966550093186963721e+00
7.861682619696298779e+00
7.454326964970667824e+00
6.789354780510303833e+00
6.274980709648313670e+00
5.909228432658396812e+00
5.520198597178146649e+00
5.205734605400978765e+00
4.654561743446554267e+00
3.842094209874490129e+00
3.000872862090301574e+00
2.057926344680559350e+00
1.058003259861693746e+00
2.824318835750241896e-02
-1.107411692613058163e+00
-2.332105700772452828e+00
-3.621147387647198013e+00
-4.982485577395334708e+00
-6.414050644676325241e+00
-7.912455908718263764e+00
-9.602359574123640940e+00
-1.149444598889010294e+01
-1.352778318797009938e+01
-1.573703317805945900e+01
-1.805343047792442590e+01
-2.047305155880697924e+01
-2.306099847497006650e+01
-2.580402410772907018e+01
-2.730859026958340152e+01
-2.744179870692048695e+01
-2.684829502835749793e+01
-2.512681238132965689e+01
-2.309410841731504505e+01
-2.078025903340732938e+01
-1.741168717841149416e+01
-1.313675519825324933e+01
-8.933358863055474330e+00
-4.770983375258111003e+00
-2.587203191601485930e-01
4.379716001971024397e+00
9.950642530827655818e+00
1.652060855414261553e+01
2.351826169156958812e+01
3.113881790925995574e+01
3.634037116322446082e+01
3.876381405871677543e+01
3.998572740216420840e+01
3.911858932792351595e+01
3.779088571799171348e+01
3.609013918990770975e+01
3.239754811059546569e+01
2.701275146790709769e+01
2.235369768958720726e+01
1.838973485415037601e+01
1.412141108194991723e+01
1.012095674517962607e+01
4.498997676184046668e+00
-2.894571919838431207e+00
-1.067028730659386682e+01
-1.927483073646434875e+01
-2.533479348649964180e+01
-2.837453608847724951e+01
-3.031303901760964337e+01
-3.015006495344871951e+01
-2.952234921411084656e+01
-2.854474143839577494e+01
-2.549237140929810863e+01
-2.066667680630781589e+01
-1.704364284257659179e+01
-1.462256284018704200e+01
-1.213542254071543347e+01
-1.030063099460249632e+01
-6.881564520620668368e+00
-1.701727442442058980e+00
3.552557902751089181e+00
9.403229805013069154e+00
1.357069597312674780e+01
1.565270157694875941e+01
1.710602966628910693e+01
1.723525675539294255e+01
1.697514828056601743e+01
1.641576496155700582e+01
1.445668728031090566e+01
1.126644425825329598e+01
9.147869103099395716e+00
8.129329560014420863e+00
7.188951675809796882e+00
6.891970754207275895e+00
5.579375039807163539e+00
3.117201004654634122e+00
7.871466948695704513e-01
-1.795007140810553237e+00
-3.698736615218596313e+00
-4.693738700122822571e+00
-5.498083758267582333e+00
-5.810777516562080969e+00
-5.877176315221543490e+00
-5.741861925671806866e+00
-5.004763489516188102e+00
-3.705162027822651361e+00
-3.020353398158400093e+00
-2.983658370992941844e+00
-3.041752618784041573e+00
-3.489001183114323279e+00
-3.524540398645056083e+00
-3.080017278114117296e+00
-2.793911739606556921e+00
-2.481669513326408616e+00
-2.188009317617964467e+00
-1.988376428011612962e+00
-1.728323483308725095e+00
-1.439046530442292138e+00
-1.240244408640454488e+00
-1.122141673504393200e+00
-1.056771742308123319e+00
-1.070719442451685488e+00
-8.729871992356654786e-01
-4.404835213242420111e-01
6.622175179051420502e-02
7.242411947535049022e-01
1.372613631915946542e+00
1.994735500632316416e+00
2.735529783252002023e+00
3.558803737671266898e+00
4.126657723852796167e+00
4.423590567342006175e+00
4.583517309388591698e+00
4.514855919084483915e+00
4.445988453312508248e+00
4.385072006921111765e+00
4.136849745310525961e+00
3.745778007703520096e+00
3.391895982052116398e+00
3.064649999312484940e+00
2.704685559465458855e+00
2.352462486912967776e+00
1.846469409471078293e+00
1.176008912142431750e+00
4.523958419280781351e-01
-3.624938975556758480e-01
-9.752429204685884034e-01
-1.346634828129659844e+00
-1.643650137135005185e+00
-1.780491047710902386e+00
-1.901824061984332737e+00
-2.018679994309152903e+00
-1.981736615008636626e+00
-1.818581509447820821e+00
-1.780966306282562472e+00
-1.869125660901411079e+00
-1.977940180662996594e+00
-2.168668238105130985e+00
-2.252480861713326288e+00
-2.215379329914969109e+00
-2.200750410856247896e+00
-2.165176091584740892e+00
-2.004991644247657412e+00
-1.724373784879632554e+00
-1.339789059743612176e+00
-8.242149178940080256e-01
-2.694897746439312014e-01
3.255302848923002368e-01
1.031487695505470148e+00
1.831766942293959755e+00
2.706969068489679220e+00
3.665505389868875863e+00
4.707631147017844242e+00
5.831959573005542907e+00
7.073133879802877111e+00
8.434387602202230383e+00
9.899554932560965526e+00
1.147847787777775252e+01
1.219726385082102382e+01
1.195689228952945626e+01
1.122211779007862020e+01
9.711350110033784233e+00
7.981582246140582981e+00
6.055464245213567409e+00
3.398354583136384832e+00
1.115543781440921645e-01
-3.098084102331315925e+00
-6.249079055613478317e+00
-9.627149545582177836e+00
-1.306916825428793949e+01
-1.714954531743492794e+01
-2.191543204133277811e+01
-2.695593661236852867e+01
-3.240941068081235699e+01
-3.580616636228498351e+01
-3.685771859190748501e+01
-3.682726370363970858e+01
-3.499332709936750518e+01
-3.268697044580099487e+01
-2.997507478227219124e+01
-2.553636843826671310e+01
-1.961348370221466908e+01
-1.414635685308217106e+01
-9.105198358786502411e+00
-3.686901222500017283e+00
1.652419529058318126e+00
8.439535106314105306e+00
1.679829181619426137e+01
2.561336515124116886e+01
3.524822418910098065e+01
4.189210368785885663e+01
4.505264014441897302e+01
4.679194367918232444e+01
4.598836196080938521e+01
4.459126664719762800e+01
4.271785277246642920e+01
3.837566424676742116e+01
3.192211639284169422e+01
2.654281810948613085e+01
2.221555254246584354e+01
1.760101782171263451e+01
1.345944106987036193e+01
7.345975724360658710e+00
-9.344587854285799633e-01
-9.564566441564435806e+00
-1.911993570364863260e+01
-2.586480603761571473e+01
-2.924172146624291813e+01
-3.143433262117395088e+01
-3.132718712390101601e+01
-3.066900888752067544e+01
-2.959100248209637130e+01
-2.620646497217405368e+01
-2.083564337544021328e+01
-1.688502027091960045e+01
-1.436424844888109043e+01
-1.180587819345068823e+01
-1.003541981268025118e+01
-6.518804695894205636e+00
-1.054492032652600386e+00
4.436124864167637405e+00
1.054364881088883266e+01
1.475861520928147463e+01
1.662942909927132362e+01
1.777027866743453544e+01
1.741242734086740640e+01
1.656893644512644315e+01
1.533803249072135166e+01
1.251199360552951134e+01
8.271569261856445365e+00
5.179302720476973043e+00
3.267515847797189288e+00
1.393339193898050166e+00
1.852809401910186227e-01
-2.200017917490138419e+00
-5.913195268865654164e+00
-9.530498267424169612e+00
-1.347987643878981245e+01
-1.613185766142628097e+01
-1.717002314956158671e+01
-1.767216222053583508e+01
-1.713098440749200435e+01
-1.616164754533895476e+01
-1.482616462683377456e+01
-1.235082660707701052e+01
-8.840723714532403577e+00
-6.034376772260626964e+00
-3.956315788220337915e+00
-1.816728166214828022e+00
-4.120616534261395403e-02
2.612422386250022655e+00
6.249886820936125353e+00
9.911668016159470795e+00
1.388844663498593590e+01
1.675537107531116732e+01
1.826705654779562593e+01
1.930593483601393601e+01
1.943624991323252615e+01
1.926330377501315994e+01
1.883731717538369210e+01
1.745659168117042626e+01
1.522742788527595614e+01
1.356419471174701563e+01
1.247842052940923629e+01
1.134108874774152831e+01
1.049598208463452487e+01
8.910927181395306818e+00
6.499694577313378296e+00
4.050522116934757832e+00
1.321411183177975346e+00
-5.930945231601179035e-01
-1.501032048769256777e+00
-2.095347048368442877e+00
-2.041737396669516258e+00
-1.795164159548838123e+00
-1.397497718994318738e+00
-3.163588279380612489e-01
1.366825275728944744e+00
2.546537834655617782e+00
3.210077408562856061e+00
3.848249231913041246e+00
4.190225171220144595e+00
5.034864669934179915e+00
6.447135458644385864e+00
7.811404844549795889e+00
9.313168116721454837e+00
9.694030897202482677e+00
8.760417469556779579e+00
7.237697128187017270e+00
4.745387498529705539e+00
1.866433029052559256e+00
-1.361432220001869808e+00
-5.578807974712153950e+00
-1.068396019717548562e+01
-1.552864380340773032e+01
-2.011474922040322255e+01
-2.494586774185918543e+01
-2.974788007505815202e+01
-3.538421786583761275e+01
-4.192887902817277990e+01
-4.873681919984376520e+01
-5.601363280652326893e+01
-6.035072190739872156e+01
-6.133680883019231089e+01
-6.072274492962223036e+01
-5.750672583564267626e+01
-5.350462017879076626e+01
-4.880458316188724410e+01
-4.158465175480551324e+01
-3.217126199743361070e+01
-2.327616540215690222e+01
-1.485722937255379783e+01
-5.779824234513757375e+00
3.320567892970309742e+00
1.457687982105949942e+01
2.816668995053516511e+01
4.253570273784736600e+01
5.819476864530948745e+01
6.913338931465064263e+01
7.459607286252675351e+01
7.778953093082083114e+01
7.694909244274415983e+01
7.519710801788640708e+01
7.271400064489583315e+01
6.633746833472596904e+01
5.664029126238493461e+01
4.857336487466118058e+01
4.209349684935011027e+01
3.512939913952248361e+01
2.885947674366831350e+01
1.946265973891742362e+01
6.634252136038982783e+00
-6.795112871042221947e+00
-2.172635517777877112e+01
-3.255977579530155452e+01
-3.845217069863376480e+01
-4.270752878692233168e+01
-4.365443592318304411e+01
-4.389402573973329424e+01
-4.362953350098209171e+01
-4.004586851288540572e+01
-3.362252626556256274e+01
-2.950936480260854111e+01
-2.772899186851456932e+01
-2.606377861524292427e+01
-2.576615966084767351e+01
-2.302233785423052481e+01
-1.753253109672417409e+01
-1.220012614755260927e+01
-6.139941392148041466e+00
-1.328671965963767798e+00
1.733772671566184531e+00
4.628907225124679670e+00
6.720194562989372677e+00
8.493271312894323799e+00
1.005607800224533754e+01
1.058452187685913159e+01
1.016239453030511086e+01
1.135195318734353265e+01
1.423833713207554474e+01
1.762394286222920670e+01
2.215722784461746286e+01
2.612181838205258799e+01
2.937858892446974934e+01
3.331686887901501848e+01
3.754829827646409512e+01
4.001285976750146745e+01
4.066065242354047626e+01
4.018081543359803476e+01
3.801963829785352544e+01
3.568447676099311394e+01
3.320585617886759167e+01
2.933536216086238113e+01
2.435960061887056227e+01
1.920969551011074827e+01
1.379587961446916111e+01
7.840138163892470757e+00
1.537240873985810108e+00
-6.032377270564031946e+00
-1.493446277092375674e+01
-2.457295320686581874e+01
-3.517318744979670697e+01
-4.278451964211949843e+01
-4.696451062388299391e+01
-4.974521244998863523e+01
-4.998472891771979931e+01
-4.983486011828160400e+01
-4.941594975815782220e+01
-4.662295430424931197e+01
-4.185939369360935558e+01
-3.819297187848026454e+01
-3.558416840888033761e+01
-3.278613680148769305e+01
-3.052777265758421166e+01
-2.640697615326521586e+01
-2.024035684011156633e+01
-1.379925617264072280e+01
-6.520582053447025572e+00
-9.709955876697891064e-01
2.417620629201634674e+00
5.272498533812373545e+00
6.820164195058029399e+00
8.146974295977017277e+00
9.360566489141499247e+00
9.219074154941072408e+00
7.925458366319975134e+00
8.015011451294252964e+00
9.520765578269610785e+00
1.133487728607131473e+01
1.408323657498827686e+01
1.594005976516061196e+01
1.676489049643998896e+01
1.797533225353848607e+01
1.915342298978076840e+01
1.990228501752482515e+01
2.033420012201614924e+01
2.033092415855084667e+01
1.981368015894585355e+01
1.933535516089602524e+01
1.887989919689433549e+01
1.810345482404610706e+01
1.711306569728551707e+01
1.564390529037251554e+01
1.363249387081213193e+01
