5.149171202515241674e+01
-5.690838261470126724e+01
-1.157552081528815506e+02
-1.104037043408658008e+02
-1.179106266871772135e+02
-1.128881866726827496e+02
-8.971153167306005116e+01
-5.428108231732004185e+01
1.163732255953472716e+01
1.093022840215053719e+02
1.557177185309513163e+02
1.479060929361754404e+02
1.275524366696777037e+02
7.400722005991815422e+01
2.777892265180160081e+01
-7.174466969739658140e+00
-6.803369230886151797e+01
-1.459461656298654191e+02
-1.571585204460224077e+02
-9.825686015876939905e+01
-2.775130855888233938e+00
1.517017845466575352e+02
2.032336521318920575e+02
1.386786758723504818e+02
5.521396562447369405e+01
-8.908435937023141094e+01
-1.605435098582400997e+02
-1.426383838065207783e+02
-1.344586445704296978e+02
-1.011807409497685342e+02
-6.411204401044420820e+01
-3.264255756844356426e+01
3.206594626920909974e+01
1.242758677090033643e+02
1.673298847154534030e+02
1.605365288149816081e+02
1.368822404317232042e+02
7.758363836114544654e+01
3.208179648486292024e+01
3.981631579731782278e+00
-4.673916625690905136e+01
-1.091283256145547256e+02
-1.420062809256762364e+02
-1.459577710723477821e+02
-1.326886935002642645e+02
-9.167308044390459543e+01
-5.265606360008168707e+01
-1.600920537666732457e+01
4.241866620852055547e+01
1.170352357524113387e+02
1.547839593090194228e+02
1.537771641011258055e+02
1.357589977672543284e+02
8.673891638347905086e+01
4.601472242062477847e+01
1.566964827046802355e+01
-3.591510940937669005e+01
-1.004172653684952081e+02
-1.331899003277188740e+02
-1.336716566424016150e+02
-1.172920968480856914e+02
-7.240244946212017396e+01
-3.099846089436930896e+01
5.964375106632159529e+00
6.466067209736846166e+01
1.387931769891633849e+02
1.460283096674752983e+02
8.160401017777668642e+01
-1.968018792116548710e+01
-1.803619049382499782e+02
-2.320062987829598455e+02
-1.605796617759249614e+02
-6.650859213883643406e+01
9.412263437761711771e+01
1.871665095978730733e+02
1.963138634640791622e+02
2.228576478066454456e+02
2.322826068759183329e+02
1.921251990879292748e+02
1.070450134405479758e+02
-3.596237780236359072e+01
-2.462793942300947663e+02
-3.432501107446391870e+02
-3.170669100477140319e+02
-2.638210461992297269e+02
-1.375247985991423718e+02
-4.539853858671311571e+01
1.224626016276547880e+00
9.323322367186526094e+01
2.055337819265735675e+02
2.530053475963287326e+02
2.375689667329827444e+02
1.810435239996530754e+02
6.171973502317140969e+01
-1.587105306161686613e+01
-4.713709162872363123e+01
-1.022656717369448671e+02
-1.575154252327278925e+02
-1.617675849662278438e+02
-1.157127743540407039e+02
-2.517198884607969234e+01
1.243046774197234754e+02
1.801905442922464431e+02
1.333611432993395738e+02
7.063622333510416240e+01
-4.640666285343622377e+01
-1.103311442062490499e+02
-1.080385700462108503e+02
-1.230670602546594665e+02
-1.281509645049201538e+02
-1.055961177556747685e+02
-6.088030553875636741e+01
1.953147701149467963e+01
1.401298481215776803e+02
1.897836528636422599e+02
1.631629208900836829e+02
1.182072024972376454e+02
2.684855891896921065e+01
-2.697519932275861976e+01
-3.461179366932411483e+01
-6.015631728009106638e+01
-8.299830320192340594e+01
-8.408602743909688115e+01
-6.729939737017747348e+01
-2.542676836209928837e+01
4.635790338023269186e+01
7.662741135094259448e+01
6.262818709616053781e+01
4.353529490531192891e+01
1.980481625711963067e+00
-2.659202257278495907e+01
-3.756841338941625708e+01
-6.233184391044116524e+01
-9.232971371852586628e+01
-8.780285850934957637e+01
-4.837910625347941362e+01
1.356506754570740370e+01
1.085232228320550831e+02
1.453163297439780308e+02
1.170866231738640408e+02
7.674728026991294882e+01
7.190430091465200846e-01
-3.586429223533372124e+01
-2.417797430566919914e+01
-2.007557290697087637e+01
-4.265061065434711196e+00
-1.650414690826099928e+01
-6.515640836241624356e+01
-1.158364303028534437e+02
-1.800488577601887528e+02
-1.790362795339114541e+02
-1.019850774243063256e+02
4.441499119354562097e+00
1.631884773259176882e+02
2.417333760801425910e+02
2.269191647328573538e+02
2.023165598801686258e+02
1.328754474063075861e+02
7.185824053579709414e+01
2.761311999989837318e+01
-5.544182297262054959e+01
-1.649261356624097914e+02
-2.154642505246778228e+02
-2.064271476420680358e+02
-1.698479490528083886e+02
-8.412767116761635577e+01
-2.020372455578998228e+01
1.797691263590692756e+01
8.381632362234716993e+01
1.616390824836929312e+02
1.743160052562462852e+02
1.197781541233874094e+02
2.296391806385116396e+01
-1.371137075434465373e+02
-1.976326298500804626e+02
-1.468969914286763014e+02
-8.182335464832911498e+01
3.902757569254058012e+01
1.180109894714517083e+02
1.420404545537233503e+02
1.925800002253284049e+02
2.450450690472972894e+02
2.260100425140176128e+02
1.361635918465333930e+02
-9.212432118190388763e+00
-2.298963392838038260e+02
-3.348936248753451537e+02
-3.115033270016017468e+02
-2.692722665368912089e+02
-1.595233607725456864e+02
-7.022118169683439248e+01
-1.282733755011092569e+01
9.626421573662921105e+01
2.366666169859477691e+02
2.870727555232709847e+02
2.463129555599558387e+02
1.574392614910725285e+02
-1.077702326822303824e+01
-1.004045636057523723e+02
-1.009655785294999504e+02
-1.160563861475149139e+02
-1.074640854548044047e+02
-7.833513267500465815e+01
-3.580049877909617351e+01
5.259117552444493526e+01
1.869876043504679046e+02
2.218313713361554846e+02
1.510065028778316218e+02
4.593890969304077032e+01
-1.303639051417026735e+02
-2.169085954915250625e+02
-1.984514687247565519e+02
-1.835320733576119778e+02
-1.311336862273139161e+02
-7.820600266326698602e+01
-3.492880659845535973e+01
5.034221302588549918e+01
1.686306996505527138e+02
2.189893107788901432e+02
1.999379916988863215e+02
1.537741700690251037e+02
5.525504896666133448e+01
-7.940660779312862516e+00
-2.937855433225642798e+01
-7.315796601643735642e+01
-1.187536318517742160e+02
-1.320370729463207908e+02
-1.154881310127611016e+02
-6.945423270954019301e+01
1.513976302677369290e+01
5.642715375594016791e+01
5.094552243055251495e+01
4.679423264895115864e+01
2.438406531016337198e+01
1.190675350149369649e+01
1.443566110227459021e+01
2.565791708837286578e+00
-1.682273528915561656e+01
-2.500258963547199897e+01
-2.414382983689815276e+01
-1.833586787179666899e+01
-3.663377438786020512e+00
1.117725524948651206e+01
2.627607216304903304e+01
4.918212546483493242e+01
7.846252578666685906e+01
7.811080689174703195e+01
4.572697408081149462e+01
-2.416458140712042457e+00
-7.618753602476741094e+01
-1.141117506348679456e+02
-1.110316400648944324e+02
-1.050951811947583963e+02
-8.048338907617130644e+01
-5.509303616767338241e+01
-3.221642045179942926e+01
1.015492443288254876e+01
6.811207305820403235e+01
1.130149855388800262e+02
1.457134214261344880e+02
1.776119008833794339e+02
2.021488688324448901e+02
1.767467869813044388e+02
9.652155683510721929e+01
-2.434708516121734689e+01
-1.994400162575633146e+02
-2.810878639086178055e+02
-2.580803367662397818e+02
-2.138441722693629004e+02
-1.097417048785234499e+02
-3.030647305904889777e+01
1.489152780859536129e+01
9.979712448578383999e+01
2.046092600790410643e+02
2.272257435768359528e+02
1.661625618808796503e+02
5.516026099538982663e+01
-1.327291303169990613e+02
-2.064548569419335422e+02
-1.523171951038931979e+02
-8.587800602759730850e+01
4.117626913906070030e+01
1.134266756198473161e+02
1.147356632566259691e+02
1.404691326825951876e+02
1.610596979671067004e+02
1.432887123018951456e+02
9.290393510122764553e+01
2.095026579323328697e+00
-1.373495604968169346e+02
-2.129132488350394681e+02
-2.196260978184075157e+02
-2.194633739520669735e+02
-1.847601035005974097e+02
-1.288373694952437631e+02
-5.445812002705032739e+01
6.837303916641110391e+01
2.387006695360064441e+02
3.028638785995193530e+02
2.527948786251318438e+02
1.629208028065029339e+02
-6.880787523343020240e+00
-9.556012779031883042e+01
-8.890006124233072171e+01
-9.897841137181930549e+01
-8.585626114853174329e+01
-6.873459528230870319e+01
-5.762154486571173351e+01
-1.108602206385981148e+01
6.587536651449173064e+01
9.415740580517233127e+01
7.393874868084742502e+01
4.044335815815551882e+01
-2.503870111603686865e+01
-6.076188907334297795e+01
-6.114470580070559436e+01
-7.140010318432231884e+01
-7.652510150518745036e+01
-6.553394276921602568e+01
-4.117528096052148356e+01
3.216551570611718258e+00
7.053424403214148697e+01
1.055050093830042215e+02
1.058341843689619708e+02
1.010766741201224761e+02
7.758192055005379473e+01
4.799780386944611621e+01
1.403238035677019724e+01
-4.206871158459080817e+01
-1.182360127218496473e+02
-1.456301139673089438e+02
-1.208906995951765850e+02
-7.600752716111203711e+01
7.064006122565793078e+00
4.580171497418014326e+01
3.317681641186817387e+01
2.447011305060386732e+01
-9.738552734126475485e-01
4.207244399878443453e+00
4.830395311065883845e+01
9.207712037804324723e+01
1.485623033427936264e+02
1.490448258942319342e+02
8.325193789742365880e+01
-5.796773313930428273e+00
-1.382231338607706448e+02
-1.951677176868682011e+02
-1.642677131189186923e+02
-1.198993775014171348e+02
-3.022500290117663724e+01
2.484413181016576999e+01
3.492937380925879864e+01
6.554828031876225225e+01
9.655599243941637155e+01
9.103948193909019437e+01
5.162563993178122246e+01
-2.014079612628200877e+01
-1.338920822128579005e+02
-1.698989018998988172e+02
-1.207764321702880039e+02
-5.276068350601107682e+01
6.471155894822649657e+01
1.373684246583574691e+02
1.546824861651701326e+02
1.876430805673120688e+02
2.124935624783536241e+02
1.865018343935965675e+02
1.111651799336447795e+02
-1.262930562246154409e+01
-1.970255842501397865e+02
-2.868084267936729930e+02
-2.726094867904421335e+02
-2.404180486104482668e+02
-1.507262477599754504e+02
-7.081576940861023672e+01
-8.788674270902381735e+00
1.015244932316719115e+02
2.452427931234474556e+02
2.812492049445328917e+02
2.047346690352711391e+02
7.246755211162997057e+01
-1.527527324589866851e+02
-2.444287077875257808e+02
-1.847476980701537173e+02
-1.149169725232524826e+02
2.256258969307827300e+01
1.119547364075040576e+02
1.353177077444292138e+02
1.958063929207163483e+02
2.639595979955431062e+02
2.495459492354833628e+02
1.546090174777187372e+02
-1.136175115112521006e+00
-2.411811784632209026e+02
-3.554497821781249058e+02
-3.300878254658073843e+02
-2.869189460429356018e+02
-1.726859231979124161e+02
-7.862074397638920686e+01
-1.730262309668965770e+01
1.001154612777580155e+02
2.524421093555020548e+02
3.077674488778953332e+02
2.647915093489495462e+02
1.711318048020081903e+02
-7.058321946377841272e+00
-1.025289344118222203e+02
-1.040604878133321591e+02
-1.219730086984642696e+02
-1.158269897887112023e+02
-8.568029069280669319e+01
-3.892952360838366843e+01
5.716627675097898731e+01
2.036026327617926768e+02
2.423369647284773407e+02
1.665207987881350391e+02
5.437327108771788176e+01
-1.342826761341604538e+02
-2.331767053718950535e+02
-2.264648114374779766e+02
-2.279669459696513343e+02
-1.955325791060692211e+02
-1.418172916726616961e+02
-7.530837281394420302e+01
4.494687343585844275e+01
2.167092464474968381e+02
2.985151866615487961e+02
2.856330067812234006e+02
2.457938949943118416e+02
1.434540476118636434e+02
5.888349832347748958e+01
-1.130355460821472313e+00
-1.060052337973386756e+02
-2.381157043024612676e+02
-2.845160140381337328e+02
-2.427039168461535326e+02
-1.538531112703352051e+02
1.174409358374311196e+01
9.319406949327623124e+01
7.943525915029545104e+01
7.422713492570807148e+01
3.813905556927119278e+01
3.570974050968148816e+01
7.971378958671139969e+01
1.075304385315022131e+02
1.363043071135849118e+02
1.241593553283560709e+02
5.957112713225129852e+01
-2.474524650385829361e+01
-1.429625602372247499e+02
-1.924796706859563358e+02
-1.621647312452087988e+02
-1.136928033625774646e+02
-1.891150624212594877e+01
3.591279699556663729e+01
4.115450298799281370e+01
6.265302167918642340e+01
7.877248910321776521e+01
7.038878371423095359e+01
4.123446167980166877e+01
-1.697434748225946777e+01
-1.093255855418631484e+02
-1.398177777965557596e+02
-1.036250488718427647e+02
-5.188518965730489185e+01
3.960743743729688049e+01
1.041742842143088410e+02
1.346231024156136584e+02
1.834392117433469025e+02
2.343174578298861945e+02
2.170602610488972175e+02
1.295463582683294987e+02
-7.978812358936700377e+00
-2.150981712773699428e+02
-3.145406859493307934e+02
-2.936423371989223483e+02
-2.551409727093628419e+02
-1.535233987900824388e+02
-6.689037562965062023e+01
-5.582864180192775194e+00
1.067366424022207525e+02
2.521958460604412835e+02
2.939984607530558378e+02
2.288256390050200935e+02
1.090249234667636529e+02
-1.011340168135237434e+02
-1.919787388059323519e+02
-1.477623892314788066e+02
-1.004941282029640917e+02
2.437982051186183163e+00
5.947358530135254284e+01
5.382995321948415324e+01
7.736949151679962711e+01
1.038845535617423508e+02
1.005170564156051967e+02
7.395480953008872405e+01
1.943705298152098138e+01
-7.014194975029251111e+01
-1.220072130024538524e+02
-1.337494093783792550e+02
-1.469039225159906152e+02
-1.442682791775419560e+02
-1.123392841734111443e+02
-5.146552075212417066e+01
4.627333299413581358e+01
1.860758599424339650e+02
2.325648447054412031e+02
1.769781127997592591e+02
8.956517194715800656e+01
-6.520649564287364797e+01
-1.337996831963928912e+02
-1.013574788521528518e+02
-7.192948563930602290e+01
-6.283460852608749647e+00
3.279099011890914284e+01
3.267928982958967765e+01
5.562693261250353061e+01
8.502384960330326180e+01
8.510866995914692268e+01
5.962139715238628668e+01
1.272141665220892470e+01
-6.383364150027483674e+01
-1.096625656995627196e+02
-1.219113960700229597e+02
-1.369169885303531373e+02
-1.402198459700766477e+02
-1.176436176375751899e+02
-6.955214350786198452e+01
9.345863739670770443e+00
1.240324765868470820e+02
1.883980394560784646e+02
1.978893129851434196e+02
1.991092488909387157e+02
1.703130393644761398e+02
1.192415652251368101e+02
4.716347663697207082e+01
-6.863906436466703553e+01
-2.286080092528993930e+02
-2.838764912488560412e+02
-2.256928262924412536e+02
-1.270940707658230622e+02
5.116521230094796380e+01
1.353789399543769321e+02
1.099487419228402558e+02
9.219108484827842176e+01
3.832510212117419712e+01
4.773228285054374354e+00
4.590799870249884229e+00
-2.495356173157279756e+01
-6.904514866272400297e+01
-8.001189881558153161e+01
-6.150791407492575757e+01
-2.529247206929895952e+01
3.940468786065420659e+01
7.441629019437760917e+01
7.642839061752582097e+01
8.257420087573210310e+01
7.895166319410459721e+01
5.903634298331557773e+01
2.450003532906914216e+01
-3.286364959546651932e+01
-1.154170638515425082e+02
-1.442717977304345141e+02
-1.148819990185313173e+02
-6.765343699327318916e+01
1.788561596632958484e+01
5.511333618385179989e+01
3.565509016663651209e+01
1.851501774173885195e+01
-1.838594136502668519e+01
-1.275590919794652045e+01
4.540381290483138343e+01
1.085241603073205567e+02
1.938832649847103653e+02
2.023711515193427033e+02
1.207461900801364720e+02
1.022154543762067291e+01
-1.574830454652727951e+02
-2.393140523845574421e+02
-2.201003409408317566e+02
-1.928286194246665559e+02
-1.195582486060657459e+02
-5.450358986477787226e+01
-7.013001193294650548e+00
8.129029617076972158e+01
1.976088144057755756e+02
2.250298350125034688e+02
1.601789342044366151e+02
4.955977961303647561e+01
-1.373757115885213125e+02
-2.110171967481991260e+02
-1.563703767386225252e+02
-9.098975793093987363e+01
3.340147130381299689e+01
1.115639282745622012e+02
1.278870476277914463e+02
1.728990200958170647e+02
2.196911401747775585e+02
2.032071109293738687e+02
1.261000529906764314e+02
-2.108898925596039753e+00
-1.984279693691752868e+02
-2.957451357601599398e+02
-2.837646968785292643e+02
-2.581542250456666352e+02
-1.767570603304227461e+02
-9.807048318226006245e+01
-3.045604712854516549e+01
8.998428398514980131e+01
2.505757108793211501e+02
3.099352311702270413e+02
2.638350374439942243e+02
1.713157193448161024e+02
-4.231107021029374415e+00
-9.608096384677527624e+01
-9.157131502056736849e+01
-1.028686092224206732e+02
-8.917496317775477621e+01
-7.197064440540881947e+01
-6.110489012121209385e+01
-1.340487422282961916e+01
6.580233587241660587e+01
9.643955634367851815e+01
7.889319797333301665e+01
4.873898780266243591e+01
-1.286637804766581894e+01
-5.304232411876098041e+01
-6.708758943249158335e+01
-9.613547628039223980e+01
-1.277599545548762592e+02
-1.206331486271110123e+02
-7.474546141908096786e+01
-1.429442656627530894e-01
1.143196193556369167e+02
1.707697064648551475e+02
1.626697961719075067e+02
1.470640382608867185e+02
9.913190322109446129e+01
5.241308384984705526e+01
1.191749205042971305e+01
-5.954267696135431720e+01
-1.546638675398121165e+02
-1.883421801557825859e+02
-1.578617636966053794e+02
-9.895834295373586542e+01
1.046633530676117729e+01
6.299579022831407826e+01
5.026949132082601324e+01
4.317922396802955376e+01
1.511460740501473055e+01
1.491725652700483984e+01
5.195498509102399964e+01
8.145076016421383258e+01
1.166258805133079051e+02
1.122282420098977695e+02
5.900094126598056476e+01
-1.136733531409447906e+01
-1.129900297954539496e+02
-1.561257501820295772e+02
-1.311163241717324581e+02
-9.327887325508183380e+01
-1.825452723212136874e+01
2.680207806383804581e+01
3.378608348578035248e+01
5.589622114263144681e+01
7.625367122415190124e+01
6.664339161042735782e+01
2.909656377187570442e+01
-3.648849935952487300e+01
-1.376612044554617285e+02
-1.662419293885803313e+02
-1.153363731100581902e+02
-4.374994357703839398e+01
7.641905891740674406e+01
1.495854366934603945e+02
1.656320991408327643e+02
1.940793547026025578e+02
2.107622498955457502e+02
1.805532832924648403e+02
1.051060864427763732e+02
-1.884175131134148273e+01
-2.016560389557694748e+02
-2.917578067355967164e+02
-2.802965758441563935e+02
-2.500880830800815886e+02
-1.625321946605622827e+02
-8.132575218126289940e+01
-1.385242652438188316e+01
1.036955425635642882e+02
2.575684806499421029e+02
3.039423687958687879e+02
2.377447444333477051e+02
1.181016797972421557e+02
-9.280286906445965656e+01
-1.849540525591797007e+02
-1.419370168664040932e+02
-9.767492528485017544e+01
6.283141589066931765e-01
5.197374673055532668e+01
3.923485876735109912e+01
5.407771027169663824e+01
7.024444875098703278e+01
6.780472941195240821e+01
5.467746358594239808e+01
1.991039807456259325e+01
-3.991040045058593932e+01
-7.960695421148378159e+01
-9.918652052539253816e+01
-1.237156907739108647e+02
-1.432527272884294405e+02
-1.249019148136442965e+02
-6.664456209329230774e+01
2.395801141226243658e+01
1.569711480763248801e+02
2.111334144410812144e+02
1.776739172977010242e+02
1.240618970128147396e+02
1.866035784429708499e+01
-4.131314131566371373e+01
-4.535792960502263327e+01
-6.715027607301905732e+01
-8.244780030564139395e+01
-8.030168747894079218e+01
-6.595923885280043919e+01
-2.528044242584978818e+01
4.438631751483825383e+01
7.194047795442759252e+01
5.530408231705826694e+01
3.173761938279540118e+01
-1.594723386836371404e+01
-3.898626363955418128e+01
-3.179841082399968144e+01
-3.193002862930115171e+01
-2.716357839041469546e+01
-2.100941467364213366e+01
-1.714466106947991264e+01
-4.227605981644044775e+00
1.638851200348757331e+01
3.304714826004914840e+01
4.679155310452749461e+01
6.243242461801504817e+01
7.772528085684082555e+01
6.896334742079116609e+01
3.382487179334577121e+01
-1.829820658553031976e+01
-9.452191161075170101e+01
-1.251280003577858650e+02
-1.044689241588682052e+02
-7.235953708294016451e+01
-1.043201409366974275e+01
2.134537224563554147e+01
1.635812202421200467e+01
1.904255716991146130e+01
1.420980919431019274e+01
2.575900547823298936e+01
5.965798894129688534e+01
9.242183724255279742e+01
1.310475126835542596e+02
1.265732050802871953e+02
7.163127221716882786e+01
-5.098140008186600625e+00
-1.182884053059500786e+02
-1.696120707178145608e+02
-1.496042331595101871e+02
-1.183029271103216047e+02
-4.956078606600624425e+01
-2.058401281307755681e-01
2.240580485494189844e+01
6.798640057087312982e+01
1.227066125145740045e+02
1.225181869360835520e+02
6.655882572586641288e+01
-2.539742515288580194e+01
-1.704237563090929655e+02
-2.140495337410888794e+02
-1.446006594666410479e+02
-5.112753573222452275e+01
1.064418834259178794e+02
1.896438798825839172e+02
1.826179923202433031e+02
1.854485770996713825e+02
1.623633666568087790e+02
1.208137944532680734e+02
6.853238694966702838e+01
-2.766061231930607534e+01
-1.663239764804054630e+02
-2.361834610578861771e+02
-2.339225001177939021e+02
-2.131212482691442460e+02
-1.460983228435845547e+02
-8.101056973517025028e+01
-2.191652526624693920e+01
7.834994203488770381e+01
2.100830079828938608e+02
2.525588591674455472e+02
2.008701741619509562e+02
1.062413170975342922e+02
-6.319184120392820603e+01
-1.430939262611362892e+02
-1.205680602334942080e+02
-1.024793085068362046e+02
-4.780292552967860331e+01
4.740816305107187212e+00
4.515659342124512676e+01
1.257220060851615244e+02
2.371343922588342252e+02
2.507918460574533981e+02
1.623679566139793167e+02
2.683728632011979442e+01
-1.891400823422388555e+02
-3.010559649557053490e+02
-2.936992216307472745e+02
-2.844112349020311967e+02
-2.263303658593494276e+02
-1.545974918631118555e+02
-7.834514851660244972e+01
5.864765944398920539e+01
2.492496066236478782e+02
3.440015180826403025e+02
3.388152372135876931e+02
3.016045515418337573e+02
1.947417885484207716e+02
9.676915939295372482e+01
1.318857961349002039e+01
-1.268400931628494703e+02
-3.071519104851723796e+02
-3.636550957791254177e+02
-2.898742854744181727e+02
-1.529939770101559020e+02
9.057350930747726636e+01
2.008741020932344554e+02
1.595052611607081872e+02
1.200949730266013091e+02
2.260224453952843504e+01
-2.984382771540175838e+01
-1.858906898897885185e+01
-4.216017515741464194e+01
-7.386945352436092094e+01
-7.790695805664388729e+01
-6.216768817240364342e+01
-2.330925121945810474e+01
4.579036917876358359e+01
8.540853203715448672e+01
9.403497531213101013e+01
1.066982393030487088e+02
1.097038629522084250e+02
8.861872884355355495e+01
4.391109253493243614e+01
-2.865067896645732048e+01
-1.339169264679688354e+02
-1.782590350394010557e+02
-1.559724110905288512e+02
-1.168558977174810138e+02
-3.672009163642724872e+01
9.999833394513238716e+00
1.572028038553307994e+01
3.688570793318840657e+01
5.519697615478882824e+01
7.717314991960219572e+01
1.085457571324087382e+02
1.319120881093261630e+02
1.497381057916997236e+02
1.321312067982897247e+02
7.279901449290500182e+01
-1.284746578247932192e+01
-1.350891849019832307e+02
-1.973688898182405183e+02
-1.915743988708290431e+02
-1.735704777964549521e+02
-1.178466069495148361e+02
-6.068134325285411279e+01
-6.569460387575048799e+00
8.420351099128100714e+01
2.041507322757990437e+02
2.285553720945208624e+02
1.512526497829035748e+02
2.673547469817044941e+01
-1.782599246968835018e+02
-2.508604470105167081e+02
-1.731116630059429156e+02
-7.593708833042222750e+01
9.565801536075929334e+01
1.820227712423365460e+02
1.621604247171310078e+02
1.583666360553742152e+02
1.289644417316502540e+02
9.121973711452443467e+01
5.650685320027130132e+01
-1.751468379846204471e+01
-1.257858813304815300e+02
-1.853790552860543528e+02
-1.962362768974155927e+02
-1.951693982122520765e+02
-1.624210250509410116e+02
-1.122158376924314922e+02
-4.508143698293782364e+01
6.299932032241258639e+01
2.111131164618374498e+02
2.640595221188141863e+02
2.141194545926509818e+02
1.267179623788535849e+02
-3.381066933625540827e+01
-1.139250171760857739e+02
-1.001501162781342060e+02
-9.717185515883781477e+01
-6.661659819427616469e+01
-3.173249597303728819e+01
-1.795954761247809062e+00
6.563028600345531061e+01
1.648623273694723821e+02
1.857092952055963622e+02
1.250742915788868999e+02
3.220515503158532056e+01
-1.207911678059009120e+02
-1.992804098035020957e+02
-1.916296378735453629e+02
-1.862332125656956521e+02
-1.490415242062169057e+02
-1.031363366970462749e+02
-5.575418881580065289e+01
3.247758902518723545e+01
1.565708636934835170e+02
2.180622017954649721e+02
2.146921412922842194e+02
1.909712631455312817e+02
1.223208318726205164e+02
5.826145237408658772e+01
2.264052840151099755e+00
-9.101333323360515237e+01
-2.114866723880999189e+02
-2.367392128775151150e+02
-1.609885936708586769e+02
-3.567293440472863608e+01
1.720416213225040849e+02
2.481951656840295470e+02
1.753162044623599058e+02
8.470350586872012855e+01
-7.864849059269515408e+01
-1.681039490396207157e+02
-1.638843828550940032e+02
-1.820716132758886090e+02
-1.846981765740393655e+02
-1.526242839838680254e+02
-9.390422100397331917e+01
1.320186447937200924e+01
1.734577871867078613e+02
2.625273869539915950e+02
2.760621677558070246e+02
2.791557318647809325e+02
2.413417389819871346e+02
1.750483193694423676e+02
8.225281031228035999e+01
-6.926281323314442773e+01
-2.795994977788543565e+02
-3.792890452142490290e+02
-3.598991989939393648e+02
-3.049087378813049440e+02
-1.705299768523282751e+02
-6.654671652274700477e+01
-2.333173049422724965e+00
1.132028080152532112e+02
2.552850869573978514e+02
3.186785369076488337e+02
3.035620816976329479e+02
2.419124345867661816e+02
1.064401177580464832e+02
1.589547122008951696e+01
-2.407721797170425404e+01
-9.557276131854941070e+01
-1.717400662687082047e+02
-2.083240966073855418e+02
-2.082428375369853484e+02
-1.720388169110791239e+02
-8.777299113782072482e+01
-2.392453735357906552e+01
1.898057685430956454e+01
8.594034447931710474e+01
1.626111643103948268e+02
1.799293309949668753e+02
1.352137228067274748e+02
5.061067670033128252e+01
-9.317782091881861106e+01
-1.520822838687241472e+02
-1.161857895864025636e+02
-7.222062580758407080e+01
1.609937242239576349e+01
7.224765365737883371e+01
8.514977505101545319e+01
1.216212634327138460e+02
1.624088722504336886e+02
1.540771235711828524e+02
9.839312379650768037e+01
5.693010554874245344e+00
-1.378383467720714748e+02
-2.164216326156280559e+02
-2.230357273339616881e+02
-2.257657860634057840e+02
-1.957476790568574074e+02
-1.436786574931402924e+02
-7.298858418045301732e+01
4.598419892217845728e+01
2.126613017303401705e+02
2.938933662842275680e+02
2.838145610229934164e+02
2.475233065756112296e+02
1.509684532022953363e+02
6.807793688636007801e+01
5.046381358616361723e+00
-1.034593708371047285e+02
-2.414433249663599383e+02
-2.865692826074417781e+02
-2.351783332834702378e+02
-1.342283516052206664e+02
4.861393985217999614e+01
1.354379621718643705e+02
1.133574200582078646e+02
9.648308853040722965e+01
4.075260913046482614e+01
1.016337042264685664e+01
1.761467058683217246e+01
-3.429657689569143741e+00
-3.652192351485081190e+01
-4.708800852873844889e+01
-4.027417816783142968e+01
