6.471493238945940085e+00
1.114138257381292263e+01
1.631801831694158977e+01
2.199727494799692451e+01
2.863191500685027435e+01
3.615116798002941323e+01
3.873681458470890959e+01
3.587653082463235421e+01
3.027187093870995227e+01
2.027207884248009151e+01
9.366828866430326528e+00
-2.291307188750121959e+00
-1.793192675702795214e+01
-3.689670004975661755e+01
-4.791073946852400667e+01
-5.033768103500392499e+01
-4.912177055484366406e+01
-4.121344345685255206e+01
-3.405726568204139681e+01
-2.803900244859179125e+01
-1.677740052064611120e+01
-1.785315882386153463e+00
7.786081936592001540e+00
1.190571650773371992e+01
1.394985199902703066e+01
1.160963924986185880e+01
1.192657009387512979e+01
1.525503042648453622e+01
1.613963868289370751e+01
1.609157132505750099e+01
1.621978737123144398e+01
1.598509022578284267e+01
1.589237295925875060e+01
1.606692172962085507e+01
1.445286802490817557e+01
1.102699135490727045e+01
6.863184334809508513e+00
1.487348937864973131e+00
-2.008206156854433821e+00
-3.275167188755108594e+00
-4.152982906188405821e+00
-3.786023592720972442e+00
-3.720192653006292982e+00
-4.126994367684730491e+00
-3.501511903357905631e+00
-2.181287305133437382e+00
-2.468693768938566180e+00
-4.378635070519075079e+00
-7.040576694328284368e+00
-1.103529806541169300e+01
-1.466209610126043827e+01
-1.783344824851876709e+01
-2.188699409372149418e+01
-2.645977014872087096e+01
-2.778954836277988605e+01
-2.565356375952540802e+01
-2.156791207112173225e+01
-1.448870996524055954e+01
-6.920187598580365140e+00
1.059877392061130186e+00
1.164089954220555256e+01
2.434887196921818742e+01
3.245056672201175729e+01
3.559364936348976016e+01
3.667767276750139871e+01
3.388808419051169096e+01
3.175388981312567438e+01
3.050416754096392680e+01
2.629447926807945635e+01
2.004774489680464100e+01
1.508670898430138507e+01
1.121102579813799061e+01
7.422933202513396722e+00
4.480732844282088401e+00
-6.011217341842786110e-01
-7.986775947188939462e+00
-1.559373758778248131e+01
-2.410453693360643257e+01
-2.970425700302731897e+01
-3.181241358412907161e+01
-3.272856880873447238e+01
-3.131876479344588660e+01
-2.929330546931023704e+01
-2.680036764596690446e+01
-2.196207827529958934e+01
-1.509763597069838070e+01
-9.602643827360996198e+00
-5.488296441563199402e+00
-1.295445052176986911e+00
2.151768743721368171e+00
7.366905168296853823e+00
1.454777339867446351e+01
2.178267271506130598e+01
2.965538086259794781e+01
3.343060906558347511e+01
3.242631180990004225e+01
2.928991286250908388e+01
2.260241288764547463e+01
1.464878149881334224e+01
5.566763418175415978e+00
-7.085237830258400038e+00
-2.290378119730587159e+01
-3.167142434628834735e+01
-3.278548141477393330e+01
-3.087868844085203790e+01
-2.319721169885480805e+01
-1.636985131926046222e+01
-1.078116695113571133e+01
-7.309258658759283378e-01
1.241401580244669844e+01
2.000880877547907488e+01
2.196663031329008930e+01
2.149815810145152994e+01
1.639456300333201355e+01
1.318161425573844170e+01
1.216860804895250325e+01
8.221583375126446214e+00
2.718904166147475543e+00
-8.213637144756721353e-01
-2.678031269802183978e+00
-3.586947473584808144e+00
-2.731818816684157714e+00
-3.500074561704433318e+00
-5.994232948802818761e+00
-7.855731350982934735e+00
-9.813690812921219475e+00
-1.061562697198382743e+01
-9.891045256764975591e+00
-8.744666199721073951e+00
-6.760817944112160305e+00
-4.046011170558152514e+00
-6.672292341919275893e-01
3.813360106153786511e+00
9.391840380209014683e+00
1.239226483784686472e+01
1.255386291257779696e+01
1.163926833716181974e+01
8.649036877338700080e+00
5.832975780974857472e+00
3.335483333376767501e+00
-8.357579303047838470e-01
-6.217839005060525892e+00
-9.222282097617407359e+00
-9.768379373400096100e+00
-9.258354191712918180e+00
-6.761802391817744784e+00
-4.884781387944949316e+00
-3.754837592961143500e+00
-1.274901199832721543e+00
2.009324381559724593e+00
4.026556954930481602e+00
4.835218386219064080e+00
5.051851960228381344e+00
4.166654579293037841e+00
3.933860781084787650e+00
4.419051977658888575e+00
4.318531465746020537e+00
4.004535863112669070e+00
3.363593744032398192e+00
2.233347026419353565e+00
9.204460415091557657e-01
-6.508759347908348314e-01
-2.762248626764367998e+00
-5.407253733184345990e+00
-8.527925645141012367e+00
-1.219718602906166893e+01
-1.368806698591508209e+01
-1.274489904581141175e+01
-1.071607397573368203e+01
-6.832364882033361120e+00
-2.660092949110234528e+00
1.711452982796902056e+00
7.749855824448564690e+00
1.515091433876702709e+01
1.885169681676365272e+01
1.856546741849430759e+01
1.650118405965584856e+01
1.128734550305826723e+01
6.256912807888237893e+00
1.577683124138118176e+00
-5.615311915715556879e+00
-1.464867641190059899e+01
-1.942114915804050312e+01
-1.971723785815105146e+01
-1.799181039271765670e+01
-1.263083106533770206e+01
-7.942057766887681503e+00
-4.127612386074890338e+00
2.361778635302452578e+00
1.064107600734850045e+01
1.523382527553175336e+01
1.605866900483395199e+01
1.512680091484187628e+01
1.102068858552765640e+01
7.864631837183789997e+00
5.835556400537701194e+00
1.656749845820022937e+00
-3.815527627468346505e+00
-6.945896912270088208e+00
-7.783560315997097412e+00
-7.478442299364524537e+00
-5.117000184868610191e+00
-3.681153230696581069e+00
-3.281899164275211334e+00
-1.654566046420891778e+00
5.755391400979011918e-01
1.918865279204043706e+00
2.496125238272434821e+00
2.587825327297500699e+00
1.844751035009327911e+00
1.733404213363679558e+00
2.289866391739462603e+00
2.492480077928037385e+00
2.652298177020683045e+00
2.791808528775585607e+00
2.805573856217119744e+00
2.901025636217403836e+00
3.060002340390943321e+00
2.997681883375799217e+00
2.727772228357314699e+00
2.372114701725521968e+00
1.870273629862315490e+00
9.567323607356835735e-01
-3.954718406164818845e-01
-2.111472795175843409e+00
-4.276262134034193529e+00
-6.705341882512651175e+00
-9.408417618484971712e+00
-1.256315304796734189e+01
-1.614548527430497060e+01
-1.732687526987743709e+01
-1.585277640276937561e+01
-1.304457500689767357e+01
-8.097928955885993929e+00
-2.703362432807413285e+00
3.064608429592918792e+00
1.077523722225335945e+01
2.010996030500736609e+01
2.492753037873619704e+01
2.485124973473162768e+01
2.259474273252998699e+01
1.648376390681476877e+01
1.051520563271306585e+01
4.890078982436385502e+00
-3.858031087259861103e+00
-1.492623069458066531e+01
-2.093195646714630698e+01
-2.162129235786657588e+01
-1.997858135819756598e+01
-1.405670925088980638e+01
-9.075140044534773409e+00
-5.286748161639647670e+00
1.596468536847710062e+00
1.049593677310241446e+01
1.534527066834860420e+01
1.609706412669487818e+01
1.491182580347862974e+01
1.023223881434942051e+01
6.716244685144949322e+00
4.559453749942567136e+00
1.036634616644310780e-01
-5.680094838735465501e+00
-8.758340082804258131e+00
-9.180077887649622070e+00
-8.200521917781669501e+00
-4.799814077559826586e+00
-2.286498648879569995e+00
-7.741075326332509388e-01
2.261164361996986560e+00
6.132432989351695340e+00
7.926723369186200685e+00
7.655745093419778158e+00
6.231017929092624641e+00
2.903672278011672159e+00
3.628741307939437055e-02
-2.298623351177256247e+00
-5.928980038386983509e+00
-1.037276477818809539e+01
-1.231428591124999627e+01
-1.164716999650511298e+01
-9.614703752535405101e+00
-5.331187218244418879e+00
-1.211514518554493991e+00
2.656748144169475800e+00
8.257462608707422547e+00
1.510768474604341982e+01
1.820737207973468585e+01
1.731933612054255534e+01
1.449215739566701444e+01
8.375518319055723637e+00
2.406116741298435890e+00
-3.268235104687827075e+00
-1.155009890690296537e+01
-2.175124931524517535e+01
-2.671803736379640171e+01
-2.612966228180371431e+01
-2.292498453946540238e+01
-1.518360092299140796e+01
-7.837420649233754588e+00
-1.109108605375734191e+00
9.143363610244493955e+00
2.192312503283121572e+01
2.862287685940069792e+01
2.894068021475976593e+01
2.630297207883685928e+01
1.842800501711552741e+01
1.142292895846886047e+01
5.563039193519986547e+00
-4.183002699078785191e+00
-1.656653705124124443e+01
-2.321343574683093181e+01
-2.394939695234260313e+01
-2.191982611117555635e+01
-1.494072137983373239e+01
-9.218190206274401888e+00
-5.020437063377447551e+00
2.634292965855362212e+00
1.246400344730602860e+01
1.790269542308612927e+01
1.892957375488353122e+01
1.780127647803405111e+01
1.283594197168143580e+01
9.171740977124249738e+00
7.010893595428687952e+00
2.347208619473541980e+00
-3.751243540917815533e+00
-7.182359791355240830e+00
-8.030126500942905921e+00
-7.518816769290131319e+00
-4.621609977521075940e+00
-2.786964634202621749e+00
-2.131766267725678787e+00
-6.106785867187114469e-02
2.704698001977737132e+00
3.503105847281225316e+00
2.372338654652024648e+00
7.792084003055022023e-02
-4.060151176681535468e+00
-7.810069287224980172e+00
-1.111327237728130513e+01
-1.567359231736764436e+01
-2.103774031607515838e+01
-2.342878735290821623e+01
-2.267507514116636713e+01
-2.025341340025922676e+01
-1.513674080465876060e+01
-9.972524696055723226e+00
-4.854202409297657894e+00
2.451376439363651016e+00
1.142478995269630815e+01
1.792679320823053501e+01
2.185771047080197604e+01
2.485609812924021966e+01
2.584784066204640851e+01
2.786473204951402138e+01
3.106165160575887541e+01
3.300832620564158049e+01
3.434465960742312518e+01
3.296964848408999416e+01
2.835685232216767560e+01
2.190558662782811084e+01
1.289924817993016859e+01
1.888371791944774447e+00
-1.111045647650501245e+01
-2.707348808120581296e+01
-4.597015964240446806e+01
-5.619012221843279775e+01
-5.679417946102427805e+01
-5.330814797999828869e+01
-4.250431129199455427e+01
-3.142709400196335068e+01
-2.046880549334168009e+01
-3.257167673754708392e+00
1.881083615422866373e+01
3.156426544786576471e+01
3.451861662793431407e+01
3.352603015224122629e+01
2.487000055454406677e+01
1.851249934676240727e+01
1.497989745610529511e+01
6.109745390970931389e+00
-6.012204351890587439e+00
-1.216762555779775923e+01
-1.248536452798880525e+01
-9.943703923111154808e+00
-2.238832404268960463e+00
3.140225286662693627e+00
5.894515844094867951e+00
1.170884871257205795e+01
1.900140772796241251e+01
2.245045008438734158e+01
2.218821457268953523e+01
1.964090096836645927e+01
1.346396476572229872e+01
8.225035826080805634e+00
4.033896828641863053e+00
-2.552383118365103343e+00
-1.060513091936597796e+01
-1.654038634499736560e+01
-2.042109686175911065e+01
-2.332647689508064204e+01
-2.435464889700661573e+01
-2.653869237590842900e+01
-2.998230553354280659e+01
-3.240284449489586649e+01
-3.443450229696939857e+01
-3.383069659718602651e+01
-3.008583563154609664e+01
-2.467193146116152747e+01
-1.685062247576926708e+01
-7.284654092972259853e+00
3.988879606305947512e+00
1.800938245107847280e+01
3.471059442295504738e+01
4.510648338995522266e+01
4.852440460055321836e+01
4.922790057327040358e+01
4.474644693055657285e+01
4.062004902009608287e+01
3.717591206861459341e+01
2.948081109639433706e+01
1.865520934035279765e+01
1.069613958586684355e+01
5.490042842390084665e+00
8.798852917629089720e-01
-1.686005137370936380e+00
-7.040189693900319234e+00
-1.546484147457447733e+01
-2.337399312452029321e+01
-3.184951630591218219e+01
-3.672702483543371699e+01
-3.720117120340909622e+01
-3.600112757947797348e+01
-3.182917087796212741e+01
-2.620851777970540653e+01
-1.928495026041901994e+01
-9.099625215182419069e+00
4.098014200535308404e+00
1.243311702240720962e+01
1.549605818069627183e+01
1.693094028364758330e+01
1.465700937429919293e+01
1.382163337237108180e+01
1.477210186918213886e+01
1.316527860620914225e+01
1.010152254033984498e+01
8.020430006530025580e+00
6.597386360895537649e+00
5.401790053296407379e+00
4.939677962365196073e+00
2.675338146214193191e+00
-1.499441895230537503e+00
-5.943630267933714073e+00
-1.123861674272088074e+01
-1.404096045903812850e+01
-1.388238381255163567e+01
-1.277829653180973679e+01
-9.757195216425259332e+00
-6.367485163970972195e+00
-2.758721730546927819e+00
2.705004550900226956e+00
9.716780927834228976e+00
1.336605222850652197e+01
1.342470345411084587e+01
1.203975195231549300e+01
7.909407014423408100e+00
4.313065098385551188e+00
1.438075735079397788e+00
-3.473756289258955299e+00
-9.738724178786210217e+00
-1.306866782418372530e+01
-1.339796505547625394e+01
-1.230363697254485267e+01
-8.675293114400799865e+00
-5.718980241974501055e+00
-3.571116303632351219e+00
3.236526642313125590e-01
5.301576505094205416e+00
8.645181058464231683e+00
1.040729725226720070e+01
1.143459631590698500e+01
1.105093471880187295e+01
1.151746556891439255e+01
1.292142661212428933e+01
1.356380140709189774e+01
1.392314537721329337e+01
1.352650546587690350e+01
1.212517466586896653e+01
1.026358656816272230e+01
7.745173634647160910e+00
4.386812479142137455e+00
1.989462482033451385e-01
-4.926980988422914542e+00
-1.105663833350328318e+01
-1.556975995468578766e+01
-1.826408636259018081e+01
-2.045249561990756959e+01
-2.142218826088799233e+01
-2.274525236710765697e+01
-2.453623970583680247e+01
-2.539420100893065424e+01
-2.564881913325012164e+01
-2.444340037709529057e+01
-2.148976627151793650e+01
-1.738892938034014790e+01
-1.181305629519675726e+01
-4.873792782155240033e+00
3.448874208021435628e+00
1.355036919651150917e+01
2.546654536399056568e+01
3.303619142521316121e+01
3.575750327886350277e+01
3.661037601363030802e+01
3.388731811449329712e+01
3.131690329977058340e+01
2.912255960955520351e+01
2.393938693654145311e+01
1.651665750374986530e+01
1.067308606012663041e+01
6.294704241460296501e+00
2.020222934001062676e+00
-1.248962125482811381e+00
-6.660777108934929913e+00
-1.441255167692208516e+01
-2.221764956129153035e+01
-3.079551765675014607e+01
-3.514921838299144241e+01
-3.454187116116752065e+01
-3.184514489639702362e+01
-2.556463459401764382e+01
-1.803690434038741586e+01
-9.422434359028178719e+00
2.809222018238346052e+00
1.823978668891750843e+01
2.695713443926948827e+01
2.840544165382357633e+01
2.706604879319343837e+01
2.028129667601429631e+01
1.452232799870855118e+01
1.017197957417293352e+01
1.700860678322663189e+00
-9.547406114585667680e+00
-1.582678824343058466e+01
-1.710834821893447000e+01
-1.618548023021790527e+01
-1.109281585114293200e+01
-7.779549123328629356e+00
-6.519998627826959492e+00
-2.679503160871147927e+00
2.482794434289273156e+00
5.409494248577101594e+00
6.304792114303625183e+00
5.995283376182948487e+00
3.625901412508190536e+00
2.468767434429710139e+00
2.614460685732684642e+00
1.712905310327277331e+00
4.531320818752335722e-01
-8.173269257094006868e-02
-4.280716906187363030e-02
5.362134699383169778e-01
1.901440685561985422e+00
2.799551183840651269e+00
3.225493136199303557e+00
4.012703658071878898e+00
4.903557329101897011e+00
5.271931608225775889e+00
5.140189450851861075e+00
4.623325507768432097e+00
3.558305098096748331e+00
2.538991923962770070e+00
1.566840975990836160e+00
1.987217666138359762e-01
-1.450928977364476680e+00
-2.944990336070894443e+00
-4.297537267919961046e+00
-5.644351775449466757e+00
-6.879458080080638638e+00
-8.390069452177730369e+00
-1.019436711762864256e+01
-1.201223420390103236e+01
-1.392903680988835902e+01
-1.426401603664844053e+01
-1.281505357903154163e+01
-1.042913607474336501e+01
-6.610248640480259397e+00
-2.250777643013067486e+00
2.611834201926130916e+00
8.879064133662444291e+00
1.639463998094776187e+01
2.049765933666999373e+01
2.087059566005429190e+01
1.963336277602601143e+01
1.550740167955098237e+01
1.145351914521821080e+01
7.627799742090513035e+00
1.426931928530883020e+00
-6.555637286472322245e+00
-1.122813899938545745e+01
-1.245166938114844513e+01
-1.226586225901173677e+01
-9.344700130368295277e+00
-7.350483999832489346e+00
-6.470116355239158068e+00
-3.740403172880337301e+00
6.992410498443127342e-02
2.357716149156632746e+00
3.239870088615524946e+00
3.437756506847192917e+00
2.326139441314280631e+00
2.195498495935402250e+00
3.132895020555878318e+00
3.478025965427657962e+00
3.723905716239464425e+00
3.751204425522157493e+00
3.366720578225145033e+00
2.971491447846650757e+00
2.485785794032324691e+00
1.548103090358347700e+00
1.794582823065981880e-01
-1.521882685253508560e+00
-3.638973290728635845e+00
-4.812606512367648470e+00
-4.921691866476073152e+00
-4.678493499161907820e+00
-3.709506806727602690e+00
-2.776456331743563766e+00
-1.939113136158441497e+00
-4.929757304233388648e-01
1.403720035552096901e+00
2.604209132505630464e+00
3.095235270602007205e+00
3.320132204824611133e+00
2.987755987352861187e+00
2.946810387493409067e+00
3.242454457645047583e+00
3.205826579711900326e+00
3.018704107381419810e+00
2.540002934541048862e+00
1.673178843078593214e+00
6.059547407533741881e-01
-7.286546586775590750e-01
-2.424824483681323084e+00
-4.482192807920659661e+00
-6.924798146534167032e+00
-9.784428026973541748e+00
-1.097039496512329926e+01
-1.029236268147109712e+01
-8.767071215523520422e+00
-5.805152229956762611e+00
-2.628577921966169573e+00
6.963290162919517634e-01
5.305495153722035617e+00
1.096207717851020114e+01
1.384293562475684602e+01
1.373531351183654792e+01
1.230321149438531236e+01
8.512379750865449068e+00
4.888974407507845399e+00
1.560506805027737087e+00
-3.639065990871207745e+00
-1.019836811339116167e+01
-1.381505053763735624e+01
-1.435683105032345530e+01
-1.353188556587020486e+01
-1.020924907033927020e+01
-7.466627686950070064e+00
-5.449248161759462583e+00
-1.644243562997260710e+00
3.312214948660094471e+00
6.580867330474175603e+00
8.205405298165194594e+00
9.113255536605343821e+00
8.598453423261318562e+00
8.981053918526191282e+00
1.035960018510458980e+01
1.098317530224163185e+01
1.134660441628842520e+01
1.090644028845587599e+01
9.401948746422114311e+00
7.423887790812309539e+00
4.754556828474346908e+00
1.243676415781210576e+00
-3.094530850267093847e+00
-8.403810160096726989e+00
-1.474304881797598021e+01
-1.804825371676859191e+01
-1.797439750763306066e+01
-1.650566076874265065e+01
-1.251129960494105298e+01
-8.399028623419413364e+00
-4.312935453437128253e+00
1.947441856245230918e+00
9.902505704248586227e+00
1.441728014526441548e+01
1.530080375965358996e+01
1.468839016724461288e+01
1.122728750396283282e+01
8.491531261773090478e+00
6.668157194752187600e+00
2.808451966838997116e+00
-2.343295495724140753e+00
-5.748291416847060908e+00
-7.488460395705478945e+00
-8.514603690657368773e+00
-8.083978514604311272e+00
-8.741846946208379876e+00
-1.059727803897612830e+01
-1.176258664948961474e+01
-1.278605525088127060e+01
-1.269723651210517446e+01
-1.118402148785883199e+01
-9.080461682219439723e+00
-6.047183319676334712e+00
-2.151248477119442892e+00
2.574205326564976026e+00
8.488674212365134863e+00
1.560704675529945895e+01
1.970271350335465144e+01
2.044851368389577928e+01
1.988122784673943499e+01
1.683804007042892792e+01
1.388048435721176510e+01
1.116577800150072264e+01
6.395720840646296423e+00
8.904565709111933458e-02
-3.688859578810782747e+00
-4.861642256638457837e+00
-5.031338728969735108e+00
-3.154142323229316869e+00
-2.207359545199041762e+00
-2.348367765810419172e+00
-1.206148343968231451e+00
5.857734409973367473e-01
7.119105377397629830e-01
-7.690043447623258199e-01
-3.193526441158748064e+00
-7.139050698208762924e+00
-1.065385171876395809e+01
-1.367738871697800107e+01
-1.767608677684333074e+01
-2.224500053804329625e+01
-2.366357415052785029e+01
-2.172678419071739597e+01
-1.790650725766881024e+01
-1.117419476402665701e+01
-4.063463004766155962e+00
3.347737478385590659e+00
1.324796588139986753e+01
2.515407353664104662e+01
3.165014434202655380e+01
3.230811181550394195e+01
3.033604299476910882e+01
2.371587319283968753e+01
1.736221330640182714e+01
1.151088971350965906e+01
1.934365145015001897e+00
-1.038113324560303852e+01
-1.752187387502683791e+01
-1.928677822885843085e+01
-1.879979061517423133e+01
-1.400075008467597115e+01
-1.063421622186544191e+01
-8.984259606785890639e+00
-4.418032441115673059e+00
1.861382498611029890e+00
5.566500786260107247e+00
6.857384794628561764e+00
6.963711780539456164e+00
4.844352344733592552e+00
4.209510722687342721e+00
5.199870192089439236e+00
5.096803834543197631e+00
4.694409423233956602e+00
4.411125796871552041e+00
3.986180150604468508e+00
3.773961154811898311e+00
3.816218418651380340e+00
3.162178923417451326e+00
1.825283253772285841e+00
2.985530623465203481e-01
-1.624593787605175921e+00
-3.297244500086743191e+00
-4.631605065361231510e+00
-6.093842673765525575e+00
-7.509760237257900428e+00
-9.126030699649238187e+00
-1.099552524871931780e+01
-1.285338554776895137e+01
-1.476374027124307986e+01
-1.500246015823711510e+01
-1.335672967771706787e+01
-1.067821779817111150e+01
-6.452138093606282432e+00
-1.614306297415580627e+00
3.803248232472745460e+00
1.074504531935334306e+01
1.905100197596111755e+01
2.356358323771697272e+01
2.392430259653252023e+01
2.248791064583027932e+01
1.783706200007341636e+01
1.323716696523352709e+01
8.860551796322617690e+00
1.828615003624347368e+00
-7.205140418439906824e+00
-1.232569159961880345e+01
-1.335168057379530993e+01
-1.267467560543890848e+01
-8.746792185562105360e+00
-5.782044591496871888e+00
-3.994433482977316707e+00
4.858635067480743253e-02
5.466459936129839825e+00
7.813060360962219342e+00
7.082324679824018254e+00
4.790374107661984127e+00
-1.988836577429909380e-01
-4.407199986439739092e+00
-7.699154420774759089e+00
-1.278405328860667289e+01
-1.893932745630439385e+01
-2.157740173156219043e+01
-2.056833413173236380e+01
-1.758762381982592160e+01
-1.141248902134988796e+01
-5.413250493291811516e+00
2.961777569401575771e-01
8.474265526491807421e+00
1.845005689160547746e+01
2.424110580786091518e+01
2.561812210588300687e+01
2.497833722415981583e+01
2.072738134550817080e+01
1.709427123344014277e+01
1.426742463936961336e+01
8.746122956826560824e+00
1.391386594862852544e+00
-3.222174406554607629e+00
-5.106728853637002352e+00
-5.875075422231719635e+00
-4.376299958320411854e+00
-4.218072426269756647e+00
-5.568660875101442365e+00
-5.658348849906995603e+00
-5.257872793494728469e+00
-5.503780264776771070e+00
-6.182816977977499739e+00
-7.285072821899611917e+00
-9.042424914033064809e+00
-1.007719716004907440e+01
-1.036723864176331134e+01
-1.077960868103888892e+01
-1.101482544707772604e+01
-1.049743954293160897e+01
-9.239810080058932229e+00
-7.287050407775356398e+00
-4.475527685434404823e+00
-1.353324169998783688e+00
2.103236986103413919e+00
6.328250768525473191e+00
1.123356391850413161e+01
1.427248264511182541e+01
1.525555024660902248e+01
1.533796056878061798e+01
1.381156376304295641e+01
1.229557871998888885e+01
1.086838166238363002e+01
8.092548632573553391e+00
4.286821158772618823e+00
1.471146848197891988e+00
-3.646998211060267225e-01
-1.988608285874224890e+00
-2.903717475536123693e+00
-4.688765105899212138e+00
-7.438920897421204437e+00
-9.959514631550822727e+00
-1.260220752892659313e+01
-1.353312276119570257e+01
-1.243305219780335591e+01
-1.041014391582607423e+01
-6.897748550389230182e+00
-2.655230407033293716e+00
2.266014002483619727e+00
8.771032144403820396e+00
1.673655422626377032e+01
2.078951593549434307e+01
2.055826960640435175e+01
1.853111570059186519e+01
1.323813576067392184e+01
8.056319983486053715e+00
3.176382318084188583e+00
-4.376080478166286980e+00
-1.391803325588970708e+01
-1.925408786476418044e+01
-2.018323387364110744e+01
-1.920442680969130222e+01
-1.468956029302349009e+01
-1.102870848686893801e+01
-8.437484373492488032e+00
-3.320993238125677927e+00
3.410265225011517742e+00
7.318000409034167930e+00
8.425380602023603061e+00
8.233216177185484597e+00
5.621332869588670178e+00
4.118913847806068063e+00
3.872747262478402508e+00
2.171181173488326621e+00
-2.419419912914704263e-01
-1.594589405931816417e+00
-2.034629767270208944e+00
-1.895524200704220563e+00
-7.642415084456207763e-01
-3.835944138201138887e-01
-7.978242382546761879e-01
-7.958749172484618217e-01
-7.485927584723774952e-01
-8.578591117031979518e-01
-1.018008549244283412e+00
-1.395729221602496350e+00
-2.021648325870059715e+00
-2.459885797233297478e+00
-2.724978204953043992e+00
-3.059234378563451262e+00
-3.374928082536310825e+00
-2.736307639433663397e+00
-1.065714933465665704e+00
1.262761255469023292e+00
4.521640472925161802e+00
8.103038179261078611e+00
1.199836310130041106e+01
1.676443957648776006e+01
2.229556366605538642e+01
2.464864061012378471e+01
2.351344049085997412e+01
2.068902867439014770e+01
1.507182244179029595e+01
9.104322846114088819e+00
2.899321336164200069e+00
-5.748424101892912752e+00
-1.636664192439618049e+01
-2.323738692941088857e+01
-2.611665165814164880e+01
-2.742710232478362542e+01
-2.565198765738138675e+01
-2.472470129322414323e+01
-2.485396391822560602e+01
-2.276654845887231460e+01
-1.927904937067296487e+01
-1.587905378986949501e+01
-1.227610234247400101e+01
-8.285357924661516549e+00
-4.177318274531574005e+00
1.798605362335767843e+00
9.733581392802896914e+00
1.858120454046648362e+01
2.876477248805851161e+01
3.415907036919607265e+01
3.408547205259647228e+01
3.175964789631579421e+01
2.542545560479883449e+01
1.839484935559826440e+01
1.087868341968032837e+01
-3.486201253458645066e-01
-1.464981746326984080e+01
-2.295529304166227291e+01
-2.486389141731424601e+01
-2.430169677610729551e+01
-1.886855881952682523e+01
-1.471843293413435738e+01
-1.219960781502052072e+01
-6.175484403789795351e+00
2.066788312077777245e+00
7.165395425573282573e+00
9.260337937188303670e+00
1.004631766874157606e+01
8.213159533001773482e+00
8.223858602488300917e+00
1.027276445762540824e+01
1.104418730290972306e+01
1.150033494446702953e+01
1.119614016241446386e+01
9.712678830665542051e+00
7.925811382535659533e+00
5.606080700509706638e+00
2.152079027960488222e+00
-2.402349875253387168e+00
-7.993027764079214670e+00
-1.477343798559845389e+01
-1.839380559449731933e+01
-1.847436448256959096e+01
-1.720786323523628525e+01
-1.338933584898949647e+01
-9.532617382799720929e+00
-5.807341730956085968e+00
9.838524491286371187e-02
7.675488399017948993e+00
1.196335097271671621e+01
1.280225441441915279e+01
1.222327986546869738e+01
8.928358329082849210e+00
6.409699330937584705e+00
4.849279023408161748e+00
1.390179255436913230e+00
-3.237204121172965632e+00
-5.811768342959539702e+00
-6.379058933062731640e+00
-5.978985848295604200e+00
-3.806688694391874073e+00
-2.481577917001414946e+00
-2.108269580186447278e+00
-6.993120763067144363e-01
1.191862260080245095e+00
2.235134013635212913e+00
2.531087060690738966e+00
2.329926206234513408e+00
1.315902102315791078e+00
7.821769170169914354e-01
7.566437127771021842e-01
3.288033874881837182e-01
-2.306428000589126892e-01
-5.360017624521216106e-01
-6.475099659925592777e-01
