6.233303287791542857e+00
4.424640782712406128e+00
1.931779499196126348e+00
-1.307369405809246654e+00
-4.721982385716210651e+00
-8.496384889609073454e+00
-1.109831551633667246e+01
-1.231778889784247077e+01
-1.301259975972748428e+01
-1.272959951608672036e+01
-1.222561879864635870e+01
-1.155126776054846971e+01
-9.917349029947882144e+00
-7.463118290227718887e+00
-5.516851819269533941e+00
-4.075465575998926226e+00
-2.575543853891530954e+00
-1.336634508446447711e+00
6.461176293007149241e-01
3.452207738566809958e+00
6.327317598299765145e+00
9.506542062002456106e+00
1.151837062782333909e+01
1.213731380834165030e+01
1.222814487785425186e+01
1.134898138034597359e+01
1.017759118189720269e+01
8.764117768046066459e+00
6.367245444612275485e+00
3.109214793968325008e+00
3.448247999317750612e-01
-1.922562213097106287e+00
-4.281522766687902326e+00
-6.404759103363800499e+00
-9.299960331261587498e+00
-1.304926030557946071e+01
-1.689050832188738482e+01
-2.105993703938142758e+01
-2.377172173139127764e+01
-2.476659153210104591e+01
-2.505692127596213936e+01
-2.410856791742936878e+01
-2.277794574076385459e+01
-2.112085035856793169e+01
-1.822168785791975765e+01
-1.423389208455601640e+01
-1.074477550732848918e+01
-7.750757881648212333e+00
-4.566737252135700587e+00
-1.572825962822220092e+00
2.429118422580359482e+00
7.538128972069498168e+00
1.285767060009273344e+01
1.867081928311624495e+01
2.280976269476150620e+01
2.496567861348002992e+01
2.636718121379060165e+01
2.636904185440755199e+01
2.602117186986188102e+01
2.539435471255671217e+01
2.337700404627493711e+01
2.016013951624270817e+01
1.766324532727070817e+01
1.588403600867694543e+01
1.400028788777889233e+01
1.247371894797957914e+01
9.858348940869293031e+00
6.037741505311634782e+00
2.098302897006532053e+00
-2.299247800974177913e+00
-5.581621634826327671e+00
-7.480744074547407862e+00
-8.988023210432769972e+00
-9.626543392605363181e+00
-1.006164621352781374e+01
-1.035580748304073673e+01
-9.743399219749854012e+00
-8.346093011677320206e+00
-7.727765599610765257e+00
-7.906717443330443018e+00
-8.194890967962914274e+00
-8.976533272080587267e+00
-9.121351153297212022e+00
-8.539830320319664381e+00
-8.105180898695694580e+00
-7.556592795128067586e+00
-7.012456290952368221e+00
-6.577232240658001494e+00
-6.004099375391349191e+00
-5.348468543458371194e+00
-4.739737951088296875e+00
-4.158343113615361020e+00
-3.591844539965208138e+00
-3.066679110971764821e+00
-2.153868263912059433e+00
-8.199422486510804520e-01
7.098544094216021616e-01
2.550639245745326189e+00
4.462084540878159977e+00
6.423413822734413081e+00
8.652835825639707323e+00
1.109878850118449911e+01
1.268281615731121903e+01
1.332480741624785558e+01
1.349680092893858330e+01
1.289656158102392425e+01
1.219803853663336923e+01
1.142706058006891467e+01
9.975338796943814756e+00
7.970290684114181623e+00
6.099791361909780107e+00
4.337735108646046278e+00
2.427302795705680971e+00
5.261428371573171336e-01
-1.946720168791848948e+00
-5.034473891386452848e+00
-8.326764804531194386e+00
-1.196183450528852887e+01
-1.439845882906740826e+01
-1.544362688292655683e+01
-1.592577912482880365e+01
-1.539379056637922361e+01
-1.464517197965949258e+01
-1.372841495372478171e+01
-1.183666580532043788e+01
-9.117667983327056191e+00
-6.837312404185349912e+00
-4.985880254905573850e+00
-3.035917196923064942e+00
-1.289765269641196976e+00
1.226680325995255672e+00
4.589772201895780057e+00
8.075372629727670670e+00
1.191204942674085565e+01
1.454709643081442927e+01
1.575127215609498599e+01
1.642350931564928374e+01
1.610020690302104640e+01
1.551358618153436986e+01
1.471642597312209233e+01
1.292129180576593406e+01
1.026146814982084088e+01
8.137493090371965110e+00
6.550909689267668590e+00
4.898371713827627261e+00
3.517967674479575368e+00
1.362743758924428894e+00
-1.651551207748598094e+00
-4.734524846552599975e+00
-8.131237054768170935e+00
-1.055517462099895987e+01
-1.179566497850562357e+01
-1.263819873161883223e+01
-1.269357700867726457e+01
-1.252587017322660223e+01
-1.218198996785779364e+01
-1.102546686445559843e+01
-9.157994778955213633e+00
-7.818396856640952741e+00
-7.015664789296611303e+00
-6.206120061777464336e+00
-5.691388787094882495e+00
-4.563918865391961788e+00
-2.750105720213075422e+00
-9.433823534510830111e-01
1.067761471342357327e+00
2.550707474585319545e+00
3.359392028884113035e+00
3.993787069915092580e+00
4.226108124184217552e+00
4.322722877702374511e+00
4.314776856325091892e+00
3.860967291803123036e+00
3.008227445439591641e+00
2.559502148908813446e+00
2.529824207414411497e+00
2.555306589506083359e+00
2.834641572910300500e+00
2.801979697637296152e+00
2.410933520324827661e+00
2.104236959083308545e+00
1.751290851674260907e+00
1.431193908955608052e+00
1.199760144755640745e+00
9.246105135682355369e-01
6.401498534888699909e-01
4.012305644666332438e-01
1.985248595639589886e-01
3.746406011248260698e-02
-6.973108581230644254e-02
-3.566719958884367325e-01
-8.393390595408316557e-01
-1.395589048777991614e+00
-2.086984571489949314e+00
-2.777513462830390800e+00
-3.454732140437528631e+00
-4.238239672432162486e+00
-5.097898034097389619e+00
-5.679227026355249563e+00
-5.961554057427009390e+00
-6.090668961933131342e+00
-5.968886336291403083e+00
-5.828624795477471920e+00
-5.678071758215779141e+00
-5.313825921210331593e+00
-4.780375045306831439e+00
-4.283238210490013742e+00
-3.812217305539368883e+00
-3.294946479958865915e+00
-2.777903620989545797e+00
-2.081466746826046155e+00
-1.192870198682262295e+00
-2.369947864435530127e-01
8.288742676968652301e-01
1.791963794233499829e+00
2.620263133336197647e+00
3.446775366233992610e+00
4.209165877159700919e+00
5.003601855300435552e+00
5.840296630613142526e+00
6.615923850473333978e+00
7.349803118639373523e+00
8.242574912980414226e+00
9.297372508104576383e+00
1.042984447294723083e+01
1.169031099590047695e+01
1.293475823003971570e+01
1.415352557365594421e+01
1.546003961207374822e+01
1.682235069525278348e+01
1.753660939514313455e+01
1.754354397916269193e+01
1.714982787847617729e+01
1.615415765477536070e+01
1.498702846008111322e+01
1.366130940647289016e+01
1.177825482808993662e+01
9.415756188718946262e+00
7.037443660973046633e+00
4.624113397786217661e+00
1.994290888467149525e+00
-7.479154593778538640e-01
-3.995996909236201766e+00
-7.782909349204230054e+00
-1.183510434911226028e+01
-1.624889893886716763e+01
-1.945282878267282811e+01
-2.126479473469244397e+01
-2.249686759961886651e+01
-2.269204274356274098e+01
-2.269793661104893090e+01
-2.256075128632915394e+01
-2.144325066130630475e+01
-1.950254107042819740e+01
-1.798056153997857010e+01
-1.686183307483423377e+01
-1.563607788199218795e+01
-1.459782733559197254e+01
-1.277648205359959199e+01
-1.009615265807936879e+01
-7.271768476930891012e+00
-4.074702859609200090e+00
-1.592031751213010438e+00
-2.471257392929582242e-03
1.376548475910329250e+00
2.218693792808873244e+00
2.993560721472944941e+00
3.746767224476470037e+00
3.949197342489015217e+00
3.689226680205855757e+00
4.030523087234106683e+00
4.986531825909513493e+00
6.095088450366097810e+00
7.618964513238453584e+00
8.790490506750915145e+00
9.551388893307359851e+00
1.049768875601614937e+01
1.145407813165847521e+01
1.201936215287361875e+01
1.221690475726290792e+01
1.210713927773879739e+01
1.158891744575603866e+01
1.102946651605560113e+01
1.042693806435231174e+01
9.507217361642032571e+00
8.339476029397699719e+00
6.981905487635222229e+00
5.402907575375247795e+00
3.615316970920273931e+00
1.621951588857153848e+00
-6.978716858117055555e-01
-3.352818165215098567e+00
-6.287370028680655309e+00
-9.534505260859841513e+00
-1.180039470090552101e+01
-1.295548380833892921e+01
-1.363593408829598808e+01
-1.347163065351173827e+01
-1.320019828155342445e+01
-1.285910662089999157e+01
-1.174671659885025754e+01
-1.000222973574751606e+01
-8.578195550851649642e+00
-7.456801251824554555e+00
-6.260022561062983826e+00
-5.212607347971319527e+00
-3.554529580502086006e+00
-1.228795568651230852e+00
1.209517862686953604e+00
3.938809031491079971e+00
5.996288031972853538e+00
7.231391890232885977e+00
8.230244549128462594e+00
8.705222679129008156e+00
9.088071970380466880e+00
9.416811430937240601e+00
9.215871014777722081e+00
8.565958700101839796e+00
8.373772037564465975e+00
8.646908686102872110e+00
8.993928220184848499e+00
9.637127002225042816e+00
9.913448520811476428e+00
9.771884622522803099e+00
9.722257952280687121e+00
9.612035872596418784e+00
9.376915981986527981e+00
9.064064050700009645e+00
8.591675723935873421e+00
7.953162472842824293e+00
7.301087322085830777e+00
6.626600403597933564e+00
5.848209642261119612e+00
4.995006341154732077e+00
3.914889583934525241e+00
2.585510318307855382e+00
1.098033457358943865e+00
-5.922655755220345153e-01
-2.425516040906162907e+00
-4.396498092000762803e+00
-6.575563990391787961e+00
-8.952227644569362042e+00
-1.072142559891365821e+01
-1.181382117169648893e+01
-1.260264886576561238e+01
-1.286028906152838935e+01
-1.306964748519224528e+01
-1.325220202429722782e+01
-1.296217073878459836e+01
-1.229101640614232949e+01
-1.179034993516079055e+01
-1.144495488973098674e+01
-1.104271224503323801e+01
-1.071217386778065439e+01
-1.000110019648653115e+01
-8.876009624330663428e+00
-7.662221066713571282e+00
-6.253078144115312043e+00
-5.041710887199516655e+00
-4.097543495826943882e+00
-3.154642552247567178e+00
-2.330689373879020643e+00
-1.469477549299608388e+00
-5.505826410910719115e-01
2.431762926146727177e-01
9.430694684744944656e-01
1.957604604291001582e+00
3.296280179349697637e+00
4.781959751450231444e+00
6.517948726684078764e+00
8.218914659319189298e+00
9.865114790203296735e+00
1.168460085632492529e+01
1.361423574395685954e+01
1.479754728219272053e+01
1.517348237606100270e+01
1.509870222024470010e+01
1.433175148211005734e+01
1.341888708258107421e+01
1.237594510922321689e+01
1.071097951184316521e+01
8.524632104355850615e+00
6.347747979244301675e+00
4.154988926070029898e+00
1.746871476741578721e+00
-7.579321511079278872e-01
-3.819142070290790336e+00
-7.473562915563299214e+00
-1.140376081917091966e+01
-1.572165353340850480e+01
-1.863035348555538206e+01
-1.992131283253024066e+01
-2.052431007358084258e+01
-1.991680518140963940e+01
-1.906627655813229438e+01
-1.802571494033351840e+01
-1.583872537807124914e+01
-1.268465566650610832e+01
-9.982465491675288405e+00
-7.714442065115242109e+00
-5.297464562117013998e+00
-3.068011591670135374e+00
8.272719590964117131e-02
4.241495922870407220e+00
8.591584362822954901e+00
1.339420466591059800e+01
1.678716510657324434e+01
1.850247615901511367e+01
1.960988796526197930e+01
1.955590080203013770e+01
1.923192445773980452e+01
1.870202315568330675e+01
1.701860319814191769e+01
1.434545457603766749e+01
1.234242166369675076e+01
1.101069336763154460e+01
9.640125884121065525e+00
8.631812626835746016e+00
6.742494567103511471e+00
3.873650162000327857e+00
9.641986061289558041e-01
-2.275982373258786495e+00
-4.617733940887434940e+00
-5.840947357106220927e+00
-6.737496092840391526e+00
-6.931630793514976574e+00
-6.920806590606148667e+00
-6.754106956993155109e+00
-5.840665638508796498e+00
-4.270026595770890054e+00
-3.296268404728738055e+00
-2.935925856164929737e+00
-2.631146019050163432e+00
-2.690121931739761330e+00
-2.211998467420780656e+00
-1.123973435490178696e+00
-1.232562554139930433e-01
9.986348129883649838e-01
1.644292040493850360e+00
1.678744887187815893e+00
1.534634620303104047e+00
1.021392156560177789e+00
3.243750077283893418e-01
-5.307764554824720982e-01
-1.812450565491059873e+00
-3.490379156722868803e+00
-4.858809435053864867e+00
-5.902000941130259193e+00
-6.948204853219171362e+00
-7.822709089327601006e+00
-9.015524493280944185e+00
-1.056887222427537942e+01
-1.209767058351163627e+01
-1.371588929655265687e+01
-1.469330749262337577e+01
-1.491359924214758870e+01
-1.480183519738439024e+01
-1.413566773878896399e+01
-1.324718312374181473e+01
-1.215773269754321007e+01
-1.049653601006052028e+01
-8.320605824784703231e+00
-6.311142884037124645e+00
-4.467671402212260112e+00
-2.488730848524756567e+00
-5.368798698820986814e-01
1.898363083811771324e+00
4.861482621373518498e+00
7.970954316886093238e+00
1.134871088320108612e+01
1.383130656309260686e+01
1.526346727143561210e+01
1.628275492130317303e+01
1.654522523551398905e+01
1.663773355669536613e+01
1.659636661589198425e+01
1.581518393036491688e+01
1.440132622189238631e+01
1.334904357746011350e+01
1.265333254698893128e+01
1.189330210833540846e+01
1.130682541091124627e+01
1.013534618570617774e+01
8.318062824171169822e+00
6.420704790411530638e+00
4.264814855643856539e+00
2.506218027535669801e+00
1.266662736894558439e+00
1.042178275341304472e-01
-7.812639133079075648e-01
-1.643725236883973650e+00
-2.513787511378281714e+00
-3.084195883508237479e+00
-3.402886013390513220e+00
-4.167104874483993804e+00
-5.391111680616033297e+00
-6.766248070988157615e+00
-8.466822863386664011e+00
-1.000252805667462219e+01
-1.133631417075207537e+01
-1.285541610887855057e+01
-1.444893338437392138e+01
-1.528851815614467746e+01
-1.533266342717635844e+01
-1.488954394098687040e+01
-1.372955974303826920e+01
-1.241807004721038332e+01
-1.096692593868928256e+01
-8.885614492345981219e+00
-6.278560296702447197e+00
-3.591649860215013312e+00
-7.931765187570885001e-01
2.272863971820801243e+00
5.510633029463544830e+00
9.331329972117961447e+00
1.376787468274319792e+01
1.854663090992913865e+01
2.376923780035170353e+01
2.721888964618802476e+01
2.865007042323196629e+01
2.918253334321057579e+01
2.817384986578289130e+01
2.684338695294171373e+01
2.525331832733780502e+01
2.221259149357464580e+01
1.794683711947372018e+01
1.415950680205844847e+01
1.082311330521103265e+01
7.243102193760359242e+00
3.820903338516372205e+00
-7.892699485947781701e-01
-6.693243259307025461e+00
-1.290696189135835859e+01
-1.974883566314322181e+01
-2.460897154457079949e+01
-2.712893794418012305e+01
-2.877324496703193901e+01
-2.877016886972540632e+01
-2.840588226344796752e+01
-2.776728530907416825e+01
-2.551199121405780801e+01
-2.187696300674909011e+01
-1.912668874621938997e+01
-1.725654524980702220e+01
-1.530604198640575575e+01
-1.382029986127681020e+01
-1.108773150866499613e+01
-6.973204726374253148e+00
-2.762511937767528458e+00
1.944496302985514236e+00
5.449505778784094367e+00
7.451173499534359479e+00
9.044242308878079228e+00
9.711159792595854157e+00
1.014330532149467423e+01
1.041013770104338576e+01
9.695819191844311291e+00
8.126276281684107872e+00
7.429611520886634679e+00
7.629681645384901678e+00
7.960776149880890884e+00
8.848617859823702858e+00
9.053542330400377480e+00
8.476888160143078110e+00
8.080409400839677403e+00
7.578396521999940738e+00
7.076308237765077003e+00
6.687510017310262178e+00
6.153558567771771237e+00
5.528971334901540580e+00
4.971246558378915381e+00
4.460349493899805395e+00
3.969720220501931074e+00
3.531921556290507080e+00
2.691912963222072630e+00
1.413050180251997467e+00
-6.232686318553243288e-02
-1.856421301871430396e+00
-3.717482671411648010e+00
-5.622946632585875903e+00
-7.802632446295876711e+00
-1.020227264221618668e+01
-1.178279814525943792e+01
-1.246978595356455344e+01
-1.271507686243144697e+01
-1.222853380018547753e+01
-1.166418243615301087e+01
-1.104729212433382557e+01
-9.790906768961946227e+00
-8.019283904099969718e+00
-6.386076128259834839e+00
-4.865816058148856094e+00
-3.216968071244060479e+00
-1.589364967688858599e+00
5.709519420913657939e-01
3.304526973907999654e+00
6.220280009298747359e+00
9.449703864560353495e+00
1.169053581967207478e+01
1.277580172009703929e+01
1.341676863911163053e+01
1.323187487019489872e+01
1.288535463937988368e+01
1.241995838705273236e+01
1.115885165734801809e+01
9.225671072790033733e+00
7.706193743160461906e+00
6.594649467459947623e+00
5.437466467823103500e+00
4.495170403729738418e+00
2.938155745550310005e+00
7.020172352672862104e-01
-1.593211880555553961e+00
-4.141358569664479461e+00
-5.951494279732160386e+00
-6.861064515063258540e+00
-7.479200953743132985e+00
-7.506619530342430124e+00
-7.375038223571072749e+00
-7.121730162425465416e+00
-6.258832994726112098e+00
-4.864819859346956932e+00
-3.894497727629711026e+00
-3.355656433602068223e+00
-2.829955867762314892e+00
-2.550436388485029404e+00
-1.819556717601187090e+00
-5.813439340290521562e-01
6.297523183247324408e-01
1.975748225413556103e+00
2.878884235608369924e+00
3.224629676623678165e+00
3.403172204340569440e+00
3.234608972514109393e+00
2.930759483868803361e+00
2.515093190462373229e+00
1.716873202258576425e+00
5.728072644519061063e-01
-2.902827914034553647e-01
-8.618674684273824882e-01
-1.426698891259109425e+00
-1.830422036718921008e+00
-2.517162164750132547e+00
-3.524055643933287296e+00
-4.505543977003370060e+00
-5.564819764672169988e+00
-6.262157999203018299e+00
-6.515849034691814978e+00
-6.607496915187186737e+00
-6.400786333516769844e+00
-6.070369629136902034e+00
-5.631776495887883982e+00
-4.872225422546762275e+00
-3.821432172686530127e+00
-2.934411279108148030e+00
-2.215924999650019434e+00
-1.460205810199608933e+00
-7.778954599996866781e-01
1.599864343752010476e-01
1.381746846789090544e+00
2.635473374555092452e+00
3.998647622231954024e+00
5.041396880509554812e+00
5.694245410894474446e+00
6.216376456693796015e+00
6.477727486247295552e+00
6.670058373777431271e+00
6.808494328707777044e+00
6.678524890687168813e+00
6.314547488782997320e+00
6.128834604479332704e+00
6.123915117360814619e+00
6.119018614450049576e+00
6.214302213954900012e+00
6.106514731164880416e+00
5.770932645450564280e+00
5.438580890087840736e+00
5.038612447706718456e+00
4.656553256503645599e+00
4.324519840296291662e+00
3.949578453069888972e+00
3.561231591171579502e+00
3.161129844920661736e+00
2.741656925613977336e+00
2.328631480160671341e+00
1.922187736545173387e+00
1.368102113093411010e+00
6.574745612461886379e-01
-1.352557411114447827e-01
-1.050792500695065357e+00
-1.994430243944068426e+00
-2.959147149599900661e+00
-4.026828172645855908e+00
-5.177182268524087583e+00
-6.042245752973292028e+00
-6.595235929902333538e+00
-6.995189717822914766e+00
-7.138968131088394564e+00
-7.258496841837144053e+00
-7.362240032312886484e+00
-7.241527145233919605e+00
-6.940072164836180946e+00
-6.691502209571451587e+00
-6.486604524872984889e+00
-6.238305210168241466e+00
-5.999985541419267321e+00
-5.573433182173767264e+00
-4.943822426630541500e+00
-4.250713139103365457e+00
-3.446825151064403236e+00
-2.747348987911931051e+00
-2.185966507089320832e+00
-1.625015607279162611e+00
-1.127773112552858281e+00
-5.995564030437918746e-01
-2.961125338041967203e-02
4.786974813620356040e-01
9.445338194225871842e-01
1.577206551778167043e+00
2.380666532071556762e+00
3.266429024488096466e+00
4.287281408258827753e+00
5.294505835501197133e+00
6.278241878574944757e+00
7.356500165701621796e+00
8.496481833103979753e+00
9.168882469354237230e+00
9.333189896469754387e+00
9.214132994595029658e+00
8.661634751939413235e+00
8.007795505930948465e+00
7.262430766135121729e+00
6.123190164738115726e+00
4.650879215497374375e+00
3.182694112005875375e+00
1.703593399647093776e+00
8.468118416980935370e-02
-1.598428636255110780e+00
-3.634999137369301359e+00
-6.048557051874024815e+00
-8.638598075998203285e+00
-1.147563022579917913e+01
-1.334850560615266701e+01
-1.411756557912719501e+01
-1.440553629637147282e+01
-1.386009519643987886e+01
-1.313600280308051715e+01
-1.226811040478886028e+01
-1.061002108663032750e+01
-8.282684705160200167e+00
-6.237593050542140638e+00
-4.461802917795232304e+00
-2.564241859022074355e+00
-7.699554419697034469e-01
1.666904057882435009e+00
4.805140231447155408e+00
8.096885854261199000e+00
1.171831953779014235e+01
1.421713580093332041e+01
1.539322637844006358e+01
1.606033519656756425e+01
1.578848439777662804e+01
1.529271135760646594e+01
1.462062714481465164e+01
1.302464725508858301e+01
1.063593317692122397e+01
8.714656436930159344e+00
7.257650733087231743e+00
5.729386253891714631e+00
4.432742524183508337e+00
2.414161654193900386e+00
-4.022531537315636729e-01
-3.301264423608399667e+00
-6.506303152961842251e+00
-8.730885730644764919e+00
-9.772721304624358396e+00
-1.040161753073914319e+01
-1.023055501477992024e+01
-9.840536021345325679e+00
-9.277440946850022740e+00
-7.898735468523467418e+00
-5.809754674125676033e+00
-4.218144478698004463e+00
-3.130014090927792481e+00
-2.019364487027433430e+00
-1.179412521934952496e+00
2.810942105542895142e-01
2.434047947091972475e+00
4.601278282823969334e+00
6.990700777135050892e+00
8.500716547434045367e+00
8.949438065863036584e+00
9.007023858554514817e+00
8.339024171063559976e+00
7.426725809034876669e+00
6.308691020145789530e+00
4.438750892106166468e+00
1.902410311198786008e+00
-2.394234314455744306e-01
-1.980338419092806612e+00
-3.788194537894908009e+00
-5.405724864203905078e+00
-7.612441205896492313e+00
-1.047290196406697049e+01
-1.339393289614656446e+01
-1.655829976871316234e+01
-1.859320002866670407e+01
-1.929801107316001207e+01
-1.945154144712886080e+01
-1.864254629796453955e+01
-1.752766230001812175e+01
-1.614934204229022896e+01
-1.380365468319628164e+01
-1.060777956992590987e+01
-7.786414519100095966e+00
-5.336785230440647787e+00
-2.729165944809582189e+00
-2.566552708264273619e-01
3.005057520043110664e+00
7.132789715429197486e+00
1.143523744566761735e+01
1.613105942411874594e+01
1.944341059826387763e+01
2.112356604743968802e+01
2.216862037243065231e+01
2.205058492038842743e+01
2.163974123906325175e+01
2.099301778355892978e+01
1.919518116668823993e+01
1.640452457606584602e+01
1.417749028975559078e+01
1.251024531469383483e+01
1.073791909107055886e+01
9.234119433306524627e+00
6.821633617668485527e+00
3.405541198143243520e+00
-1.320280724619629087e-01
-4.067710865890195926e+00
-6.910405792635953226e+00
-8.421127851965115596e+00
-9.506107875405284346e+00
-9.716444829822593832e+00
-9.715406716946883847e+00
-9.558659414448793967e+00
-8.506961288261120302e+00
-6.681522528142891382e+00
-5.505883799788258592e+00
-4.990731736920765549e+00
-4.515508188667388900e+00
-4.427647119233435902e+00
-3.684091768401149380e+00
-2.201910720835611901e+00
-7.796219597631077747e-01
8.247213967566862092e-01
1.926803213417559224e+00
2.373818653822955760e+00
2.664853779361337160e+00
2.583148410813552953e+00
2.342316489082981068e+00
1.973802244642830717e+00
1.172145252039559660e+00
-2.616428802187334424e-02
-8.142973134926025924e-01
-1.172701275041434066e+00
-1.473897062497366850e+00
-1.516893275560561527e+00
-1.858983101535148563e+00
-2.546577929874056068e+00
-3.138689388633593147e+00
-3.763602160110327333e+00
-4.131466821948145629e+00
-4.163947590406666954e+00
-4.089539434943756824e+00
-3.811614304027561406e+00
-3.395537745638012694e+00
-2.853470950916401794e+00
-2.062135964177300274e+00
-1.029685056793283593e+00
-1.408649896609398267e-01
5.941212475436510321e-01
1.360846205674759002e+00
2.064204984775964036e+00
2.966499213360364262e+00
4.092113980550059260e+00
5.234164697853898929e+00
6.454526576361545587e+00
7.137402364227294349e+00
7.197738488907629240e+00
6.969415324094256903e+00
6.268260968229194319e+00
5.401958833102423974e+00
4.386959502100054031e+00
2.900454299025963412e+00
9.965040703286093260e-01
-7.952196983878547787e-01
-2.479231558312540606e+00
-4.283713046752131604e+00
-6.083541663498622576e+00
-8.286092667297966230e+00
-1.092620262521469954e+01
-1.370368765892398244e+01
-1.671612686454290042e+01
-1.868886973038188870e+01
-1.946369739364240203e+01
-1.971200011222332193e+01
-1.905929672240165829e+01
-1.817355425445961714e+01
-1.709115354783532936e+01
-1.513762545128408910e+01
-1.243459089428793618e+01
-1.002116936730702257e+01
-7.886009537622054033e+00
-5.594191162109002136e+00
-3.391785457554988614e+00
-4.718268818504574025e-01
3.231023886554955205e+00
7.122219800354351094e+00
1.139305294577247807e+01
1.467321335007445171e+01
1.676684834414561820e+01
1.846127579512051398e+01
1.934993914524879344e+01
2.009212859547326957e+01
2.073585204112364266e+01
2.058336972545679444e+01
1.975662722859219755e+01
1.947893741419612468e+01
1.975209536810030642e+01
2.005436413742166479e+01
2.068210114385535192e+01
2.072041341848786900e+01
2.009776459949180349e+01
1.950674766634835322e+01
1.873464228643384644e+01
1.781977942339529974e+01
1.683592783586265540e+01
1.560651536628444980e+01
1.415641563980067552e+01
1.261683828175104694e+01
1.096929845001541182e+01
9.169821322345484305e+00
7.241317371139039949e+00
4.883309981823573231e+00
2.064741652258111237e+00
-1.057451575858899151e+00
-4.568129711154264250e+00
-8.315331167291127201e+00
-1.228918391290003065e+01
-1.664123638454595877e+01
-2.134269990862789257e+01
-2.481826506635805529e+01
-2.693145469150161020e+01
-2.840518075053592284e+01
-2.879244675169762857e+01
-2.904043108363985581e+01
-2.918836043266320246e+01
-2.835988082956940559e+01
-2.673250479157222514e+01
-2.538465552466998432e+01
-2.428435878737563769e+01
-2.301423451331327286e+01
-2.182400239517163243e+01
-1.982498074986312986e+01
-1.694947543159814174e+01
-1.383299655485350144e+01
-1.026435260222533152e+01
-7.412208460215238048e+00
-5.451703330379910284e+00
-3.672391750285327827e+00
-2.419404996939436892e+00
-1.155494760989293379e+00
1.691897759119701250e-01
9.770621850244030071e-01
1.372050771435420646e+00
2.443724801968047533e+00
4.203653161387267190e+00
6.189282854876561046e+00
8.670262152659388377e+00
1.085321394645467130e+01
1.268094120294542648e+01
1.476892400575975728e+01
1.693756805439566193e+01
1.853660587303965457e+01
1.956683191596940219e+01
2.020314684014961415e+01
2.027319205167472660e+01
2.029381028144572596e+01
2.026903648793134138e+01
1.978548997691380862e+01
1.894008968913834678e+01
1.796816193928161098e+01
1.683334027945521072e+01
1.547884815324427343e+01
1.394862319830734343e+01
1.197701157344897815e+01
9.544116165984201317e+00
6.809431891644012858e+00
3.705470506925724994e+00
1.313061892877352976e+00
-2.511726892853685111e-01
-1.550685177892443978e+00
-2.276636779596802107e+00
-3.023382457629289366e+00
-3.828775442406153307e+00
-4.120212513648858987e+00
-4.012993604901204492e+00
-4.348556120202151654e+00
-5.120261050713502016e+00
-5.992955595104706212e+00
-7.169880640745703637e+00
-7.999646845008981266e+00
-8.436726050604075766e+00
-8.969004413008734744e+00
-9.447215595855475101e+00
-9.780391996397657550e+00
-1.000891130565295306e+01
-1.006510062260708871e+01
-9.932618907646551420e+00
-9.774802982543389973e+00
-9.582004711295448729e+00
-9.257292783029388517e+00
-8.830290009061243950e+00
-8.184154392200793993e+00
-7.296098208705672938e+00
-6.239095422914951783e+00
-4.976221725691727826e+00
-3.540158045737163306e+00
-1.932647269039978966e+00
-1.023030494254555944e-01
1.947693687590803080e+00
3.490685180519485176e+00
4.464407075195899743e+00
5.211762683060598533e+00
5.528391227015055698e+00
5.849851246351027712e+00
6.197822684526263615e+00
6.172235007334100132e+00
5.857149249952450454e+00
5.758417492948193939e+00
5.864733924587627989e+00
5.983384002538270963e+00
6.233960678078222628e+00
6.206933795463441150e+00
5.873735740613680534e+00
5.532963770317499197e+00
5.089591550010859500e+00
4.634693577425290201e+00
4.205960353292481635e+00
3.689065972246430292e+00
3.114935453097897433e+00
2.497326343733549336e+00
1.824930720241029647e+00
1.117568343405077602e+00
3.761147938963774195e-01
-5.769431007527900945e-01
-1.754333718922489238e+00
-3.071419130748171522e+00
-4.576540804237735571e+00
-6.166311357702397800e+00
-7.834484347716832886e+00
-9.674994204796144359e+00
-1.166714639680348320e+01
-1.291204308292876313e+01
-1.333143998548068154e+01
-1.333391007003507234e+01
-1.266357863498985559e+01
-1.186170318801662660e+01
-1.094916405585181352e+01
-9.423988019015123285e+00
-7.386594871069128487e+00
-5.450112475158999104e+00
-3.594962536860131230e+00
-1.582484100414949246e+00
4.463086665651350149e-01
2.999464139590997558e+00
6.116752655066956201e+00
9.437103046480892488e+00
1.308217257584989568e+01
1.551077857608696853e+01
1.653413393979860402e+01
1.696803209228824016e+01
1.636170400027699046e+01
1.552390125638382123e+01
1.450111932121848923e+01
1.248066996286422992e+01
9.611729684242824590e+00
7.144570626066556684e+00
5.066953842835031807e+00
2.859166930538823870e+00
8.185926794661366745e-01
-2.023077549255105190e+00
-5.742370674389815299e+00
-9.622896258638711231e+00
-1.389271991073217372e+01
-1.684634869504998633e+01
-1.824071108734500157e+01
-1.904670028826807737e+01
-1.875731880043324651e+01
-1.819545868930820731e+01
-1.741804688349996511e+01
-1.555331038377929431e+01
-1.275167663743783564e+01
-1.052187217297913868e+01
-8.862867254214313206e+00
-7.129227360277480940e+00
-5.684402348977055652e+00
-3.393663768559508576e+00
-1.662560596791055334e-01
3.143877021386850323e+00
6.802438426835689000e+00
9.579664897172845528e+00
1.126495671585820446e+01
1.263310805918970026e+01
1.331074191045275867e+01
1.381592218885806922e+01
1.419684933561654994e+01
1.385510820721476222e+01
1.288485686868006397e+01
1.250895685039978567e+01
1.274120144185081394e+01
1.304236443420354519e+01
1.371244109160453384e+01
1.386682080878160228e+01
1.343480107865451956e+01
1.309875496938322392e+01
1.265405444636447285e+01
1.207211170149401624e+01
1.142159201529572599e+01
1.056514841445769193e+01
9.510367124353578561e+00
8.426767248877181871e+00
7.300724762209106267e+00
6.055202581199659484e+00
4.722439920723171980e+00
3.052561996282073586e+00
1.015982166376381279e+00
-1.247112565689099117e+00
-3.807832481479833220e+00
-6.549949651130498651e+00
-9.464062627819819440e+00
-1.267141805748773997e+01
-1.614977586311565716e+01
-1.859935225095196287e+01
-1.990728005768870901e+01
-2.067098995671035411e+01
-2.052168608748241496e+01
-2.023915274027693556e+01
-1.985584589313544512e+01
-1.864960525445780348e+01
-1.676655694820396292e+01
-1.509442151412791944e+01
-1.360667088372963107e+01
-1.195965885490365110e+01
-1.035882001434091393e+01
-8.072391215382941354e+00
-5.044523147442489197e+00
-1.798260930505388711e+00
1.840392166354416492e+00
4.514695399710520363e+00
6.039965273598419948e+00
7.185724009199268458e+00
7.552967239796893217e+00
7.809962751323413777e+00
8.005467693393210737e+00
7.445745248224572066e+00
6.256448076620263699e+00
5.617624467924171583e+00
5.529888724012282708e+00
5.496654429838880418e+00
5.804218976018823639e+00
5.566494205631324022e+00
4.716177442636679373e+00
3.924238984029979171e+00
2.985771222158315918e+00
2.338500466958819413e+00
2.095886184825726861e+00
1.901341058626673464e+00
1.896330219926163574e+00
1.980647751747162122e+00
2.129773988388595107e+00
2.522970571856391953e+00
3.143080852898201272e+00
3.415929522702493504e+00
3.321828049903730484e+00
3.130172857295430600e+00
2.695483734188024005e+00
2.400593001054988740e+00
2.276657445159801618e+00
2.013018043202883689e+00
1.696250440040522278e+00
1.421370334202216590e+00
1.161754995222199272e+00
9.339068594217387886e-01
7.549974880968839397e-01
4.970474999733054955e-01
1.600854653896411350e-01
-1.791506968663879595e-01
-5.478843987453619890e-01
-8.921112098649724986e-01
-1.200254415807273212e+00
-1.517814687339001933e+00
-1.828964216134540077e+00
-2.144300166080756576e+00
-2.468127318862985753e+00
-2.781671820957511532e+00
-3.087703329433465260e+00
-3.259011925023889145e+00
-3.279010862811919669e+00
-3.208484544177817366e+00
-3.008644701985633496e+00
-2.748172937935524640e+00
-2.428317867361109883e+00
-1.978188487613718127e+00
-1.408697104646459586e+00
-8.240246250112388537e-01
-2.212740116773575239e-01
4.455274574959690037e-01
1.153014858976728174e+00
1.985698700480867496e+00
2.951991424173317391e+00
3.992749482331825472e+00
5.129333340791175644e+00
5.894045729498976982e+00
6.234711734781712700e+00
6.387555700804434800e+00
6.216818860639422795e+00
5.980046034444498559e+00
5.690235486007090948e+00
5.095643653854689425e+00
4.243828579834290515e+00
3.497651744369353555e+00
2.851511519972023567e+00
2.157112123013299243e+00
1.500050207547988679e+00
5.941095416598219936e-01
-5.832414998538557604e-01
-1.822500845737336173e+00
-3.191368251065282546e+00
-4.279163378159955400e+00
-5.024447493028477041e+00
-5.671155959079650977e+00
-6.097178539303060418e+00
-6.493363722372644808e+00
-6.875367446016743322e+00
-7.037532912504854465e+00
-7.015581511508734103e+00
-7.187735562303525505e+00
-7.556284159510645360e+00
-7.959223731619117004e+00
-8.489008153453220018e+00
-8.866736142895776496e+00
-9.071054624631248231e+00
-9.315414694006889818e+00
-9.535564239209147530e+00
-9.595691200891765860e+00
-9.504112187697582925e+00
-9.277028662896020350e+00
-8.879768641571226695e+00
-8.438314202543196529e+00
-7.950789181772424996e+00
-7.322607304545577733e+00
-6.576735346632846202e+00
-5.727618853834203883e+00
-4.763203413942518338e+00
-3.689291730624606469e+00
-2.504717906589204013e+00
-1.169822923278769355e+00
3.190658102443945099e-01
1.946178684418633731e+00
3.723174433074107004e+00
5.267086328383163263e+00
6.540886247633690864e+00
7.735338148578924766e+00
8.741983259063191625e+00
9.781088432242480479e+00
1.086531935486251044e+01
1.178792960468635087e+01
1.259170972221054363e+01
1.356046722091634393e+01
1.469036126095634565e+01
1.587086594929810879e+01
1.717005733041076709e+01
1.836411058883113512e+01
1.943760790244490266e+01
2.055654559632383638e+01
2.166951257285449017e+01
2.200615545446090238e+01
2.150375100928531680e+01
2.048417309342309522e+01
1.872614912295718170e+01
1.670800982506470334e+01
1.444026756510249143e+01
1.148053990393793455e+01
7.913393135726938254e+00
4.229319624050904558e+00
4.033285635742203112e-01
-3.757566847537137988e+00
-8.145895460167920987e+00
-1.318788181859036435e+01
-1.892143132252925497e+01
-2.505655968052102978e+01
-3.169974973012703501e+01
-3.607136754218331021e+01
-3.786636672405256121e+01
-3.847172600962969824e+01
-3.708078762774139392e+01
-3.523333784892263054e+01
-3.300314755745996109e+01
-2.888855100250960461e+01
-2.317221970703044676e+01
-1.797452817716992968e+01
-1.325676927329352139e+01
-8.153108844246444775e+00
-3.160616525859336168e+00
3.405687331517112337e+00
1.168059584658104022e+01
2.043861714967975374e+01
3.008065475587743265e+01
3.671164987592965900e+01
3.982148831215859985e+01
4.154093731373194487e+01
4.072334552469074254e+01
3.934343532480768602e+01
3.752521132321199104e+01
3.324218883334172858e+01
2.685813117762413427e+01
2.166090193136323094e+01
1.763319014766880244e+01
1.339163231523846598e+01
9.723716747560054330e+00
4.118683159732747789e+00
-3.621929652196632432e+00
-1.162420561695336474e+01
-2.047708359507484488e+01
-2.676373306407499797e+01
-2.995140041441172229e+01
-3.208257133433399133e+01
-3.213150078003452847e+01
-3.164836287611757015e+01
-3.075659452774789315e+01
-2.774937002017473375e+01
-2.290940782891001959e+01
-1.943239774798465191e+01
-1.733503218550648128e+01
-1.522940228170830146e+01
-1.389231720729236308e+01
-1.096572142658176752e+01
-6.261069312294173628e+00
-1.574442551371125321e+00
3.643075751686097874e+00
7.500186759720525842e+00
9.619731012538236925e+00
1.129460315110577184e+01
1.193707188180735557e+01
1.223264859825769868e+01
1.226230344439873221e+01
1.114658159173744068e+01
9.006551038052556635e+00
7.912764951026795224e+00
7.904228011519847108e+00
8.042847475235330279e+00
8.841156514224243423e+00
8.840731910398847759e+00
7.922208903094574595e+00
7.227193175275393067e+00
6.419259727292926598e+00
5.639065222328762950e+00
5.024211772759319850e+00
4.263364817881343249e+00
3.426968978747162886e+00
2.692999462234765495e+00
2.038879476525494283e+00
1.443740146076105679e+00
9.457615252565055863e-01
-1.159373906212557426e-02
-1.470732687119221671e+00
-3.135147178206885155e+00
-5.152986795375354312e+00
-7.210825002857532695e+00
-9.279605318546371606e+00
-1.164102851502954294e+01
-1.422634355993556277e+01
-1.588894969720662154e+01
-1.654936141610133760e+01
-1.669923787750386523e+01
-1.601879905837430940e+01
-1.523504296639351807e+01
-1.437478930462532389e+01
-1.278782215264947020e+01
-1.061189417492827936e+01
-8.554595549902675344e+00
-6.586019528840840742e+00
-4.446214166009703206e+00
-2.296347693136790991e+00
4.685011513243044767e-01
3.893031691869624389e+00
7.552835114849770548e+00
1.159212897207831361e+01
1.451612406429011237e+01
1.613612112151529132e+01
1.726397931645824357e+01
1.746263682012494201e+01
1.750078245771924301e+01
1.742750519667872666e+01
1.646393433881382862e+01
1.475358993255668771e+01
1.353444051242603408e+01
1.279936772374333742e+01
1.203319343552421827e+01
1.153297334355216108e+01
1.035115244175424820e+01
8.414661939656143730e+00
6.431412526089310688e+00
4.180249277691365783e+00
2.438146606352937784e+00
1.354322145116318099e+00
3.992083827190800460e-01
-1.886490086545826173e-01
-6.990322385694338614e-01
-1.167522900504284422e+00
-1.233170919549134492e+00
-9.494955366009305564e-01
-1.151644854181320898e+00
-1.856410973593729086e+00
-2.690434333025786273e+00
-3.861779128304279496e+00
-4.783648093639606635e+00
-5.410264363637522500e+00
-6.203836949127662592e+00
-7.030669838494400636e+00
-7.632443905325850153e+00
-8.033971444182277821e+00
-8.259900616259342243e+00
-8.248250399813588984e+00
-8.254320446195871241e+00
-8.277100287626588226e+00
-8.134692701927050962e+00
-7.876618961850669010e+00
-7.508497293586509080e+00
-7.008038125864234580e+00
-6.403348955139396281e+00
-5.688465668830943400e+00
-4.804096023413835681e+00
-3.747600898056655527e+00
-2.539674962988214713e+00
-1.164023389832646194e+00
-7.656780475403773822e-02
6.793682522467995311e-01
1.333049147992480421e+00
1.756120765800085692e+00
2.210036461971951471e+00
2.710873179678619849e+00
3.014179606338365680e+00
3.171458137435022806e+00
3.516880324470919472e+00
4.046329850153227881e+00
4.631016887951479255e+00
5.351520151252669777e+00
5.945147409495950441e+00
6.394470838738164353e+00
6.895292442069586691e+00
7.387786357341902033e+00
7.550147535877822058e+00
7.369298323964378561e+00
6.951675624111279816e+00
6.207682449945584047e+00
5.366672843387980230e+00
4.430433478300035866e+00
3.202111305085478143e+00
1.722729283915452214e+00
1.516710130996374306e-01
-1.526442610335802419e+00
-3.366640656236708828e+00
-5.336726873178204045e+00
-7.592879468369962304e+00
-1.014896756326505667e+01
-1.290588503867750170e+01
-1.590370449900540351e+01
-1.785251948297395330e+01
-1.861522811052117277e+01
-1.882909974788342211e+01
-1.812125663893109007e+01
-1.721480969566763974e+01
-1.614412271512329156e+01
-1.420993561567673957e+01
-1.154572177257192500e+01
-9.121063929352189348e+00
-6.917160596363501668e+00
-4.541248919137074402e+00
-2.220514151279376680e+00
8.185792314492165156e-01
4.637208471620215988e+00
8.673457513541874775e+00
1.311108719432967185e+01
1.630964106529054902e+01
1.805013377921494921e+01
1.924136714218445832e+01
1.939990966138728723e+01
1.934753000518688992e+01
1.913815665022350743e+01
1.792319316744726265e+01
1.585451114803860939e+01
1.433404123233792760e+01
1.335695322315817890e+01
1.233206942922261184e+01
1.159634195619011443e+01
1.008507211080795685e+01
7.714657052392150938e+00
5.283005061088658749e+00
2.541165737169347683e+00
4.397163127975937114e-01
-8.453281133487311472e-01
-1.945700478463985528e+00
-2.570629801429022976e+00
-3.090191223617947625e+00
-3.545893963298538232e+00
-3.489051713401168264e+00
-2.987672316312151910e+00
-3.039423410119550528e+00
-3.661730802091595738e+00
-4.410581332680123090e+00
-5.533419611894834667e+00
-6.322947123240542311e+00
-6.723637758977081269e+00
-7.289120577691081238e+00
-7.857531785831720406e+00
-8.196454551993742399e+00
-8.342518698880692085e+00
-8.287164294210295878e+00
-7.977708055338880833e+00
-7.674603332659834187e+00
-7.373893862178691805e+00
-6.899420025055456485e+00
-6.301488112233451844e+00
-5.530477577175163084e+00
-4.560336003110321279e+00
-3.446139717294490090e+00
-2.167083103789449350e+00
-6.964779299972405635e-01
9.660255290530370686e-01
2.828809769077536451e+00
4.901386465601021314e+00
6.376355186075500114e+00
7.178403177542230118e+00
7.696997497827034351e+00
7.703044844827160453e+00
7.667023298841828982e+00
7.612573215244458957e+00
7.099203544469383509e+00
6.216598319745811452e+00
5.540518724617048640e+00
5.058804484337279028e+00
4.547167621242476976e+00
4.141348478879009143e+00
3.378129931870993197e+00
2.223724589197643819e+00
1.015640679280162217e+00
-3.544490327214704917e-01
-1.419476799814509027e+00
-2.099952940960997161e+00
-2.696620209380934163e+00
-3.068959510547231595e+00
-3.411152731722501663e+00
-3.743817246127071563e+00
-3.843352450994630853e+00
-3.746551417642059789e+00
-3.918073435906729518e+00
-4.364906666096745269e+00
-4.884276381471710060e+00
-5.591435071898330555e+00
-6.153888680843416559e+00
-6.546540800290920004e+00
-7.029039139452149421e+00
-7.525755073884030644e+00
-7.756702998846852992e+00
-7.721667958533185327e+00
-7.497054181889420299e+00
-7.008522667042609733e+00
-6.476792823650224129e+00
-5.903625131248251279e+00
-5.111785469283359085e+00
-4.142579085428052643e+00
-3.097251806715967781e+00
-1.960107844619533024e+00
-7.063633053390944161e-01
6.451613426121907136e-01
2.208666241287988719e+00
3.992851972327305710e+00
5.929295945416128255e+00
8.047111834153875876e+00
9.549891032200040542e+00
1.035345408801535605e+01
1.085525628221808603e+01
1.082595707075078195e+01
1.071107870327858258e+01
1.053338649246066261e+01
9.863236612582372942e+00
8.783913192752500265e+00
7.895204103507183824e+00
7.186777044450959551e+00
6.417176619913360192e+00
5.727869406007112474e+00
4.642945293041242927e+00
3.125840825853105631e+00
1.524456879175120516e+00
-2.733472955253783421e-01
-1.641882038845906333e+00
-2.484715568306883782e+00
-3.180138273923853287e+00
-3.541595144975662190e+00
-3.853119821380422305e+00
-4.139313481381333482e+00
-4.089813435781989526e+00
-3.757861215597030125e+00
-3.729423167114942927e+00
-4.009180927996131238e+00
-4.344977003721593789e+00
-4.880477177306177694e+00
-5.186399542043586663e+00
-5.229920617371850433e+00
-5.340957511275552960e+00
-5.420842763094388950e+00
-5.411452642671386037e+00
-5.341640623142792421e+00
-5.166267010454772546e+00
-4.876285492238912944e+00
-4.580008196751596650e+00
-4.272079392680847576e+00
-3.890613670024754001e+00
-3.456177443249784265e+00
-2.882565542985178642e+00
-2.155014655399771772e+00
-1.327576116345504209e+00
-3.741387162399889554e-01
6.764633772374760712e-01
1.821659292495284799e+00
3.099866299171021300e+00
4.506678836460651816e+00
5.396459550229979030e+00
5.710906220497842689e+00
5.751681239623824382e+00
5.335127543660524552e+00
4.843635949897018733e+00
4.293826250454107374e+00
3.329033718101909844e+00
2.020927549983711380e+00
8.187418988168134737e-01
-2.897715075235903770e-01
-1.479843580989787188e+00
-2.647083955188475723e+00
-4.158944853812234221e+00
-6.043468360939246331e+00
-8.036778916312853127e+00
-1.022606363679072317e+01
-1.143396807269361304e+01
-1.151624178580189906e+01
-1.109077856713457599e+01
-9.812393856130086078e+00
-8.299830931966722503e+00
-6.586736973776222470e+00
-4.050151379929855189e+00
-8.029666299519631067e-01
2.206381935916458925e+00
4.989223500804985001e+00
7.941322932000796087e+00
1.083842582351385353e+01
1.441908692414643589e+01
1.874305345688891222e+01
2.326712620658975439e+01
2.816649145110291386e+01
3.126709901139403058e+01
3.229533829030206959e+01
3.240199809216639437e+01
3.094720732231101934e+01
2.906108497565506354e+01
2.680549738228346612e+01
2.303313019801657546e+01
1.794900338280299934e+01
1.333172666416989749e+01
9.162058686768942195e+00
4.692900444903418844e+00
3.451276727359793850e-01
-5.261179690303469769e+00
-1.223864182944279122e+01
-1.957091563284922131e+01
-2.758565054145208961e+01
-3.321752230692252539e+01
-3.605773883829019866e+01
-3.779095019291879254e+01
-3.751193904585355199e+01
-3.676218993611926322e+01
-3.563823136775382494e+01
-3.254764002534948020e+01
-2.777266805700233832e+01
-2.392447125850845069e+01
-2.099018814208523764e+01
-1.786562445325033721e+01
-1.517581610628720412e+01
-1.092969005446016340e+01
-4.968202693091733124e+00
1.222823168181466746e+00
8.111370449392563131e+00
1.309528147738393322e+01
1.576381128751518368e+01
1.768788339517983843e+01
1.808594327164448856e+01
1.812746459351054895e+01
1.790919630129974038e+01
1.613725374843182792e+01
1.302599570106530358e+01
1.103595949679716526e+01
1.018387895653231823e+01
9.400508021808755998e+00
9.285952015681790073e+00
8.032977969023587406e+00
5.498419055507310027e+00
3.064183678544306400e+00
3.111115197640453855e-01
-1.700772310683692057e+00
-2.720053827827251691e+00
-3.552820063732409217e+00
-3.860347866607836576e+00
-3.941225794309994868e+00
-3.847735158268538402e+00
-3.120321084418241853e+00
-1.809741755287717302e+00
-1.222396061801261258e+00
-1.395094253344391078e+00
-1.720341650391881583e+00
-2.525689372152950529e+00
-2.920933716090354348e+00
-2.832405885298983517e+00
-2.971226570630567387e+00
-3.133732391477550561e+00
-3.246314374337375241e+00
-3.381487905184691112e+00
-3.427530756851239868e+00
-3.384267927458882941e+00
-3.458133117695542325e+00
-3.642246371836995511e+00
-3.837785010798685725e+00
-4.088598409667618228e+00
-4.163940033944276031e+00
-4.037008037545088968e+00
-3.850487491518086447e+00
-3.541017550976359285e+00
-3.214370036796216024e+00
-2.884119289257327523e+00
-2.443612394067440796e+00
-1.916392595943576582e+00
-1.294383736585417388e+00
-5.608651818846244197e-01
2.659835137559828921e-01
1.195011703120976154e+00
2.248048452273744946e+00
3.428053242697877590e+00
4.735484607182424810e+00
6.178612896646697550e+00
7.702444158983004385e+00
9.306299501682241626e+00
1.102592991127710320e+01
1.284956978069286393e+01
1.481484088729203386e+01
1.692891072267046582e+01
1.916567306172358087e+01
2.153654915591651076e+01
2.291633510975493238e+01
2.318872669344282045e+01
2.289034163757980167e+01
2.169472343182479790e+01
2.024438328453640423e+01
1.856456452536413693e+01
1.603636066462565779e+01
1.277582247733600518e+01
9.608648990549292890e+00
6.513430425133596380e+00
3.154368793109861624e+00
-2.781694669754979921e-01
-4.454608621340450547e+00
-9.430639426581812756e+00
-1.472700809344512507e+01
-2.050560156965130076e+01
-2.468223101542523423e+01
-2.700271549773342628e+01
-2.856889951770027736e+01
-2.877157094119264258e+01
-2.870832550547464734e+01
-2.844232105549305345e+01
-2.687315886547792942e+01
-2.420370446728514224e+01
-2.212721264523387177e+01
-2.062765787809701834e+01
-1.900220823900093592e+01
-1.765406877302288535e+01
-1.527248252131089146e+01
-1.175444544934526725e+01
-8.070642828016916681e+00
-3.912813675289540161e+00
-7.114032351314300007e-01
1.294394479344321169e+00
3.007592707781306718e+00
3.997323069993144351e+00
4.874055421042511327e+00
5.697392756869414931e+00
5.772840270820148056e+00
5.214466671261945407e+00
5.434154747784828210e+00
6.450061277419097294e+00
7.645952999171879760e+00
9.370368225826316788e+00
1.060556034098562250e+01
1.127339076362138037e+01
1.216380969355970088e+01
1.304387812016812553e+01
1.357937608746120972e+01
1.382122167502982713e+01
1.375635698172054866e+01
1.330793559437832663e+01
1.284880168662607858e+01
1.237218104069295421e+01
1.162387150018228432e+01
1.067497973070175021e+01
9.459254610809592734e+00
7.938756121188069059e+00
6.188565117116114678e+00
4.179443214183822697e+00
1.868402220839206151e+00
-7.463257036958225177e-01
-3.674531599743382504e+00
-6.931644808960371940e+00
-9.227930190588988779e+00
-1.044226326547921069e+01
-1.119676476154663725e+01
-1.112502459268392485e+01
-1.097789795230866261e+01
-1.079277532538573325e+01
-9.865661602200839653e+00
-8.339355310986034553e+00
-7.136939112343021030e+00
-6.238953573983965661e+00
-5.284902770831540586e+00
-4.492292729747911828e+00
-3.118635022881589336e+00
-1.109455954456521232e+00
9.944681232278592686e-01
3.366979959646505982e+00
5.028778345529699045e+00
5.828901312537106527e+00
6.357533165569239308e+00
6.322396089848347778e+00
6.167092322275233407e+00
5.929328210201590288e+00
5.123180713156177291e+00
3.831228285637272357e+00
2.964171998443294154e+00
2.528167558216812605e+00
2.130523880146920845e+00
1.993796173571444452e+00
1.448816803875630166e+00
4.436787852530377219e-01
-5.090888088199634343e-01
-1.563956374752692113e+00
-2.318376981988353069e+00
-2.677518088647269145e+00
-2.943387403382498935e+00
-2.987081365695420931e+00
-2.923467232495178703e+00
-2.771272471075013399e+00
-2.354522178363794627e+00
-1.692101622001096262e+00
-1.272913967927097545e+00
-1.109512709625992244e+00
-9.737077415387813684e-01
-9.872919584020171113e-01
-8.147750020567549045e-01
-4.276032675675304207e-01
-9.175347036884187735e-02
2.702636221749503687e-01
5.225492289681081814e-01
6.219541292987849079e-01
6.883378350740887441e-01
6.748411484641756442e-01
5.990400542493604652e-01
4.676822734987726160e-01
2.278924533979791722e-01
-1.191448226553045164e-01
-3.680954489426802034e-01
-5.116820635636759595e-01
-6.506904789228098451e-01
-7.336451572931012022e-01
-8.962595942721818254e-01
-1.151104175125108764e+00
-1.388847709031893363e+00
-1.641137587617368609e+00
-1.830092085370066846e+00
-1.935629370483110900e+00
-2.017232430790073749e+00
-2.049162230240502147e+00
-2.051677279602223347e+00
-2.027958213068226101e+00
-1.943789155753674835e+00
-1.801965521179654806e+00
-1.704489318841435175e+00
-1.653994784402598839e+00
-1.601783532651646524e+00
-1.573109526321522900e+00
-1.498043815520522015e+00
-1.370241489702437310e+00
-1.244835311609584272e+00
-1.105411616864329760e+00
-8.792951600585694472e-01
-5.648299701095209624e-01
-1.838258753477301499e-01
2.835742083336453834e-01
7.837660788556779501e-01
1.316510708981075251e+00
1.926749880758548583e+00
2.604838021960425021e+00
3.321899813358857756e+00
4.082067643255641975e+00
4.894105863253325417e+00
5.752723415665554896e+00
6.689249766496845773e+00
7.706542593932363516e+00
8.785928643343362765e+00
9.935667579278002037e+00
1.058005302794962965e+01
1.065942664506557236e+01
1.045020382460770136e+01
9.785570055363878694e+00
8.992597283783881679e+00
8.084667002569791094e+00
6.746375293186279265e+00
5.037036271636653240e+00
3.378168062893883050e+00
1.759057441958731483e+00
8.529515065929305084e-03
-1.776081577621813290e+00
-3.936433688302671818e+00
-6.500728966205080894e+00
-9.224336933354257084e+00
-1.218960011478994154e+01
-1.424072593502626205e+01
-1.523833046079690412e+01
-1.578743789311161549e+01
-1.555014484420698828e+01
-1.513901978252417990e+01
-1.458783790737535746e+01
-1.328392871459599078e+01
-1.133991831930251237e+01
-9.685585047429663419e+00
-8.310422089229252407e+00
-6.828549877183490935e+00
-5.460459414605423056e+00
-3.482730043415455778e+00
-8.378389056650826783e-01
1.940837688705146613e+00
5.024152916298668003e+00
7.211486154118176728e+00
8.329607361643688535e+00
9.070346096456521678e+00
9.076917100925259163e+00
8.923281652791606788e+00
8.651284518670509627e+00
7.650635462469290715e+00
6.027100969613321091e+00
4.855365500364187348e+00
4.136964802156235521e+00
3.412311127263881971e+00
2.941541597866250690e+00
1.921211625871015016e+00
2.880343205943363127e-01
-1.350107176892038074e+00
-3.180326190269380682e+00
-4.335978432699492124e+00
-4.666832680217438245e+00
-4.717772404176766798e+00
-4.224510913813522173e+00
-3.548975557781727463e+00
-2.723746091719530416e+00
-1.326764383038421480e+00
5.773827095612332760e-01
2.126915424576215408e+00
3.313281479429491139e+00
4.518810144736175261e+00
5.533074368436929902e+00
6.981390273070990027e+00
8.915049059981521751e+00
1.085394303766149093e+01
1.294377580418385953e+01
1.428970906926224238e+01
1.475031152053389860e+01
1.485213019485174435e+01
1.432418997738493260e+01
1.357251354375093655e+01
1.262566192806932364e+01
1.103241093715691434e+01
8.864124767263426463e+00
6.955390959524577532e+00
5.307455391501830988e+00
3.553579648870466734e+00
1.894306428184630686e+00
-2.921687614049505166e-01
-3.058372227088908879e+00
-5.936283438930880507e+00
-9.073023407939405871e+00
-1.149854643161153334e+01
-1.306793849386066064e+01
-1.434644259325717819e+01
-1.504403216212157979e+01
-1.561654218497930202e+01
-1.609749840228678153e+01
-1.599545521246466073e+01
-1.539357601000311071e+01
-1.517993592672690539e+01
-1.535695267137666598e+01
-1.554162089445520323e+01
-1.594903587329975281e+01
-1.591814937216852144e+01
-1.539618268273470925e+01
-1.488402592131695279e+01
-1.422744974967984177e+01
-1.348046781370282865e+01
-1.269886752274679331e+01
-1.174202395643489538e+01
-1.063534876213452840e+01
-9.457830380956071537e+00
-8.195180138182239560e+00
-6.830131945805261395e+00
-5.376103070454866462e+00
-3.594787945082391190e+00
-1.463805249940697717e+00
8.952573059699211466e-01
3.548932946698811097e+00
6.371076550270154293e+00
9.353545467297850635e+00
1.261826816553577046e+01
1.614079803019398085e+01
1.869460406813095688e+01
2.017334999074480706e+01
2.113804319621875294e+01
2.124032665172418177e+01
2.121810428470450205e+01
2.110125331930365178e+01
2.020659794333409209e+01
1.867198914869145554e+01
1.733557943898336262e+01
1.617184475549364819e+01
1.485586392131474121e+01
1.358127537632442383e+01
1.165603871141988712e+01
9.026968567648838260e+00
6.187911013440940522e+00
2.973992111920098491e+00
4.829097809645187533e-01
-1.130187782690716514e+00
-2.506946380376515293e+00
-3.324346943049162562e+00
-4.109064114120105415e+00
-4.904076755125901244e+00
-5.156027463012664569e+00
-4.965467929845527095e+00
-5.316044374047829812e+00
-6.212982905406195577e+00
-7.241507023716955871e+00
-8.642673532817799043e+00
-9.688240179722326317e+00
-1.032452848945642465e+01
-1.110949891746821372e+01
-1.187661378441073801e+01
-1.222632293203485077e+01
-1.217668819807940039e+01
-1.179289253198721177e+01
-1.097211793395386259e+01
-1.007123302126460374e+01
-9.087460325474321365e+00
-7.749299135873364719e+00
-6.122675429746466946e+00
-4.281571271576195770e+00
-2.194853868428558563e+00
1.355297419275324766e-01
2.703333217589679371e+00
5.639317052270753194e+00
8.954263632101671533e+00
1.258547776579239397e+01
1.656907746705702422e+01
1.925398371270662068e+01
2.047374300854295370e+01
2.103446392337872339e+01
2.046233152761903540e+01
1.969911307012823443e+01
1.879016014193862461e+01
1.683715081227311217e+01
1.401607688910328164e+01
1.154114096881636087e+01
9.387592034525559015e+00
7.070912867877017227e+00
4.876080412205142878e+00
1.830306855337790140e+00
-2.141166253598167035e+00
-6.331395817101370227e+00
-1.097023938992549397e+01
-1.442301932985720647e+01
-1.645754609533753410e+01
-1.801465274874364653e+01
-1.861041680388159492e+01
-1.903109484983154331e+01
-1.933506493707172069e+01
-1.869179914373010121e+01
-1.724757453298413168e+01
-1.645407502285182488e+01
-1.631367800229691412e+01
-1.620894080518795377e+01
-1.649193292787603937e+01
-1.607753162720072737e+01
-1.488161177146112202e+01
-1.372652293645696986e+01
-1.236049426832892806e+01
-1.113055624237991559e+01
-1.015582890731480603e+01
-9.086796291837787365e+00
-8.041262559390519371e+00
-7.003435745149174885e+00
-5.946235971295475764e+00
-4.984543487108300752e+00
-4.115724178781106524e+00
-2.768477140143136506e+00
-9.135004785366578339e-01
1.174112893977275363e+00
3.643264672205433818e+00
6.135506449314711119e+00
8.622985704848197486e+00
1.140986191363295177e+01
1.441777777230402791e+01
1.668708934066544103e+01
1.815843641372523365e+01
1.922852001354376128e+01
1.963130757503725832e+01
1.999274555897284600e+01
2.033417388123230296e+01
2.010431607148188249e+01
1.942208711315333147e+01
1.886023920407620125e+01
1.839176651055678491e+01
1.781113037608278660e+01
1.724803402548610975e+01
1.620528629186028624e+01
1.464674031951624755e+01
1.291875909373974984e+01
1.090276570688569713e+01
9.198518961252254655e+00
7.895698207431797400e+00
6.620656991683827819e+00
5.549001422867129385e+00
4.407973659528916066e+00
3.168881743308241905e+00
2.123725032413238178e+00
1.217700589793148103e+00
-1.141347547177886668e-01
-1.880532627482562891e+00
-3.844284679024339457e+00
-6.147086553046896995e+00
-8.383128718488896070e+00
-1.052526408057495644e+01
-1.289305191215030710e+01
-1.539649493632152222e+01
-1.724292956356232764e+01
-1.838790018247447478e+01
-1.913908376115523069e+01
-1.927612680006794932e+01
-1.933094258126893550e+01
-1.931693772893504146e+01
-1.876915335785086469e+01
-1.778656742642456123e+01
-1.682235549733363555e+01
-1.584970026648044694e+01
-1.470685918292390149e+01
-1.349366448986835643e+01
-1.180427536431409408e+01
-9.607215162745449177e+00
-7.178276853026575033e+00
-4.418554437800523260e+00
-2.277436956404202295e+00
-8.722140132748152919e-01
3.207865032556770912e-01
1.026595347392415869e+00
1.736268163959277411e+00
2.485143999860810915e+00
2.781807772996131689e+00
2.721040533604789147e+00
3.095784444088805376e+00
3.905382947644647995e+00
4.824884836542296718e+00
6.047434849338392482e+00
6.973285001475609590e+00
7.559603633034023495e+00
8.261178867978138385e+00
8.940908577356122322e+00
9.449642389870177794e+00
9.819539055004593564e+00
1.001984608758692019e+01
1.001756077741221418e+01
1.000250276926213999e+01
9.968233940397427162e+00
9.790096178243278047e+00
9.503357338168539670e+00
9.044014139000138286e+00
8.390300944337088396e+00
7.593637872090978291e+00
6.630558346620950338e+00
5.496199360210998641e+00
4.190110822420230363e+00
2.690962927742228228e+00
9.938587828088321086e-01
-3.140444532817400769e-01
-1.181111418055409423e+00
-1.890442234472678784e+00
-2.277116902439378698e+00
-2.689086653546762573e+00
-3.145208316784385172e+00
-3.324916705387784610e+00
-3.296066146210198777e+00
-3.474637258529030603e+00
-3.853020512614345083e+00
-4.272664745021743649e+00
-4.832811891417046368e+00
-5.200421645481977606e+00
-5.352953652259512474e+00
-5.535538047531665562e+00
-5.671619854077265543e+00
-5.675142451970835111e+00
-5.561365935730282928e+00
-5.313434994659804289e+00
-4.910637342171446207e+00
-4.457575783899235589e+00
-3.949174424746984435e+00
-3.313411895140715657e+00
-2.568392925720253572e+00
-1.685337105050555229e+00
-6.511553049077402067e-01
5.111190366619522418e-01
1.813827077239694718e+00
3.266454678956578483e+00
4.871152603608204679e+00
6.636769669620290912e+00
8.568674061532975728e+00
9.891328656488729720e+00
1.053055103097467438e+01
1.085659315087181831e+01
1.064778309958076008e+01
1.035570340199146067e+01
1.000093976471663915e+01
9.157807722283704877e+00
7.910809937076836107e+00
6.817371427035184617e+00
5.864505660764747219e+00
4.832095617969831558e+00
3.850453768523258713e+00
2.468834338882032409e+00
6.527708651243434579e-01
-1.271814859916586160e+00
-3.411578510039000367e+00
-5.065618014488855181e+00
-6.132705391985861176e+00
-7.022725752225508877e+00
-7.528273642150121070e+00
-7.982003669625512998e+00
-8.410279078491807780e+00
-8.459779037439842497e+00
-8.193018802711542037e+00
-8.241345239591456817e+00
-8.607421363512612444e+00
-9.022749921308363952e+00
-9.641330045810898142e+00
-9.994775260939009698e+00
-1.004745043868717325e+01
-1.015666032082344294e+01
-1.021445021783767437e+01
-1.001940208204034555e+01
-9.587882420077484369e+00
-8.934458694051443217e+00
-8.008453602273574390e+00
-7.005796630865290808e+00
-5.922594620454911585e+00
-4.614594305420029130e+00
-3.117400275520981534e+00
-1.436918650936619857e+00
4.466122608225097657e-01
2.516339826176426264e+00
4.778504251559628102e+00
7.284745520042565481e+00
1.004011591557085836e+01
1.302892007679258946e+01
1.626720816450551155e+01
1.836361055147318666e+01
1.917989159195943927e+01
1.938341932935453116e+01
1.857417814375599363e+01
1.755242196062295434e+01
1.635337501544743333e+01
1.421479363081123104e+01
1.128456735682419065e+01
8.571399661442713480e+00
6.051095681926883962e+00
3.320361644040498383e+00
6.138685389135369874e-01
-2.884276813305914011e+00
-7.238546726749317983e+00
-1.186117872111993599e+01
-1.694669946109040026e+01
-2.041237141200838678e+01
-2.199272025000328057e+01
-2.281253197010095235e+01
-2.226042370995035569e+01
-2.140726955752413829e+01
-2.031815981415196504e+01
-1.790382130371447644e+01
-1.436176530331602308e+01
-1.142193037434793013e+01
-9.072225432485252483e+00
-6.588491065221777632e+00
-4.384033127053318601e+00
-1.130602699731355631e+00
3.276650296544052487e+00
7.849607742785067899e+00
1.290023506729111880e+01
1.647705795950132313e+01
1.828455577814252919e+01
1.947139244638142586e+01
1.945375892050383015e+01
1.913557557052438796e+01
1.858579540873111569e+01
1.682235564723798760e+01
1.401040449183614456e+01
1.194255277478012189e+01
1.062497807563234176e+01
9.283103888137489434e+00
8.351571405041116947e+00
6.499876857280997733e+00
3.621792812135180561e+00
7.271515652790991879e-01
-2.494214377813884109e+00
-4.854502357977120042e+00
-6.129739590181880082e+00
-7.106807490791258175e+00
-7.419771299624501992e+00
-7.526141970925200653e+00
-7.474909857787380929e+00
-6.703645726783390657e+00
-5.294005220127543154e+00
-4.499511778282457186e+00
-4.340123079038949783e+00
-4.253227116009809627e+00
-4.547960544568297792e+00
-4.332319407899007047e+00
-3.533772167395457853e+00
-2.846438466108554888e+00
-2.064201133926409693e+00
-1.497769027248029516e+00
-1.253095977580262810e+00
-1.033856896358449795e+00
-9.477251439629832408e-01
-9.733448628335406028e-01
-1.091612462998394983e+00
-1.413466119929836395e+00
-1.938387096486480887e+00
-2.166969359899353353e+00
-2.077777962909307607e+00
-1.915650851442956437e+00
-1.553339666981050415e+00
-1.312607074026607146e+00
-1.221747325786846528e+00
-1.015657865541979010e+00
-7.676651855434087901e-01
-5.990204929781862697e-01
-4.909027265255009875e-01
-4.383072839165327306e-01
-4.673972989779218157e-01
-4.468076201637420919e-01
-3.756675953429942649e-01
-3.409874814906634355e-01
-3.155514649607158995e-01
-3.203952981155037127e-01
-3.665489589926110847e-01
-4.252042793339882443e-01
-5.043403029225238532e-01
-6.161467313258577327e-01
-7.588488866645258790e-01
-9.338628368752305287e-01
-1.144111300652711716e+00
-1.190685814719553814e+00
-1.055095263359585367e+00
-8.335092611257838291e-01
-4.695743864609375207e-01
-7.799735218353687216e-02
3.354074979112042221e-01
8.784577552861978500e-01
1.529325156081465797e+00
2.150093886652339581e+00
2.744119447402637135e+00
3.365028030806932691e+00
3.980531254041923539e+00
4.702328909371101595e+00
5.538712419051693203e+00
6.408816184389592330e+00
7.338918282388319447e+00
7.856113694646033707e+00
7.904392425539505496e+00
7.724947242466932096e+00
7.179107723046207035e+00
6.520212888481205837e+00
5.760385878648894398e+00
4.646510189795573176e+00
3.224188779497155988e+00
1.863859588799697820e+00
5.591601081921662164e-01
-8.443320515210386290e-01
-2.260047766059889884e+00
-3.980660919220507576e+00
-6.030568156033563554e+00
-8.197142708222727947e+00
-1.055059454148811504e+01
-1.207450963814727984e+01
-1.264574043030050987e+01
-1.279411487749668375e+01
-1.222182006767617146e+01
-1.146731089230011946e+01
-1.055923547477404867e+01
-8.957748995877214071e+00
-6.761087344279907541e+00
-4.785873320959384003e+00
-3.021954533970080625e+00
-1.129200478753708659e+00
6.994154042083737810e-01
3.101023006420330574e+00
6.127097635896633143e+00
9.309479726625465190e+00
1.279932712856378707e+01
1.516482932704997033e+01
1.621575713173083244e+01
1.673756974288750854e+01
1.630761498227933259e+01
1.564714708452433634e+01
1.480110901878150642e+01
1.302523757176902031e+01
1.045159666685056443e+01
8.296278541315110999e+00
6.552904106016717911e+00
4.707542927198284488e+00
3.051132320667507614e+00
6.555116992076264193e-01
-2.553496666048412855e+00
-5.883709542858835739e+00
-9.553369914536911978e+00
-1.215716278743070156e+01
-1.348399998911119724e+01
-1.435623173147356013e+01
-1.435363067201726572e+01
-1.413163474312116641e+01
-1.373919240716117329e+01
-1.246684958048907532e+01
-1.043417218081273212e+01
-8.925953910660499702e+00
-7.945715609458559925e+00
-6.938801982612283759e+00
-6.216316757887418554e+00
-4.822500570379395057e+00
-2.680858963682264839e+00
-5.155994173031521743e-01
1.896366352946980527e+00
3.674656922176789742e+00
4.656095973532426768e+00
5.419139925438392957e+00
5.693373137271364293e+00
5.823750968124129734e+00
5.846440319891076598e+00
5.342622727503928637e+00
4.374217809990963879e+00
3.861201753175532936e+00
3.817670367886214500e+00
3.832177423379650172e+00
4.131529682275482784e+00
4.059538762861535588e+00
3.563158465552340726e+00
3.152549131105390590e+00
2.676186122899804953e+00
2.219954795242290668e+00
1.847055916241560070e+00
1.406302991210953035e+00
9.353205665970090177e-01
5.000777298758587452e-01
8.928713099437743383e-02
-2.944052642151457899e-01
-6.369140568482584142e-01
-1.202600951691422670e+00
-2.010420127152946712e+00
-2.922486903472275799e+00
-4.008986568734577816e+00
-5.117882981406059351e+00
-6.235718597429862342e+00
-7.497758708870069455e+00
-8.870797688890474930e+00
-9.751123410702735583e+00
-1.009501133719805388e+01
-1.016325529228551616e+01
-9.786750774154283405e+00
-9.345211328058452338e+00
-8.852478295842221456e+00
-7.966716201285891863e+00
-6.759453810684017405e+00
-5.609640155614709300e+00
-4.501747606998553586e+00
-3.294799388886192837e+00
-2.075103387060841964e+00
-5.200570730940525799e-01
1.394612727060724477e+00
3.442413211664157924e+00
5.700470723662032668e+00
7.458233584702435692e+00
8.624083363253557621e+00
9.590803233338654366e+00
1.015064071842543925e+01
1.066429940570748691e+01
1.115647266398041282e+01
1.125972837507873336e+01
1.104203529418594520e+01
1.110244050546552508e+01
1.143935431741554787e+01
1.180330089019248696e+01
1.233899496814488650e+01
1.259194350955070085e+01
1.252779062525800668e+01
1.248863774695659323e+01
1.236916817459315077e+01
1.205074794687991435e+01
1.155555992900859863e+01
1.086059030948101878e+01
9.937972526133627582e+00
8.931730196428524948e+00
7.835354287407731100e+00
6.550670154322583372e+00
5.103010888181008120e+00
3.444694721764991918e+00
1.557401478774971482e+00
-5.226993329152331835e-01
-2.814553970091058677e+00
-5.325673935911690471e+00
-8.058326742719406965e+00
-1.102894789660376773e+01
-1.424350264049354209e+01
-1.659768111193662676e+01
-1.798593556556455297e+01
-1.893395456923102316e+01
-1.912590615406825734e+01
-1.920515766006213809e+01
-1.920052666212481540e+01
-1.850529544630376577e+01
-1.723953698277755464e+01
-1.619471519346980060e+01
-1.535177665650701151e+01
-1.439789000056599733e+01
-1.351770357444856252e+01
-1.206999211348736267e+01
-1.000536507847720280e+01
-7.786574070261934821e+00
-5.261560929976987211e+00
-3.293302497609817969e+00
-2.011541284411655361e+00
-8.952955930847004140e-01
-2.002099296902605241e-01
4.710043873558216188e-01
1.153728238845686427e+00
1.419701518646411920e+00
1.344795001882701735e+00
1.731520858649926220e+00
2.587154198166361496e+00
3.569585380341625758e+00
4.876533457320769038e+00
5.921205670514517294e+00
6.660260619874532217e+00
7.546719523612240188e+00
8.446855070881925442e+00
9.183879626362310589e+00
9.788512483780227313e+00
1.024642328551495929e+01
1.051787518872116856e+01
1.080905068374672773e+01
1.111589926006533702e+01
1.130047367384999468e+01
1.140231950433444830e+01
1.137593760381055041e+01
1.120028582108207083e+01
1.092159293673045539e+01
1.052166219230226574e+01
9.982855618751393934e+00
9.304989618420226094e+00
8.478120055021150847e+00
7.495329996357331659e+00
6.629823149998672172e+00
5.902975707978467490e+00
5.177775107474289484e+00
4.528689772817968695e+00
3.791553484801480689e+00
2.954459193287227059e+00
2.163800200223596981e+00
1.385192281155127603e+00
4.259996293348317642e-01
-7.126664393888132443e-01
-1.961641423454465238e+00
-3.368833673703357956e+00
-4.784412824336330416e+00
-6.200812278004911526e+00
-7.732766572581842190e+00
-9.347911119511657319e+00
-1.051506879635729241e+01
-1.119296814743631074e+01
-1.160767715204156936e+01
-1.160831783308854526e+01
-1.152831649586074647e+01
-1.137750932258750147e+01
-1.085205910825542475e+01
-1.001296551625109998e+01
-9.204335377981561095e+00
-8.411532834031886452e+00
-7.502448412591848914e+00
-6.554545549694032580e+00
-5.274064573599241079e+00
-3.637187255037315659e+00
-1.848252937758254832e+00
1.641951729769122459e-01
1.717625900928266836e+00
2.726269809473580441e+00
3.566374567461454870e+00
4.039427097166680802e+00
4.496735100673094010e+00
4.962921300175683115e+00
5.084250743816959961e+00
4.927849019666460606e+00
5.067646767347469883e+00
5.502830166667178169e+00
5.996611427540353922e+00
6.688363937218056776e+00
7.143506377433372911e+00
7.330283725625854174e+00
7.577327173345732803e+00
7.784761092211592626e+00
7.676272677624513818e+00
7.257255966059079633e+00
6.583194792256245265e+00
5.580711500975512607e+00
4.482478278746039990e+00
3.286419127968856824e+00
1.808920082212279068e+00
9.184142283636130555e-02
-1.791832644839893796e+00
-3.862357893211428639e+00
-6.132288511762932437e+00
-8.592054426747232299e+00
-1.134468082094403307e+01
-1.439977027427275225e+01
-1.770380511957927183e+01
-2.128523596765102965e+01
-2.356923043971259091e+01
-2.439533243432073917e+01
-2.452633891485445616e+01
-2.350844976874323677e+01
-2.223931496323570656e+01
-2.075927692017100057e+01
-1.820849347202727131e+01
-1.475259571062452402e+01
-1.154792244258126033e+01
-8.568429798116223850e+00
-5.349300164366129984e+00
-2.160079827200577451e+00
1.930358424810363571e+00
6.995814561722075275e+00
1.236388650223577024e+01
1.825645471062679093e+01
2.253898327477882191e+01
2.493293469816108043e+01
2.660835209704344706e+01
2.693777727076558293e+01
2.700404627709346173e+01
2.687641675582349521e+01
2.544560959012829926e+01
2.291207226820169041e+01
2.107723012664621365e+01
1.993260026052188749e+01
1.872192775140214138e+01
1.787747661671837562e+01
1.602545710664390555e+01
1.305829965199817799e+01
1.000319108781659416e+01
6.538723524218566396e+00
3.837740508919945004e+00
2.121074591100772899e+00
5.982064902183905630e-01
-3.718110763971060329e-01
-1.236699736676501793e+00
-2.049532998350191537e+00
-2.261401204120485176e+00
-1.955248707795581797e+00
-2.378661058585630705e+00
-3.555702982707867221e+00
-4.930668325621287096e+00
-6.814139261781275714e+00
-8.326693095937820033e+00
-9.400045366621174736e+00
-1.072582035382836274e+01
-1.210366478419588709e+01
-1.313216620956086977e+01
-1.384676092695949379e+01
-1.429098530317390114e+01
-1.436762411917223936e+01
-1.446719705968230940e+01
-1.458830812514768915e+01
-1.445032337309032933e+01
-1.412872135666034623e+01
-1.364308344549456464e+01
-1.295962497718489459e+01
-1.211558702414075128e+01
-1.110450356343963563e+01
-9.828306221112772079e+00
-8.282113678753576735e+00
-6.503306767251410214e+00
-4.465120468318223068e+00
-2.847786198569393967e+00
-1.716325798816852988e+00
-7.266185084637926117e-01
-7.006143959745926575e-02
6.423918135033072074e-01
1.435242173397065280e+00
1.944594975394284164e+00
2.247382513597779408e+00
2.845245566757121036e+00
3.732664705468588195e+00
4.716372317364563749e+00
5.917694405602630603e+00
6.943683055268310866e+00
7.768576811393269388e+00
8.686201883780736210e+00
9.607376235236273487e+00
1.027006063111364753e+01
1.067772192812749665e+01
1.088759790654588322e+01
1.082989131636844071e+01
1.072295904990360604e+01
1.056569738243914891e+01
1.018515163515236033e+01
9.620979673556060874e+00
8.954769772462677579e+00
8.168932843204961713e+00
7.246060352902876645e+00
6.199057764092730238e+00
4.924194423059612191e+00
3.412457298403310801e+00
1.721313337349491102e+00
-1.769899491479989817e-01
-1.581551208451736912e+00
-2.420335374130001771e+00
-3.046202138697972739e+00
-3.258896667621655752e+00
-3.453635010940671268e+00
-3.652632009513045563e+00
-3.478926738964030374e+00
-3.008127317819054181e+00
-2.769955841386922746e+00
-2.757254788748056296e+00
-2.759859842120953477e+00
-2.904246052643778775e+00
-2.773554298748403646e+00
-2.337679724881033039e+00
-1.904816865804987547e+00
-1.378309586342622017e+00
-1.133804746203540326e+00
-1.239978355937621401e+00
-1.448696995898848039e+00
-1.874599313223747288e+00
-2.371053343298684446e+00
-2.921847499081906108e+00
-3.704216018046821990e+00
-4.691264480559718564e+00
-5.496317291762942148e+00
-6.113244780999082195e+00
-6.713971132458650182e+00
-7.202906114990742736e+00
-7.855302139708949305e+00
-8.692956331482379895e+00
-9.501222426039230839e+00
-1.034331413067718231e+01
-1.078452834209579514e+01
-1.075691714198186943e+01
-1.050966995128986703e+01
-9.910554538159075832e+00
-9.159237894875744246e+00
-8.267686330452908905e+00
-7.014102163387328837e+00
-5.432451115030482391e+00
-3.918626542385969636e+00
-2.471034089303019154e+00
-9.144533444030287228e-01
6.573569808345763876e-01
2.543715920134170805e+00
4.771223061430660550e+00
7.117977670343642593e+00
9.656026347831616619e+00
1.161011055607547071e+01
1.288045051730998303e+01
1.388536133627735047e+01
1.439666471376988177e+01
1.481310426213723730e+01
1.515843164136240162e+01
1.502620621870387474e+01
1.448958405080231771e+01
1.419883579700845111e+01
1.414960838236140006e+01
1.406874537492276644e+01
1.411156688114133395e+01
1.377911931568015369e+01
1.303174388992768584e+01
1.224057335399226254e+01
1.128826102349713345e+01
1.039151966160081031e+01
9.608094959439521077e+00
8.747600864573115587e+00
7.878815923885297501e+00
6.957319184815224489e+00
5.966973201047951036e+00
4.991017207952773482e+00
4.019508710051312050e+00
2.748621074305102940e+00
1.164036320259821844e+00
-5.949008295831765825e-01
-2.607765691876790637e+00
-4.679531427384474362e+00
-6.797047687297093965e+00
-9.125308286239466327e+00
-1.162270573170034460e+01
-1.358752264106167473e+01
-1.496951477046169465e+01
-1.606993581856086806e+01
-1.669222743946247078e+01
-1.728127819866120518e+01
-1.785303878071114525e+01
-1.800837202207517862e+01
-1.783114562749396370e+01
-1.776590645177713412e+01
-1.779492666625159103e+01
-1.775298592919655860e+01
-1.774162507996856775e+01
-1.738301193445431991e+01
-1.664896906630702134e+01
-1.580535638104563567e+01
-1.476206872197293762e+01
-1.372755915272334093e+01
-1.274523424816681505e+01
-1.164699251798080404e+01
-1.049466254381523100e+01
-9.223168445871252175e+00
-7.815879406761919057e+00
-6.358214264685670081e+00
-4.834055218946835097e+00
-2.989232587021712906e+00
-8.116068685960796669e-01
1.589513815922405149e+00
4.281897634944803244e+00
7.101315665923067399e+00
1.003938575781582188e+01
1.323705509225286292e+01
1.666106341824122339e+01
1.917250298336981729e+01
2.067435819196142432e+01
2.167925796735413613e+01
2.186337502796511245e+01
2.191834290940461116e+01
2.187011348197234639e+01
2.108005430698419502e+01
1.967650116529617321e+01
1.843153519909239435e+01
1.731972902457203389e+01
1.604171516206071857e+01
1.477483119493269825e+01
1.287716180154281354e+01
1.029856243218480927e+01
7.494471255773101248e+00
4.311117274605433813e+00
1.784666948266784958e+00
5.962474031778292050e-02
-1.469060723355145370e+00
-2.497437451759874527e+00
-3.526406186864808667e+00
-4.597383687700357768e+00
-5.187649367332503481e+00
-5.393658932112965765e+00
-6.141662906591146331e+00
-7.437172483999350270e+00
-8.891577592412025055e+00
-1.073248955632504753e+01
-1.227491235060334418e+01
-1.346930945616389863e+01
-1.484182537665953028e+01
-1.623653211907496896e+01
-1.691648889341932005e+01
-1.686233913749560287e+01
-1.630536612709004984e+01
-1.504427840719326781e+01
-1.362289489719642610e+01
-1.204642754059953980e+01
-9.860050288201184898e+00
-7.163329579905439282e+00
-4.286287130880936935e+00
-1.192232549003418018e+00
2.222452070643891719e+00
5.892129155843409904e+00
1.015273150442764205e+01
1.503217888635041000e+01
2.032002414858892081e+01
2.610181812594019846e+01
2.993702546004459464e+01
3.156543502026879722e+01
3.220096626637838710e+01
3.113895332005333927e+01
2.974334171583679520e+01
2.808145068433183411e+01
2.483416756188510277e+01
2.025460165152418668e+01
1.618429848724904829e+01
1.258994268490528690e+01
8.726745479140678441e+00
5.027673943693780068e+00
2.860900996481541281e-02
-6.384838986941382188e+00
-1.314549193005845673e+01
-2.059985737316832299e+01
-2.597488083725879449e+01
-2.888841960525483188e+01
-3.090321055023107277e+01
-3.119960461636518190e+01
-3.113998507815668404e+01
-3.081824820818857447e+01
-2.881110534966700243e+01
-2.537037276021031573e+01
-2.290972944219851115e+01
-2.142598974616774754e+01
-1.989581429314358374e+01
-1.890124117093605705e+01
-1.662166819633037562e+01
-1.291421942422390856e+01
-9.149176135582608893e+00
-4.901762807412235468e+00
-1.657704549578341346e+00
2.942200206057817846e-01
1.967050976831611120e+00
2.902806092210454825e+00
3.651278248474670196e+00
4.278968484835037778e+00
4.095011556070394576e+00
3.199502531797030258e+00
3.199620446280896147e+00
4.126990839408941625e+00
5.259965397962527156e+00
6.998097375014197041e+00
8.211094578894224227e+00
8.809355271226845474e+00
9.681313955472017341e+00
1.056838210055435390e+01
1.122454028399020665e+01
1.172227715807055048e+01
1.198975117706130078e+01
1.197994878409103059e+01
1.203845199078003425e+01
1.215718470227575132e+01
1.212447805078055652e+01
1.200879307227751625e+01
1.163823369161514520e+01
1.097435752266359543e+01
1.014433614912305615e+01
9.094226464407377364e+00
7.857980692752500218e+00
6.442261271671656964e+00
4.780368095254731386e+00
2.876285634813024572e+00
1.360750378905246194e+00
2.825388359704259500e-01
-6.567332197431514640e-01
-1.282706696367535537e+00
-1.979210585609194162e+00
-2.767833539213293559e+00
-3.303159319817991602e+00
-3.661680306987027400e+00
-4.266616955351436147e+00
-5.109180601963493551e+00
-6.034306070721005000e+00
-7.143351446223799250e+00
-8.094238588423726455e+00
-8.865628174179910559e+00
-9.709556443783384339e+00
-1.054842436647978765e+01
-1.096887531456892617e+01
-1.095387848417276366e+01
-1.063956277069716805e+01
-9.910613476421321622e+00
-9.062171513132776468e+00
-8.096281185536104985e+00
-6.759448962544735373e+00
-5.104300339483590854e+00
-3.337812346564130728e+00
-1.440232912370307039e+00
6.603880992229056446e-01
2.922195314551535361e+00
5.547559739816039226e+00
8.554547773949375156e+00
1.181464288059411771e+01
1.537980788720227210e+01
1.775041063623837445e+01
1.876647978514380100e+01
1.917352231380465000e+01
1.853842783146189177e+01
1.769993662757551434e+01
1.669929588174858637e+01
1.472545005981228172e+01
1.193398164227222225e+01
9.458333045350620694e+00
7.278110341362284075e+00
4.934759744030952966e+00
2.694804567141703799e+00
-3.427499448920380276e-01
-4.248307908334868266e+00
-8.365062589416506711e+00
-1.290624274603583999e+01
-1.612631873592084020e+01
-1.778608165960992693e+01
-1.886544345494954200e+01
-1.884861569978453488e+01
-1.859628772025199694e+01
-1.816697277915364239e+01
-1.666319654305941356e+01
-1.424385236869660254e+01
-1.242230211387879635e+01
-1.119567924720868390e+01
-9.922722888731383861e+00
-8.967955644312384678e+00
-7.187906757786556966e+00
-4.492619831181294821e+00
-1.741590630208466273e+00
1.332261460834325062e+00
3.597327445879205943e+00
4.852301092169991392e+00
5.826741005778339755e+00
6.175533138884857109e+00
6.358314674258748411e+00
6.421119678877198922e+00
5.820450845523135186e+00
4.639781102739807039e+00
4.030940195633169409e+00
4.009633650357432799e+00
4.064958872685543234e+00
4.480484473250390565e+00
4.429667562958981009e+00
3.846453374361323618e+00
3.371679414920465412e+00
2.814639130485065532e+00
2.412192781973325761e+00
2.256821785965061000e+00
2.098017545768708025e+00
2.020462590658304691e+00
2.033428348018343712e+00
2.120093891354447813e+00
2.354784710138137171e+00
2.742055931194862239e+00
2.858688957525962859e+00
2.683811243963934334e+00
