1.543237149548534193e-01
-3.542276371751842262e-02
-2.832214092958895701e-01
9.608439981530840779e-01
-9.750263748460104019e-01
3.509905189141162007e-01
3.086370260898690585e-02
-1.068431418994024162e-01
2.204698953507325254e-01
-4.866646380991835330e-01
2.522726892079533156e-01
7.470183154372483925e-02
-5.273875930910729704e-01
2.002455647182526111e+00
-1.297814594706435232e+00
-2.105548190806956654e+00
2.737847445355712672e+00
-8.878974578467014878e-01
-4.447180788676410867e-02
8.668092199932735387e-01
-5.471631384222004346e-01
-3.299919870969580504e+00
3.289038203297391494e+00
4.947798122680596933e+00
-1.558301454592577517e+00
-1.484039030053872565e+01
1.777922241657380908e+01
-1.227328110476969414e+01
3.990526897560083608e+00
1.454957265675632350e+01
-1.323144332602263695e+01
-1.323968487774352987e+01
1.664627449231879908e+01
4.398270120086259283e+00
-1.032323168802744462e+01
2.437494105905381403e+00
2.382803393073522624e+00
-4.671609145241465200e+00
4.603448565103612111e+00
-3.801761247808653543e+00
1.161477977410323437e+00
5.484458973205955878e+00
-5.673155715649387254e+00
-1.374198367789652986e+00
2.037628588831963850e+00
7.391912150137157633e-01
-4.112054458365388854e+00
1.452896928878433336e+01
-1.028535641643305709e+01
-1.373143564084668711e+01
1.632181448006731017e+01
3.205973547540867941e+00
-9.859520808552595383e+00
5.284309232999031103e+00
-1.654365415708322962e+00
-2.390724555399483808e+00
2.983105015611987376e+00
1.669307932848995479e+00
-2.377023116304229688e+00
-5.225313898887717023e+00
3.439148261762441372e+00
1.336737470842292552e+01
-1.205334066379038838e+01
-9.452902905623204788e+00
1.428775925212874576e+01
-5.153138174812550432e+00
-2.139823755908146996e+00
1.006193346841701519e+01
-9.537419539778460020e+00
1.963279133571223412e+00
2.714609738298867647e+00
-8.494595892846946938e+00
6.702339084997599450e+00
7.411033433866719200e+00
-7.269883271936076419e+00
-1.014592906527599503e+01
1.169085753487154378e+01
4.981100846437738205e-01
-6.699460801086104311e+00
1.394497215379835353e+01
-8.813653255612337034e+00
-1.629730502651846891e+01
1.660750406536460844e+01
1.175061044636381524e+01
-1.727930044868725545e+01
8.334412739003260739e-01
6.054128982386099089e+00
-7.115050252893924565e+00
4.203112441333404448e+00
8.287222382263173870e+00
-7.402041619339978062e+00
-1.324718334519484664e+01
1.291300196436109360e+01
1.215573646902009486e+01
-1.645394874138040819e+01
1.128597972143464467e+00
5.364262132544206807e+00
-7.540212065469312108e+00
3.218929242846030103e+00
1.153935778718723881e+01
-1.195699484508198118e+01
-2.640369672255402200e+00
7.572591159000735317e+00
-4.009539142961845215e+00
1.127576945715648815e+00
1.695685761985618489e+00
-2.394394118192778365e+00
9.610727133917660314e-01
-3.882679060796380699e-01
6.581860491911566413e-01
-6.830797293643774415e-01
4.632728783261579331e-01
-3.187255808390293543e-01
3.398925578414613846e-01
-2.520615174544313941e-01
-9.863393236840849176e-02
-2.536918043407011131e-02
6.115986290918158375e-01
-8.415972032194125596e-01
8.696781308759673479e-01
-6.603471149469368751e-01
7.724302023260101735e-02
7.317110609721319547e-02
4.120434734676213240e-01
-3.807302798762247087e-01
-4.206551896285685710e-01
3.334718351178895812e-01
6.530926233475892184e-01
-9.780630468666130506e-01
8.106466569960500967e-01
-3.949464456384346178e-01
-1.287563397384340891e-01
4.884746767065868966e-01
-9.512097437459761107e-01
5.412787273932619936e-01
5.381894731129827081e-01
-1.344496851230135404e+00
2.161777373914780309e+00
-1.997548938759980963e+00
1.079601000285947077e+00
-4.139097027143884278e-01
-5.655535328387575333e-01
3.198494905708870739e-01
1.477821568632464055e+00
-1.525895747786716994e+00
1.732299181074186678e-01
8.284015311124748315e-01
-2.003239161188685280e+00
1.694863496829180027e+00
1.515113909711294227e-01
-8.881877082520395206e-01
8.916452448453704438e-01
-6.523658630884054954e-01
-3.752380660915522470e-01
-5.087947955830108421e-02
2.098948585798160682e+00
-2.618189532113252227e+00
1.874332442394636811e+00
-1.123962012334290606e+00
1.110355825843912236e-01
2.035036073453847794e-01
4.552730326124205251e-01
-3.468156236592248032e-01
-1.031500379686009605e+00
1.106050516042048848e+00
5.197237230378948247e-01
-4.072658423806533867e-01
-2.060319711814673216e+00
3.340167753361516834e+00
-1.090494222645682854e+00
3.409706945003851963e+00
-1.124681502532526700e+01
1.039399742664996573e+01
-6.764774443591302422e+00
-1.391181549899288772e+00
2.428809672376075213e+01
-2.068256574598255071e+01
-1.683210317822878466e+01
2.186430477744141854e+01
6.570201239098167001e+00
-1.506030623999775031e+01
7.792263804227459012e+00
-4.438387318326519893e-02
-1.241803069171636409e+01
1.188807730685041619e+01
2.892214226794904697e+00
-7.920499385463978470e+00
2.404431086088247405e+00
-8.574905903293842391e-01
5.584461975030242442e+00
-4.047140779264163157e+00
-5.511366603693570454e+00
6.709073149376455270e+00
4.185885806939082521e-01
-3.820692205535733077e+00
2.632339955501655560e+00
-2.271295137296128530e+00
6.592087529471239549e+00
-3.443866592532457638e+00
-1.173308090415295801e+01
1.183203057183930440e+01
5.233349473569820276e+00
-8.741003371483104800e+00
5.391311521404520413e-01
3.629055875234146633e+00
-8.658505029390816787e+00
4.394634127181825001e+00
1.283052001418708699e+01
-1.441073214920738721e+01
3.165969390469793865e-01
5.753198811847915373e+00
-4.317045445732007103e+00
2.757737357325184213e+00
-3.259601169615582883e+00
1.342765201777151640e+00
7.985507958307471732e+00
-6.109529977395998124e+00
-1.277255176443315499e+01
1.284742073811827012e+01
9.445753208184656913e+00
-1.288009367321316745e+01
-1.352750374750717022e+00
7.011973865951430795e+00
-9.358150273830080579e+00
3.854827368777824947e+00
1.422362662081550866e+01
-1.522475865167601938e+01
-2.986348315085205485e+00
8.902975784308981844e+00
7.436497383539983907e-01
-1.207816198500135441e+00
-1.392875231276035386e+01
1.193792114398471504e+01
1.345189404639031316e+01
-1.487236478437724152e+01
-9.110293166214193050e+00
1.520606511204317890e+01
-7.502554682132359432e+00
-5.621937722827452522e-01
1.364340259407425293e+01
-1.288986807420186054e+01
-3.159962854728479265e+00
7.958338832162723975e+00
-2.020868021596668562e+00
-6.644074795939468592e-01
6.812895969801113782e-01
-1.983840250234497615e-01
-1.166138261176821844e+00
1.466506534567801445e+00
-4.744004145014690810e-03
1.085185267543186116e-01
-2.777718729537202336e+00
2.387111653059589944e+00
1.749514048070856864e+00
-2.658102819249309245e+00
6.894630092066733607e-02
4.040835018086361141e-01
8.449269394298857261e-01
-1.426553643806528493e+00
2.384358732857463803e+00
-1.192752593439781572e+00
-2.893804234274169218e+00
3.785831352261418203e+00
-1.065990799824858115e+00
3.881610841239293563e-01
-2.254868319131623888e+00
2.163431206268221718e+00
3.610420800889818649e-01
-9.727909776721852531e-01
-6.940804890888199186e-01
5.924890539240565968e-01
1.163005794471809518e+00
-1.918221655243949275e+00
2.281675755515048643e+00
-1.696579439541296752e+00
-5.350589232451538058e-01
7.183540836736380664e-01
1.725621316197154753e+00
-1.847103438234121375e+00
-7.651870257903398143e-01
1.457376372994268809e+00
1.286383294752352913e-01
-7.542592572839172671e-02
-1.503657117229330931e+00
2.011954379416170280e+00
-2.151518162848284899e+00
1.100711680265175296e+00
1.484372525052247926e+00
-2.013705070842870537e+00
1.032548312874675300e+00
-1.138716619918044848e-01
-1.593080654133076202e+00
1.027759396532678782e+00
2.013393880335936359e+00
-2.902208443782637204e+00
2.017222729349602339e+00
-1.016893688386161010e+00
-1.322060087583642463e-01
4.375150741171441870e-01
-1.024062114501311349e+00
5.352087341501140516e-01
3.750589262461553108e+00
-2.351871360628047469e+00
-8.102525189385703541e+00
7.730710107647325025e+00
4.306859652858987531e+00
-6.325656711356272055e+00
2.481346551704513015e+00
3.825069756751873662e+00
-1.810077467608527968e+01
1.565841860187862089e+01
3.847849358069264980e+00
-1.025884356368189820e+01
8.383555492816233468e+00
-1.276744100454078046e+00
-1.432516724855181423e+01
1.551664473492176910e+01
-3.917449376530945049e+00
-3.345044542943646171e+00
8.679241287633759683e+00
-7.636118593751208827e+00
6.198260740656882373e-01
2.641057811245406839e+00
-4.218439117585725207e+00
2.351286526546413569e+00
4.918331037953183049e+00
-6.089263062957120276e+00
-1.905086618956090216e+00
2.574022336299882419e+00
9.761134865889967926e+00
-7.577369048055359713e+00
-1.512660767176894616e+01
1.637554982254192382e+01
7.101344567830091492e+00
-1.183113547387213060e+01
-1.814732200530386752e+00
6.487443520239836836e+00
-5.319440078990447240e+00
1.073628957424253016e+00
8.827623991874830267e+00
-8.967389290408812386e+00
-4.387404886082979516e-01
4.820952342071565866e+00
-5.237957674388001195e+00
4.130850006939955854e+00
-1.390508594470988291e+00
2.090955846009877883e-01
-1.113680632742619636e-02
2.949643678847138073e-01
-1.742166293309150626e+00
1.072220428756786248e+00
1.532483220090843146e+00
-2.629267727854853298e+00
3.332205004867180964e+00
-2.131594839866358893e+00
-1.833338080806825143e+00
2.298808974228093938e+00
7.771333544051153286e-01
-1.901445254465125911e+00
1.349123836091224771e+00
-9.588950052555484937e-01
-6.970014601752898553e-01
1.049983617874713948e+00
3.789963640441194048e+00
-3.558171856772823216e-01
-1.418027340281037141e+01
1.488844663913476474e+01
-4.153121492363526457e+00
-2.677355524529113406e+00
1.157730851942412542e+01
-8.401733846385344151e+00
-1.208720675811341039e+01
1.297655077648929733e+01
6.925556297742015310e+00
-1.278186534954285136e+01
5.960900118819378868e+00
-6.181631170397129393e-01
-2.741154064197463214e+00
5.128571947792694097e+00
-8.558889107799720009e+00
6.922526875398048674e+00
7.205063894454188933e-01
-3.063856572856648697e+00
-1.596530728597389537e-02
8.181986369227892686e-01
9.250881867178479823e-01
-1.714521980308427063e+00
-3.314556445618199731e-01
-1.299064804670850837e-01
7.475609412507003171e+00
-4.753996344233624605e+00
-1.170694439896347561e+01
1.247416574389063371e+01
1.435599132248675858e+00
-7.334386532513834211e+00
1.060464185185309383e+01
-6.025314789467421051e+00
-1.260965992234111077e+01
1.207514914888274937e+01
1.049638735630678354e+01
-1.470399423747405088e+01
2.298747556408143655e+00
4.787894141374079204e+00
-9.372522703398667332e+00
7.680286917087223664e+00
1.164879584494276088e+00
-4.026976761953187989e+00
5.353170176806204550e-01
9.111805212743306903e-01
1.463903531627661403e+00
1.130772159758526851e-01
-7.077192120890535065e+00
6.892858822377616157e+00
-2.258821741880813860e+00
-1.358029044271086949e+00
1.153500925870382865e+01
-6.556742573208086178e+00
-2.143211483797037786e+01
2.211598055202134461e+01
8.142226303254815889e+00
-1.562431088977102078e+01
-2.816281921923264875e-01
5.915538777857934249e+00
1.528465453485199355e-01
-8.578992483146352654e-01
-6.004343419827591788e+00
4.296103365886881242e+00
4.100108129589679073e+00
-8.079002974669494463e+00
1.473313104930327988e+01
-8.070097541929690976e+00
-1.832118285683595005e+01
2.064056987674122468e+01
3.261334295694882535e+00
-1.005476213795015106e+01
1.490631427379920382e-01
3.601843092352660758e+00
-2.066988353984318572e+00
4.530951432958908454e-01
1.550936193794720142e+00
-2.107941075890409799e+00
1.331630439650948183e+00
-7.864200647803553101e-01
3.888684618561711881e-01
-1.121949247039608633e-01
1.257691467104586902e-01
2.079798884674837756e-01
-8.519490496745372177e-01
9.656311631242647797e-01
-1.030013602713573118e+00
3.187211771449861564e-01
1.624596880876310045e+00
-1.923721175979636211e+00
3.923603105401010649e-01
-9.366153599593836365e-02
9.997648217597179254e-01
-1.370953479466207048e+00
1.266008480557942129e+00
-1.124505022772900764e+00
8.221505357235351363e-01
-5.935799650421319518e-01
8.421109338269556766e-01
-2.667746658995723830e-01
-1.420280211320690933e+00
1.707952541835845883e+00
-6.735397334404631398e-01
1.412353745519135673e-01
1.037058760715605654e-01
-5.632149464029446995e-02
-5.141194350095293908e-01
3.963100094405411777e-01
5.574193185276240525e-01
-8.184374609826693403e-01
1.586486992372744820e-01
-6.192524021883862029e-02
9.310664066943817874e-01
-6.221169367945669215e-01
-1.053583646011631902e+00
1.488048525351769458e+00
-7.046518828088261799e-01
2.605702591703573101e-01
-2.996886786468397901e-01
7.302982417611153521e-02
6.086713416226461337e-01
-5.535769132872498943e-01
-1.150812892150027134e-01
4.459229821792193293e-01
-9.917002659280531596e-01
6.529732037334582406e-01
1.263861710507509173e+00
-1.039928448762986068e+00
-1.704853416055030380e+00
2.365335004589132595e+00
-9.341937071368149326e-01
5.326704032751251594e-01
-7.700840615958414181e-01
1.159664647734256704e+00
-2.372613016964526089e+00
1.932779064172634786e+00
7.737915233284118344e-01
-1.292180958765722032e+00
-9.336910061564733798e-01
1.001533561561012142e+00
1.380168983630752688e+00
-1.814435182724008611e+00
4.631600992414126039e-01
3.307285704424904327e-01
-6.970872687846115801e-01
6.098931735659534059e-01
-3.411040290644355988e-01
-1.357484332666126781e-01
1.149813048779026126e+00
-1.063789809095922578e+00
-1.822876236268579642e-01
7.019271214161953987e-01
-4.456909984710362149e-01
3.981870688854621254e-01
-6.882717807583556002e-01
5.338510079760875326e-01
1.675614063910671747e-01
-8.218478811335758749e-01
-7.670724313575451037e-01
4.666293480757796042e-01
7.287903966324105198e+00
-2.244614987644707682e+00
-1.798279688786763941e+01
2.026874417610911649e+01
-1.090134847615605906e+01
-6.016945246291038885e-01
2.429060402353659853e+01
-2.221719768936486261e+01
-1.403204501789363690e+01
1.850100518042628295e+01
1.399661201017932655e+01
-1.877831136004805757e+01
-4.193472214349202254e+00
1.203159100431379436e+01
-8.526419063675136911e+00
2.269779803194439172e+00
9.386184852680951707e+00
-1.066820726311891221e+01
1.836060077184577644e+00
2.351609864630603397e+00
-2.329762242648577342e+00
1.578109729932676952e+00
-8.446133174465239035e-01
-1.142527469802001594e+00
4.225914400276065130e+00
-5.274265514438674529e+00
6.243270600239419821e+00
-4.116249654528073343e+00
-3.358881975060753255e+00
3.804775966887807392e+00
4.428106483154531148e+00
-5.725406694784958894e+00
-1.725610863956706709e+00
3.210504210124283553e+00
4.743446161857848509e+00
-4.022651888647636120e+00
-1.021624943926519791e+01
9.733923603384182499e+00
9.202782828010210636e+00
-1.145080528600768410e+01
-3.279329865520586029e+00
7.740549107846067756e+00
-4.838097528582343543e+00
1.149943292578847198e-01
9.016225008733712798e+00
-8.950783159270981670e+00
-1.171259780249469529e-01
4.169859791901291857e+00
-4.472193919826310093e+00
2.952366538335450485e+00
6.940818408327386058e-01
-1.982834143370485691e+00
1.326155338422401186e+00
-7.222350962264094676e-01
-4.822742786765801259e-01
3.395945834012471520e-01
1.854700958788727316e+00
-1.673737693669042903e+00
-1.161018823247200960e+00
1.935973476838093843e+00
-7.451317715789943508e-01
1.130207115929666856e-01
-6.949137019743198418e-02
6.365181296311653303e-02
5.179308474497295034e-01
-4.939204057124371161e-01
-2.413357944545965417e+00
1.569069494193080727e+00
6.753503557607019481e+00
-4.580201837887149630e+00
-8.960596655238299846e+00
1.135076467127432664e+01
-7.975005685982527126e+00
5.442498035365459508e-01
1.880988588263490158e+01
-1.612790363399171056e+01
-1.212407089202121035e+01
1.783291047549766972e+01
-3.774488641151112045e+00
-4.713297597926613847e+00
1.219974046152450242e+01
-9.022164848894183464e+00
-6.149183204148243043e+00
1.056452706955763610e+01
-5.623435839439778761e+00
1.733926087375031733e+00
2.162635900418865553e+00
-2.772174454354875195e+00
-6.327557618333501388e-02
9.212540343986554969e-01
-5.514591684018566031e-01
5.113986907161323092e-01
2.431925271852499737e+00
-3.509589685453173846e-01
-1.126997643898675783e+01
8.948616298066855990e+00
8.013502848159635761e+00
-1.274451935173281925e+01
9.870161691505266788e+00
-3.280836879537027073e+00
-1.280510623997207986e+01
1.207675880496283405e+01
8.429890567380375899e+00
-1.238806262059286034e+01
1.862101038955463750e-01
4.805442524575742169e+00
-4.308998923714163709e+00
2.165569419635843040e+00
2.568955468375499596e+00
-3.228649935717629926e+00
-5.230401858843136687e-02
1.720449967472517550e+00
-1.891816576627282753e+00
1.865523812347088972e+00
-1.784169887008807409e+00
1.260494375443887982e+00
-5.053138043392871870e-01
-2.179027486914635048e-01
1.164398688688583317e+00
-1.157910114192452600e+00
2.190450528724690871e-01
3.568018792861509247e-01
-5.500355155490298520e-01
8.217413506053142802e-01
-1.051519528797945746e+00
1.169978030295031113e+00
-1.635668614930665399e+00
1.186478456649583624e+00
6.224745695035105442e-01
-8.410570985230063634e-01
-8.347924733225096094e-01
1.198509820915893087e+00
2.230311215077919740e-01
-3.065818535657447441e-01
-1.538093032115599890e+00
1.322773022742118387e+00
1.204770618749815281e+00
-1.959713918375743935e+00
9.888311910810925198e-01
-6.295894751987364257e-01
6.602275850856822448e-01
-7.402723354538551792e-01
1.483547787277363250e+00
-1.115159736507872701e+00
-1.202372029222964933e+00
1.005264940862331313e+00
2.163375087063317270e+00
-2.706751344046636643e+00
9.225467829266854602e-01
-5.461988330379162482e-02
-9.288480140649841843e-01
7.157366520627873874e-02
2.693180769165214983e+00
-2.379712731799674241e+00
1.779729709260794879e+00
2.090378968496082734e+00
-1.302786550864475679e+01
1.258682208325173768e+01
1.104335373922984420e+00
-3.634455099926060750e+00
-3.045761841574468942e+00
6.417059269786720144e+00
-1.175959691127015105e+01
6.484981962979285086e+00
1.243974936464794467e+01
-1.493128641611763641e+01
4.027677519735531675e+00
3.721731372961547102e+00
-1.373439458105095490e+01
1.069978000683403963e+01
8.124354897090286798e+00
-1.217576328679698960e+01
1.944104056886205800e+00
2.294422642910196153e+00
-2.354086474147212726e+00
4.836110747589004166e-01
4.809037879926418846e+00
-4.927660930125908223e+00
-5.734741681544106573e-01
2.392460811208270588e+00
-1.011509462469741827e-01
-6.520590065043647687e-01
-1.473549965286101049e+00
3.255495935482380920e-01
5.117742529551852826e+00
-5.739089024135118677e+00
1.600117871885407439e+00
4.102643369001825469e-01
-4.871767991645350460e-01
5.353254521894872386e-01
-5.863631813137296644e-01
6.144317096763762809e-01
-3.645671236415090055e-01
2.629278027467774059e-01
-1.615838885078425102e+00
1.093546930731450484e+00
3.675454619823071312e+00
-2.114793485324890643e+00
-6.480908497837884141e+00
7.785476570565918131e+00
-5.264474912385919581e+00
7.099128293873583351e-01
1.239153151830055677e+01
-1.013660106193132648e+01
-1.367862181016186618e+01
1.494553457612637715e+01
9.143909413772458805e+00
-1.464957709192504609e+01
1.352978176243898378e+00
4.665148723108847761e+00
-4.984099430994120006e-01
1.322589179621292521e+00
-1.366487433393138140e+01
8.922111061714144142e+00
1.641027973181805066e+01
-2.106974787666640481e+01
7.528682015369547287e+00
9.665209353764346867e-01
-8.424060560562548261e+00
6.669567386110213825e+00
5.835556342024740495e+00
-8.563671193419374106e+00
2.291368834689150980e+00
1.432195470886299171e+00
-3.338212603521501176e+00
3.397558445224397872e+00
-1.682709931463609809e+00
6.898300725442604309e-01
-2.469900810143519365e-01
1.181893218624414932e-02
-1.955228229133860740e-01
-5.394393344042963667e-02
1.126721086483541523e+00
-1.394644695130845102e+00
-5.408641960437579055e-01
5.421583096560169679e-01
5.603808848295020795e+00
-3.990914509481890082e+00
-1.241063027328368484e+01
1.015435039272535001e+01
1.650178297989080178e+01
-1.869580042600496839e+01
-4.225909325358322199e+00
1.217119191785984711e+01
-7.554142951083994362e+00
2.753626862857378121e+00
3.788353189863693515e+00
-4.953163879279490978e+00
8.765442224284725192e-02
1.760014854064864354e+00
2.086291673837167959e+00
-1.551040301198673532e+00
-9.500981364447909527e+00
6.358017567091994948e+00
1.695543146703611370e+01
-1.754896986923705882e+01
-5.577411099856034227e+00
1.291579443419542805e+01
-7.306665354084172392e+00
1.321752202973911272e+00
6.837522769224868568e+00
-7.906145862599626817e+00
2.509571493255709829e+00
6.569227712861448465e-01
-2.583562771306432193e+00
2.157675296555627842e+00
2.474409280858068660e-01
-9.045097010826760320e-01
3.172831624317534960e+00
-1.348419503032314504e+00
-1.118291261805714321e+01
7.842148363835415026e+00
1.695846035493844894e+01
-1.865360712122133080e+01
-3.318003580682863607e+00
1.116724736355802960e+01
-7.365855177356269934e+00
3.089581564202184438e+00
3.751869317760011313e+00
-4.352978046671011292e+00
-2.189236070166450610e+00
3.341144984415845176e+00
7.456670022267715137e-01
-2.511838277344166315e+00
2.295380985865429491e+00
-1.599033858198185332e+00
6.806339199659074968e-01
3.307924871945930323e-01
-1.433989072116805374e+00
1.602147875968154223e+00
-1.800956792301524612e+00
6.111101858402041564e-01
3.008252334575284959e+00
-3.014200535734484987e+00
-7.878619507680626466e-01
2.023823544253667617e+00
-1.032512246936898359e+00
1.780872255027839413e-01
6.754274270926344803e-01
-9.047152499171430273e-01
5.522520528239703852e-01
-2.100869487993596019e-01
8.909498446749122835e-02
2.444908021993713043e-01
-1.159363514449944565e+00
1.001668365294428931e+00
2.613229745834679263e-01
-5.946623558491463957e-01
2.959401695822010403e-01
3.558118328831431643e-01
-1.488227061186930378e+00
1.921290039144206263e+00
-1.429118296755574224e+00
1.234619744168838240e+00
-2.090157700918003680e+00
1.349263529913159454e+00
1.811936449336485788e+00
-2.143858656634903603e+00
-8.079836664592845441e-01
1.227592476401477617e+00
6.822745707822222005e-01
-1.476253295497412799e+00
1.800845184634186857e+00
-9.381945266814266660e-01
-1.444627954931635427e+00
2.163535823450638773e+00
-8.623107676213375150e-01
4.475082211399097343e-01
-1.959603216601115472e+00
1.115549212614284080e+00
3.093535199602228225e+00
-3.375856762567012392e+00
-4.787779342063429588e-01
1.733529538481713983e+00
-6.482412014997578353e-01
-7.830716476106064361e-02
4.942457143296323796e-01
-5.385612409427568137e-01
3.770062297354112024e-01
1.699328491528950547e-01
-8.789513399975510399e-01
1.428620632259437695e+00
-2.544250762267939336e+00
2.241016913673521405e+00
4.957981764532681801e-01
-4.443218048696749300e-01
-3.316595906598081900e+00
3.423075117860070904e+00
3.481983931442520497e-01
-1.465710349403381185e+00
5.194400419559720428e-01
3.479318781885449852e-01
-2.058106749493437082e+00
1.530994370135724481e+00
1.894625040775002933e+00
-2.508311088673033318e+00
3.328083079839105896e-02
5.385245452951836764e-01
9.113191459992157073e-01
-1.388970228480185476e+00
5.101986165771835724e-01
-4.621410646934295263e-01
1.934297085196080568e+00
-1.395327219619308723e+00
-1.398843886014920601e+00
1.870757563676182400e+00
-2.039216619681177622e+00
1.165617072654228092e+00
5.723889752446966739e+00
-1.486312849898268951e+00
-1.646384641322092079e+01
1.803076415514708231e+01
-8.344148021108589219e+00
-1.125203797054378008e+00
2.043367255602203869e+01
-1.643038943139470121e+01
-1.909905027924639143e+01
2.165908907754100099e+01
9.780847882510725455e+00
-1.934617119487664638e+01
1.236683515018829915e+01
-3.007742026394694346e+00
-1.383130234512037937e+01
1.425893974065333225e+01
3.324778274417066193e+00
-8.826532385729208841e+00
1.733079076489068893e+00
2.948635247095221512e-01
3.443327339795620556e+00
-3.092196338701334035e+00
-5.634785782105065088e-01
2.699341528583501404e+00
-5.204366817463975003e+00
3.185585616602358172e+00
3.181228656965425117e+00
-5.240762925992208388e+00
5.981872909899864865e+00
-2.370801098956247799e+00
-8.588726759107853326e+00
9.328898007194782238e+00
1.847919959280442281e+00
-4.486460535292013496e+00
-2.070946102545473178e+00
2.727185660649735333e+00
1.211643259000787953e+00
-4.169911577929107160e+00
8.289996547744197031e+00
-6.824395317596024135e+00
-1.526802879381908618e+00
4.537587117750662813e+00
9.662783528208607198e-01
-4.966214131887406458e-01
-1.249828692574584643e+01
8.935849228945794920e+00
1.635079552752250720e+01
-1.881204848156635734e+01
-1.235219194005505727e+00
9.188919430493355023e+00
-8.143330596896021234e+00
3.514918695823229022e+00
5.578701322227376025e+00
-8.104781907963351628e+00
5.308461352305845260e+00
-1.854533153057933204e+00
-2.294266510937554848e+00
4.161805527144540662e+00
-4.819142722372496301e+00
3.359087564737857523e+00
4.917965990253534425e-01
-1.977885445973139200e+00
1.418418633876395774e+00
-9.429750433664930709e-01
1.824024220214521264e-01
-1.430630662255946428e-01
1.434892188692296289e+00
-1.248535085231798680e+00
-1.109905736662947229e+00
1.035368217604574648e+00
1.516816252498327522e+00
-2.215953361782221798e+00
1.548999117953996141e+00
-2.128350876349899834e-01
-1.421518050096257868e+00
2.464922485223695947e+00
-3.917221121886750090e+00
2.739120668399295244e+00
9.934320706461536865e-01
-2.964091637138019930e+00
1.920344031080955194e+00
-9.093534278825727846e-01
4.871198642520164768e+00
1.623068349043860659e+00
-1.970823776831273122e+01
2.253137211343525692e+01
-1.798722881206672852e+01
5.327214173877328207e+00
2.400693072144207463e+01
-2.444078669920356361e+01
-5.297684893765556957e+00
1.473966737040188058e+01
-8.093810937885571377e+00
4.604558293907181077e-01
1.191394937575128843e+01
-1.203409992440101028e+01
-6.204275978734186126e-01
5.345001954976345893e+00
-2.418008549812724173e+00
3.781329391338689172e-01
-1.305758562323021232e+00
-6.140086988939138513e-01
8.741566140055720524e+00
-6.963494634495099866e+00
-6.282304610169570758e+00
1.002897831987661803e+01
-3.760155403835339971e+00
1.582693668023164246e+00
-4.680431185939820438e+00
3.767196711532939446e+00
1.953430607307544253e+00
-3.218824729425972642e+00
1.690908904523873435e-01
1.229602382047032760e+00
-1.085621720259444256e+00
8.337062664008336732e-01
-6.785113697207765249e-01
4.465321338287198127e-02
9.483959400237230719e-01
-1.571722433979811928e+00
2.018595588060859480e+00
-1.709130075578021657e+00
8.198994333818371283e-01
9.588622861919618434e-02
-1.104609750342590235e+00
1.664562587197021992e+00
-1.658042080394273921e+00
1.691848232765403637e+00
-2.177309449025910393e+00
1.684386502202811942e+00
7.589705845260852346e-02
-5.258516478348899126e-01
-3.277497874022635149e-01
