4.662431576300702574e+01
4.744295331726158338e+01
4.718613154727439962e+01
4.573974813433289910e+01
4.420104540386317638e+01
4.222294657749922209e+01
4.018273744730711172e+01
3.822408935893108151e+01
3.590767707786826435e+01
3.336017263881799977e+01
3.060290639620673048e+01
2.759359388602826257e+01
2.443185318585248922e+01
2.111563702057773284e+01
1.694224066088518654e+01
1.186418727187471234e+01
6.213673190737235785e+00
-1.995540214443365934e-01
-6.958059155114897365e+00
-1.403630687738863791e+01
-2.180855146941822298e+01
-3.019031461105409875e+01
-3.711346653684815777e+01
-4.242084261829509018e+01
-4.703054746806341768e+01
-5.036296345504600680e+01
-5.370741246370434396e+01
-5.711654617798365763e+01
-5.942642569146192955e+01
-6.088256991522305839e+01
-6.284214993386817127e+01
-6.526055199524297734e+01
-6.762977653835865510e+01
-7.026438963630111800e+01
-7.203220731701354396e+01
-7.285143388891226834e+01
-7.353024158259877652e+01
-7.380179188956007863e+01
-7.230848089007602653e+01
-6.898150157266874771e+01
-6.424935217062626691e+01
-5.772349360370090920e+01
-5.035127183631649928e+01
-4.212573145753661663e+01
-3.220839824399192253e+01
-2.075708064952542742e+01
-8.433328973868666978e+00
4.840468443018523637e+00
1.931262124384207723e+01
3.485997297875817935e+01
5.215550791554449006e+01
7.127153660122249335e+01
9.180245573992939967e+01
1.139310223978111623e+02
1.285152455224015569e+02
1.346078178446873892e+02
1.366466522453396237e+02
1.319901950700136695e+02
1.258270563283380312e+02
1.183870454043983216e+02
1.046793412661808844e+02
8.565641415403098335e+01
6.808486120918037443e+01
5.181387442662322940e+01
3.410890315822832974e+01
1.654590262065038786e+01
-6.318235331808679689e+00
-3.491958114440705430e+01
-6.532932934804969705e+01
-9.884736678589341352e+01
-1.218483622625560372e+02
-1.325883128716799888e+02
-1.384476401291316847e+02
-1.354260409785558750e+02
-1.305151323769174780e+02
-1.241447886849668407e+02
-1.091965626061091541e+02
-8.696169364761432519e+01
-6.880222014182260182e+01
-5.464546386839501224e+01
-3.973386250946165887e+01
-2.678538630594139036e+01
-7.090511252622585303e+00
2.003605840167860208e+01
4.810617117955524691e+01
7.916288394208142165e+01
1.007072809860435854e+02
1.108281226512615234e+02
1.169138908487525583e+02
1.152201421980713576e+02
1.114974074301961338e+02
1.061883091986709644e+02
9.301608264265490789e+01
7.302922634583025285e+01
5.776693119993261405e+01
4.727318691993906441e+01
3.655142805442218901e+01
2.840013036323398765e+01
1.426644312356806665e+01
-6.534617763563125514e+00
-2.750809862474158507e+01
-5.064849141065212734e+01
-6.668206748325970068e+01
-7.399993835568231759e+01
-7.842674473005385494e+01
-7.713270589371187214e+01
-7.399622200619079138e+01
-6.936375935288901928e+01
-5.871336197263507728e+01
-4.273581355880391186e+01
-3.066852480228451938e+01
-2.260275701206104060e+01
-1.443836730537397273e+01
-8.430415898366897309e+00
2.125464440528905374e+00
1.778008637920216017e+01
3.338735572233876070e+01
5.051014447892456616e+01
6.199853138123341978e+01
6.658856826637243387e+01
6.878443044993476008e+01
6.639352403609252917e+01
6.237227094356693868e+01
5.698081137680867414e+01
4.673366376022079294e+01
3.214954171245677372e+01
2.042610412222957095e+01
1.163352446263914075e+01
2.558251689309212207e+00
-5.045968716481556093e+00
-1.640234929654357998e+01
-3.194723388220609195e+01
-4.767785100091928996e+01
-6.481671912751913567e+01
-7.595561367960239352e+01
-7.992558973748101891e+01
-8.110263940927080739e+01
-7.724698700298060317e+01
-7.172325728917175525e+01
-6.477508265326494552e+01
-5.267214836973560921e+01
-3.601097870421376257e+01
-2.172942943579819897e+01
-9.845817391748372671e+00
2.680721071070796047e+00
1.417759769897610411e+01
2.979915882137337491e+01
4.997485234816372923e+01
7.081206969091911674e+01
9.352513563627060478e+01
1.078947470493556153e+02
1.124885468005205382e+02
1.130012659121101137e+02
1.063890894907258513e+02
9.766468908158661577e+01
8.714086266620992660e+01
6.953621297012833224e+01
4.575273570459282269e+01
2.470454330097223661e+01
6.355329839489878729e+00
-1.311604530529312029e+01
-3.157960510369581542e+01
-5.580566855525309222e+01
-8.635071819046510200e+01
-1.181651107508672851e+02
-1.528491486306930085e+02
-1.755652915881979936e+02
-1.843069792105331146e+02
-1.872288685876502825e+02
-1.799341137804381106e+02
-1.698415267139090474e+02
-1.574040697737214884e+02
-1.349111531897152076e+02
-1.037079219831319250e+02
-7.648511664855632830e+01
-5.317239501856393957e+01
-2.837379319980752967e+01
-5.118395584885309546e+00
2.628163241223011326e+01
6.661396133358046256e+01
1.086676594287434341e+02
1.547301096016790041e+02
1.864901927514484328e+02
2.013795568969669034e+02
2.096995316966205394e+02
2.060102722285328412e+02
1.992564915816001871e+02
1.900301633052172861e+02
1.689147472712440674e+02
1.375394716282474690e+02
1.119493792320058816e+02
9.210888701741797036e+01
7.116457550206948213e+01
5.297007467566911032e+01
2.539983238541779897e+01
-1.252203477312848889e+01
-5.170324166233086061e+01
-9.499128922723687651e+01
-1.252985791564580182e+02
-1.399826473080840685e+02
-1.491825829698034909e+02
-1.477688241008240766e+02
-1.435575003987503635e+02
-1.371524274179922145e+02
-1.199817041942496303e+02
-9.346569241274916351e+01
-7.350430001155667981e+01
-6.016554642276523168e+01
-4.654651401028554147e+01
-3.650447337314161445e+01
-1.827223976120018634e+01
9.096236742277675091e+00
3.665961200953046983e+01
6.716313464697789470e+01
8.828351241065887223e+01
9.785136252818364255e+01
1.036779665192492388e+02
1.019967774836786418e+02
9.789504672342127378e+01
9.184133841505921225e+01
7.785482949683799347e+01
5.684205278048938936e+01
4.120853054759415812e+01
3.109073219316067949e+01
2.097170552957191347e+01
1.388578583335903005e+01
8.612863302328088722e-01
-1.883720696144660778e+01
-3.830584605386596309e+01
-5.963252918639424394e+01
-7.424270299621254310e+01
-8.054024748679213985e+01
-8.408151751981182542e+01
-8.221697959112002252e+01
-7.832412924568363621e+01
-7.272594484757006228e+01
-6.130481863222890837e+01
-4.464742822884560525e+01
-3.167466694660740245e+01
-2.249827579134151279e+01
-1.309973976002888207e+01
-5.660554858401061651e+00
6.231548378512399289e+00
2.311541474966738718e+01
4.005006271723356548e+01
5.853403293598309887e+01
7.081688263152665286e+01
7.559319264654254766e+01
7.760103829759614769e+01
7.447670216926333353e+01
6.957080318395713903e+01
6.315021579338618096e+01
5.137519654221190990e+01
3.483462848187586758e+01
2.109565976639030538e+01
1.020737180033864533e+01
-1.184964292765615212e+00
-1.124720764530569106e+01
-2.553044841210293114e+01
-4.449953107257585572e+01
-6.393053484166095757e+01
-8.512781849702273007e+01
-9.952949019479575554e+01
-1.058337591361857477e+02
-1.090234282409204809e+02
-1.065253047443151360e+02
-1.023255998352322536e+02
-9.670601033884967990e+01
-8.532592359375847479e+01
-6.889991851701137193e+01
-5.528941597545432529e+01
-4.450554589150673479e+01
-3.313179301814418665e+01
-2.306268828013710959e+01
-8.430481010617405957e+00
1.124691656167077625e+01
3.154448968836893386e+01
5.384185254466969184e+01
7.037199112880017537e+01
7.990219222476635252e+01
8.710452123178797024e+01
8.963981007102348997e+01
9.099939124953611724e+01
9.146343753067533555e+01
8.715874333413425745e+01
7.871896443287880629e+01
7.350502463543155329e+01
7.156153144680843070e+01
6.967897940884773789e+01
6.964807090589360428e+01
6.605154082484318678e+01
5.845410865780058174e+01
5.098717301642561495e+01
4.238928424379308524e+01
3.484764097516105608e+01
2.900773554458524828e+01
2.290776248396057824e+01
1.726993317219078250e+01
1.175456974517535969e+01
6.217554007466169708e+00
1.486247928409376140e+00
-2.498520075899666182e+00
-8.952576940126862226e+00
-1.801503963800841746e+01
-2.816105621232695810e+01
-4.021853287447762426e+01
-5.210698406746337241e+01
-6.366276394266361649e+01
-7.661412452825993569e+01
-9.049964248527535915e+01
-9.927677934003322946e+01
-1.025380565535315895e+02
-1.027937509411477635e+02
-9.835227035578377297e+01
-9.309629627007119268e+01
-8.714668769001107762e+01
-7.703633209502434909e+01
-6.348947721094224761e+01
-5.017478374296563715e+01
-3.691515291280208544e+01
-2.235738266256185369e+01
-7.324419167298470867e+00
1.136891102339818538e+01
3.396914754179661600e+01
5.827234919068031616e+01
8.504860617949418611e+01
1.031527137218032237e+02
1.112693036130487201e+02
1.152223003926375640e+02
1.117675416474603054e+02
1.068517934375715726e+02
1.008113873845559567e+02
8.773990505564914599e+01
6.874144724679962337e+01
5.269624129290325243e+01
3.950537758448484027e+01
2.551062418839432411e+01
1.282280572542916453e+01
-5.468658059361819923e+00
-2.990275577848884936e+01
-5.537494769294503527e+01
-8.351016558041202131e+01
-1.022992949286824995e+02
-1.100247402277667277e+02
-1.135362525256941524e+02
-1.092626484772290354e+02
-1.029813306057636879e+02
-9.509417023316891004e+01
-7.946992844597251349e+01
-5.716435504451608551e+01
-3.881167328238610992e+01
-2.440583854471469394e+01
-9.394353318659188545e+00
3.660857223784736547e+00
2.275383532931346053e+01
4.852459468637483297e+01
7.495607111094655295e+01
1.039203023268666755e+02
1.235046654082142368e+02
1.318908987477967969e+02
1.360561450412250224e+02
1.324233758655803399e+02
1.265011324446189889e+02
1.186914108667274661e+02
1.029810496719080390e+02
8.036227593702020044e+01
6.178043993620750740e+01
4.725844698242924835e+01
3.204255533619461005e+01
1.877490923061147399e+01
-6.958460904796228697e-01
-2.703532983723758321e+01
-5.408433447548788564e+01
-8.375534348835843446e+01
-1.048913963425333833e+02
-1.157363536143320175e+02
-1.229451014360277128e+02
-1.231568730915292207e+02
-1.214219215867604333e+02
-1.181308006938057815e+02
-1.076974843571199330e+02
-9.103292971964970093e+01
-7.862078250390186440e+01
-7.050945886253711592e+01
-6.212619220550961785e+01
-5.601294922430555800e+01
-4.442246632747760771e+01
-2.672556309291531917e+01
-8.808534365763565077e+00
1.113957786856139265e+01
2.576509471190347966e+01
3.372039092403032612e+01
3.979844868424896731e+01
4.174288761189580299e+01
4.247443276203506457e+01
4.229039964074743096e+01
3.767417919749271960e+01
2.914952779483271783e+01
2.435215469385270382e+01
2.339317006856902381e+01
2.286260315973019530e+01
2.464053745716832822e+01
2.326592118823235822e+01
1.829672522551352642e+01
1.397100189297506567e+01
9.026249670870861053e+00
5.783029600213702714e+00
4.929592333392198711e+00
4.454312718890194311e+00
5.136051768523171468e+00
6.600700762257035947e+00
8.720887375215003345e+00
1.240565007620832638e+01
1.760671501406882200e+01
2.097384966248009519e+01
2.238401761656840705e+01
2.345191385101560044e+01
2.333081999211690061e+01
2.423002437981386947e+01
2.634166335489940280e+01
2.787145282556496539e+01
2.932556256433741382e+01
2.971588883085084731e+01
2.873452910619013068e+01
2.720440904001674909e+01
2.478051475159887929e+01
2.161378609322798283e+01
1.773984758422075458e+01
1.275279193232503872e+01
6.657659828943760516e+00
8.927989578179482688e-01
-4.503178375653508425e+00
-1.024714441818415622e+01
-1.598683898059010033e+01
-2.269757911839012721e+01
-3.047832533977362246e+01
-3.856502323159383394e+01
-4.719307003980571125e+01
-5.305252503347914939e+01
-5.572700094734753407e+01
-5.694317118811187584e+01
-5.572289605219116737e+01
-5.380413906669755164e+01
-5.127351063738059622e+01
-4.636809224984340716e+01
-3.939873428838452440e+01
-3.308166239316027202e+01
-2.738282031038088959e+01
-2.115571868149113399e+01
-1.503976419963348476e+01
-6.916701206674245483e+00
3.390257564142341806e+00
1.432935810778520569e+01
2.640696035326037006e+01
3.469979074717154077e+01
3.856238307924186159e+01
4.068836767624551243e+01
3.962802847896151803e+01
3.788011097202294053e+01
3.560149985581647059e+01
3.022898096526019529e+01
2.222299471203677257e+01
1.575371408784053173e+01
1.080061719752776739e+01
5.608958949724642373e+00
1.178312169025910405e+00
-5.673466839764304659e+00
-1.519739465779554877e+01
-2.501668688429399978e+01
-3.587722066982751556e+01
-4.236084061627972375e+01
-4.367954544323114163e+01
-4.292939103053862482e+01
-3.849287807087174684e+01
-3.295557919869531105e+01
-2.649404253077301874e+01
-1.634304192375637044e+01
-2.970096503524765730e+00
8.795562531141207785e+00
1.895838941349538231e+01
2.959779193081090298e+01
3.955310473678286343e+01
5.245589913608353072e+01
6.860198079526702486e+01
8.526341548126627856e+01
1.032942406495475751e+02
1.147823548095830262e+02
1.186482185919043104e+02
1.192359467447204509e+02
1.141950670568498794e+02
1.074659509446293271e+02
9.928352293526542383e+01
8.553438497156548692e+01
6.692720404183263838e+01
5.023530525468493124e+01
3.541608311337730441e+01
1.957802105731851583e+01
4.333302832740022481e+00
-1.549678239353293918e+01
-4.033951650221303709e+01
-6.635018771352208944e+01
-9.475643413881860511e+01
-1.152214353165563239e+02
-1.263216776062949691e+02
-1.338283189042219306e+02
-1.346780759178377593e+02
-1.339769666449161036e+02
-1.320581564195323665e+02
-1.235868040563580763e+02
-1.094963304875660270e+02
-9.876693631681150976e+01
-9.137297431816753601e+01
-8.349454546011224920e+01
-7.728783243142487436e+01
-6.594980632728976389e+01
-4.893640254996525130e+01
-3.134459709920571058e+01
-1.157806459989190095e+01
3.391267603745037995e+00
1.235033089210221391e+01
1.976388275675274286e+01
2.351579830872109511e+01
2.649423562245516806e+01
2.898719568346001907e+01
2.763226181022605132e+01
2.296105829729505743e+01
2.201173144431404083e+01
2.488122951673441108e+01
2.846776254258278982e+01
3.450766333868651259e+01
3.794716327717103610e+01
3.839003556079538271e+01
3.976069517702632083e+01
4.089820629668721352e+01
4.207189529459898125e+01
4.373086024938926641e+01
4.490254830651085882e+01
4.576519489703981947e+01
4.706006804530307619e+01
4.871274961496971656e+01
5.052735319076406739e+01
5.265757182861087671e+01
5.337467406246918245e+01
5.252995971123642249e+01
5.106526291157921094e+01
4.851447313872822065e+01
4.580817852558477909e+01
4.303389368757414957e+01
3.932967950604869856e+01
3.489653571839156854e+01
3.093231997291563928e+01
2.743701513777430989e+01
2.397524300559063448e+01
2.084770678235016206e+01
1.714631553953669751e+01
1.282687220185212773e+01
8.595531592575254010e+00
4.258671296774085846e+00
-6.939430131772683641e-01
-6.229050146886450534e+00
-1.223803499831981156e+01
-1.884289520841035070e+01
-2.556567771357014607e+01
-3.239474324474605282e+01
-3.967111684860727649e+01
-4.729469602018899366e+01
-5.336288842080438144e+01
-5.771796804390957902e+01
-6.118078451528816686e+01
-6.320714293961059838e+01
-6.497839357140151151e+01
-6.652894842354481852e+01
-6.677196176347054291e+01
-6.592180311745336496e+01
-6.525719950452746332e+01
-6.472850104649680247e+01
-6.383627423552437108e+01
-6.286963968845250861e+01
-6.074805890870984371e+01
-5.738271289987748958e+01
-5.352888503083047311e+01
-4.892361546346537438e+01
-4.487848472873879757e+01
-4.158647021964723933e+01
-3.822417349470662629e+01
-3.517301326046928267e+01
-3.182748282086058111e+01
-2.812051199220215381e+01
-2.469043835281869192e+01
-2.141227270882354006e+01
-1.703090399761683926e+01
-1.152197506033466645e+01
-5.406713026782963283e+00
1.633226783768436663e+00
8.704551795895165256e+00
1.575167005020330890e+01
2.348643453542343451e+01
3.171427641083534255e+01
3.938524277746881808e+01
4.647757652461729094e+01
5.334974973872459714e+01
5.972254251085971077e+01
6.637737957096990726e+01
7.333508079602431451e+01
7.995832268772623763e+01
8.639990832709791846e+01
9.316559939897219067e+01
1.002166417639820679e+02
1.074052669535188329e+02
1.148431763621235291e+02
1.220500762400900925e+02
1.289969696865222488e+02
1.360077130057482293e+02
1.429694061169347492e+02
1.452629502873796810e+02
1.424380882644012161e+02
1.365651238082159011e+02
1.262984216675278191e+02
1.143484931613993609e+02
1.007873708515749485e+02
8.302048788867014650e+01
6.152090143542852019e+01
3.948373792789094239e+01
1.678260321309402769e+01
-7.887382331882967890e+00
-3.381387275428396322e+01
-6.368337551877029057e+01
-9.773828254291491646e+01
-1.341175700257106769e+02
-1.734893540007775243e+02
-2.012550154052528910e+02
-2.157816400079230732e+02
-2.244383900686765969e+02
-2.229848632165934532e+02
-2.194411476688048594e+02
-2.142079925220377845e+02
-1.994316725429523274e+02
-1.765888166308022278e+02
-1.569658384028577984e+02
-1.403802508173237413e+02
-1.222125309917714588e+02
-1.051195275716750217e+02
-8.018492737921141611e+01
-4.670099123031339872e+01
-1.118169915744263321e+01
2.848701200769384556e+01
5.727436827323509050e+01
7.304280069124935437e+01
8.444570990472365679e+01
8.703225338524975996e+01
8.803938660276674000e+01
8.800454573831942184e+01
7.928612176336952189e+01
6.323100078003677282e+01
5.323377981952521765e+01
4.932080985108767379e+01
4.579459840726648423e+01
4.590601794602608265e+01
3.965002529658112707e+01
2.625259034975293204e+01
1.330151047428720545e+01
-1.522875726448537304e+00
-1.084048154016147336e+01
-1.312008488317298927e+01
-1.353517483656703924e+01
-9.779812621964540043e+00
-4.386911745016473851e+00
2.316018795400229813e+00
1.370171086558457318e+01
2.932553040348812701e+01
4.092547385085718759e+01
4.832931135985038651e+01
5.530411221168822777e+01
5.979950766030543008e+01
6.759114920514380742e+01
7.915376759409468832e+01
8.994683402361602020e+01
1.013008526272367504e+02
1.075552182313516596e+02
1.076332570211851589e+02
1.051489103721860232e+02
9.833217488830074160e+01
8.938987950710085784e+01
7.850471943149395315e+01
6.293338878691586302e+01
4.303582688934107381e+01
2.468323987663374552e+01
7.923505793958374177e+00
-9.928233279922860532e+00
-2.745621444413798073e+01
-4.892728481179540267e+01
-7.472471340533866169e+01
-1.016080184969594882e+02
-1.305949734249612675e+02
-1.501684102121350293e+02
-1.588312316882439745e+02
-1.627436281807989644e+02
-1.584993737896414245e+02
-1.520133192755593257e+02
-1.436121231943447754e+02
-1.272327640374609814e+02
-1.039412916534228088e+02
-8.336950494759989283e+01
-6.542974398337412367e+01
-4.604531287526189232e+01
-2.749962161610354983e+01
-2.358623626618906677e+00
2.998907991955961094e+01
6.405416042307261648e+01
1.016022573107877065e+02
1.277624707514258091e+02
1.404981946387442235e+02
1.481167142734174718e+02
1.462179982155907112e+02
1.421636886951420138e+02
1.364405127831821574e+02
1.213767849753088370e+02
9.832471578726178052e+01
8.018692041599702236e+01
6.693136994153438479e+01
5.308289712165407082e+01
4.174409089045406773e+01
2.314815182725410381e+01
-3.479269287814848788e+00
-3.081048818598832639e+01
-6.113205968335410034e+01
-8.270412144466108373e+01
-9.360084907382737640e+01
-1.010323313247026249e+02
-1.014517384998764413e+02
-9.998418641604519053e+01
-9.706987625939335373e+01
-8.692189771810855348e+01
-7.047130390658463739e+01
-5.905180030397033164e+01
-5.275665082751518753e+01
-4.661975443559698817e+01
-4.340773579653743042e+01
-3.484081156387851053e+01
-2.025475819920175269e+01
-5.994067365140612225e+00
9.864205198001751995e+00
2.150225936860761422e+01
2.766740954053717161e+01
3.250466192075133876e+01
3.418141318687172259e+01
3.461639561139854493e+01
3.406793953735326852e+01
2.989769628583938399e+01
2.243578724046611939e+01
1.837680207266644317e+01
1.786930919642357907e+01
1.783847297111755381e+01
1.994712366087568611e+01
1.953742915714519768e+01
1.622193763523181431e+01
1.366962999092639031e+01
1.080605512947965607e+01
8.370093064788871828e+00
6.837193072405256089e+00
5.079712903509676636e+00
3.410752018087028326e+00
2.239061561155394564e+00
1.490587411017777475e+00
1.261774720881323031e+00
1.649468764584605340e+00
6.500182703496746317e-01
-1.863912435239920784e+00
-4.845693540938106558e+00
-8.818258650178432134e+00
-1.259328029253825676e+01
-1.605871980583690473e+01
-2.024306443948577083e+01
-2.487872793064099142e+01
-2.811182541855124128e+01
-2.988249954252212248e+01
-3.087563994054071514e+01
-3.059484451593944954e+01
-3.034806955554186558e+01
-3.017634980842256098e+01
-2.898735284294946268e+01
-2.703640186984550553e+01
-2.522554191110029009e+01
-2.348847222323415806e+01
-2.154898105604184266e+01
-1.960580492289228971e+01
-1.681583697018351842e+01
-1.312504867572639888e+01
-9.102926623546370166e+00
-4.549726590583285102e+00
-2.814669753128906660e-02
4.360424669097440642e+00
9.036867989141610380e+00
1.383789892411432021e+01
1.896860529338715651e+01
2.447046283972694880e+01
3.010159358993725220e+01
3.591081999264552138e+01
4.251111255185404758e+01
4.992741445344783102e+01
5.790267667447655242e+01
6.659899508066993690e+01
7.561034445128676396e+01
8.491636524272475128e+01
9.486021650599661825e+01
1.053590791491584469e+02
1.110408364843105460e+02
1.114006944660787326e+02
1.088995391797612911e+02
1.019908193624992947e+02
9.384461266411469182e+01
8.457280806833711040e+01
7.118161264851181613e+01
5.424549646633472122e+01
3.750771089608152664e+01
2.084587670997924036e+01
2.765939907292532585e+00
-1.587839261530602464e+01
-3.818676541948821068e+01
-6.441639569567382750e+01
-9.237779808411930560e+01
-1.228232145321343722e+02
-1.441956148623738159e+02
-1.551316110530495109e+02
-1.616312908238175794e+02
-1.603248022096566672e+02
-1.573989825522964168e+02
-1.531904358026958164e+02
-1.415529911171836090e+02
-1.236278413237895535e+02
-1.086131422897860546e+02
-9.639656959933167002e+01
-8.317997016895628803e+01
-7.114307546494779899e+01
-5.310672557567818330e+01
-2.850368852352927718e+01
-2.620449912530440351e+00
2.623753230603123399e+01
4.700896735506982793e+01
5.806374220787405704e+01
6.586769095825449938e+01
6.712929705700351235e+01
6.705628950380062747e+01
6.604765058162404046e+01
5.851971057543975974e+01
4.543587083448593233e+01
3.684032195703949242e+01
3.276720620773028259e+01
2.891085839582396488e+01
2.771163929813534565e+01
2.170585966078330031e+01
1.030990681476873050e+01
-8.034777857586958838e-01
-1.336630924620066274e+01
-2.095295006393620696e+01
-2.232413181849270600e+01
-2.177053150330185716e+01
-1.730276791504226352e+01
-1.133616322513367258e+01
-4.132259061656223587e+00
7.335188825755010633e+00
2.264195563271063349e+01
3.494936518182431939e+01
4.414909605184296026e+01
5.332990064026058974e+01
6.080855638726340118e+01
7.144709468731655022e+01
8.564811379478463493e+01
9.963341429121723536e+01
1.145312316838621882e+02
1.234427538572523986e+02
1.252591908231610205e+02
1.240361636631959215e+02
1.176739018685783549e+02
1.092760512068355183e+02
9.905205831090650292e+01
8.351947542627661392e+01
6.321401706874823390e+01
4.460208071331090451e+01
2.768678597337267888e+01
9.606711127779554715e+00
-8.090905127666164987e+00
-3.023389976885727037e+01
-5.723992696539735192e+01
-8.548955056274779452e+01
-1.161325903775231296e+02
-1.380443219773523822e+02
-1.497385492321140248e+02
-1.572958041243163905e+02
-1.574241255871058058e+02
-1.557346633187905240e+02
-1.525661230042757666e+02
-1.421185638833587177e+02
-1.254119825135862811e+02
-1.119332157152002907e+02
-1.016278269372961063e+02
-9.047355698378871125e+01
-8.073555303853210319e+01
-6.516315553994559195e+01
-4.317023666465119192e+01
-2.015343873429095822e+01
5.597361983636407246e+00
2.473779488538001559e+01
3.579330315284749275e+01
4.443305974378935019e+01
4.785498253099808608e+01
5.025607959122292101e+01
5.199394337687768086e+01
4.843255368638996572e+01
4.034801770311063507e+01
3.661674449890013960e+01
3.730998967960084656e+01
3.857968775764119584e+01
4.259801467788087592e+01
4.286613565753160771e+01
3.887696895036031464e+01
3.561769704847044693e+01
3.158791966996664158e+01
2.860223698623786959e+01
2.736845379793619415e+01
2.593321824533511943e+01
2.493955735829273479e+01
2.447257266686003163e+01
2.439194731132412386e+01
2.524905037313896372e+01
2.707407808030359320e+01
2.661189761819353095e+01
2.369300948728106349e+01
1.992448917007965647e+01
1.446264206295045263e+01
9.335761477681700171e+00
4.714801855310515322e+00
-1.116227988940752258e+00
-7.705852838555856010e+00
-1.256247476028875631e+01
-1.564601429410677369e+01
-1.781528844064212436e+01
-1.841559012365232917e+01
-1.929288023107720562e+01
-2.050302193505661563e+01
-2.054984469713917150e+01
-1.979931612486947046e+01
-1.936031538229445559e+01
-1.913824605949675473e+01
-1.883244272799248975e+01
-1.868614222315201800e+01
-1.762474161039257226e+01
-1.558759751546678096e+01
-1.329441391242206727e+01
-1.049419387383394664e+01
-7.913815871871740626e+00
-5.684203574560139138e+00
-3.269158026880243373e+00
-8.806722243290848740e-01
1.743830916538664955e+00
4.654979797719690282e+00
7.539163276359237997e+00
1.045693893367696781e+01
1.417823357043055132e+01
1.873112203062896697e+01
2.379021212738739166e+01
2.955695416335360548e+01
3.551574330060413587e+01
4.163834364416029388e+01
4.835499104845362695e+01
5.555838464913953345e+01
6.015733850320363985e+01
6.189195862568987394e+01
6.213986207863261058e+01
6.002188162405159488e+01
5.742424088755040401e+01
5.441446438718539724e+01
4.925341309604102946e+01
4.228967435243227158e+01
3.559925685980457644e+01
2.910952630532736052e+01
2.201602928681847970e+01
1.479338074686418558e+01
5.706217731880681932e+00
-5.382574458817489749e+00
-1.724727784752710136e+01
-3.030527404755898857e+01
-4.068211679062750363e+01
-4.787925487572969985e+01
-5.403701059915461258e+01
-5.802285553772774307e+01
-6.180919016256640930e+01
-6.553104919891474367e+01
-6.718263754139400135e+01
-6.713613677494276999e+01
-6.866658499766084844e+01
-7.176646801505455642e+01
-7.507298091018266462e+01
-7.937810220904067648e+01
-8.219870188401381483e+01
-8.334794584846422083e+01
-8.469667232034794324e+01
-8.567022030220968531e+01
-8.474750102783936256e+01
-8.196081465964313395e+01
-7.759368559601533377e+01
-7.124026128498961441e+01
-6.418852020487614141e+01
-5.642064595800552240e+01
-4.691775079848852670e+01
-3.590770976697885430e+01
-2.375700751043366665e+01
-1.034647403147485356e+01
4.381760601398864807e+00
2.038825210248683817e+01
3.822887910904240272e+01
5.796009063048300902e+01
7.930748958876452548e+01
1.024292670098852511e+02
1.184667512940790601e+02
1.265238914449317775e+02
1.308936254869611844e+02
1.290271182022352150e+02
1.259861235355898543e+02
1.220019319829842885e+02
1.122379500298525841e+02
9.763201957479219573e+01
8.468810389122288029e+01
7.326338391563135133e+01
