2.350717378141915219e+02
2.244380813444236651e+02
2.136809782886395226e+02
2.028427852990558051e+02
1.913855975270495833e+02
1.794571293539876251e+02
1.685307865873352000e+02
1.586934149140195984e+02
1.493571487430403693e+02
1.409314412597862258e+02
1.324373359800895855e+02
1.238465523163176130e+02
1.160171794422134894e+02
1.087654195056594659e+02
1.012223037333136233e+02
9.343315703506337400e+01
8.570977499925804466e+01
7.785769644895660235e+01
7.064173921583615368e+01
6.411933653619580298e+01
5.776354518390943582e+01
5.175864841660207816e+01
4.490286013576526614e+01
3.703229182684756893e+01
2.885551640810638929e+01
2.002309041595841421e+01
1.111898382160136123e+01
2.195389034433102182e+00
-7.350195225862703907e+00
-1.740215162495561785e+01
-2.688912648096394875e+01
-3.580164599594061769e+01
-4.458348261945214830e+01
-5.296882593273942774e+01
-6.174431183703517689e+01
-7.096345634598945651e+01
-8.001606056430512126e+01
-8.907844703195088698e+01
-9.684271713887964950e+01
-1.031059667826448276e+02
-1.086048684457280302e+02
-1.129404633815764214e+02
-1.167145291890251855e+02
-1.199589448670721481e+02
-1.220030863161324817e+02
-1.229466950040968385e+02
-1.239495189596391356e+02
-1.250010171034446671e+02
-1.255846402673182638e+02
-1.259713778442561676e+02
-1.252733159868119230e+02
-1.234081160411409144e+02
-1.210252610814302017e+02
-1.179078395688759002e+02
-1.147271918160155479e+02
-1.116072534064536796e+02
-1.080627328550062884e+02
-1.042928540051448749e+02
-1.000387799370976154e+02
-9.525695463942962249e+01
-9.025052422812552777e+01
-8.496235017302258541e+01
-7.862592525888550199e+01
-7.121286404900745026e+01
-6.305071084288302075e+01
-5.393917699228574492e+01
-4.439355565854225460e+01
-3.444330307210758946e+01
-2.365989762655612338e+01
-1.215147857144007659e+01
-2.671355967308810087e+00
4.554338723039013992e+00
1.074387427803634409e+01
1.511575255292280850e+01
1.936094835281975080e+01
2.353941121781114632e+01
2.609855397588517789e+01
2.735152528928116666e+01
2.913010556245810889e+01
3.136833312283458852e+01
3.336027910855728607e+01
3.552431164454223733e+01
3.632428205158255707e+01
3.563946790771964857e+01
3.455342495382033974e+01
3.269682681151833492e+01
3.209139757000559712e+01
3.303323653687756689e+01
3.428587928770900106e+01
3.644151045596105831e+01
3.855950362809066689e+01
4.054728236550072751e+01
4.340139597792920512e+01
4.693479475039625015e+01
4.925926759495781937e+01
5.034928570296919759e+01
5.099675817962327073e+01
5.072994540677125030e+01
5.091444695995784286e+01
5.164291999643628372e+01
5.184564861168539096e+01
5.182704292134256008e+01
5.159352063805660293e+01
5.102331254571354435e+01
5.032761191577455406e+01
4.947451276032608547e+01
4.820050790810201846e+01
4.651396517783597773e+01
4.450856905156764753e+01
4.212329157471214103e+01
3.974162895261241601e+01
3.739493423939250505e+01
3.484909760229680131e+01
3.220275713355998448e+01
2.925304082314302079e+01
2.597104262670036690e+01
2.253703535004560621e+01
1.890067266925070300e+01
1.468007559411360319e+01
9.856501868805606748e+00
4.570949853501931059e+00
-1.282279510152533941e+00
-7.449013407932477016e+00
-1.392465202168752647e+01
-2.093221329919085605e+01
-2.842553623104925720e+01
-3.622483479714892951e+01
-4.434767365928771454e+01
-5.285590787005380520e+01
-6.171332624919024568e+01
-7.109491360896770118e+01
-8.101620184752604814e+01
-9.136608381885221775e+01
-1.021894401736476254e+02
-1.105340488702715902e+02
-1.160911529777432065e+02
-1.202790982136804132e+02
-1.222410539083242611e+02
-1.236493218816067667e+02
-1.245713329205282207e+02
-1.233899899332751460e+02
-1.204073608098109816e+02
-1.177899374123526570e+02
-1.154821246034600222e+02
-1.126012558939355870e+02
-1.096468755710586294e+02
-1.048624683583012001e+02
-9.810178696054302350e+01
-9.062106153537455100e+01
-8.199605105930011462e+01
-7.418449557498503566e+01
-6.749189046595087405e+01
-6.066854156091920203e+01
-5.429014195926709618e+01
-4.748497784098709218e+01
-4.015487853900121706e+01
-3.324527916999258537e+01
-2.657926578133423945e+01
-1.823037125449373974e+01
-8.160302889679558191e+00
2.817815013463023988e+00
1.519109160718575779e+01
2.759307090688507458e+01
3.993440463923720074e+01
5.330213879797177867e+01
6.739600082058851171e+01
7.862787386021905434e+01
8.675823468150821327e+01
9.325775039381288423e+01
9.712006681571541833e+01
1.006695566410149780e+02
1.039733643169423942e+02
1.049594196007074203e+02
1.040589773191164227e+02
1.034580562985328527e+02
1.030490106512514785e+02
1.020234050694355545e+02
1.008701628293857482e+02
9.768538182213308119e+01
9.232003147797270515e+01
8.608781731797398606e+01
7.852696167498255875e+01
7.246622256584349486e+01
6.829534950327082754e+01
6.432228585958641531e+01
6.136804354336975820e+01
5.806758864203536774e+01
5.429157460374854338e+01
5.144934746012739168e+01
4.926675591846828439e+01
4.518077790869230626e+01
3.916094366406061766e+01
3.226634885312074630e+01
2.385648773663611877e+01
1.579752098976928210e+01
8.212157836560789903e+00
-3.591069207548727160e-01
-9.502083089865488219e+00
-1.697023034070570802e+01
-2.270017281325388225e+01
-2.745170122434008420e+01
-3.061714033909756338e+01
-3.383921667697351410e+01
-3.715082618052866081e+01
-3.918615641865016386e+01
-4.025660236336410946e+01
-4.145058833204102200e+01
-4.267582753934172501e+01
-4.359300575191572591e+01
-4.443444613434562029e+01
-4.415282965349071276e+01
-4.267335303495401888e+01
-4.068552982608801472e+01
-3.793433722418620846e+01
-3.649307897719400273e+01
-3.661984533836548650e+01
-3.713764137512342955e+01
-3.864283340083689211e+01
-4.007822693619473853e+01
-4.135657874216731500e+01
-4.353493713694503242e+01
-4.640298892828919719e+01
-4.820325322802827372e+01
-4.892761909652280394e+01
-4.928985935008913799e+01
-4.885575614940855615e+01
-4.893465826261031992e+01
-4.961369837369507252e+01
-4.988451649759132778e+01
-5.004062182686093507e+01
-4.981346721183771109e+01
-4.906373439347955667e+01
-4.812628927824987102e+01
-4.689425306302374707e+01
-4.527941030130762101e+01
-4.329932441475030913e+01
-4.089435362007731811e+01
-3.803869426085695693e+01
-3.528900274694954931e+01
-3.267192423032418702e+01
-2.989276503294509268e+01
-2.709147471750737068e+01
-2.392212113201864554e+01
-2.034740953657067664e+01
-1.665219419056559147e+01
-1.275384742438668084e+01
-8.446470333569257249e+00
-3.739997277715133350e+00
1.330515963302867810e+00
6.817399153677360601e+00
1.254255957070948035e+01
1.850721287465355047e+01
2.484748474886492531e+01
3.153049037850597713e+01
3.853862555453014238e+01
4.588959417947250330e+01
5.357347078938304463e+01
6.159287603086329455e+01
7.000219011487818932e+01
7.880653307025396259e+01
8.798539002135046871e+01
9.755495646532079945e+01
1.046839424176956186e+02
1.090846320888092862e+02
1.120969161341671310e+02
1.129005192391966688e+02
1.131174868509241804e+02
1.128098682958085419e+02
1.104186510310006213e+02
1.062363852558630697e+02
1.023050839897995132e+02
9.856696989408207799e+01
9.419385621587896651e+01
8.965426690379884178e+01
8.328022096912485495e+01
7.493208617180118836e+01
6.579658546391038954e+01
5.546952389980278753e+01
4.585406530820696247e+01
3.724231155827112616e+01
2.842440989835075982e+01
1.995811624546994167e+01
1.098657011228270619e+01
1.413468336268715042e+00
-7.840056197817234285e+00
-1.694900906324610546e+01
-2.777430325499270225e+01
-4.035313207023828852e+01
-5.390389861425830986e+01
-6.889783902495106815e+01
-8.401451100900334268e+01
-9.916904993448764571e+01
-1.154131185890139619e+02
-1.324575470463596218e+02
-1.459160627280144524e+02
-1.554635921707960051e+02
-1.629523901326245721e+02
-1.671430278207033382e+02
-1.708093337579575177e+02
-1.740349752692020218e+02
-1.743096583762933278e+02
-1.721444111534304398e+02
-1.703130115745894386e+02
-1.686915451083928588e+02
-1.662293692961184490e+02
-1.635498725288357775e+02
-1.582706249542266619e+02
-1.502012858295179285e+02
-1.409954875842762476e+02
-1.300747268904313216e+02
-1.208065093787233195e+02
-1.136629954192837744e+02
-1.066072408625518619e+02
-1.006176356188545924e+02
-9.408605526779641082e+01
-8.685485821136468587e+01
-8.059342035004341653e+01
-7.497721333644251729e+01
-6.691213137272123390e+01
-5.635600578446321407e+01
-4.458994632854779638e+01
-3.083821585895030992e+01
-1.734183105610377851e+01
-4.246747771070365829e+00
1.020694466467454298e+01
2.552370421418753565e+01
3.815464195067436748e+01
4.793919681354899609e+01
5.619096061207519455e+01
6.193447615559411901e+01
6.763433392046519543e+01
7.334926841536942277e+01
7.696959946885471027e+01
7.895869956220927577e+01
8.123462876742613048e+01
8.366953226363526142e+01
8.560998560084101427e+01
8.747559362840729591e+01
8.750960029410934737e+01
8.558117383442035475e+01
8.287419854232811645e+01
7.896203389683181229e+01
7.691458928663435302e+01
7.713086789373147667e+01
7.783133321990158038e+01
7.990258646227763961e+01
8.181368847306696068e+01
8.343149053185192088e+01
8.630711062622248164e+01
9.013526339369751383e+01
9.224234573045175978e+01
9.260837432542707859e+01
9.232782809146752356e+01
9.073734792521047154e+01
8.981076785118966654e+01
8.967926175277875700e+01
8.881386916810483001e+01
8.765563529854878766e+01
8.637925834515978352e+01
8.483106349740795338e+01
8.324209058492047575e+01
8.161780716722986995e+01
7.948898200147205273e+01
7.686822676037765234e+01
7.398481723541740962e+01
7.073806764567392236e+01
6.755367722924003715e+01
6.448298539874078017e+01
6.124677152249898882e+01
5.796045287366227683e+01
5.443971844126143367e+01
5.065539758675077309e+01
4.679561927324797921e+01
4.281667749018288305e+01
3.802115913672623293e+01
3.236382408231814622e+01
2.614177625298568941e+01
1.916199600381276014e+01
1.186570091456768772e+01
4.269547249098280872e+00
-4.019499287386914865e+00
-1.291740819286912867e+01
-2.202183960375155181e+01
-3.135302718010425238e+01
-4.105528933925909030e+01
-5.103820444360549402e+01
-6.165224980261031362e+01
-7.292337616967711256e+01
-8.460872033478706555e+01
-9.679231659523006215e+01
-1.065040925624150105e+02
-1.134192752300253773e+02
-1.189926421703400479e+02
-1.223587680491431229e+02
-1.251683366830167756e+02
-1.274911428369629220e+02
-1.277125169353000729e+02
-1.261296606953386430e+02
-1.249672347352553459e+02
-1.241736462083882770e+02
-1.228342749202294044e+02
-1.214637649410468754e+02
-1.182725235387160154e+02
-1.131107241788456150e+02
-1.072635348032048768e+02
-1.002990602166339045e+02
-9.412554777777502579e+01
-8.904699230439094038e+01
-8.383149987968050709e+01
-7.904149354441064190e+01
-7.384019739904820767e+01
-6.813039677268274374e+01
-6.282828585011945677e+01
-5.776368399083356309e+01
-5.103270410563092696e+01
-4.259505293062942144e+01
-3.325705087361594536e+01
-2.253639620747408401e+01
-1.177773060422389406e+01
-1.068896670943022098e+00
1.066280352733974723e+01
2.312238220086915064e+01
3.331806903403222009e+01
4.107077895836302162e+01
4.757673804498623582e+01
5.200347207475019218e+01
5.633145281753368749e+01
6.061733079948323422e+01
6.312078409596502837e+01
6.421268316945679544e+01
6.565715193335744004e+01
6.736132982451145779e+01
6.868974667690241631e+01
7.003634334294594055e+01
6.984758706072045698e+01
6.800557726125359181e+01
6.557901077572110182e+01
6.219263718688091558e+01
6.025788979931378719e+01
6.010356097742091919e+01
6.030272247827922882e+01
6.155573282198931651e+01
6.269141439431812302e+01
6.360318885341956019e+01
6.549806612565873820e+01
6.814292588916957527e+01
6.938077545418286718e+01
6.919058400119965313e+01
6.846429546159870938e+01
6.666545652814171774e+01
6.537405467223196354e+01
6.469619619388403464e+01
6.340306306785019785e+01
6.184756872621077406e+01
6.023906301804792918e+01
5.846028093223034006e+01
5.666304023878268481e+01
5.487109363792590244e+01
5.266755669739220025e+01
5.006029225807796479e+01
4.727063733869384521e+01
4.420991731646037692e+01
4.117259050503406570e+01
3.820089071165476469e+01
3.508863188785255005e+01
3.191726417356205658e+01
2.857690998133877969e+01
2.504677217653820165e+01
2.145001495658387114e+01
1.776035468499971870e+01
1.338258066579490091e+01
8.274056438105796829e+00
2.696423759111160834e+00
-3.516008963052369651e+00
-9.995028097638682496e+00
-1.672574141447018548e+01
-2.404039575380581439e+01
-3.186894745991597588e+01
-3.985268665241766683e+01
-4.800733100291231636e+01
-5.646454807135300058e+01
-6.514293031030622672e+01
-7.434935127363002039e+01
-8.410665526831847671e+01
-9.420001677569351273e+01
-1.047027578749107164e+02
-1.128425474978641887e+02
-1.183165851917239593e+02
-1.224783666184440278e+02
-1.245195932518530952e+02
-1.259828541429855449e+02
-1.269319763222891595e+02
-1.258578319068237761e+02
-1.230373643883813628e+02
-1.205423898019751761e+02
-1.183233836241376338e+02
-1.155277714376911149e+02
-1.126339226380725052e+02
-1.079721585895772051e+02
-1.014018206424100725e+02
-9.411976844509040063e+01
-8.572224134370732429e+01
-7.800074400860606261e+01
-7.123893127175273321e+01
-6.428086661029001903e+01
-5.765371128931541023e+01
-5.056847880754958169e+01
-4.293315086555977445e+01
-3.560824536617284508e+01
-2.843260862113392307e+01
-1.962075112533888088e+01
-9.134323550723980389e+00
2.272247010931806699e+00
1.505184141349864824e+01
2.794417767958201537e+01
4.086779564833977219e+01
5.482934225444817145e+01
6.955300049315596311e+01
8.125045981754195168e+01
8.965333055692080677e+01
9.634391912864009555e+01
1.002558225625178210e+02
1.038097841777769759e+02
1.070786334404469926e+02
1.078870728372468619e+02
1.066832666122589757e+02
1.058275725223096799e+02
1.052112156012319417e+02
1.039501222927372055e+02
1.025745073165165309e+02
9.904744835068464681e+01
9.320848645441252245e+01
8.646974816179866252e+01
7.833762437214970475e+01
7.174827118503689860e+01
6.711144280150048758e+01
6.266027536761637862e+01
5.924817630552876579e+01
5.546883185132950445e+01
5.118704186436735171e+01
4.786161698468202985e+01
4.521006036998404198e+01
4.055117996596382568e+01
3.385120005469966742e+01
2.622078519123006402e+01
1.698929380672027989e+01
8.104305246097034399e+00
-3.059530393089565647e-01
-9.766777815650232952e+00
-1.984613283243499993e+01
-2.792007480219404769e+01
-3.389441920824719290e+01
-3.869321465241986857e+01
-4.160135070906677157e+01
-4.449399524288360652e+01
-4.741139170596702712e+01
-4.877389855699533427e+01
-4.893540404130906296e+01
-4.923119364141803089e+01
-4.955893425012860121e+01
-4.948372740591662478e+01
-4.929358527086240827e+01
-4.773182781845980571e+01
-4.470656719563225323e+01
-4.105336820208203363e+01
-3.646628405739868128e+01
-3.329710489490359748e+01
-3.184375823198854860e+01
-3.075833732081889949e+01
-3.071817526338449866e+01
-3.053478684941462262e+01
-3.010744443356590594e+01
-3.063032274238251773e+01
-3.186639912588217527e+01
-3.179787505163650962e+01
-3.041248737229750887e+01
-2.853196244849298324e+01
-2.565651709232371047e+01
-2.328273671018357405e+01
-2.150974783498624276e+01
-1.918130330855507637e+01
-1.663207851235118895e+01
-1.469232623921668157e+01
-1.331834232329963896e+01
-1.235982455225419230e+01
-1.202485265307598716e+01
-1.155968288474784700e+01
-1.096120046027658823e+01
-1.078967648196857354e+01
-1.089897312720993483e+01
-1.111025304784316070e+01
-1.147890570511512287e+01
-1.199998402097253702e+01
-1.264764088575511281e+01
-1.369604302731274537e+01
-1.515982847579131843e+01
-1.689103759912250879e+01
-1.895856859153429497e+01
-2.035100765847759519e+01
-2.096267922569262865e+01
-2.132683444838865583e+01
-2.115732102148293237e+01
-2.101113873890490069e+01
-2.092725973285279295e+01
-2.037421143328750262e+01
-1.946272222001320884e+01
-1.897033324962445988e+01
-1.889281957057055195e+01
-1.892566530004226522e+01
-1.925849341230901857e+01
-1.929297083350891739e+01
-1.898997573772469138e+01
-1.880182199289624734e+01
-1.859350384596899630e+01
-1.821787046232036644e+01
-1.770795808038807451e+01
-1.703481561940180811e+01
-1.616678402557978345e+01
-1.529487119142624962e+01
-1.441407371650851132e+01
-1.340112694310602670e+01
-1.229265581798351903e+01
-1.103131928673711926e+01
-9.597268649369180338e+00
-8.040821098742593875e+00
-6.341422575052524380e+00
-4.492597980259672497e+00
-2.495170942006113446e+00
-3.320891656945879622e-01
2.000696102941232013e+00
4.211380554418227895e+00
6.276986772152295835e+00
8.340760940430536508e+00
1.032260925503241644e+01
1.239839965258900278e+01
1.457971166073203406e+01
1.670884487713995270e+01
1.882185919152123077e+01
2.112146537389946133e+01
2.360535545663940837e+01
2.619991763011857699e+01
2.895482546719985706e+01
3.171014091183901584e+01
3.445696016835297826e+01
3.731590669999072674e+01
4.025170303923572135e+01
4.282428136526037576e+01
4.500167864605261769e+01
4.696463410228319191e+01
4.858835651861972593e+01
5.015443956446278406e+01
5.166996515163063464e+01
5.288044035084316619e+01
5.383702178954489170e+01
5.481484128937129441e+01
5.580027547298828239e+01
5.668864485793859842e+01
5.754099723133629851e+01
5.811805608960843017e+01
5.839999599546823816e+01
5.855101510534316844e+01
5.851234228817397565e+01
5.864336754416274289e+01
5.899274857576119047e+01
5.934484796844428445e+01
5.980341096745158325e+01
6.019320168203920218e+01
6.049705335043791621e+01
6.089397161436568950e+01
6.134816838645232906e+01
6.153275768526538059e+01
6.144314507972812578e+01
6.121323921710950344e+01
6.076078842223179777e+01
6.032264192769346778e+01
5.991364969310878763e+01
5.934727235590236916e+01
5.867548695270367176e+01
5.795196279934519623e+01
5.716018326559805729e+01
5.631090854053815065e+01
5.541328403532498470e+01
5.438991003738699703e+01
5.324029660870120040e+01
5.200947195381623089e+01
5.068048331227725356e+01
4.927995530635912758e+01
4.781357820533614955e+01
4.625580965254383159e+01
4.461396052991792516e+01
4.288390397025263212e+01
4.106247593420262376e+01
3.915741782378069047e+01
3.716689966041627002e+01
3.498458670141444316e+01
3.260051779638107661e+01
3.006280320881922208e+01
2.734077771700708936e+01
2.449573364296555766e+01
2.152953855146200723e+01
1.838347518054404262e+01
1.506836113284360223e+01
1.165221671431323003e+01
8.131814883344407718e+00
4.479801340781427221e+00
7.111133010859724823e-01
-3.232386202962403754e+00
-7.355989875268697631e+00
-1.161993754496486453e+01
-1.603878923597271822e+01
-2.017080292343569425e+01
-2.396789488194566076e+01
-2.764854300716351077e+01
-3.108446893964627478e+01
-3.452151934681598533e+01
-3.797096084529022164e+01
-4.119331914531715455e+01
-4.423348758103151823e+01
-4.742585656129242011e+01
-5.076373888170253679e+01
-5.411050710222122717e+01
-5.754422436089087256e+01
-6.079791754486466004e+01
-6.384996492011053704e+01
-6.689372045932317690e+01
-6.986539688363937728e+01
-7.305035485063143597e+01
-7.649487367912745128e+01
-8.001595616586293147e+01
-8.369833738747185237e+01
-8.741829332313709244e+01
-9.116217113658902349e+01
-9.506736386689931351e+01
-9.910939102518577215e+01
-1.030047971332852796e+02
-1.067483867312084840e+02
-1.104614753154134945e+02
-1.140728848245078808e+02
-1.177841898242805598e+02
-1.216093620564494131e+02
-1.253890946188738837e+02
-1.291682732873379678e+02
-1.318771908528794938e+02
-1.333872602092057207e+02
-1.342298837884546288e+02
-1.340881821904966955e+02
-1.335353378987097130e+02
-1.325928911432135067e+02
-1.306822315732545121e+02
-1.279024232233420122e+02
-1.250784399166979171e+02
-1.221902513410125266e+02
-1.188879969503265670e+02
-1.153603974764864688e+02
-1.109443897899596152e+02
-1.055802178232768824e+02
-9.974010178038757601e+01
-9.326110298462222659e+01
-8.682262548465533314e+01
-8.053149221063176810e+01
-7.393951086891340196e+01
-6.724471060072578155e+01
-6.014696776663464561e+01
-5.260742314789711571e+01
-4.494916932787310770e+01
-3.710815402980538380e+01
-2.839116542156031642e+01
-1.877923506468296466e+01
-8.561444443346555744e+00
2.440824722081856635e+00
1.374583639072557339e+01
2.532559378317430188e+01
3.757186724713356796e+01
5.038199087839198853e+01
6.071090238659856908e+01
6.829531120184861948e+01
7.449120465032419247e+01
7.842841368138195435e+01
8.195234671444602270e+01
8.512523058404768506e+01
8.623359096895222820e+01
8.561459111273680378e+01
8.531970894878374168e+01
8.527423093621251837e+01
8.467475780113515782e+01
8.398741497078810880e+01
8.149310854289383599e+01
7.705175685031574062e+01
7.187155394943856379e+01
6.553579908564975653e+01
6.026538647456123243e+01
5.638399699713940549e+01
5.252194251261482094e+01
4.932716030757354986e+01
4.576400364663256681e+01
4.172578122115238131e+01
3.830346969880827857e+01
3.528757779253827209e+01
3.058585996471611068e+01
2.416484648962116211e+01
1.689684629024035090e+01
8.255554438551179430e+00
-2.554150756988755600e-01
-8.538113666754677311e+00
-1.777917288248040961e+01
-2.764696350407378134e+01
-3.557719280820675323e+01
-4.144539914193483554e+01
-4.622033676197631280e+01
-4.919559357357803719e+01
-5.213253284567831969e+01
-5.507580260971666064e+01
-5.650949020725321503e+01
-5.676500680976355540e+01
-5.725901767177654023e+01
-5.790284037763866110e+01
-5.820768320722652334e+01
-5.848560868757529363e+01
-5.745312217053677273e+01
-5.501479063582142714e+01
-5.204111685540061671e+01
-4.822130684498522157e+01
-4.573356466123212272e+01
-4.486483107754650490e+01
-4.434705017429282492e+01
-4.481055337981980813e+01
-4.517681435983134008e+01
-4.535152866124276727e+01
-4.643304592807543685e+01
-4.820685072256927128e+01
-4.876483722714974078e+01
-4.809226370458650024e+01
-4.697299348250749773e+01
-4.493376241985477293e+01
-4.338158177648322322e+01
-4.241073926157458374e+01
-4.093131096291978110e+01
-3.925811251268979873e+01
-3.808820986107500772e+01
-3.737125975204591555e+01
-3.700497660006309530e+01
-3.716029224539801845e+01
-3.717587027014583612e+01
-3.705009541570453280e+01
-3.726319481135202238e+01
-3.768588002409998694e+01
-3.821282995526343740e+01
-3.889420876379146819e+01
-3.969896023691291020e+01
-4.061698334100448449e+01
-4.185453850303884593e+01
-4.342068443925928989e+01
-4.521251152939444040e+01
-4.728203358132252987e+01
-4.874367406542268810e+01
-4.950747078772051424e+01
-5.003389041952414829e+01
-5.007280099627461567e+01
-5.011708096621009645e+01
-5.019993557698311548e+01
-4.985364793549625517e+01
-4.917587564858639126e+01
-4.883479654772605727e+01
-4.882510725980403521e+01
-4.888637983814489729e+01
-4.918085681627736960e+01
-4.919058708889985354e+01
-4.888143413599831888e+01
-4.864291223222444671e+01
-4.835770141789048893e+01
-4.784338763173820297e+01
-4.712206346009445923e+01
-4.619353850041522236e+01
-4.501378646331585998e+01
-4.377835218582122678e+01
-4.248321655227885429e+01
-4.099088709776590633e+01
-3.933779043686178056e+01
-3.751371003958942651e+01
-3.549958571534969565e+01
-3.332166876572036074e+01
-3.097059810670902991e+01
-2.840724143054510265e+01
-2.562872475586095788e+01
-2.264278978598925463e+01
-1.943717782315731313e+01
-1.630337415951680313e+01
-1.326643143678104586e+01
-1.017668230763809234e+01
-7.114275988111626425e+00
-3.907985798227281649e+00
-5.450343574994960250e-01
2.819497851660272225e+00
6.221318052009808142e+00
9.874995780623626374e+00
1.378003317850665788e+01
1.785746521703309497e+01
2.216075977241164097e+01
2.652494070784244329e+01
3.094133009369911491e+01
3.553681886329389528e+01
4.027566365847605567e+01
4.407608352809711505e+01
4.684156713220521340e+01
4.905318235834880625e+01
5.040006418888195583e+01
5.153359784103091101e+01
5.247414806695979905e+01
5.261233630189847332e+01
5.206562008968528943e+01
5.156820812800966536e+01
5.109252614001283632e+01
5.034756888922412799e+01
4.949917771586151360e+01
4.793099282906061376e+01
4.559119228204176721e+01
4.291093515644334389e+01
3.973964021207308406e+01
3.687706732526874731e+01
3.443831334190829807e+01
3.192873815921027614e+01
2.958066545301221950e+01
2.701828987422689110e+01
2.420186253201608295e+01
2.152397494303582803e+01
1.890755206344839223e+01
1.559722510274416329e+01
1.157967028956973010e+01
7.167765180664064317e+00
2.170511491614069310e+00
-2.871299363114042436e+00
-7.923712615568364370e+00
-1.341582029987641533e+01
-1.922939059620033575e+01
-2.368099757721278920e+01
-2.664883162407790351e+01
-2.883882864281281755e+01
-2.977614362736635556e+01
-3.053207082335182321e+01
-3.113863834739464309e+01
-3.063008647099555404e+01
-2.920418214753612673e+01
-2.791799826682127872e+01
-2.672348424028074731e+01
-2.522243410784327011e+01
-2.365231022617144774e+01
-2.110276418288152556e+01
-1.750152421827304394e+01
-1.347994049694895224e+01
-8.817136090066876264e+00
-4.820344539201677492e+00
-1.672065797889509708e+00
1.415394941530364825e+00
4.062204109723603906e+00
6.894402559970555622e+00
9.972536831133021806e+00
1.264742387995331718e+01
1.504505349288046112e+01
1.836132362947047980e+01
2.261172243216805100e+01
2.730109813128393270e+01
3.272884390133730648e+01
3.802708110104833139e+01
4.313893729819356793e+01
4.874478340707329238e+01
5.465234261527369597e+01
5.905339046914427570e+01
6.184053002359332396e+01
6.372460442045829154e+01
6.420105233969519531e+01
6.447161626862057915e+01
6.456684398081033294e+01
6.342950551296067374e+01
6.128236285415476203e+01
5.917878780656580062e+01
5.705885728363929843e+01
5.454147375113271323e+01
5.185920003189222882e+01
4.807502452387147684e+01
4.311539342534840102e+01
3.761871672306165948e+01
3.135640229396895506e+01
2.581417400845784726e+01
2.119042683337017863e+01
1.660599458232076131e+01
1.249011465145937017e+01
8.113117520857626275e+00
3.407018544904024449e+00
-8.841085005264208707e-01
-4.907548013944643017e+00
-9.990066508173642390e+00
-1.614647060172712045e+01
-2.283278617548269551e+01
-3.038071134665967676e+01
-3.782114719746562059e+01
-4.509148960236299786e+01
-5.294926994731065406e+01
-6.117995459971830030e+01
-6.759293071700147948e+01
-7.205014577113489338e+01
-7.542555844258707509e+01
-7.710553945732047509e+01
-7.852980701505730110e+01
-7.973558118513625459e+01
-7.944722276306831077e+01
-7.793060906062187598e+01
-7.648728485100910746e+01
-7.504645366223162739e+01
-7.313076058141020042e+01
-7.102831332361232342e+01
-6.758985213671289216e+01
-6.272413225079126420e+01
-5.721655100826986740e+01
-5.078652566290053016e+01
-4.521694476034110011e+01
-4.074758967600475756e+01
-3.631845414518202375e+01
-3.244479854208386627e+01
-2.825447359980136852e+01
-2.366502632141986595e+01
-1.956754693059285799e+01
-1.578558982310263303e+01
-1.071737124971227040e+01
-4.343752243639980470e+00
2.678059527697398412e+00
1.074912626867744692e+01
1.870220462802472028e+01
2.646226642383434324e+01
3.494345195673742666e+01
4.388782632320746302e+01
5.091583018632078250e+01
5.588860346356066344e+01
5.973860195881722746e+01
6.180271657883031367e+01
6.366810941351449316e+01
6.537534224650950421e+01
6.553150879980216814e+01
6.443143844995685754e+01
6.345750544472913646e+01
6.253097822289010566e+01
6.115389126533010256e+01
5.963172865971367287e+01
5.673394887921215712e+01
5.236469987585445551e+01
4.736280513452521745e+01
4.142853409855824509e+01
3.653167604733407359e+01
3.293511637521933011e+01
2.947630022619528845e+01
2.672469833825871177e+01
2.371229188649720143e+01
2.034995159916214291e+01
1.762530374644450504e+01
1.534361132248957205e+01
1.175051901935469445e+01
6.827545243802654262e+00
1.294661466272599259e+00
-5.286032874374638979e+00
-1.163097461564654900e+01
-1.765652247111314921e+01
-2.436425057500656521e+01
-3.146935085515436370e+01
-3.697154952139368334e+01
-4.077984983403275265e+01
-4.362945630909234040e+01
-4.496949725480358495e+01
-4.618973504092887339e+01
-4.732125178694952439e+01
-4.717262151125780179e+01
-4.600375152549432300e+01
-4.489158915224400204e+01
-4.376217417223824668e+01
-4.224699901917342970e+01
-4.058024375289168262e+01
-3.777116045923207821e+01
-3.374447528234623661e+01
-2.916470317676763457e+01
-2.378994674476605198e+01
-1.936373228686221282e+01
-1.611065178716262736e+01
-1.301921575942181875e+01
-1.059174462373808190e+01
-7.954888043917893725e+00
-5.031610978385869792e+00
-2.702785259358065240e+00
-7.930711051348074969e-01
2.216308028015108622e+00
6.337935802983486688e+00
1.095256373304489195e+01
1.643806857908074903e+01
2.167514215078810125e+01
2.659082182333166244e+01
3.205451295568054348e+01
3.781724463150893456e+01
4.202403053823042001e+01
4.458265446389609110e+01
4.618471126269741944e+01
4.631658078707768311e+01
4.625143645179166185e+01
4.601730661253356658e+01
4.451338026145921845e+01
4.197613310485687066e+01
3.942501464927483568e+01
3.679208088378648966e+01
3.372113547083589680e+01
3.043383739447582315e+01
2.599858590779639655e+01
2.034278702273904216e+01
1.409188719051856076e+01
7.017524786662335146e+00
7.204666718858674379e-01
-4.592514352445782322e+00
-9.855733696065438920e+00
-1.460854515144523091e+01
-1.965138377199489383e+01
-2.505670168430307498e+01
-3.001771640965989363e+01
-3.469622718321781463e+01
-4.049646225483243001e+01
-4.743208073389575219e+01
-5.493148203572485500e+01
-6.334528012090191851e+01
-7.164257480627207997e+01
-7.975738048594293161e+01
-8.849358797178852853e+01
-9.762302723120021142e+01
-1.046254350148409600e+02
-1.093339092853644132e+02
-1.127668175427732962e+02
-1.142157690728341350e+02
-1.153205289202371944e+02
-1.161240762925193479e+02
-1.151641131685452848e+02
-1.127423896209671454e+02
-1.103813466627712927e+02
-1.080012475943103993e+02
-1.050372589900669169e+02
-1.018270489189613954e+02
-9.703448832313117123e+01
-9.055239403130012477e+01
-8.329605923942501988e+01
-7.493900032271655220e+01
-6.751277360836151331e+01
-6.129231063306269078e+01
-5.506430352260121452e+01
-4.941597879928348647e+01
-4.335707731212897187e+01
-3.679261322165798731e+01
-3.073597711736148952e+01
-2.498631687940359214e+01
-1.770814620516412674e+01
-8.878108471278247649e+00
7.503531726176804195e-01
1.163753202983948398e+01
2.244892921296739985e+01
3.309925943024786932e+01
4.463564651424469787e+01
5.676376386557832632e+01
6.629110887686910303e+01
7.301124998511517106e+01
7.821187688203919208e+01
8.099801097360848701e+01
8.345573041489848265e+01
8.564132678651856168e+01
8.570158568390569087e+01
8.402232490817181088e+01
8.252278048157008072e+01
8.110287328923547534e+01
7.905575812032724059e+01
7.680814515508356521e+01
7.267539312946246355e+01
6.652442615105616142e+01
5.951121281795515472e+01
5.122553132727686886e+01
4.424228042938634786e+01
3.891093510707529646e+01
3.369770840335550588e+01
2.934803754829290057e+01
2.460855224684702591e+01
1.936087619145589755e+01
1.489069380128733577e+01
1.094525329455906260e+01
5.204368423744484495e+00
-2.359441844125199417e+00
-1.079149773745673535e+01
-2.067219110415697614e+01
-3.031091816434268793e+01
-3.959793085234744581e+01
-4.985624244888229128e+01
-6.071152541941957992e+01
-6.905694974052720170e+01
-7.472560174006046907e+01
-7.890807989942695144e+01
-8.074232151820648085e+01
-8.233131004579983880e+01
-8.372641105251184968e+01
-8.309778976461375066e+01
-8.083712106680140153e+01
-7.870121052601493261e+01
-7.658293720121206150e+01
-7.386041607388916930e+01
-7.091975565834292183e+01
-6.617918354162389960e+01
-5.951658321842220545e+01
-5.200416350245058084e+01
-4.325634282332972447e+01
-3.589010352656673319e+01
-3.025029525192721636e+01
-2.480184218529788964e+01
-2.030035871684279769e+01
-1.545083250813151743e+01
-1.013583075010737211e+01
-5.671059523075054898e+00
-1.796173080687130330e+00
3.801038507829406665e+00
1.114309480441627542e+01
1.928331093126489648e+01
2.879818206034795836e+01
3.799162809609043734e+01
4.675313110661623739e+01
5.640401665757101313e+01
6.656762777194889225e+01
7.458875607863711821e+01
8.034513621998266331e+01
8.481324134135265069e+01
8.726111195857404823e+01
8.953097901612355258e+01
9.166351185220759135e+01
9.207736674545685673e+01
9.111647801103055144e+01
9.021312550661524199e+01
8.926882457408399318e+01
8.779183317631091654e+01
8.609327925602644882e+01
8.285564241569922217e+01
7.797817512720074262e+01
7.234397240149752406e+01
6.563091012837006133e+01
6.015365788967144312e+01
5.621003173353032878e+01
5.245604854918702387e+01
4.955821651669891281e+01
4.635647908462251365e+01
4.274795737815443175e+01
3.990172668245025278e+01
3.758443689224551321e+01
3.377802752206700632e+01
2.846515777519726242e+01
2.246793765486227556e+01
1.528382290909948082e+01
8.398966421433462060e+00
1.909720293523634815e+00
-5.339329401850119616e+00
-1.301805965528409459e+01
-1.909057997513359695e+01
-2.347898652209031667e+01
-2.690269014342813847e+01
-2.880457743251619007e+01
-3.063179799375714296e+01
-3.241394947627677681e+01
-3.292589569456149690e+01
-3.243905098761679540e+01
-3.200167356191722234e+01
-3.153388108726690930e+01
-3.068868454839742910e+01
-2.969157663914470291e+01
-2.755813616350282658e+01
-2.421455439505271201e+01
-2.031439901731917530e+01
-1.561685793966051428e+01
-1.195605398959432719e+01
-9.563517481925044805e+00
-7.385388132157943986e+00
-5.949065810160768741e+00
-4.326048294009746442e+00
-2.436351492961860377e+00
-1.210566888467050406e+00
-4.624610443690253536e-01
1.386228072704965841e+00
4.346597654739674965e+00
7.777586184675981507e+00
1.207117818672855414e+01
1.605948712086021501e+01
1.966640417466837221e+01
2.379678472985822779e+01
2.819052371314487715e+01
3.159167832002418663e+01
3.397314995287069905e+01
3.573823452910455956e+01
3.654843615714725757e+01
3.734226096445426180e+01
3.813522833108677901e+01
3.815430714507109400e+01
3.757668046738758960e+01
3.697959784751376588e+01
3.630722644458558079e+01
3.538613666921437328e+01
3.433683869065448135e+01
3.258721646499018476e+01
3.009585601286043044e+01
2.723278050148891083e+01
2.385738743675304008e+01
2.117755702469224133e+01
1.933940150067740049e+01
1.766226307998060818e+01
1.649204032547726584e+01
1.520424624335040420e+01
1.374751522984617580e+01
1.273984225598384690e+01
1.205613870057063330e+01
1.068297149079003994e+01
8.615814557055763601e+00
6.262899446275269177e+00
3.373404002026572091e+00
7.035067849164339249e-01
-1.697612905463348421e+00
-4.412894959824803287e+00
-7.273545392820128797e+00
-9.489919190591175280e+00
-1.104585787733783064e+01
-1.219065071255322330e+01
-1.271129581758895455e+01
-1.320057350199266644e+01
-1.366725856719883048e+01
-1.362341452181834001e+01
-1.318043823094754430e+01
-1.269616628879689380e+01
-1.213438722889852173e+01
-1.138798772267986337e+01
-1.053087152334557075e+01
-9.204777710183257966e+00
-7.383243463303148069e+00
-5.296175445905585200e+00
-2.854968715859798500e+00
-8.294603346909530384e-01
6.883178891434860169e-01
2.131876236786328871e+00
3.281303079348088403e+00
4.536758732131881189e+00
5.931477665034004865e+00
7.071363453726195125e+00
8.037029108127352828e+00
9.473345323462211809e+00
1.138355781176421111e+01
1.350904117310057018e+01
1.600977211270027567e+01
1.840505532147372492e+01
2.066419609477106079e+01
2.315856251191966564e+01
2.578128457324301337e+01
2.780521482016708035e+01
2.919739962153788326e+01
3.022226754505812352e+01
3.067918998073234960e+01
3.107474424290970560e+01
3.141936657536962230e+01
3.127850635382813493e+01
3.074637204104695343e+01
3.021278318243790650e+01
2.965008098302041972e+01
2.892441204759717976e+01
2.811999368490054252e+01
2.687630420394546249e+01
2.516541678053842190e+01
2.322789743620075598e+01
2.097524318867651516e+01
1.905249399303191638e+01
1.754181937252726797e+01
1.606937868061463703e+01
1.482057036330789224e+01
1.347040875182415576e+01
1.199001092313561934e+01
1.070552165123987010e+01
9.551331970341603750e+00
7.966419050957971315e+00
5.945848802651984677e+00
3.717435252038285398e+00
1.141296550627225015e+00
-1.369458814696276949e+00
-3.788359701915060995e+00
-6.436914584905066405e+00
-9.223579828741227615e+00
-1.159739505605594090e+01
-1.353847989093375226e+01
-1.524017578055553379e+01
-1.655216009276641032e+01
-1.786859757622306333e+01
-1.919768953722561022e+01
-2.020724498757659759e+01
-2.097148964958476469e+01
-2.177163413062826081e+01
-2.258607671076747181e+01
-2.332289880415585515e+01
-2.404267909527461455e+01
-2.448064706444465344e+01
-2.461730102412418475e+01
-2.462852104546944076e+01
-2.444974442679529503e+01
-2.458152938309878976e+01
-2.508705556722469510e+01
-2.567980080654999853e+01
-2.650386092825411666e+01
-2.730572535708556359e+01
-2.806395181647974013e+01
-2.903289808219215473e+01
-3.016197535950362507e+01
-3.102218180661935776e+01
-3.161092806424458956e+01
-3.210275772536310512e+01
-3.239139691362272799e+01
-3.279512388395411193e+01
-3.333496945564639447e+01
-3.376502551212102077e+01
-3.415643831294869415e+01
-3.445030130320130723e+01
-3.461306049777918048e+01
-3.472276922379641917e+01
-3.475506025917976416e+01
-3.468430187114270069e+01
-3.451432716570036519e+01
-3.423402338643739995e+01
-3.383611619719545871e+01
-3.345125265387259361e+01
-3.308578823693758153e+01
-3.266952057513474017e+01
-3.223519101285845068e+01
-3.170209038057631545e+01
-3.106116869099906097e+01
-3.037881019166903229e+01
-2.963553458635596272e+01
-2.877721358887715652e+01
-2.780538554970429743e+01
-2.673076929814714475e+01
-2.553925368742364910e+01
-2.427551698754635368e+01
-2.293918986643726399e+01
-2.149509338954644022e+01
-1.995128955432146967e+01
-1.831556167140707103e+01
-1.658341594851241396e+01
-1.475539802444059490e+01
-1.283155700848547021e+01
-1.079573993678467936e+01
-8.646258634685265676e+00
-6.389955905564281835e+00
-4.022040817265189361e+00
-2.273373300949681042e+00
-1.218292789897228001e+00
-5.103772312569930802e-01
-3.613250203823562545e-01
-3.525694401438463355e-01
-4.679320456323613486e-01
-1.109669590485919066e+00
-2.202191494221786172e+00
-3.217353497077784841e+00
-4.169864642039024183e+00
-5.273851322534625297e+00
-6.407996952922701439e+00
-8.003236497647762349e+00
-1.009552536846610060e+01
-1.237793869462324814e+01
-1.495478894270169690e+01
-1.733454287374026848e+01
-1.944158834409978098e+01
-2.158822501928422000e+01
-2.363028185195636866e+01
-2.578876575916403979e+01
-2.808839522715012649e+01
-3.029121504430324663e+01
-3.244224248710192882e+01
-3.502198256545565158e+01
-3.803990380274134253e+01
-4.129395280528280665e+01
-4.490569771313047198e+01
-4.853396088816057841e+01
-5.215667073266443765e+01
-5.604529914709022620e+01
-6.012501246904645313e+01
-6.310482446222406594e+01
-6.488436837781505062e+01
-6.601572337700001469e+01
-6.613260537544590534e+01
-6.604165201270063790e+01
-6.576735911424353276e+01
-6.457384725128069647e+01
-6.260894470789720856e+01
-6.070211906586194317e+01
-5.881759937538380001e+01
-5.663749400681353308e+01
-5.434834161293806432e+01
-5.124140338831063701e+01
-4.725922802559682623e+01
-4.289444392949052087e+01
-3.797460439358395945e+01
-3.347739679150424053e+01
-2.954075938076184471e+01
-2.556953736278876477e+01
-2.184768023756350175e+01
-1.791018078570290584e+01
-1.371038501494462913e+01
-9.731593762528650160e+00
-5.879463289244680979e+00
-1.248952270465733871e+00
4.173370302126959253e+00
1.001291289585347144e+01
1.649719539120361844e+01
2.297296416041952583e+01
2.939819763607268399e+01
3.628754776240185720e+01
4.349709663441090868e+01
4.902589223136564556e+01
5.272844050599508137e+01
5.544030929428612353e+01
5.659616639651365233e+01
5.746866950243617822e+01
5.809426832773949201e+01
5.732369262140069566e+01
5.539070954540567016e+01
5.354779056279411975e+01
5.173621534309133807e+01
4.948255446225209653e+01
4.706695342609405230e+01
4.340736240190600626e+01
3.841657105365981550e+01
3.284229240425538876e+01
2.642086771910140186e+01
2.070903854547324485e+01
1.592256719444903190e+01
1.112190746428022159e+01
6.758311026849867176e+00
2.083389543764429419e+00
-2.976364829711882543e+00
-7.648262014908498330e+00
-1.208403333130008583e+01
-1.770920368063995909e+01
-2.454350171213026499e+01
-3.199887786841652115e+01
-4.043323025145047467e+01
-4.881415779946826916e+01
-5.707533619476060949e+01
-6.602848737554693059e+01
-7.544596792156271192e+01
-8.261495054921073233e+01
-8.735119555729804119e+01
-9.076471178917608995e+01
-9.209261774396181011e+01
-9.308831663299558556e+01
-9.380033615535921854e+01
-9.266076355477568427e+01
-8.999303798933296150e+01
-8.745499535443150307e+01
-8.496381077938963244e+01
-8.190230385926876977e+01
-7.864000106690609471e+01
-7.373124152846364154e+01
-6.706089998989678236e+01
-5.962386125333991060e+01
-5.106802057159579533e+01
-4.354829458949047449e+01
-3.735967878160533218e+01
-3.121168564565677528e+01
-2.572849365461858184e+01
-1.986647025222185547e+01
-1.352546659723883415e+01
-7.778863379490917218e+00
-2.415754705998636620e+00
4.518326073218212002e+00
1.304811255512844959e+01
2.236855470130169721e+01
3.296928364959521929e+01
4.342969909606635781e+01
5.365796099494492921e+01
6.476789785862899862e+01
7.644548853127822952e+01
8.558998387057597768e+01
9.201158902740203871e+01
9.694079414090282398e+01
9.951107394661998740e+01
1.017713671316838742e+02
1.037750776770545400e+02
1.037138687462089877e+02
1.019674130527270250e+02
1.003634555668957802e+02
9.880146101186265639e+01
9.661610231824681705e+01
9.421213557060497124e+01
8.997205350890385489e+01
8.376880392904955386e+01
7.670769020632377533e+01
6.839454800295294490e+01
6.136304246958566466e+01
5.595361602176932081e+01
5.066407415084538002e+01
4.622711728572262757e+01
4.140251490735651174e+01
3.607443260808728525e+01
3.151063936307232893e+01
2.746109196331313029e+01
2.165672405155383728e+01
1.407194865703012532e+01
5.638599797620342358e+00
-4.210509916271794495e+00
-1.381890785136502053e+01
-2.307915465932000032e+01
-3.328610944016825357e+01
-4.407283786148584426e+01
-5.236106019248096288e+01
-5.798322039690093987e+01
-6.212148027360541391e+01
-6.392089752748130138e+01
-6.546089625366145981e+01
-6.679208000045282745e+01
-6.610243935156800887e+01
-6.377876296958078228e+01
-6.156744460828173260e+01
-5.936247400612333536e+01
-5.654362200426308505e+01
-5.349465328258599328e+01
-4.864467678216050928e+01
-4.187187521541519430e+01
-3.424113917050853928e+01
-2.536925142008317735e+01
-1.784585468305287392e+01
-1.201229223235447918e+01
-6.347990929252706138e+00
-1.600491707087710935e+00
3.511431624375364269e+00
9.104487282379079005e+00
1.387723670120382202e+01
1.808758206447083694e+01
2.402624834227078665e+01
3.171612203892320636e+01
4.021964217503246175e+01
5.010830834429451386e+01
5.970291911527054651e+01
6.889442304006712448e+01
7.899191050797374203e+01
8.962281018341126071e+01
9.764758201971247331e+01
1.028930704670339935e+02
1.065653403938346173e+02
1.077912590517332063e+02
1.086877326925040137e+02
1.093053012037983649e+02
1.077960060441681520e+02
1.045525850787074233e+02
1.013596629680245940e+02
9.810846251909100602e+01
9.416260906438884604e+01
8.991363376471956315e+01
8.375589738696277209e+01
7.556377554690688214e+01
6.642447113974287731e+01
5.594549447914236140e+01
4.676860005914947749e+01
3.924129543456434988e+01
3.181049976491173226e+01
2.523812669887169946e+01
1.821591682561447456e+01
1.062373408542792319e+01
3.788626996772565647e+00
-2.553553601886863422e+00
-1.074243555245058701e+01
-2.080246992170883402e+01
-3.177740570519450358e+01
-4.425172715699850556e+01
-5.651230331793400552e+01
-6.844882092100307602e+01
-8.139870160248399600e+01
-9.498264262180354933e+01
-1.055904781403362875e+02
-1.130046667952762505e+02
-1.186473119100599405e+02
-1.215097722181256046e+02
-1.239865037565538017e+02
-1.261379379475682612e+02
-1.258539289923366056e+02
-1.235775535567234726e+02
-1.214227802973737198e+02
-1.192702915223908775e+02
-1.163522065041324254e+02
-1.131352828168483597e+02
-1.077416269760201857e+02
-1.000230918913159144e+02
-9.125946760743062214e+01
-8.099227128246276664e+01
-7.219723459842867896e+01
-6.527163379718773228e+01
-5.845387637223078769e+01
-5.260352182163673262e+01
-4.625877577556927633e+01
-3.928314199065803791e+01
-3.316678549945294918e+01
-2.761440522746858761e+01
-1.996673562656936340e+01
-1.019369789919756464e+01
6.147304320695199387e-01
1.312364525600550635e+01
2.539138337647486665e+01
3.729280094040474580e+01
5.034632035356094804e+01
6.412236222591293711e+01
7.472663418250887446e+01
8.193380598533377679e+01
8.726410148151030910e+01
8.963245972415177221e+01
9.164100171192214361e+01
9.335513708586378812e+01
9.249284907999766858e+01
8.953714627038277740e+01
8.674155998658174838e+01
8.397589114195510263e+01
8.042935424072189221e+01
7.659910164763066120e+01
7.047486724489317567e+01
6.189966834745217028e+01
5.224176317297491323e+01
4.101097228275175155e+01
3.144128362807105148e+01
2.396290825126650148e+01
1.666817589881127049e+01
1.049143751312711892e+01
3.840686961357174134e+00
-3.430813059788669239e+00
-9.701119207068268580e+00
-1.529092387484440962e+01
-2.307798936206895135e+01
-3.309284241612206756e+01
-4.415574108834385925e+01
-5.698530494719545203e+01
-6.947616884236357748e+01
-8.149168570491325170e+01
-9.467529741740698057e+01
-1.085602375211424970e+02
-1.191293873100480454e+02
-1.261581330867106772e+02
-1.311971130446947313e+02
-1.331286131847102752e+02
-1.346541685142919107e+02
-1.358393697394730282e+02
-1.343229089986950555e+02
-1.306061435771139259e+02
-1.269841450004739301e+02
-1.233192033584359564e+02
-1.187909384420416927e+02
-1.139037371952188806e+02
-1.065979364560582496e+02
-9.671255607277420552e+01
-8.564444032899631054e+01
-7.289053759554076350e+01
-6.181621417396821982e+01
-5.286570387868817988e+01
-4.405852052674187291e+01
-3.636580809516588886e+01
-2.812404042946846161e+01
-1.918030588200943498e+01
-1.122432227840881147e+01
-3.920466198637619915e+00
5.715929424363033640e+00
1.771616818213928468e+01
3.085920215636828345e+01
4.589054107637826263e+01
6.062525759251118274e+01
7.492229121120750790e+01
9.048727550174014311e+01
1.068362293874147895e+02
1.195724574407927179e+02
1.284397138968689944e+02
1.351543317967540361e+02
1.384902590343868098e+02
1.413821592436297010e+02
1.439028919494820684e+02
1.434760173845086513e+02
1.406453585385926033e+02
1.379574765177150084e+02
1.352647064153605925e+02
1.316486914145300489e+02
1.276706113834762135e+02
1.210581592464465217e+02
1.116328945381388280e+02
1.009401870346831345e+02
8.842523066105194118e+01
7.773963815681877065e+01
6.936848303397411541e+01
6.115607056476662251e+01
5.415678128713179973e+01
4.657179386121360665e+01
3.823443444236934141e+01
3.097559085094513875e+01
2.443216820580339288e+01
1.535240115048516429e+01
3.700823747814270259e+00
-9.190746224190460723e+00
-2.413503835753509108e+01
-3.875479009207852954e+01
-5.289657573248701539e+01
-6.841779195257117863e+01
-8.479212340522516911e+01
-9.774489514743859786e+01
-1.070503130151402758e+02
-1.143384079058407394e+02
-1.184239201517533076e+02
-1.222094886292454561e+02
-1.257651144864198187e+02
-1.265694085822533594e+02
-1.251631160945026693e+02
-1.239517845805087575e+02
-1.227868021981926319e+02
-1.208194080589117618e+02
-1.185776764942293369e+02
-1.138907455546192864e+02
-1.065912299776019267e+02
-9.814893354759657029e+01
-8.803453360084552060e+01
-7.987097657684364549e+01
-7.413421384090385402e+01
-6.870246008633698409e+01
-6.462150813010769923e+01
-6.009543589243138229e+01
-5.496207004999747880e+01
-5.104420850398351206e+01
-4.798090935063281393e+01
-4.257725117525804137e+01
-3.480278288345967042e+01
-2.596491313127654976e+01
-1.526731713594608486e+01
-5.055145372567633189e+00
4.518747426843850334e+00
1.528053497393638693e+01
2.670927411246364613e+01
3.560799426324886952e+01
4.185615578359193734e+01
4.658191689769027732e+01
4.891118649338822877e+01
5.111936200756917259e+01
5.325329965529777354e+01
5.338876282064892820e+01
5.195298704114916433e+01
5.058649114857613682e+01
4.916375667483163170e+01
4.714369837586951206e+01
4.487923887607095708e+01
4.082829608556251344e+01
3.487574894788992452e+01
2.804532516237151185e+01
1.996005858684747736e+01
1.349649655157663908e+01
9.017831192986513145e+00
4.871988729755781122e+00
1.886267509157828925e+00
-1.395358073464886495e+00
-5.098012156604127654e+00
-7.762000514052724398e+00
-9.679139258481686880e+00
-1.332317078707576030e+01
-1.871112125249467795e+01
-2.483790675730207553e+01
-3.231767383125033177e+01
-3.931921761912682456e+01
-4.572293803581630556e+01
-5.294702003195995843e+01
-6.058339431660434116e+01
-6.659465265310873860e+01
-7.093097937334309222e+01
-7.425617473227536891e+01
-7.601940923130818817e+01
-7.773066151333785001e+01
-7.941526042819052122e+01
-7.982330866375203016e+01
-7.923916462067801092e+01
-7.861638877281203008e+01
-7.786558614585770499e+01
-7.669451340599688649e+01
-7.530288334513883797e+01
-7.275319751524510536e+01
-6.897670536035039390e+01
-6.458155903656155772e+01
-5.933714360728074411e+01
-5.518355978084659341e+01
-5.235654503422740902e+01
-4.975889975529891984e+01
-4.794618313304633972e+01
-4.591761860213716062e+01
-4.358986959916134651e+01
-4.195411545865491831e+01
-4.080945247823205335e+01
-3.852103845222278977e+01
-3.508044031443019861e+01
-3.114631934164102134e+01
-2.631346312455418612e+01
-2.179932562700793497e+01
-1.768263683727168711e+01
-1.302326074389845267e+01
-8.092472724148381147e+00
-4.074769391512058192e+00
-9.864821249205120157e-01
1.534018937171154784e+00
3.169633696902257380e+00
4.826289164541638144e+00
6.517152184450620389e+00
7.504975291679183869e+00
7.961121178234528806e+00
8.399966572134569986e+00
8.765825012284103934e+00
8.912602246239488935e+00
8.945787228512587674e+00
8.340544615502965442e+00
7.059440737832929358e+00
5.437138736172274278e+00
3.344248949282712768e+00
1.960852983976836716e+00
1.426853054848185254e+00
1.083147794621928117e+00
1.267024560007662171e+00
1.362465660480719265e+00
1.319831984221144117e+00
1.745208133759305058e+00
2.515245728534885483e+00
2.651009058160735510e+00
2.149251190687656798e+00
1.402714039802649859e+00
1.694752959906654088e-01
-8.172763706161628727e-01
-1.509941816396998204e+00
-2.472504130413744505e+00
-3.541163973835208978e+00
-4.328415787080805543e+00
-4.857093358758651114e+00
-5.191853644498912068e+00
-5.236053413762101982e+00
-5.347565824451717909e+00
-5.527310326610660240e+00
-5.511174616067642695e+00
-5.368519694433054212e+00
-5.175763844285335757e+00
-4.906228390062789657e+00
-4.566366239330134746e+00
-4.166269804093485796e+00
-3.581085770753789532e+00
-2.804303175790597624e+00
-1.901706172679785922e+00
-8.417661067567723254e-01
-1.139149619690102422e-01
2.312826934235575338e-01
4.505155079498092130e-01
4.054156022115523728e-01
3.668111833397159627e-01
3.533988625559484897e-01
1.074258030882460219e-01
-3.173094433279268212e-01
-5.467752466028135139e-01
-5.832891975616363300e-01
-5.730318984356707057e-01
-4.248930610490397886e-01
-4.273847800250000217e-01
-5.993855173809470305e-01
-7.231231736390167919e-01
-8.637536404743020313e-01
-7.146120269257503210e-01
-2.210254784155032681e-01
4.264317375349309103e-01
1.322419786334763314e+00
2.342820473853685304e+00
3.477859949379552340e+00
4.876936048179130623e+00
6.519362162885336431e+00
8.106881920863134638e+00
9.638488765265380565e+00
1.124915203421392995e+01
1.286750752940240083e+01
1.471321412522678429e+01
1.680602465535251611e+01
1.898066713849257425e+01
2.128977884738288395e+01
2.361592223840663252e+01
2.593154099282748604e+01
2.833202580854490904e+01
3.078093155361207778e+01
3.331154848212428732e+01
3.593202930514094362e+01
3.859350549999634694e+01
4.130326599155984724e+01
4.421600484020345334e+01
4.733845794886076419e+01
5.060129363470231567e+01
5.404498058868035315e+01
5.756842837650137312e+01
6.116515823013991593e+01
6.492008420327368867e+01
6.881173346662558288e+01
7.161135916691837622e+01
7.320377826255986520e+01
7.414953837878039167e+01
7.409470428662697827e+01
7.376475929229579265e+01
7.318458469167492808e+01
7.166873250753482694e+01
6.934822700567002585e+01
6.707434991650947609e+01
6.481816739470770017e+01
6.223958567151584020e+01
5.953210854485206482e+01
5.598862636525994674e+01
5.154990954895951205e+01
4.671392661477486996e+01
4.130854407166070530e+01
3.619767001278295027e+01
3.150912722071357663e+01
2.670171608398472785e+01
2.202724313268284817e+01
1.708714305953841972e+01
1.183795046176413024e+01
6.700948955603742263e+00
1.594403854630733086e+00
-4.310257224049887981e+00
-1.102866662482760418e+01
-1.821570999253666301e+01
-2.608114927216439227e+01
-3.403441859090601440e+01
-4.203819753899314549e+01
-5.056214122651164189e+01
-5.947716319048350186e+01
-6.655867578845041521e+01
-7.163420873440591663e+01
-7.565532817933349463e+01
-7.799115616678342633e+01
-8.003287464603694445e+01
-8.182307423293796944e+01
-8.209360068308106406e+01
-8.109974545932919909e+01
-8.027193673359877835e+01
-7.954895507413975508e+01
-7.838319040291493423e+01
-7.709667625601979069e+01
-7.446796818227318226e+01
-7.039845777790402792e+01
-6.573788732200372920e+01
-6.018939325278981300e+01
-5.544257837712496695e+01
-5.173606172104700107e+01
-4.804253474002540969e+01
-4.485302297489614176e+01
-4.136421796135457640e+01
-3.749605660465236667e+01
-3.408419542345435360e+01
-3.096605722832917351e+01
-2.657918257079391111e+01
-2.090093753716453051e+01
