9.750039917368241049e+00
6.514704085989746929e+00
3.260108160258436083e+00
7.404726723663748733e-02
-4.608333362043453008e+00
-1.043107571843243875e+01
-1.333411667539350987e+01
-1.313180492138607036e+01
-1.151928256360129943e+01
-7.408972317396528950e+00
-3.578304358566259058e+00
-1.602290011887052001e-01
5.180105873543735306e+00
1.187750969051093364e+01
1.519416450292537490e+01
1.496941285914605402e+01
1.307629818235071184e+01
8.259915140456113747e+00
3.891191352196420095e+00
1.198269264036174730e-01
-5.827560726257218882e+00
-1.326244800332952423e+01
-1.701734669445243853e+01
-1.693937240967672153e+01
-1.502022125703748046e+01
-9.895337232833885110e+00
-5.302374715481121825e+00
-1.399911725616806324e+00
4.863748234564614137e+00
1.272575620379924821e+01
1.672588109323179140e+01
1.671644004341351675e+01
1.477863345107930826e+01
9.474482451497864943e+00
4.788920085672484284e+00
8.894679524251396519e-01
-5.461322463210806610e+00
-1.344857868787114974e+01
-1.770948283297203218e+01
-1.812844396902284672e+01
-1.670622625165182384e+01
-1.203982873136670051e+01
-8.108584515361908274e+00
-5.078282779718507278e+00
2.513246229020981160e-01
7.062487300229600251e+00
1.127425610533419942e+01
1.289097962089059202e+01
1.330609412336468367e+01
1.148222456317028417e+01
1.064874504912948616e+01
1.093779764011855526e+01
9.853671861023295619e+00
8.073725909792123900e+00
6.405678115503339320e+00
4.624432009409319200e+00
2.799029211159183017e+00
1.066110042558873205e+00
-1.712847987634352531e+00
-5.568076239595164623e+00
-9.844007050266856851e+00
-1.480374195327189035e+01
-1.720701108496085396e+01
-1.668769370293847842e+01
-1.497387461818101428e+01
-1.113706154220636790e+01
-6.892207502132096764e+00
-2.354578452894486862e+00
4.161793047565364390e+00
1.232596879903775822e+01
1.661335775846844953e+01
1.673456916086614044e+01
1.510966493627993401e+01
1.025652486642484895e+01
5.838078833284136238e+00
2.052140767126837684e+00
-4.217463106693736918e+00
-1.221852881546325698e+01
-1.621797303940919122e+01
-1.606239522263846453e+01
-1.397438513705843377e+01
-8.451146724701121826e+00
-3.641913237326441344e+00
2.664194501408811977e-01
6.643211566356670872e+00
1.463297542315303623e+01
1.862759837180874456e+01
1.849921780691171591e+01
1.633184248659825499e+01
1.065330977405644752e+01
5.608703017624675269e+00
1.364232332939570025e+00
-5.427281556021681830e+00
-1.391962149795489978e+01
-1.828697683171976607e+01
-1.837908883231877510e+01
-1.639303943522090279e+01
-1.079484244629885659e+01
-5.862273091535563196e+00
-1.770653069889728926e+00
4.948013882379371786e+00
1.342034242644368369e+01
1.790461820122432712e+01
1.827724220221099571e+01
1.668027453452426911e+01
1.161162951563352053e+01
7.334722938345271004e+00
4.027372149463950279e+00
-1.738080036186713251e+00
-9.085236543396273845e+00
-1.346549811887783576e+01
-1.486491776730406578e+01
-1.485832797951129436e+01
-1.228260680436732599e+01
-1.069782419382309335e+01
-1.024852636453792520e+01
-8.163116032028639779e+00
-5.184682128941550339e+00
-3.184216015876473627e+00
-2.006673289961350193e+00
-1.262644974430020328e+00
-1.383057436843085020e+00
-5.404064774431862617e-01
1.324097067173025444e+00
2.948605321962589620e+00
4.729986351518349785e+00
6.399004801294177369e+00
7.802753708095393037e+00
9.353377401973574479e+00
1.094876269133717983e+01
1.242242480008661509e+01
1.380765846750505510e+01
1.509514943109858187e+01
1.625149265395836551e+01
1.600202664434590716e+01
1.419541332452262239e+01
1.139425878849579910e+01
7.210780530210512573e+00
2.375211010123179811e+00
-3.107469106687575700e+00
-9.969985085100589117e+00
-1.809775268889750421e+01
-2.291163856792106657e+01
-2.408042739348598715e+01
-2.371571673595126839e+01
-2.055515754002289697e+01
-1.748017333285377717e+01
-1.464495836380805116e+01
-9.498060987806786315e+00
-2.615648086669815076e+00
1.907918627374351583e+00
4.031783399756577069e+00
5.342164153731220111e+00
4.803095099374529831e+00
5.493217581684166184e+00
7.582003496179790858e+00
8.664421881340603093e+00
9.406203946162936091e+00
9.920335933899592007e+00
9.930754444095210687e+00
9.837670659110310467e+00
9.587173792931846350e+00
8.496272526222742982e+00
6.563572968200926283e+00
4.051445541605786183e+00
7.918816713660781215e-01
-1.336273709680832589e+00
-2.161856574343163917e+00
-2.718017813962611662e+00
-2.493750745782427725e+00
-2.532230232542704407e+00
-2.931556359953745083e+00
-2.734602457280392862e+00
-2.168149566134845774e+00
-2.124614811649841783e+00
-2.561009956307430446e+00
-3.202727849626634704e+00
-4.257950225292808533e+00
-4.971076580998525785e+00
-5.303995319474779535e+00
-5.800642775194755352e+00
-6.292723362282631072e+00
-6.248493241671799758e+00
-5.668183777154282232e+00
-4.677701015374796434e+00
-3.133115652721728761e+00
-1.469943746231350268e+00
3.137170850195535876e-01
2.567806195989268403e+00
5.213784324604900711e+00
6.765241860283860653e+00
7.122714811037361038e+00
6.940895444227330735e+00
5.809543941880107809e+00
4.695101948641865697e+00
3.642293411817799420e+00
1.805006489130878133e+00
-6.258994766869665494e-01
-2.416269610850450889e+00
-3.565693416690348005e+00
-4.543849664066145877e+00
-5.043598405466312329e+00
-6.019386279587616073e+00
-7.526120450486080138e+00
-8.833376566078740666e+00
-1.015110485943858443e+01
-9.589346093822406658e+00
-6.870775230339978279e+00
-3.025840977849093338e+00
2.518479470472786197e+00
8.862707377351600968e+00
1.596454536861872775e+01
2.480488004511575539e+01
3.523439547956983375e+01
3.967938875928933840e+01
3.754855154222865110e+01
3.234141813718471781e+01
2.194788278925000569e+01
1.103025927854368682e+01
-1.797733386609460249e-01
-1.588634870209266658e+01
-3.517825868264849021e+01
-4.599867203950977768e+01
-4.775646122699808416e+01
-4.559508258067146613e+01
-3.628012467290477616e+01
-2.795562095153369242e+01
-2.103191594303401857e+01
-8.626495938031432331e+00
7.597497828905876105e+00
1.723737682013175032e+01
2.018712219147548481e+01
2.030239928039706143e+01
1.492270339324875650e+01
1.193567294006648538e+01
1.171336573425677230e+01
8.057279477845941784e+00
2.633546132778762150e+00
-2.637307848308713121e-01
-9.653274002266107878e-01
-3.794549863302921766e-01
2.493899665644190300e+00
3.538356097291079472e+00
2.630366835085545585e+00
2.644762807255052639e+00
2.697378255790808144e+00
2.221133363459788956e+00
1.454772606755232456e+00
3.582584485739859215e-02
-2.136723777930012336e+00
-3.991728712181975780e+00
-5.567323338769076813e+00
-7.485616273080649918e+00
-9.536329079656919561e+00
-1.005015941359029874e+01
-8.911756900060304076e+00
-6.756080894006037951e+00
-3.104395424258837188e+00
8.942031637077776374e-01
5.221526120761616596e+00
1.089289251826263261e+01
1.770186684523164189e+01
2.077991354662473000e+01
1.979236940766346464e+01
1.691858465844027393e+01
1.081574705927791591e+01
4.601146104742748655e+00
-1.573774759012569469e+00
-1.045358204335047247e+01
-2.142104071826635092e+01
-2.680030076277826723e+01
-2.621277671440876844e+01
-2.289948391667745042e+01
-1.479482910877642432e+01
-7.092703215403206585e+00
-4.209809877380316090e-02
1.075537642243656222e+01
2.424735314627252691e+01
3.116478651078909223e+01
3.117673052342002293e+01
2.798672452292920099e+01
1.913667131622087325e+01
1.118048175475115080e+01
4.415316934784152991e+00
-6.566555802392932684e+00
-2.042543929818506498e+01
-2.811575410937363628e+01
-2.944682460984572359e+01
-2.782285906220809935e+01
-2.088446814997507062e+01
-1.532811835362107900e+01
-1.144436019794409987e+01
-3.855555228080281172e+00
6.054710993862523871e+00
1.166788793166722726e+01
1.300994222432262148e+01
1.229765634464758683e+01
7.852309862857842049e+00
4.951414733161808357e+00
3.804287356936745468e+00
3.463317847547029427e-01
-4.317083494437071955e+00
-6.271163659202854568e+00
-5.613972523609533027e+00
-3.446584209438757984e+00
1.211605769591420856e+00
5.016557311271604647e+00
7.869713000021596905e+00
1.227918866963490707e+01
1.755325519407458401e+01
1.960299559608197839e+01
1.831259899875112040e+01
1.513829349696427862e+01
8.984196532245919187e+00
2.886046518916102421e+00
-3.065213913532530476e+00
-1.135513329645806735e+01
-2.138585659429879016e+01
-2.664647919971908507e+01
-2.681944577907675509e+01
-2.459830885879658169e+01
-1.822386445797505061e+01
-1.215850375657639049e+01
-6.599783347488260787e+00
2.224917764963796341e+00
1.341942022380604982e+01
1.950854091788674793e+01
2.026174829959254708e+01
1.864395520616628232e+01
1.268909161276550535e+01
7.760279113053476507e+00
4.109988852396686099e+00
-2.636897688219807634e+00
-1.137154644514081880e+01
-1.565812109098596316e+01
-1.541840392834588869e+01
-1.296339053686264897e+01
-6.628571168799052060e+00
-1.306851586869341553e+00
2.802278605213476048e+00
9.573688006560454156e+00
1.799540265294685071e+01
2.211484459104569922e+01
2.182078040886892367e+01
1.924842781452983687e+01
1.283647735879736551e+01
7.063767938115885769e+00
2.095161367430913302e+00
-5.663861907816995611e+00
-1.530371657008081243e+01
-2.066193049989744779e+01
-2.158695015744507728e+01
-2.039594420047266254e+01
-1.546912091923340782e+01
-1.135504444211064268e+01
-8.241624494383621879e+00
-2.453086070339394631e+00
5.079320119426231628e+00
9.482247906821697825e+00
1.074622999232972909e+01
1.056829579926165685e+01
7.706764965647299626e+00
5.982825738118406456e+00
5.557608251310761638e+00
3.465894544655486520e+00
5.099937073054129355e-01
-1.503800786746881002e+00
-2.757010905926162270e+00
-3.565372499544314344e+00
-3.520915801105577447e+00
-4.459262639836463649e+00
-6.433665958066872470e+00
-8.199261133407173219e+00
-1.015484176460677190e+01
-1.105431171612934982e+01
-1.064982562298616919e+01
-9.813659356274596846e+00
-8.162764378950702948e+00
-6.094343955481043906e+00
-3.664295436469000578e+00
-3.263941451588072695e-01
3.849814769979392093e+00
7.291657167739732159e+00
9.948364812518271094e+00
1.254196304654566596e+01
1.467311175999864403e+01
1.741079025334924779e+01
2.083763608014935897e+01
2.409059139114935277e+01
2.740968197295081765e+01
2.795900257870686190e+01
2.534505429842948487e+01
2.106127237874556712e+01
1.425185502349352085e+01
6.331947647988872774e+00
-2.639719498266402731e+00
-1.416416742335345091e+01
-2.800448814536295217e+01
-3.616812519697567296e+01
-3.811596462857403367e+01
-3.751340392295875859e+01
-3.217556177092879466e+01
-2.717876148277619208e+01
-2.280361438487296866e+01
-1.460026442440541139e+01
-3.595322309908305591e+00
3.679237572032759029e+00
7.201883605007705746e+00
9.427527403070369516e+00
8.715595572886217113e+00
1.006891053541360570e+01
1.375493736818027202e+01
1.590552158969132357e+01
1.760405548870694403e+01
1.803539958398193477e+01
1.665992007102624584e+01
1.460071185497736401e+01
1.148660341819835473e+01
6.792324606337330373e+00
5.425865617699217047e-01
-7.383436924896844999e+00
-1.714862496984829221e+01
-2.244865381963074213e+01
-2.276028887844520554e+01
-2.122823181709026130e+01
-1.611539885271094263e+01
-1.114537638794941543e+01
-6.569482908589614922e+00
9.894551816066068373e-01
1.077028351063721878e+01
1.638056192495936969e+01
1.766472726749794475e+01
1.716999603325513135e+01
1.324023652168414955e+01
1.047741540674624083e+01
9.118611460247842970e+00
5.453206658757030034e+00
4.502283419981998325e-01
-2.644301998455934388e+00
-3.974394641686088470e+00
-4.429098714217224675e+00
-3.226210547912798710e+00
-3.221006459927877152e+00
-4.517479823586969090e+00
-5.040984811959786427e+00
-5.402881709057404613e+00
-5.193775638297059238e+00
-4.142563001020882041e+00
-2.865777779883397436e+00
-1.185452392753808315e+00
1.206604183214637249e+00
4.283003141014011028e+00
8.066699094898252653e+00
1.263914072638900699e+01
1.500044104519773036e+01
1.489345438099082486e+01
1.381130007178605013e+01
1.092258050414342740e+01
7.975883591207669099e+00
5.084363399903623737e+00
6.444063351583039223e-01
-4.991868209315200033e+00
-9.282128573498214408e+00
-1.220884955219986523e+01
-1.476286307603405668e+01
-1.630624161927646654e+01
-1.875064326475367338e+01
-2.220636219297715996e+01
-2.518840162025905016e+01
-2.811413847625103912e+01
-2.839968222757335070e+01
-2.560529532483879933e+01
-2.122667198443836512e+01
-1.446077914004268017e+01
-6.410811002414055437e+00
2.868008842240067136e+00
1.467905437452219353e+01
2.885222186831966340e+01
3.736976538563909145e+01
3.967275363866426829e+01
3.948742892001055793e+01
3.461987171077970515e+01
3.010921591218075122e+01
2.624325979545291787e+01
1.858406454575374056e+01
8.152710338599810314e+00
1.070208207391773803e+00
-2.683689354161201024e+00
-5.375098475537493314e+00
-5.483467158301255751e+00
-7.769363698802710161e+00
-1.249269001699025594e+01
-1.601666207665683217e+01
-1.938168562941152828e+01
-2.128685616704754935e+01
-2.118262870743806658e+01
-2.040120656406451261e+01
-1.844894054305984454e+01
-1.515390476789075258e+01
-1.056557580098201932e+01
-4.285839655860039343e+00
3.769037614171876882e+00
8.807137828000250579e+00
1.049246673717514966e+01
1.120689314378701518e+01
9.662548248780771232e+00
8.784517199479159544e+00
8.792588531941174068e+00
7.122860783753086622e+00
4.398713396782314433e+00
2.789880952631391242e+00
2.165563594120536006e+00
1.903454866786300936e+00
2.502697280361649845e+00
2.045662176922946607e+00
4.389223393974310827e-01
-9.639432277594299769e-01
-2.592278972272249682e+00
-3.466169391472158967e+00
-3.353919685571393750e+00
-3.030467947597009548e+00
-2.188089397677134063e+00
-1.064913855554634470e+00
2.831586080825094220e-01
2.252770577213645264e+00
4.800171298466886505e+00
5.708036617793484702e+00
4.831961790138822543e+00
3.203689517121073305e+00
2.225658068222442498e-01
-2.726519154952598889e+00
-5.560585232372083020e+00
-9.493885066625688651e+00
-1.424291956329860476e+01
-1.637836554187531490e+01
-1.572261544620955043e+01
-1.371029012153882398e+01
-9.411988235623814703e+00
-5.129288499220287179e+00
-9.636065519037463334e-01
5.052228386371725222e+00
1.245947728046174774e+01
1.678511358531645925e+01
1.785467746060298566e+01
1.749308715493102895e+01
1.451184489519801346e+01
1.204176913802143289e+01
1.023157426683231108e+01
6.486482818705507469e+00
1.448487898075151437e+00
-1.887543512419688874e+00
-3.568800585890774091e+00
-4.599651828759289351e+00
-4.240094876911020272e+00
-4.929996939351014795e+00
-6.782581964686688281e+00
-7.963581244020625505e+00
-8.999683141654450935e+00
-9.305909345427663126e+00
-8.612698988420385504e+00
-7.557590702719388709e+00
-5.912471406999244117e+00
-3.539370755788633804e+00
-4.605667068783955709e-01
3.480392151267516443e+00
8.336130130610484912e+00
1.080888866849107721e+01
1.063213462439247259e+01
9.425047481428478591e+00
6.278902169352923224e+00
3.160355936508597363e+00
1.958643778266678792e-01
-4.392331006885652478e+00
-1.020478679722682180e+01
-1.289610241701570637e+01
-1.228444642064879311e+01
-1.017141673368214860e+01
-5.400467654632582715e+00
-9.593472699445069196e-01
3.006619098369978982e+00
8.993559541342895258e+00
1.638995484667087155e+01
2.000622543395373398e+01
1.965349723546423277e+01
1.738347781569695982e+01
1.181460251821220453e+01
6.616243040581275991e+00
1.945440184134177297e+00
-5.235278663313473579e+00
-1.418242894987800362e+01
-1.908758348998312115e+01
-1.977434080724961518e+01
-1.850701694779721507e+01
-1.375324201843842076e+01
-9.701401545973105556e+00
-6.536210473133509780e+00
-8.378509746238792522e-01
6.534995762420908072e+00
1.085854181621209236e+01
1.210839364040598731e+01
1.195907616490828040e+01
9.203404181392970784e+00
7.502479203936772478e+00
7.013622707883436114e+00
4.879821915036948177e+00
1.868996191708805821e+00
-4.339176070395605600e-01
-2.222637777393249081e+00
-3.734166209593530183e+00
-4.623109480290662709e+00
-6.570346666174708083e+00
-9.627349779688918474e+00
-1.268415143608322992e+01
-1.611185142715205032e+01
-1.736683336910179776e+01
-1.608969003111179674e+01
-1.374619252487162946e+01
-9.585220412388220979e+00
-4.790681715662368667e+00
5.489897763081579285e-01
7.704896889110186109e+00
1.645962609156399381e+01
2.153629826294008964e+01
2.262053393797772216e+01
2.209281382880942601e+01
1.852745534534899008e+01
1.533681605627283595e+01
1.271284501847668125e+01
7.710606283051175680e+00
1.028836263351787572e+00
-3.140249159287166858e+00
-4.784544774344642981e+00
-5.444450730835812990e+00
-4.062573186932372238e+00
-3.861557973946770250e+00
-5.001938313288432525e+00
-4.985883845695155081e+00
-4.503917250169415354e+00
-4.560678052177200570e+00
-4.959558181586475101e+00
-5.697574895181945820e+00
-6.976091139571056310e+00
-7.567729178307006421e+00
-7.451115773851410218e+00
-7.392353366617493649e+00
-7.122802441873620438e+00
-6.429311729326204095e+00
-5.350816213580243286e+00
-3.784225787057415857e+00
-1.668938577814114588e+00
6.828539588091891988e-01
3.300730772172852490e+00
6.406903741480996395e+00
9.956259801940591458e+00
1.178908629690642762e+01
1.172109470961514965e+01
1.074702907272026664e+01
8.255790958793729928e+00
5.577264508751285987e+00
2.770589703485740962e+00
-1.377331722669878022e+00
-6.612401271547042825e+00
-9.633761477452523536e+00
-1.029456865602008087e+01
-1.000721204387000896e+01
-7.894964936192105043e+00
-6.215163189412281852e+00
-5.089884478034944593e+00
-2.635320740939161688e+00
6.794215975824824394e-01
2.976496944576955794e+00
4.318305101926815048e+00
5.289387365934994811e+00
5.436743353678141766e+00
6.351561687945944890e+00
8.106236576946052708e+00
9.534292310647892066e+00
1.098281559341620550e+01
1.126128138316246918e+01
1.012096122913212781e+01
8.363786756345243489e+00
5.612187390320896085e+00
2.252906324172456731e+00
-1.675900244469041400e+00
-6.719363817497092661e+00
-1.282062961483623909e+01
-1.624659413694116594e+01
-1.673185988172859950e+01
-1.602587051368604421e+01
-1.310670413863296524e+01
-1.029650052715719433e+01
-7.730367748805969441e+00
-3.353835868923033203e+00
2.362609741821965592e+00
5.752569045754619026e+00
6.740868256578886886e+00
6.767975939877739933e+00
4.888356771841837478e+00
3.782148522822438519e+00
3.586884357157413383e+00
2.160021404217946639e+00
6.837918404729058375e-02
-8.892568246157845913e-01
-7.996202748062765098e-01
-1.323321900742129575e-01
1.545858165046465338e+00
2.633468958258837755e+00
3.076925444734930348e+00
4.036585092560274646e+00
5.171666643781066774e+00
5.542794029898784558e+00
5.182206109492687673e+00
4.293336904111018093e+00
2.636120938176955253e+00
1.054874038195235952e+00
-4.418202400447738820e-01
-2.487717280612760540e+00
-4.917168641196102641e+00
-6.192904190442358292e+00
-6.239738413380219839e+00
-5.674708406698774965e+00
-4.079259884328927832e+00
-2.523841316354783260e+00
-1.049685883182184698e+00
1.248161004940470553e+00
4.158071740514189152e+00
6.021629194284618514e+00
6.799587919376627987e+00
7.145162760503834143e+00
6.627895765002413064e+00
6.462808360183159628e+00
6.711035404825246964e+00
6.398272124900988622e+00
5.780397576942101878e+00
4.392950275395865134e+00
2.063349102268165147e+00
-8.249494820966020159e-01
-4.449524775652762720e+00
-8.806768940624653652e+00
-1.389787887607114314e+01
-1.990541632742462497e+01
-2.685601109442266932e+01
-2.943382262744330191e+01
-2.715817802280376725e+01
-2.256992646260640356e+01
-1.416533785302900661e+01
-5.079446155117647521e+00
4.531486371471573626e+00
1.758031683418979441e+01
3.346680501218778403e+01
4.152426194261303749e+01
4.112296683572933631e+01
3.694396197734811693e+01
2.608779473437082075e+01
1.553839292047367415e+01
5.646136406450534828e+00
-9.619489835899873498e+00
-2.885212153212862773e+01
-3.915379838461766582e+01
-4.007168004170370068e+01
-3.681206917712930959e+01
-2.596698100965347678e+01
-1.664277425974389502e+01
-9.273856835534861176e+00
3.635310464501163352e+00
2.020878747177956569e+01
2.950743474850365544e+01
3.141964057694905321e+01
2.989076182789128922e+01
2.210594653858126435e+01
1.640855043560834403e+01
1.315443197499708283e+01
5.767656562199768189e+00
-4.012896523152645223e+00
-9.724357869218030359e+00
-1.153948290522978049e+01
-1.135324475640715569e+01
-7.564878829852258235e+00
-5.671678086190048873e+00
-5.866451106277257743e+00
-4.053002744092482956e+00
-1.389320275754388767e+00
-2.111424910093400165e-01
-2.782508459829956537e-01
-1.280095752805641141e+00
-3.756699510369779116e+00
-5.268720710624836379e+00
-5.774834490984010138e+00
-6.942403023176708210e+00
-8.259512933281531133e+00
-8.588240947341397202e+00
-7.985684560929234621e+00
-6.626438533934638109e+00
-4.218035291901766293e+00
-1.864542254363935392e+00
4.355597536009045978e-01
3.496583989396657266e+00
7.106718044975092852e+00
9.517821883743540212e+00
1.065782972689932961e+01
1.121694485315622103e+01
1.072460116593302004e+01
1.043487860542155055e+01
1.039893160995870502e+01
9.577530997501828125e+00
8.223301026230387833e+00
6.892513706104445248e+00
5.497111533002121853e+00
3.928767198900182223e+00
2.293894323096909549e+00
-2.433484446539863066e-02
-3.063182072751522877e+00
-6.444678919729444289e+00
-1.031944252127776451e+01
-1.263427675623550783e+01
-1.315934992421999716e+01
-1.297994837680766622e+01
-1.150722513734111807e+01
-9.848030783686827050e+00
-8.074562303806949615e+00
-5.107539459914903546e+00
-1.160691823529651945e+00
1.508258878875363251e+00
2.844696117902097310e+00
3.798243856757152148e+00
3.791844607557951718e+00
4.438793669036896539e+00
5.840115745435940475e+00
6.706952861051371784e+00
7.390623136355978673e+00
7.507283562065602212e+00
6.860611950066951792e+00
5.868487118821639648e+00
4.370355269366855033e+00
2.258342450116251676e+00
-4.619415363467259672e-01
-3.901143577154890352e+00
-8.105122797119156175e+00
-1.023177619917427528e+01
-1.004552132127484754e+01
-8.941533884034955193e+00
-6.133291436562998911e+00
-3.314117707104768940e+00
-5.905677879740108827e-01
3.573699665785772694e+00
8.836854794115911460e+00
1.149986822294705746e+01
1.141344044174326555e+01
1.011256501586893464e+01
6.615917830123371424e+00
3.476729371276061631e+00
8.221852474884492334e-01
-3.472324618375032479e+00
-8.881310069805957497e+00
-1.169580671985724862e+01
-1.182494378514130240e+01
-1.067769967877500825e+01
-7.281865686845329755e+00
-4.350809028793647393e+00
-2.000708046336199253e+00
1.964277418018271826e+00
6.986891467182081428e+00
9.538671508462527981e+00
9.549712170337800288e+00
8.320465439572735988e+00
4.928721105345732489e+00
2.007309960878691513e+00
-3.368663942444157788e-01
-4.216319826108741786e+00
-9.090817657864324275e+00
-1.170368474045383422e+01
-1.199973361801972338e+01
-1.116182521696315177e+01
-8.341123054179343299e+00
-5.992773700447016516e+00
-4.214901958174384511e+00
-1.047942142311984348e+00
3.003642849427937023e+00
6.127742629201643254e+00
8.395727942924933629e+00
1.033621651683454701e+01
1.151239589764199600e+01
1.350913744756489088e+01
1.639213057606862023e+01
1.901013326420547145e+01
2.170694744238018714e+01
2.225142409083490946e+01
2.028981658728605808e+01
1.710758663731118645e+01
1.202474767852419824e+01
6.024138067613863612e+00
-8.362936629603460181e-01
-9.676825769318934789e+00
-2.033508208631629088e+01
-2.702848047390607533e+01
-2.938103885115787151e+01
-3.005687485277777782e+01
-2.748493001945626091e+01
-2.534739857243856420e+01
-2.385788481431081465e+01
-1.980789435483057304e+01
-1.395045125366689120e+01
-9.573596282645761235e+00
-6.554334547840137581e+00
-3.803816402295941757e+00
-2.097525646183462822e+00
1.344823576472806925e+00
6.678462699162901473e+00
1.189558361612962223e+01
1.762290570706103665e+01
2.130274162578283992e+01
2.247274130936487069e+01
2.279002391407284378e+01
2.147226135669244940e+01
1.951011999724044088e+01
1.700332702155787956e+01
1.274314969777662832e+01
6.904177062212632165e+00
2.360468521287655719e+00
-8.273174915976965194e-01
-3.954538791564377043e+00
-6.305051530737149079e+00
-9.902930532204010206e+00
-1.490893892660210440e+01
-1.973105500100788490e+01
-2.483238496134941542e+01
-2.630931381820017378e+01
-2.358461962315296745e+01
-1.881737959519136538e+01
-1.082604190361415419e+01
-1.476841734840642184e+00
9.132427292818876552e+00
2.302589920225771891e+01
3.988657933144227030e+01
4.797297757048732336e+01
4.645948002921257824e+01
4.073857835868091115e+01
2.758362072027644984e+01
1.438051136494242321e+01
1.525111648470186765e+00
-1.751074573182227567e+01
-4.124818316166309273e+01
-5.378464934403355358e+01
-5.445429664051423657e+01
-4.984647563856581343e+01
-3.572724485391314175e+01
-2.307512360423380926e+01
-1.242462593527569581e+01
5.382162142136339256e+00
2.809572959255359237e+01
4.043711738009226764e+01
4.209703255041536352e+01
3.883804317322818633e+01
2.668407594157172724e+01
1.694213503943463195e+01
1.011191106825758368e+01
-2.873494906187178177e+00
-1.967098518722599465e+01
-2.858684732715549970e+01
-2.960349830124440373e+01
-2.669478332659091535e+01
-1.686908577418595812e+01
-9.318954154049484018e+00
-4.399163896474322932e+00
5.043099474553959460e+00
1.709868614927905739e+01
2.346046714571637182e+01
2.417625506434325899e+01
2.189009848970668770e+01
1.448149577886501760e+01
8.672860250441299712e+00
4.691225412738398326e+00
-2.642973860361680138e+00
-1.194371682053283301e+01
-1.707658626826642134e+01
-1.806330812486160653e+01
-1.687566269578172040e+01
-1.194309385997866180e+01
-8.219064800702621909e+00
-5.872250905025584444e+00
-1.077648016096320216e+00
5.143889154495893123e+00
8.708395332724981230e+00
9.679329943819524829e+00
9.307149973709416102e+00
6.563286612556490596e+00
4.851176780753446494e+00
4.288481320234049043e+00
2.299143775393646116e+00
-4.067362144707812877e-01
-2.179913771137490741e+00
-3.163414363254712924e+00
-3.658184123046633207e+00
-3.281105883622957631e+00
-3.680627942085952231e+00
-4.898988607613363300e+00
-5.797873812664631643e+00
-6.729359532316207648e+00
-6.997213535205776047e+00
-6.412950006475849563e+00
-5.551474817265926731e+00
-4.185202673894340641e+00
-2.413452828906490044e+00
-2.693750501878428572e-01
2.507433822194677475e+00
5.907457578080332006e+00
8.199667973968264079e+00
9.272039795685763863e+00
9.953175229323431239e+00
9.778073131307589705e+00
9.825146246367586045e+00
1.016765654400241736e+01
9.866791416054567776e+00
9.149059782682495978e+00
8.300401214591401455e+00
7.219245489301697738e+00
5.912073764829125722e+00
4.412317112948840325e+00
2.303240978535209926e+00
-4.418356520543391119e-01
-3.608083983492146096e+00
-7.304062757166314590e+00
-1.005017080545837338e+01
-1.169694248441596507e+01
-1.303454069586528163e+01
-1.364867012212092945e+01
-1.436207641322413409e+01
-1.523811101649401678e+01
-1.550287899615001308e+01
-1.532476985413091519e+01
-1.422585943591076862e+01
-1.203864682054692992e+01
-9.081682995718786344e+00
-5.165801274315946934e+00
-3.486716327947204652e-01
5.389934378719927643e+00
1.227922203616325980e+01
2.034683241086842287e+01
2.472984966071090795e+01
2.500876780195117277e+01
2.352399644459096706e+01
1.891325799942120156e+01
1.408565186726209006e+01
9.201402748292657918e+00
1.597818583266642944e+00
-8.153771645815435676e+00
-1.386889497455687881e+01
-1.532526833086202700e+01
-1.510603817813784389e+01
-1.158783432011601633e+01
-9.092289838035046756e+00
-7.853331009664423767e+00
-4.321298053199547518e+00
5.972045343831327013e-01
3.512919022378597766e+00
4.545672308707237264e+00
4.700623160841722381e+00
3.156386636824546787e+00
2.812284281359474392e+00
3.785980389360436682e+00
3.949353401459542390e+00
3.926618956447562869e+00
3.773132176375897373e+00
3.258575033625787487e+00
2.791959995009609230e+00
2.328283479941073875e+00
1.285141539769528940e+00
-3.188509117222561029e-01
-2.248398932248070636e+00
-4.634238163071485950e+00
-6.008369720446419038e+00
-6.227341228190636180e+00
-6.089839829546249028e+00
-5.190154496393168948e+00
-4.317125294124638302e+00
-3.538179288843595227e+00
-2.107376809228834080e+00
-1.891856728110968000e-01
9.808385934493015768e-01
1.388027054522175341e+00
1.514496379933250036e+00
1.047075616096468487e+00
8.954374480741381648e-01
1.109276578404211788e+00
9.713018480781377972e-01
6.769954080704987387e-01
7.274485686060743195e-01
1.086646230982647676e+00
1.651830831360995289e+00
2.541551070489584951e+00
3.282657060920602721e+00
3.863554626979713191e+00
4.619399350043494223e+00
5.450700060793056245e+00
5.637276784237458926e+00
5.141813947542808627e+00
4.232381222190621628e+00
2.708532469717483071e+00
1.072908817950690263e+00
-6.635330401913251963e-01
-2.933599765966991679e+00
-5.643703191953827414e+00
-7.246628913935883709e+00
-7.650743596331451180e+00
-7.531233829923190015e+00
-6.466673077806383674e+00
-5.478941249653722423e+00
-4.618202174940747362e+00
-3.004018380943792810e+00
-8.418674620630870464e-01
5.109126239507637557e-01
1.042280877585271881e+00
1.266628098604948960e+00
8.395290577518635944e-01
7.902768968023514695e-01
1.172235063057442961e+00
1.181589860169155237e+00
1.039153953860257662e+00
1.049815532467765600e+00
1.147689666226318517e+00
1.339142281101706855e+00
1.683002607327630740e+00
1.795237169286735490e+00
1.668625508547832315e+00
1.538321311769889732e+00
1.319305574931177505e+00
8.893990347800720953e-01
2.532202887739691821e-01
-5.973903723978801761e-01
-1.698849633100624423e+00
-2.924541978944051213e+00
-4.284282586534323478e+00
-5.879054377781512741e+00
-7.690979302509524551e+00
-7.932380646916191047e+00
-6.437854733298737031e+00
-4.038593195744517139e+00
-2.231300497023967488e-01
3.943989560842771080e+00
8.419159974857699069e+00
1.419729919328035272e+01
2.108061779226787635e+01
2.415251509446165556e+01
2.307141513531612631e+01
2.004137778782911994e+01
1.370509578097164827e+01
7.186288301609998541e+00
6.354125046482710371e-01
-8.709452136616526730e+00
-2.023228111153328967e+01
-2.658021645913441589e+01
-2.741352642533997042e+01
-2.582626038613452124e+01
-1.985058820886958131e+01
-1.450444644269796157e+01
-1.003500195899917280e+01
-2.224195243930544574e+00
7.902985165292543357e+00
1.395396898094006310e+01
1.585896378000522944e+01
1.598327769729952763e+01
1.268879988199398667e+01
1.081937382441787854e+01
1.060013025969647416e+01
8.218430714761701950e+00
4.694719409108124353e+00
1.964019360718800122e+00
-2.524883550074358274e-01
-2.189024432633556394e+00
-3.438547109757444264e+00
-6.133497730629167144e+00
-1.033980205913411154e+01
-1.468165577024483781e+01
-1.963497281833046415e+01
-2.153230956820819131e+01
-1.988439557682643155e+01
-1.676715979805345924e+01
-1.110754429747484373e+01
-4.676605294368471277e+00
2.395079745802916715e+00
1.195869953403671104e+01
2.368248956081782097e+01
2.974154097582451328e+01
2.965489574766751701e+01
2.693718199040887384e+01
1.946386893583555988e+01
1.227603712026495231e+01
5.645439055285776497e+00
-4.802802128765002010e+00
-1.804652824377246390e+01
-2.523551821419760799e+01
-2.609151745892773278e+01
-2.414919415493902477e+01
-1.708208909351892757e+01
-1.119434548321870793e+01
-6.787508639060400029e+00
1.293190803591157234e+00
1.174358060320886743e+01
1.746013745835874431e+01
1.840112806242706611e+01
1.706720816800753227e+01
1.163776930966775680e+01
7.601969279176003624e+00
5.186565159126312885e+00
9.347147269148181614e-02
-6.533140095410148618e+00
-1.016957227427460353e+01
-1.089382941441561492e+01
-1.007687004239726747e+01
-6.581703252710843444e+00
-4.172778923014138996e+00
-2.977578919975128802e+00
-1.473292486760225950e-01
3.533978714011244637e+00
5.744471838558808052e+00
6.591907784284753546e+00
6.643828374790882840e+00
5.332213523281129852e+00
4.767278443006747857e+00
5.006556101686278737e+00
4.515927546223051259e+00
3.736579801431683112e+00
3.302608921497802275e+00
3.102871825502704350e+00
3.139361891439145236e+00
3.547203617972395140e+00
3.544729387154363032e+00
3.123993966436530823e+00
2.783922032906161803e+00
2.358111153368553481e+00
1.050663311356476948e+00
-1.175548895684358275e+00
-4.069677722119932284e+00
-7.858169327518273128e+00
-1.195375072435964370e+01
-1.635640875516929427e+01
-2.157053358120161946e+01
-2.749358353122760690e+01
-2.946109048837662314e+01
-2.707605051137623420e+01
-2.247254640770641743e+01
-1.432961961152443564e+01
-5.486574426157854845e+00
3.936871109502636745e+00
1.654844134190308225e+01
3.181194494376194015e+01
4.016317469970535825e+01
4.103843855791733830e+01
3.864048911139597209e+01
3.037075297983231081e+01
2.250365211695713441e+01
1.535690172136968457e+01
3.519839900293460389e+00
-1.174133937295563790e+01
-2.054308957797830004e+01
-2.265028003185158667e+01
-2.193916031838302061e+01
-1.584170894748404912e+01
-1.155786524427611717e+01
-9.441486924625376531e+00
-3.699710918042021568e+00
4.158765150479585948e+00
8.115843387586547664e+00
8.301596508461079438e+00
6.555978367214677860e+00
1.383669303161600084e+00
-2.201495699702655351e+00
-4.013741654727470021e+00
-7.818773564553698208e+00
-1.255947111343313516e+01
-1.471232997717404700e+01
-1.436038123192288474e+01
-1.243925280142325995e+01
-8.054805441214327288e+00
-4.235069487155890045e+00
-1.048250859955120129e+00
3.793518619310544793e+00
9.677887596239729717e+00
1.324441412353370495e+01
1.443710695142438638e+01
1.443695369645678106e+01
1.236201813874676247e+01
1.079321887853963702e+01
9.822185869662778401e+00
7.392415917921147717e+00
4.028475847912837082e+00
1.583355999259266289e+00
-2.615316537503475924e-02
-1.339679364077840162e+00
-1.915894237643249953e+00
-3.399858694911776613e+00
-5.864517455225827902e+00
-8.129105102508356495e+00
-1.055521222931060699e+01
-1.147021809050507102e+01
-1.058005715066092733e+01
-8.926626276913056657e+00
-5.996523469726430022e+00
-2.453503262062752821e+00
1.647952862755594827e+00
7.112098531625481890e+00
1.382792129911849877e+01
1.736351559306995895e+01
1.742266107262048891e+01
1.605300611475585626e+01
1.204707443215271745e+01
8.203272235985169303e+00
4.682201396827202267e+00
-9.686642007420085410e-01
-8.180102395633124246e+00
-1.256076217151553820e+01
-1.401511237331976822e+01
-1.426101539492812442e+01
-1.216181665805765100e+01
-1.092200204393776097e+01
-1.070101287165616633e+01
-8.928465632816285691e+00
-6.278048111908034024e+00
-4.218337787247812720e+00
-2.570460448102105833e+00
-1.085003296705076892e+00
-7.754749182338047109e-02
1.985446988956991454e+00
5.160090600108771852e+00
8.438241272878194366e+00
1.216413335926044681e+01
1.377181199400007650e+01
1.291304771073305702e+01
1.104858561459849042e+01
7.425655964664339415e+00
3.275381342497467596e+00
-1.310782049903978175e+00
-7.626502596472120921e+00
-1.544178675856770333e+01
-1.956642783909760652e+01
-1.969398882173616983e+01
-1.815270014146387467e+01
-1.353978418957988872e+01
-9.219788394011992239e+00
-5.378500957852569542e+00
8.864046254834144767e-01
8.887688197096693443e+00
1.405442010719399093e+01
1.633039168667000496e+01
1.744129053933186668e+01
1.621785153160134385e+01
1.609031763649729641e+01
1.722677446288302860e+01
1.692258530789971616e+01
1.590442712678513537e+01
1.442437548046050111e+01
1.217126928818182385e+01
9.507471340039893803e+00
6.397008505501880826e+00
1.975022485424403618e+00
-3.780609894794285442e+00
-1.051393432034984698e+01
-1.844538060427539605e+01
-2.346410078526390208e+01
-2.517376624253627782e+01
-2.570127094965870995e+01
-2.389557905915365055e+01
-2.207484443342477576e+01
-2.040006775614653378e+01
-1.669996334492751444e+01
-1.144070172354456894e+01
-7.545537800415908158e+00
-4.979088172331254114e+00
-2.631749022611760136e+00
-1.211232005382957944e+00
1.574063252680922176e+00
5.869516045892219758e+00
9.959542902500105654e+00
1.436124950891422358e+01
1.773938151564080812e+01
1.977648401267280320e+01
2.147252247274428072e+01
2.239830351726813618e+01
2.291310476940073215e+01
2.307524686312775231e+01
2.230854072573608704e+01
2.066805956548944323e+01
1.845362909625491454e+01
1.556844695240356202e+01
1.186516478519575202e+01
7.360111305827466310e+00
1.693853060026285107e+00
-5.207112991149839054e+00
-1.319494681097875244e+01
-2.239650679876666572e+01
-2.833749875651853856e+01
-3.059160567182218671e+01
-3.138773316915217748e+01
-2.946190570951985777e+01
-2.741862127006342220e+01
-2.541119994615463185e+01
-2.101447058133187795e+01
-1.473928210206886114e+01
-9.849592006991681359e+00
-6.298939524759472164e+00
-2.832334159264184414e+00
-2.339074121492479841e-01
4.077145776814283806e+00
1.027371296458699668e+01
1.644038938315734910e+01
2.316707637022946287e+01
2.692014407361905981e+01
2.714254174987983248e+01
2.592184078777132328e+01
2.219033398764962683e+01
1.753084329289773535e+01
1.205777317945520899e+01
4.002985595250045492e+00
-6.355028309866998626e+00
-1.277974158727844411e+01
-1.496150296429156334e+01
-1.572462905868759542e+01
-1.341960188116913955e+01
-1.217891117015527414e+01
-1.226578751342797702e+01
-1.020670002832732948e+01
-6.878500446090903608e+00
-4.175660696363068247e+00
-1.830244455475943610e+00
4.819996664838571698e-01
2.375079590253269757e+00
5.855494723731207607e+00
1.101298697486062039e+01
1.656522398669135754e+01
2.297693597689138656e+01
2.580674175934422365e+01
2.450666633422626006e+01
2.151920121874952230e+01
1.555775201056107448e+01
8.886958584705055841e+00
1.666623504035439129e+00
-8.388108051627906292e+00
-2.084469770594973070e+01
-2.804715657048961930e+01
-2.959484022625336763e+01
-2.886395393956066968e+01
-2.380431058671718958e+01
-1.948214985025359525e+01
-1.617904877684835085e+01
-9.588705696282005420e+00
-7.564234790508475026e-01
4.800026583385873735e+00
7.112500323636402833e+00
8.120221853481492502e+00
6.443848833370402929e+00
6.433294523378832785e+00
8.295491844785114921e+00
8.702868752679529862e+00
8.588658917026856798e+00
8.290630839691944587e+00
7.451156999658115510e+00
6.547847785647622487e+00
5.563650005032600099e+00
3.437989229465112651e+00
1.696042215190714797e-01
-3.765003111462132512e+00
-8.616030323850480954e+00
-1.139790940374857797e+01
-1.181231435936034657e+01
-1.147329751257927555e+01
-9.550204875640735835e+00
-7.665747757652546568e+00
-5.952603549675842487e+00
-2.876125663815744637e+00
1.228636651231904686e+00
4.429726617005983691e+00
6.761921930414074744e+00
8.936895426314167779e+00
1.048995447817585180e+01
1.294913399628165074e+01
1.640807892031562787e+01
1.972918896897845897e+01
2.325637570066932014e+01
2.422995945945718788e+01
2.224696938017068959e+01
1.884716730751513225e+01
1.320029572298879117e+01
6.615601495311411284e+00
-8.319468697806253754e-01
-1.056001482703548078e+01
-2.234240770651300068e+01
-2.955197667421914787e+01
-3.177211355270636162e+01
-3.202749929735158219e+01
-2.852098290392650526e+01
-2.550600151279287786e+01
-2.322536437343156734e+01
-1.798883313220124336e+01
-1.066646962491446970e+01
-5.537729180206339308e+00
-2.514516007098233086e+00
-1.158503128109589220e-01
6.195335798736187893e-01
3.174023374810294840e+00
7.733457905196649662e+00
1.171025843935438360e+01
1.587391943667327077e+01
1.856995998841087570e+01
1.934907352935900349e+01
1.953332064157389425e+01
1.857345402691377600e+01
1.677906961783164164e+01
1.421926185247128238e+01
1.022476986259764864e+01
4.827761590752146503e+00
8.497893020664560870e-01
-1.585080892200523728e+00
-3.840025535298980941e+00
-5.191009971802951206e+00
-7.485228305856547415e+00
-1.087685904633960909e+01
-1.384523164364621728e+01
-1.680702149348206831e+01
-1.754086569969410903e+01
-1.563594590626487602e+01
-1.242090213384698849e+01
-7.193741834640082544e+00
-8.625406326227122999e-01
6.525502740028839455e+00
1.608541435025890465e+01
2.768240920907925329e+01
3.347268035120391261e+01
3.288283693563244015e+01
2.957314519722270063e+01
2.138510334297506787e+01
1.319828802410788349e+01
5.285086985537310156e+00
-6.689445328197341389e+00
-2.174558077981511772e+01
-3.063315650814235269e+01
-3.304571123109241881e+01
-3.274749746592786437e+01
-2.730927420237841829e+01
-2.326688193027873552e+01
-2.095025000935126513e+01
-1.500609143721638183e+01
-6.794650762262991250e+00
-1.373638347550173888e+00
1.448236447911980918e+00
3.174051660667402075e+00
2.585170776214518629e+00
4.041549129458762657e+00
7.727701474712099561e+00
1.046314515719017280e+01
1.319367980631536064e+01
1.500678192519776921e+01
1.546355832767088856e+01
1.565679727260216225e+01
1.523599501060635752e+01
1.391204303189176450e+01
1.174187438609909684e+01
8.532414071904852904e+00
4.198973176670632412e+00
1.069815159916602365e+00
-7.152933104814624965e-01
-2.357612662008573778e+00
-3.251346504766243761e+00
-4.817939506070890054e+00
-7.189004515239221682e+00
-9.152007589617756622e+00
-1.102838715971186012e+01
-1.186430266042490267e+01
-1.141055375452550535e+01
-1.033380181945103082e+01
-8.307549478673784904e+00
-5.588517290584292141e+00
-2.192609899377261584e+00
2.325381375798450279e+00
7.945159934758387443e+00
1.103912107962272238e+01
1.134654848863738863e+01
1.059938545121983644e+01
7.807877497528131983e+00
5.222272349954899084e+00
2.983926624797793359e+00
-8.929342281015746341e-01
-5.945893109026419765e+00
-8.721741218122444295e+00
-9.152277798131539299e+00
-8.576711849176904323e+00
-6.103283675744922476e+00
-4.259995484078407557e+00
-3.171284524223016099e+00
-8.141138516996013763e-01
2.280101283238472831e+00
3.955328145646600291e+00
4.248773484669383649e+00
3.823070180365554016e+00
2.137924301775024016e+00
9.726246755867001825e-01
3.899047467742842166e-01
-9.578995508536141124e-01
-2.699070469481166246e+00
-3.244122238327375118e+00
-2.592895157362315572e+00
-1.242000504907011971e+00
1.220859905838866277e+00
3.518431427734752592e+00
5.614982554034446238e+00
8.507885210409076748e+00
1.193981662447681380e+01
1.342484159050419379e+01
1.283867343615541046e+01
1.118321506386646469e+01
7.780982051463690041e+00
4.342066002362162003e+00
9.316499336799206610e-01
-3.904545984148779514e+00
-9.830117939386616044e+00
-1.354634673193861438e+01
-1.492709757031844120e+01
-1.532265410729108268e+01
-1.385852221704682030e+01
-1.285225933111073005e+01
-1.241693250622651767e+01
-1.063828139953949226e+01
-7.994147913588780519e+00
-5.877814597173916411e+00
-4.173023461569695947e+00
-2.525719040385911107e+00
-1.246276678438070551e+00
9.941341753991814745e-01
4.260018526351922574e+00
7.647842681395685460e+00
1.146016644142604690e+01
1.380775440282758204e+01
1.441801789680521750e+01
1.440414349027230934e+01
1.320878926984819657e+01
1.170673777087581158e+01
9.970133003943342231e+00
7.060011420742484667e+00
3.140814895087840064e+00
4.777052304508964120e-01
-8.626561941637698183e-01
-1.869874721219196623e+00
-1.964317176266895171e+00
-2.726245275781763677e+00
-4.262484655204034745e+00
-5.300043407870351331e+00
-6.185789055552238125e+00
-6.932677720731011739e+00
-7.387413027587663272e+00
-7.780646596463887121e+00
-8.068282945561213282e+00
-7.923942595078657725e+00
-7.346582149037550025e+00
-6.442215785972104314e+00
-5.127505936015163357e+00
-4.001351780593870089e+00
-3.107582678927288455e+00
-2.085945616507545175e+00
-1.088655233678841761e+00
2.219847160718274315e-01
1.893040414463318832e+00
3.635516816329531942e+00
5.534312044223948845e+00
6.865769277110792324e+00
7.524855539535338700e+00
7.914823941454681488e+00
7.818027360246748714e+00
7.593768958528994695e+00
7.263276926122200550e+00
6.447455788531422982e+00
5.210249165014170458e+00
3.981984254151168745e+00
2.737975392124389451e+00
1.300732385045459516e+00
-2.383436359983563402e-01
-2.246533789462165309e+00
-4.760477118272717689e+00
-7.533828831629071132e+00
-1.066103311444283364e+01
-1.199181730786648004e+01
-1.129124297127637355e+01
-9.644289174371023066e+00
-6.429327983332877139e+00
-2.838488708375911163e+00
1.066271032222220416e+00
6.442463085905176357e+00
1.306781739183677082e+01
1.638905397854643553e+01
1.613283357041868271e+01
1.432488738333298883e+01
9.729341033411495587e+00
5.309478300978900833e+00
1.221575386194520441e+00
-5.095137222741437100e+00
-1.304006542894957832e+01
-1.736839324477230662e+01
-1.790943538691424664e+01
-1.676020264477256205e+01
-1.253916289293338160e+01
-8.973911911913463157e+00
-6.241057054601492737e+00
-1.285708235196920679e+00
5.122936291239788886e+00
8.562230357076357379e+00
8.987737251153795626e+00
7.985528963060015251e+00
4.416541800788087890e+00
1.658777262648510664e+00
-1.464849968807158120e-01
-3.662432765121640177e+00
-8.186687772310991207e+00
-9.734301895053155462e+00
-8.235661333343278656e+00
-5.100046818757207667e+00
7.182109722919751693e-01
6.207643069055739815e+00
1.126222138695752584e+01
1.829685994600131593e+01
2.670233294219129760e+01
3.031289772801397575e+01
2.881951833590742140e+01
2.472871769674118170e+01
1.636327560942158854e+01
7.941880540649799869e+00
-3.683514902647634925e-01
-1.215732911257805426e+01
-2.659207210373656594e+01
-3.451546154746581863e+01
-3.550999272764952508e+01
-3.337880843117012120e+01
-2.566621010002990388e+01
-1.866808657227624835e+01
-1.268038888389607877e+01
-2.416529095290663065e+00
1.084434175256661881e+01
1.861367016919276196e+01
2.075869353162782716e+01
2.047551337131218574e+01
1.557551138594404883e+01
1.241384742852560308e+01
1.128757823511886649e+01
7.154898096931502138e+00
1.349709663095719492e+00
-2.538406248626111861e+00
-4.780948994063921376e+00
-6.187233994510910051e+00
-5.926328119009891537e+00
-7.415867960805808679e+00
-1.077341988547071949e+01
-1.361855972403976978e+01
-1.669454756660791261e+01
-1.785514965726511960e+01
-1.664049534105190986e+01
-1.458890791094257899e+01
-1.102811602625181919e+01
-6.582991130804792590e+00
-1.345141429642555453e+00
5.613928780635235150e+00
1.419304474874785704e+01
1.949011170408629923e+01
2.119929411569117406e+01
2.160973014399377590e+01
1.940177030680364112e+01
1.767816605911536598e+01
1.663422234877625883e+01
1.357937776206416203e+01
9.158425960863779025e+00
5.827250289388626214e+00
3.460033658868324036e+00
1.302780029043965726e+00
-7.476410267867727999e-02
-2.814700902290425688e+00
-7.030035922286212546e+00
-1.119933106952704627e+01
-1.580558885563278082e+01
-1.820020646215371585e+01
-1.796410819781066692e+01
-1.669344730839449653e+01
-1.359216701501676994e+01
-9.818422312633629190e+00
-5.466225646813045458e+00
7.675662020176046152e-01
8.674952839684495487e+00
1.324523088795780446e+01
1.420552562407888253e+01
1.382609520462253094e+01
1.076874116107522816e+01
8.308598200978144277e+00
6.644351752092451768e+00
2.987228118085513362e+00
-1.978619342907067091e+00
-5.215457706777236524e+00
-6.794181453877293109e+00
-7.709026060176704220e+00
-7.218492707359139615e+00
-7.819128927731748391e+00
-9.627385128280561588e+00
-1.078380087447618862e+01
-1.183015500300057177e+01
-1.199089799521880373e+01
-1.097853600798768881e+01
-9.533952080569418897e+00
-7.376636828821238723e+00
-4.476082247278761805e+00
-8.639317318200747664e-01
3.715074377108223747e+00
9.290631200674487999e+00
1.316272198642981905e+01
1.514057093892507488e+01
1.654995256052060526e+01
1.666190064812624172e+01
1.712712405085820677e+01
1.806319540370111554e+01
1.801794221595398682e+01
1.733882572690627910e+01
1.597950376430288522e+01
1.373110693015875938e+01
1.082953070533677931e+01
7.182904417413044307e+00
2.427481111666465630e+00
-3.469960891167070294e+00
-1.045006030086728011e+01
-1.863199711244360302e+01
-2.367294764493756176e+01
-2.517873426788834834e+01
-2.531295424158989249e+01
-2.285979511568628553e+01
-2.035760278291565939e+01
-1.796350124625628553e+01
-1.333498765245449746e+01
-6.977233865375505495e+00
-2.454653959967062704e+00
2.281413066166813053e-01
2.460731290313650454e+00
3.359622479930214567e+00
5.641626333803650972e+00
9.472394886574409867e+00
1.276902068824921699e+01
1.613364827368398124e+01
1.762966718820538148e+01
1.682403619289172170e+01
1.504696655648959336e+01
1.167242471981167107e+01
7.297519638957733257e+00
1.980182551222306797e+00
-5.166594606703517556e+00
-1.406224075613567770e+01
-1.904336620957712611e+01
-1.972742726587589601e+01
-1.878335145376221149e+01
-1.467405768273171596e+01
-1.095144524844099010e+01
-7.836133889610182202e+00
-2.218717346587776529e+00
5.168595339012847845e+00
9.974732769611305727e+00
1.219700174775095824e+01
1.342962288945672356e+01
1.257997403739573450e+01
1.299877723338656033e+01
1.485519916952059027e+01
1.556069660229358753e+01
1.583571397728367813e+01
1.517154155490461598e+01
1.320779616569672399e+01
1.067182866719182499e+01
7.323295619691176483e+00
2.781094952904473949e+00
-2.943461021771502928e+00
-9.911489216543149183e+00
-1.824087338111455736e+01
-2.302115948687902147e+01
-2.383077751024435642e+01
-2.310575181910616038e+01
-1.948327492158203356e+01
-1.584990977828311465e+01
-1.239000666433604536e+01
-6.463841768773843199e+00
1.347483312578091841e+00
6.228727849500661939e+00
8.085414454181744759e+00
8.841833343136720202e+00
7.263631537872114130e+00
6.858707468919610584e+00
7.820012619764129980e+00
7.353138222215854114e+00
6.208509279642472123e+00
5.355166193824383747e+00
4.545232067634975337e+00
3.825077568508477910e+00
3.364666937314047424e+00
1.877279435553302678e+00
-6.709772744899029639e-01
-3.524713426476875799e+00
-6.978915289626566931e+00
-8.874727523443942445e+00
-8.947670708476476165e+00
-8.443396727716848460e+00
-6.746783236818163054e+00
-4.928345770029637585e+00
-3.084982076381267202e+00
-1.404788041219875994e-01
3.688440341482769558e+00
6.104532381523410933e+00
7.045407931144844760e+00
7.470703304155076552e+00
6.788725736334815686e+00
6.616663922135450626e+00
7.050049607653013695e+00
6.781472117529159682e+00
6.157626890159981770e+00
5.436021371826426751e+00
4.478250984790506983e+00
3.393524630465100778e+00
2.202386138955716444e+00
4.161097097529746214e-01
-1.979600921104790245e+00
-4.743421079423732145e+00
-7.994922123660210822e+00
-9.965230867324256891e+00
-1.047337929449139260e+01
-1.045125806576949579e+01
-9.400490944369130020e+00
-8.295130821191435189e+00
-7.204488194551569968e+00
-5.202095396319474929e+00
-2.482645608234070878e+00
-5.932602690715652605e-01
4.526771907173262055e-01
1.273443341879069823e+00
1.481757574071810968e+00
2.228611684321851527e+00
3.584556572085716208e+00
4.654370324509537582e+00
5.691453168474509994e+00
6.564183882199057685e+00
7.155461832986435233e+00
7.703210150425503500e+00
8.139837956717265399e+00
8.318030047629676460e+00
8.245480558057726839e+00
7.925505292931728007e+00
7.318367986059691077e+00
6.758246913591721139e+00
6.258161433982455613e+00
5.618514588618245931e+00
4.918174749068040974e+00
3.952891748213548606e+00
2.691187997492904049e+00
1.292860077791222917e+00
-2.973089261474866074e-01
-2.567907775110633395e+00
-5.557307072332528186e+00
-9.083540728843157552e+00
-1.328946688977330837e+01
-1.787287722519954869e+01
-2.283482241499111964e+01
-2.846105457307775666e+01
-3.470331672626853248e+01
-3.640054988596288155e+01
-3.307426511597652308e+01
-2.712204607249770660e+01
-1.706666958790549771e+01
-5.963037769724903292e+00
6.065836686911898035e+00
2.188484230720379387e+01
4.092904124600285343e+01
5.136514512865555560e+01
5.245155046569789903e+01
4.945429757821990790e+01
3.914445626933711964e+01
2.919106772899221269e+01
1.998620271265257031e+01
4.864701888920945905e+00
-1.463143805661765207e+01
-2.588852000309992718e+01
-2.858185695693280337e+01
-2.771156204119019506e+01
-1.999508080812429611e+01
-1.456088749986681741e+01
-1.186521381591692226e+01
-4.540189011869585123e+00
5.500680393578342375e+00
1.060584983405856008e+01
1.094383433137521422e+01
8.858530227670891932e+00
2.451226705901240699e+00
-1.903972987554600760e+00
-3.968103844913299483e+00
-8.524645696276705209e+00
-1.422758379989234356e+01
-1.669418992072897368e+01
-1.603756664230398599e+01
-1.339852376505712428e+01
-7.666688717051626689e+00
-2.631756467076217909e+00
1.624007672061686502e+00
7.956583631509478671e+00
1.560019860612547760e+01
1.958400435239344262e+01
1.975758916500913998e+01
1.795686242380621778e+01
1.285429335625996394e+01
8.116795859655031364e+00
3.873162129968773293e+00
-2.874437028814706085e+00
-1.139275204798147101e+01
-1.612935130018065166e+01
-1.693019078728562121e+01
-1.595131568717695636e+01
-1.173430066859457099e+01
-8.326911746267139591e+00
-5.912195685903249398e+00
-1.209343687995210637e+00
4.945681494828948921e+00
8.607285160084703790e+00
9.805183394261199226e+00
9.856869130103932619e+00
7.768779300074745819e+00
6.708109022330242865e+00
6.805434517503842429e+00
5.638137144358909225e+00
3.874765011783793955e+00
2.522197223974542268e+00
1.391259981880658358e+00
4.578318152149131182e-01
-7.504226328757399034e-02
-1.433127964446645697e+00
-3.642265672502801532e+00
-5.936767371151852046e+00
-8.587333065557158918e+00
-9.745554703714756073e+00
-9.161794935205339385e+00
-7.905961933339114900e+00
-5.439345099953434293e+00
-2.633252996579969363e+00
4.409959100645531871e-01
4.701286833035527302e+00
9.981597334305625679e+00
1.271294957495536515e+01
1.268769754566577213e+01
1.150024490094069307e+01
8.186702995599359767e+00
5.063777669985704222e+00
2.258247295439763658e+00
-2.226628789095195682e+00
-7.918029716323670364e+00
-1.103610085744212377e+01
-1.147683487961651849e+01
