-3.579585066119584980e+01
-3.470561898643367016e+01
-3.360246976147453779e+01
-3.249073212865033611e+01
-3.131538229903558701e+01
-3.009152116435878099e+01
-2.911918730122308929e+01
-2.842262867596161513e+01
-2.787190738965389158e+01
-2.755240426071357263e+01
-2.727854536975285527e+01
-2.704456204922604101e+01
-2.702082514768919097e+01
-2.717341147823354319e+01
-2.730639906494244684e+01
-2.742783763162213617e+01
-2.761346681649099466e+01
-2.781911092377368888e+01
-2.821116431837317506e+01
-2.880319245227831360e+01
-2.947919417584497381e+01
-3.027964685210594453e+01
-3.097943090254691612e+01
-3.154651838758612570e+01
-3.211852833272239849e+01
-3.263002239710351660e+01
-3.318754028797165034e+01
-3.380188790149450995e+01
-3.436199694083055789e+01
-3.488949724174256772e+01
-3.559394999482735500e+01
-3.647857811838218822e+01
-3.745651835049425671e+01
-3.858049409094476800e+01
-3.969950959746321217e+01
-4.080385520585977588e+01
-4.201262492588241315e+01
-4.329257496444495246e+01
-4.443472134988095235e+01
-4.543158028388134539e+01
-4.635783539614622129e+01
-4.715670730152247359e+01
-4.797739254858410618e+01
-4.882348709031749223e+01
-4.956960723803648960e+01
-5.024417085456666143e+01
-5.095493476376246633e+01
-5.169416394893499955e+01
-5.242696077260183785e+01
-5.317688001791531605e+01
-5.384358042246158504e+01
-5.442001496541699623e+01
-5.497359391490836344e+01
-5.548015093539127918e+01
-5.612584274456614253e+01
-5.693464815962248338e+01
-5.780015204336429235e+01
-5.877622597223629697e+01
-5.976952257845115213e+01
-6.077238674270797958e+01
-6.187940996584021036e+01
-6.307223490788648945e+01
-6.419132217585874400e+01
-6.523598339712867755e+01
-6.627170804509323432e+01
-6.725921164567300536e+01
-6.831728575712946849e+01
-6.945410609103406330e+01
-7.057842582722709324e+01
-7.171705758371999195e+01
-7.266306577117077836e+01
-7.338520218934930028e+01
-7.399947537910242090e+01
-7.444314362197000889e+01
-7.481302214916557602e+01
-7.511442291391071535e+01
-7.524100891596333440e+01
-7.520915765346978787e+01
-7.520072057395289278e+01
-7.521414833006792833e+01
-7.516917852577238079e+01
-7.510847150233013281e+01
-7.489284573558173008e+01
-7.450970189455763659e+01
-7.406117375742249465e+01
-7.351347748506175606e+01
-7.297379678976048467e+01
-7.246198921358575262e+01
-7.190142418966622984e+01
-7.132407563781673332e+01
-7.068870223857572910e+01
-6.998869527537345903e+01
-6.927273717461224578e+01
-6.853196262519554693e+01
-6.764536271228567443e+01
-6.660878851006096113e+01
-6.547429230127919197e+01
-6.421048633928775473e+01
-6.289932980678845809e+01
-6.154577948684076460e+01
-6.008227416712475843e+01
-5.852625169641347469e+01
-5.734932533506113828e+01
-5.659124550264473896e+01
-5.604290148884462042e+01
-5.583864089201700409e+01
-5.569078710497385742e+01
-5.558947574836735583e+01
-5.580041025801672561e+01
-5.627073288591028444e+01
-5.668534272800432916e+01
-5.705579807215860910e+01
-5.750457454306618388e+01
-5.795997935866110851e+01
-5.868644186574784527e+01
-5.970520634301194463e+01
-6.083029413099518479e+01
-6.212561529699137708e+01
-6.324702893475064513e+01
-6.414432856623361090e+01
-6.502909034552331491e+01
-6.580078503070022578e+01
-6.661981365645080189e+01
-6.750243881994387607e+01
-6.827939578337088733e+01
-6.898294287153456139e+01
-6.993613680899129292e+01
-7.114385776102371040e+01
-7.247116115717356877e+01
-7.399911762960674366e+01
-7.549502452485431547e+01
-7.694350743252495306e+01
-7.852772899285845654e+01
-8.019617525023306825e+01
-8.148696554542731008e+01
-8.237389072851074445e+01
-8.303694507750928722e+01
-8.334767181089239330e+01
-8.361542089750923878e+01
-8.384809620037545130e+01
-8.377502279080411540e+01
-8.345378400543555131e+01
-8.314992030704630110e+01
-8.284798137876018131e+01
-8.245297968809650513e+01
-8.202352166000278544e+01
-8.132240686153029685e+01
-8.033126799353100012e+01
-7.921156875251071483e+01
-7.790555869335717887e+01
-7.679447856801776595e+01
-7.592911675482545775e+01
-7.508467503313893587e+01
-7.437135213960978319e+01
-7.360165231274265807e+01
-7.275835375137087624e+01
-7.203266219100412115e+01
-7.138686900827937620e+01
-7.048197852609881409e+01
-6.931447696630314681e+01
-6.802344602709040089e+01
-6.652429486950023829e+01
-6.506516940068955535e+01
-6.366225023040153275e+01
-6.212197918523808227e+01
-6.049943353400314550e+01
-5.924166234794845565e+01
-5.837249910529178720e+01
-5.772163559281921863e+01
-5.741317082954887496e+01
-5.714395080880898092e+01
-5.690683399206174897e+01
-5.696554688105419473e+01
-5.726376467470075937e+01
-5.755003594289649982e+01
-5.784006338921133761e+01
-5.822285108892574357e+01
-5.864333385896485140e+01
-5.932871502261064478e+01
-6.029668438999166824e+01
-6.139369550221534411e+01
-6.267528369757520323e+01
-6.376303765819420022e+01
-6.460738837976043669e+01
-6.543027107626183181e+01
-6.612258019402514719e+01
-6.687213977962704803e+01
-6.769608124729468557e+01
-6.840411768094037370e+01
-6.903414317650344856e+01
-6.992026363707249459e+01
-7.106584909759675384e+01
-7.233442692637595428e+01
-7.380941033486243441e+01
-7.524588613084040389e+01
-7.662806065814984890e+01
-7.814697791574403141e+01
-7.974837590617143235e+01
-8.096794383158217556e+01
-8.177984839675923467e+01
-8.236311480407245256e+01
-8.258859224970073853e+01
-8.276885744824443236e+01
-8.291149580812694353e+01
-8.274346710612918798e+01
-8.232280352725422290e+01
-8.191458354614734105e+01
-8.150288661488433206e+01
-8.099306128418234607e+01
-8.044337133488525637e+01
-7.961585921952128331e+01
-7.849195700657915609e+01
-7.723305092636638847e+01
-7.578103982226542712e+01
-7.452596512491092540e+01
-7.351929008061740944e+01
-7.253165479209889099e+01
-7.167562788496567805e+01
-7.075834367347438558e+01
-6.976212966768738966e+01
-6.888288915040521943e+01
-6.808174146818954853e+01
-6.701303791661466391e+01
-6.567320950041549565e+01
-6.420368660713224074e+01
-6.251816700569366958e+01
-6.086979642002202695e+01
-5.927495085541939090e+01
-5.753610343738822763e+01
-5.570935927252347852e+01
-5.420314504059687266e+01
-5.303679980263224536e+01
-5.205871868247450607e+01
-5.138156715361401439e+01
-5.072317804073278324e+01
-5.007709302893019299e+01
-4.968597968546880139e+01
-4.949710104996810855e+01
-4.928783095714815943e+01
-4.907300484087723191e+01
-4.892941538223468001e+01
-4.880850314314066907e+01
-4.891395192738896469e+01
-4.926127302129838625e+01
-4.971345390269283371e+01
-5.032018579079624487e+01
-5.072754628589891723e+01
-5.088969542031033200e+01
-5.101237347138506095e+01
-5.099354078631056097e+01
-5.100998845833069595e+01
-5.107736722302775689e+01
-5.101702608989000964e+01
-5.086444006921333738e+01
-5.092878296341942246e+01
-5.121267733031352520e+01
-5.158990277757099818e+01
-5.213739088156120971e+01
-5.262745138676188361e+01
-5.304521051217224681e+01
-5.356757203709018711e+01
-5.414388005826734229e+01
-5.452088905510630923e+01
-5.469262032296906995e+01
-5.474174485280251901e+01
-5.459993707074906411e+01
-5.445518603510146960e+01
-5.431080706718223183e+01
-5.401152324359792800e+01
-5.359287472514012052e+01
-5.317321367456264625e+01
-5.274155275103446172e+01
-5.226191292202098282e+01
-5.175918486690494547e+01
-5.111717802803259048e+01
-5.032752270560131791e+01
-4.946580069348105724e+01
-4.850354438844242821e+01
-4.768124627317646969e+01
-4.702825806461930114e+01
-4.640876411384397215e+01
-4.589173021705794753e+01
-4.535334383097039535e+01
-4.478341613006082156e+01
-4.430486366110500995e+01
-4.389294124809202202e+01
-4.334525389745721924e+01
-4.266089414591686335e+01
-4.192160267561285991e+01
-4.107731789189601557e+01
-4.027899750798896861e+01
-3.953653381040199832e+01
-3.873359883585892049e+01
-3.790393701344365240e+01
-3.719625212190889130e+01
-3.661289368688012758e+01
-3.610834640907232540e+01
-3.572256401096971956e+01
-3.534241145900744385e+01
-3.496636084231779762e+01
-3.468689297415937034e+01
-3.448273248567028304e+01
-3.428898735132340647e+01
-3.411273645192198245e+01
-3.397275257861882380e+01
-3.385580920141666184e+01
-3.382814043208836807e+01
-3.389461613696352060e+01
-3.401315684013183471e+01
-3.420019452488675427e+01
-3.430843116898205380e+01
-3.432048768415810969e+01
-3.431894804422362455e+01
-3.426180497077030651e+01
-3.422608058797616337e+01
-3.421812956997641209e+01
-3.416240507734591603e+01
-3.407444574297777251e+01
-3.407688214545170524e+01
-3.417028266751363930e+01
-3.430562626790290182e+01
-3.451333283361168469e+01
-3.470185190813632659e+01
-3.486537373366276427e+01
-3.507459553287613119e+01
-3.530917863946044122e+01
-3.543224969771051747e+01
-3.543770028423082863e+01
-3.537515676251643271e+01
-3.520688263009978414e+01
-3.502845073109570961e+01
-3.484182703956968652e+01
-3.456514208212486494e+01
-3.421618497382441149e+01
-3.386812256081827854e+01
-3.351573850650633091e+01
-3.313398926047035076e+01
-3.273868083192112977e+01
-3.226206787462031400e+01
-3.169892138353212729e+01
-3.109443575794260539e+01
-3.043198920882268865e+01
-2.983352137606634713e+01
-2.931455086846168712e+01
-2.880450008652405103e+01
-2.833842332208086390e+01
-2.785484660928961631e+01
-2.734833518408015252e+01
-2.688057936192309327e+01
-2.643918397340086557e+01
-2.591824455018412721e+01
-2.531685947237508572e+01
-2.467804236136409202e+01
-2.397540513293214204e+01
-2.328699096297138027e+01
-2.261781693029930196e+01
-2.190719022107892400e+01
-2.117242067026224106e+01
-2.064013985369064841e+01
-2.032673982813745184e+01
-2.013844434034454167e+01
-2.013936956123449207e+01
-2.018497990353158755e+01
-2.027139338944323654e+01
-2.052916407493490780e+01
-2.093188915127204552e+01
-2.133862822049071539e+01
-2.175628826465774779e+01
-2.223824689709261548e+01
-2.275315613793513947e+01
-2.342341032497360231e+01
-2.425903161226965210e+01
-2.517585667729516530e+01
-2.620385684744241672e+01
-2.716460594026552755e+01
-2.803366531263339567e+01
-2.891865909833057202e+01
-2.976801517624261706e+01
-3.066807870155320614e+01
-3.162741375677011035e+01
-3.255740720374371477e+01
-3.347569016180521118e+01
-3.454539744671641444e+01
-3.576889347642106287e+01
-3.707918950612738485e+01
-3.851734754797370641e+01
-3.996536782140799460e+01
-4.141582610191705527e+01
-4.296172845684559860e+01
-4.457717599494704075e+01
-4.589373846294511594e+01
-4.688449038001031965e+01
-4.770377925825247445e+01
-4.824751304566110122e+01
-4.874974967388244096e+01
-4.921730618593769435e+01
-4.943874369181508399e+01
-4.945710656900268276e+01
-4.950397094582150714e+01
-4.956867811975988758e+01
-4.956365291506244830e+01
-4.954079375130289975e+01
-4.930045999163672121e+01
-4.882662595182871001e+01
-4.825748785329376034e+01
-4.754447159236448073e+01
-4.697423641451802467e+01
-4.658664456285181643e+01
-4.620873839717930309e+01
-4.592369087856490495e+01
-4.559392740424596724e+01
-4.520600182601351236e+01
-4.490221041282784853e+01
-4.465473504686257655e+01
-4.420103602354890171e+01
-4.353755323277827216e+01
-4.277274779732365317e+01
-4.184076949764293829e+01
-4.093187264677357007e+01
-4.005836896788376578e+01
-3.907081793542074877e+01
-3.801124120774462511e+01
-3.719400057900390522e+01
-3.663403320184180956e+01
-3.621363517414212652e+01
-3.601939570638016619e+01
-3.583451224264030799e+01
-3.565369710941376979e+01
-3.566327304980601554e+01
-3.582252175698049257e+01
-3.595908254162114304e+01
-3.608405523272511317e+01
-3.625674907741426978e+01
-3.643933866292404389e+01
-3.678870767903801919e+01
-3.731659211767618700e+01
-3.791693941229559783e+01
-3.862782967702500514e+01
-3.917937987875809824e+01
-3.953629604344302351e+01
-3.985544145663718041e+01
-4.005881892876160322e+01
-4.028058358785033732e+01
-4.053247340872717075e+01
-4.067828543096656801e+01
-4.074476885633065137e+01
-4.096781562972221735e+01
-4.134926536119050411e+01
-4.179242974195754812e+01
-4.235585938607830059e+01
-4.286559121098417080e+01
-4.331005307130302384e+01
-4.382407982664074808e+01
-4.436880598455448421e+01
-4.485793006112852055e+01
-4.529772324839063202e+01
-4.570097971270345028e+01
-4.604657734265799718e+01
-4.641646755876910646e+01
-4.681091935723506481e+01
-4.717051457938877945e+01
-4.751132569228060731e+01
-4.784661196840873743e+01
-4.817023645323023828e+01
-4.848603438733757542e+01
-4.879536211295287984e+01
-4.907265037267698915e+01
-4.931683523900447597e+01
-4.954080595470671966e+01
-4.973816663087423251e+01
-5.001877232420221731e+01
-5.039385231903152373e+01
-5.080637887626942728e+01
-5.128743247343375344e+01
-5.177599213090533681e+01
-5.226800993050954247e+01
-5.282153468818329145e+01
-5.342453174694130524e+01
-5.399420280111517201e+01
-5.453127169165833266e+01
-5.506811109191838938e+01
-5.558466798538030673e+01
-5.614524063679717614e+01
-5.675413191899259857e+01
-5.736310598211883161e+01
-5.798678026974931754e+01
-5.846988430531932579e+01
-5.879142909805307937e+01
-5.903468581512794344e+01
-5.915333744604237864e+01
-5.922501564269136054e+01
-5.925370670014017094e+01
-5.915808712857377571e+01
-5.895172306493182646e+01
-5.876350744991052011e+01
-5.859179762484379950e+01
-5.838114298019680604e+01
-5.816170790010261271e+01
-5.783333658021607704e+01
-5.738728106397301332e+01
-5.689665353339853482e+01
-5.633726056661465975e+01
-5.579484013825708644e+01
-5.528454185296087786e+01
-5.474733828424452042e+01
-5.420875075885890482e+01
-5.363427172730170867e+01
-5.301903072314680543e+01
-5.240279774361946608e+01
-5.177837507739478440e+01
-5.105326051027350331e+01
-5.022476836556704427e+01
-4.933260163126658426e+01
-4.835301551962035660e+01
-4.734969207610264164e+01
-4.632666624726648763e+01
-4.523217316320546644e+01
-4.407997139660120922e+01
-4.318904679321885709e+01
-4.258573338217570381e+01
-4.213010944002711256e+01
-4.191297530884799016e+01
-4.173849780716066959e+01
-4.160023634509711599e+01
-4.167852402169019399e+01
-4.193744901996449670e+01
-4.216637786680941247e+01
-4.237347767675122157e+01
-4.264037011822031786e+01
-4.291933037752037450e+01
-4.338812693158624967e+01
-4.406112850200229758e+01
-4.481381896531408415e+01
-4.568928721337582033e+01
-4.645255988035388839e+01
-4.706973069825281897e+01
-4.768495644808358946e+01
-4.822975428049920055e+01
-4.881436766792987214e+01
-4.944999633339454448e+01
-5.002093660453483182e+01
-5.054946553393136810e+01
-5.125540162225239271e+01
-5.214210951893867474e+01
-5.311809236995682681e+01
-5.423858682901430228e+01
-5.534526875191502882e+01
-5.642781324888033367e+01
-5.761098100835264546e+01
-5.885981890124059390e+01
-5.986896946293758504e+01
-6.062161667472625481e+01
-6.123622105491210732e+01
-6.162805268082672683e+01
-6.200269296121123830e+01
-6.236546095432898085e+01
-6.253715368536162345e+01
-6.255617556295356962e+01
-6.259705696714389234e+01
-6.264960192097505853e+01
-6.265185439452057636e+01
-6.264238552942238414e+01
-6.246507604107991085e+01
-6.210799246424802789e+01
-6.167747759561384413e+01
-6.113561746854626477e+01
-6.073613278787617986e+01
-6.051282106868379174e+01
-6.031656660161401362e+01
-6.022078087032173244e+01
-6.010063673635438874e+01
-5.994484717137277840e+01
-5.988083503031644028e+01
-5.988361230612164121e+01
-5.972835258677717718e+01
-5.941291557818573210e+01
-5.902967706445465979e+01
-5.852265854931269473e+01
-5.805679906693728753e+01
-5.764298435757096684e+01
-5.715286830918741856e+01
-5.662317777864159751e+01
-5.623118227763996657e+01
-5.598054440072967708e+01
-5.581429582319059080e+01
-5.578011688269361912e+01
-5.574536562526134276e+01
-5.570775813830930900e+01
-5.577633953510416376e+01
-5.592598740323047224e+01
-5.607567485181101574e+01
-5.623324129010171646e+01
-5.642279920834511842e+01
-5.662739886124390409e+01
-5.692739051157415986e+01
-5.732850757676148845e+01
-5.777871951205514733e+01
-5.829771816972591125e+01
-5.871623738245514090e+01
-5.901374216467993961e+01
-5.928556534489614194e+01
-5.948319470834413636e+01
-5.969401418175326057e+01
-5.992516889904383959e+01
-6.009005262862443431e+01
-6.020612616650696225e+01
-6.041530034092401991e+01
-6.071815595026704671e+01
-6.105744680871426056e+01
-6.146825432703857928e+01
-6.184460319619746826e+01
-6.217954898913789208e+01
-6.255469339605466672e+01
-6.294633788759829685e+01
-6.322777903156436707e+01
-6.339504804481138933e+01
-6.349050613336207505e+01
-6.347958979262254076e+01
-6.345445403030436893e+01
-6.341658151928627518e+01
-6.328869771391442356e+01
-6.308797549978805819e+01
-6.287597817913477627e+01
-6.264721131651845809e+01
-6.238190711694109325e+01
-6.209297014938526615e+01
-6.172069350538480137e+01
-6.126048910015860827e+01
-6.075117487598146937e+01
-6.017796145142695963e+01
-5.965960042343971992e+01
-5.921056671821419570e+01
-5.876308652329595361e+01
-5.835109677616204493e+01
-5.791346436467064507e+01
-5.744489145818539555e+01
-5.700583375297037492e+01
-5.658389138737683055e+01
-5.607794403310938947e+01
-5.548723953036202516e+01
-5.485240228072430568e+01
-5.414822637787136728e+01
-5.344956291729338460e+01
-5.276111078376998620e+01
-5.202470946858307599e+01
-5.125690623425904136e+01
-5.060994092764326524e+01
-5.009280970494678797e+01
-4.964593376361268184e+01
-4.931181166974361929e+01
-4.898899873935247484e+01
-4.867497939671683582e+01
-4.845893929079662144e+01
-4.832209953723479856e+01
-4.817571907735725745e+01
-4.802487530090520096e+01
-4.790168720378288469e+01
-4.778658005401548792e+01
-4.775857579592014446e+01
-4.782389466139817813e+01
-4.792874213442035369e+01
-4.809241248971101612e+01
-4.818780121888997314e+01
-4.819801353126701571e+01
-4.819806584111621817e+01
-4.815124884146116813e+01
-4.812017130340042570e+01
-4.811062371660640480e+01
-4.805886447528529004e+01
-4.797752293773169896e+01
-4.797980930573378089e+01
-4.806695124834723742e+01
-4.819256590652052807e+01
-4.838494227143631576e+01
-4.856130261005339577e+01
-4.871629579235010965e+01
-4.891458274426762642e+01
-4.913782983802696691e+01
-4.930386386396166642e+01
-4.941167680007333729e+01
-4.948685229000422225e+01
-4.950753650710652920e+01
-4.953664116227330538e+01
-4.957531375976439847e+01
-4.957263654155923405e+01
-4.954067919544434062e+01
-4.951540132812261419e+01
-4.949314642235027151e+01
-4.946393346409563918e+01
-4.943530000325000628e+01
-4.937101826615219125e+01
-4.926868796296803765e+01
-4.915175123493726517e+01
-4.901142836005510617e+01
-4.892821553844429161e+01
-4.891186162490156164e+01
-4.891757529240712898e+01
-4.896850046466526152e+01
-4.902300737955355459e+01
-4.907788470200755171e+01
-4.917451038477601344e+01
-4.930468966484038873e+01
-4.940182336863239954e+01
-4.946585113677024026e+01
-4.952376784945722932e+01
-4.955924399661826385e+01
-4.962242662330089615e+01
-4.971673982434554517e+01
-4.980390576999353414e+01
-4.989526423431232871e+01
-4.998425278043551145e+01
-5.006607493935348430e+01
-5.015199244353964048e+01
-5.023910821750627775e+01
-5.032216787144023584e+01
-5.040191919489863182e+01
-5.047819993079590262e+01
-5.054981150761741304e+01
-5.063549354542925585e+01
-5.073648020338760034e+01
-5.084276297022734070e+01
-5.095922127777532040e+01
-5.107495717864950535e+01
-5.118887885942547911e+01
-5.131046865995797646e+01
-5.143724492865106157e+01
-5.155875073650257434e+01
-5.167510617387046779e+01
-5.178949672498279710e+01
-5.189926898116587495e+01
-5.201264074119599456e+01
-5.212984435133379435e+01
-5.224448323837294339e+01
-5.235821647857044070e+01
-5.247448188230634969e+01
-5.259279447756060222e+01
-5.271258432496074420e+01
-5.283455759714700406e+01
-5.295490759959221805e+01
-5.307346294617500604e+01
-5.319263738232691452e+01
-5.331154542123805840e+01
-5.339597604121079399e+01
-5.344257256873254391e+01
-5.346662257938153573e+01
-5.345814024568930733e+01
-5.343721117612560789e+01
-5.340434492248044762e+01
-5.334028740076207953e+01
-5.324852676680453101e+01
-5.315282566717802126e+01
-5.305223757236984738e+01
-5.293702466164346276e+01
-5.281247624221980885e+01
-5.265859922274827909e+01
-5.247357505910962772e+01
-5.227123500846138171e+01
-5.204659610630212541e+01
-5.182517376023663758e+01
-5.161055163097969256e+01
-5.138672463787808908e+01
-5.116102309643582657e+01
-5.092129647330355624e+01
-5.066614647205164346e+01
-5.040803233701771546e+01
-5.014436513205621537e+01
-4.985070897677309176e+01
-4.952650552371760995e+01
-4.918171241511932834e+01
-4.881005705295163466e+01
-4.842880901996554854e+01
-4.803893820951930138e+01
-4.762651490947983035e+01
-4.719521811985710968e+01
-4.692542356854548302e+01
-4.683392990355895336e+01
-4.683884927945746313e+01
-4.699214077543221890e+01
-4.718693459958397796e+01
-4.741964838074468958e+01
-4.779111550281363918e+01
-4.828205973593482980e+01
-4.876779644127728375e+01
-4.925264048924309179e+01
-4.978637994241165643e+01
-5.034071036740161986e+01
-5.101938978914185441e+01
-5.183113098174356281e+01
-5.270296297850122613e+01
-5.366017049998185229e+01
-5.457411126178070049e+01
-5.542587988428745405e+01
-5.629581481587430147e+01
-5.714645170213986347e+01
-5.803741792198312055e+01
-5.897516805380669069e+01
-5.989686466536895892e+01
-6.081473721988465542e+01
-6.185173011021613121e+01
-6.301012926852570217e+01
-6.423879716547929775e+01
-6.556885128654153050e+01
-6.691257272571439785e+01
-6.826442881001047169e+01
-6.969414503191445931e+01
-7.118254847570925392e+01
-7.232784323810902549e+01
-7.309705683709671575e+01
-7.366488528926335277e+01
-7.391682471527278153e+01
-7.410033589053746539e+01
-7.422311160797514162e+01
-7.405730457700738611e+01
-7.364805341130424665e+01
-7.325901041869622077e+01
-7.287944682245309025e+01
-7.240704257680616251e+01
-7.190123967978151143e+01
-7.113844769985593075e+01
-7.010033548538432058e+01
-6.894281083806438915e+01
-6.761143129858443501e+01
-6.640609700056599252e+01
-6.536955239123514616e+01
-6.431801622976401234e+01
-6.333863844562241496e+01
-6.228966889303279686e+01
-6.115659383853603970e+01
-6.008721441204674818e+01
-5.905268095820601104e+01
-5.777304573919430908e+01
-5.624386479084703439e+01
-5.458113308650181494e+01
-5.271433728321625978e+01
-5.084490982317495877e+01
-4.898572783943000530e+01
-4.697770214100063413e+01
-4.486510729956663823e+01
-4.317767179912672759e+01
-4.195110300303242923e+01
-4.096835388721582660e+01
-4.037819875997784891e+01
-3.983786305923170801e+01
-3.933762513416345286e+01
-3.918351995568621504e+01
-3.931211824480111972e+01
-3.939970804463543885e+01
-3.946226105867584977e+01
-3.961991404039444831e+01
-3.980034686153857848e+01
-4.028549722101302422e+01
-4.109760017548551048e+01
-4.204227468862747941e+01
-4.318801738891512798e+01
-4.411465189610495941e+01
-4.476444788583955869e+01
-4.538875534263033273e+01
-4.586571303629371243e+01
-4.639842665989813497e+01
-4.700620795436565658e+01
-4.747968897708548042e+01
-4.785974663520762107e+01
-4.852713921544525277e+01
-4.948648352234980763e+01
-5.058063074479187549e+01
-5.190481112526870788e+01
-5.318192709141709429e+01
-5.439386465866362386e+01
-5.575751388613638682e+01
-5.721145807837194042e+01
-5.829457384323095681e+01
-5.898442457946208606e+01
-5.945358361686056980e+01
-5.957473899829745534e+01
-5.966496758538831102e+01
-5.973171172724127587e+01
-5.950165321688366760e+01
-5.903406197247624476e+01
-5.858214366925435002e+01
-5.812937697381079971e+01
-5.758800522549223899e+01
-5.701338306847505777e+01
-5.617473807335527169e+01
-5.505449068226301534e+01
-5.380820775473736006e+01
-5.237963613648167893e+01
-5.116419049638336247e+01
-5.021335289448171579e+01
-4.929672658688441800e+01
-4.852837767182450790e+01
-4.771135880960235909e+01
-4.682814122343525298e+01
-4.607810123224879106e+01
-4.542172065068718467e+01
-4.451260815797826353e+01
-4.334773632992461501e+01
-4.206867025661115633e+01
-4.058919264268082827e+01
-3.916417583566106941e+01
-3.781028473452570893e+01
-3.632940238802466837e+01
-3.477822656235392884e+01
-3.356863577353001915e+01
-3.272051003220397547e+01
-3.208127791734121814e+01
-3.176481025111209533e+01
-3.148718296379059822e+01
-3.124219789115645440e+01
-3.127468341655097461e+01
-3.153183559174481587e+01
-3.178919662216207698e+01
-3.206199378857831306e+01
-3.242815149867276858e+01
-3.283893300317312480e+01
-3.350015140449875162e+01
-3.442777177518161835e+01
-3.548381631461106167e+01
-3.671872530696556680e+01
-3.777558740375327062e+01
-3.860843208313198716e+01
-3.942519996661134485e+01
-4.012319877994021766e+01
-4.088116597859025347e+01
-4.171519213765567713e+01
-4.244525699356396586e+01
-4.310746186248699985e+01
-4.401417473936125191e+01
-4.516833999705138325e+01
-4.644284828778599916e+01
-4.791564876134555817e+01
-4.935721396969866959e+01
-5.075282662478630158e+01
-5.228134470970555014e+01
-5.389193376682038661e+01
-5.523309538385352369e+01
-5.628919151753990491e+01
-5.718891674745277243e+01
-5.783558245435231981e+01
-5.847425831202572510e+01
-5.911043477621408471e+01
-5.953447444064623539e+01
-5.979228246064974428e+01
-6.007255075079950757e+01
-6.036228278587194751e+01
-6.059721426092849583e+01
-6.081840215812667338e+01
-6.085207707500109109e+01
-6.068512971017313617e+01
-6.043413935084134181e+01
-6.005673440471352365e+01
-5.986178493769308062e+01
-5.988904239673066598e+01
-5.995974938019183753e+01
-6.016293936097508777e+01
-6.034377721861773836e+01
-6.048874930211172085e+01
-6.075406625950449779e+01
-6.110872764667580981e+01
-6.128433388568583950e+01
-6.127880986954165365e+01
-6.120166834161929614e+01
-6.098622281204050211e+01
-6.083057343909115389e+01
-6.074772611536018019e+01
-6.058404483187371170e+01
-6.038367944567047374e+01
-6.017692846026648112e+01
-5.994955786458849190e+01
-5.971860245942370682e+01
-5.948823429769014126e+01
-5.920381709858752828e+01
-5.886623403432982116e+01
-5.850551083742614367e+01
-5.811009537782681633e+01
-5.771328703792214299e+01
-5.732039472517380574e+01
-5.690706395219285696e+01
-5.648263263809491974e+01
-5.603611292404499977e+01
-5.556510657910693851e+01
-5.508296846245438161e+01
-5.458705028318829733e+01
-5.399814442020411320e+01
-5.331022637116660690e+01
-5.255872539617830341e+01
-5.172149410119547497e+01
-5.084685675352337597e+01
-4.993682517390879383e+01
-4.894741005079453799e+01
-4.788777845891252838e+01
-4.680699656764043937e+01
-4.570308630087890833e+01
-4.455776551625496040e+01
-4.338222054268909744e+01
-4.213489500997091852e+01
-4.081266795443835349e+01
-3.944478036025269319e+01
-3.802131028316555472e+01
-3.689319095682677130e+01
-3.609895106436505330e+01
-3.546677382045216831e+01
-3.509901103231566566e+01
-3.480083090157949499e+01
-3.456409097472849368e+01
-3.457962713393776966e+01
-3.481245049259293012e+01
-3.499945916031815329e+01
-3.514681619467533125e+01
-3.536287595078633217e+01
-3.558683498096893061e+01
-3.603043720222141388e+01
-3.671150192818522839e+01
-3.747810026989751719e+01
-3.838140396068178006e+01
-3.919527870684699877e+01
-3.988380096301159483e+01
-4.059300763408228363e+01
-4.125631212715188667e+01
-4.197307357247329662e+01
-4.275488787158685255e+01
-4.349318772595706406e+01
-4.420824230677971656e+01
-4.512572315631346953e+01
-4.625047388260387038e+01
