1.331773002200002054e+01
1.731017024812942395e+01
8.204358326771172827e+00
-1.802282610444290256e+01
-2.434206469463856948e+01
-1.191089287749722025e+01
-7.291083361059855772e-01
1.669487749974840796e+01
2.133442918800064803e+01
9.835908111308581780e+00
-7.577638865272480206e-01
-1.560186132070926668e+01
-1.810772034697499677e+01
-4.877783726271833764e+00
2.622975744233042583e+00
8.542758184616307204e+00
1.217676017034191460e+01
9.948599915453426590e+00
2.743724687300705067e+00
-1.139349927051736877e+01
-1.497670463470923785e+01
-7.237293535588998239e+00
1.975237925391407079e-01
1.138838173433384249e+01
1.133976791856471067e+01
-2.404728747151302137e+00
-6.202946072445732817e+00
-3.045315626416070121e+00
8.911966654555023570e-01
9.789442466663723863e+00
7.539432822462945438e+00
-7.003092525329408069e+00
-1.216397986804413378e+01
-1.069511899015015288e+01
-3.943938879380263440e+00
1.241344112331630711e+01
1.564335024290785370e+01
5.366971423957807907e+00
-1.494562446672893063e+00
-9.598834038569712845e+00
-1.035803112871564657e+01
-8.116343476796258338e-01
3.311904050321409443e+00
4.278766924277337402e+00
3.354782425062994289e+00
-2.316626862510205775e+00
-3.204160894823478767e+00
5.036583608371237863e-01
2.827371736143844849e+00
5.588355202583450421e+00
3.875499504599168699e+00
-3.465230487799061176e+00
-8.787742386258901917e+00
-1.325813578180157926e+01
-6.519780889361597609e+00
1.392172392366361500e+01
1.867499805005336455e+01
8.991214855667212902e+00
7.984585806076126557e-01
-1.168664344840013847e+01
-1.748425330226594454e+01
-1.423351624681083294e+01
-4.222199555457505582e+00
1.647708073243450499e+01
2.255181791300556782e+01
1.310281683599030167e+01
1.790995696081817634e+00
-1.741580523462780050e+01
-2.225971239759187625e+01
-1.009628857552198866e+01
4.530108481058635617e-01
1.495075556689585916e+01
1.828009980378678989e+01
6.951502968762830470e+00
-1.832481103341800033e+00
-1.227932367596043228e+01
-1.308296573494194881e+01
-8.104701027162694027e-01
4.210822473851814074e+00
4.826973262605035231e+00
4.862345932180538455e+00
7.851009842741829559e-01
-1.612754125077938694e+00
-2.544810478535429521e+00
-2.270921759710519350e+00
5.239036755068777751e-01
1.346703444983418985e+00
4.022180037685610943e-01
1.863984170624802261e-02
-6.484605284157252125e-01
-5.457812172481227853e-01
6.165139474666241348e-01
1.035453932085603546e+00
9.476147079148716790e-01
4.258876085883881446e-01
-8.801228510644075742e-01
-2.422641043429281993e+00
-4.313780010749066030e+00
-2.509393720127205185e+00
3.480507829539157161e+00
7.352978486893670507e+00
9.868882004313741518e+00
5.197967211757574368e+00
-8.572857398159747788e+00
-1.501437722085578130e+01
-1.512836628589788646e+01
-6.030501185140749953e+00
1.652902142445577383e+01
2.191918806669037423e+01
1.017455610154665635e+01
-1.139755420889934090e-01
-1.541682852343056531e+01
-1.750887335283638890e+01
-2.983751361746160402e+00
4.497618308432993928e+00
9.261340511583394886e+00
8.100556103487374315e+00
-3.333267177197166475e+00
-5.661146323172278727e+00
-6.976293834557441287e-02
7.777102360346028753e-01
1.413647985130184748e-01
1.790596095291252521e-02
-1.137393552235810512e+00
4.090186935320700434e-01
4.870944341919485332e+00
3.537479305048464528e+00
-3.388981705432569047e+00
-5.215189602546842274e+00
-3.160664595673202459e+00
-3.436494102294592734e-01
5.230642181369379529e+00
3.255436964665793464e+00
-7.123963470513205998e+00
-6.874479593837842906e+00
2.673812899059175852e+00
8.482978323471986215e+00
1.375636032355635940e+01
7.571396173749190162e+00
-1.309061145824622585e+01
-1.715815494631385008e+01
-6.073656821954024565e+00
1.927112215880065982e+00
1.272846908514871167e+01
9.586069770098928799e+00
-1.105336466451162281e+01
-1.181150960024064567e+01
4.702437651643968763e+00
1.101705206671869419e+01
1.314651705227360345e+01
6.492016635024496551e+00
-1.382195097473226220e+01
-1.897588799048729058e+01
-9.798417739213837407e+00
-1.192830840922124658e+00
1.270064451449487564e+01
1.756597701585424076e+01
1.104961876593888626e+01
1.548744598722266108e+00
-1.516408507137499484e+01
-1.793300654752617973e+01
-4.742342396657371673e+00
2.825798098027801686e+00
9.444281763531138907e+00
1.112618676640721027e+01
4.160081752241011621e+00
-8.218618418119636448e-01
-5.746328433223640175e+00
-7.578503989121371021e+00
-4.290761114818714361e+00
4.529671520752318603e-01
8.195321691947826892e+00
4.957164964844083421e+00
-1.075590226273497407e+01
-9.986729291134897935e+00
5.539503552209684045e+00
1.177658084669017313e+01
1.332601864281779847e+01
5.825391862638844565e+00
-1.537991739934465407e+01
-1.884220968979110822e+01
-4.992225803355061053e+00
2.427764508467193050e+00
9.342639363493022486e+00
1.271285547509642377e+01
8.919590818031512214e+00
2.245820696462802246e+00
-9.512297969439615031e+00
-1.517400835088923294e+01
-1.380946612088845882e+01
-4.408984556923316589e+00
1.669914348148641281e+01
1.993187212166274236e+01
4.664497933767708382e+00
-3.491395827408657393e+00
-1.039197035420936466e+01
-1.124884329130116001e+01
-1.747758467068717625e+00
3.172468081685802854e+00
5.509609034225491087e+00
5.963571733004116915e+00
1.750395412673709794e+00
-6.250067612308297660e-01
-1.792472506113439668e+00
-4.398041970559443570e+00
-7.375196017610350374e+00
-3.516455436211889829e+00
7.756517507039766279e+00
8.574849427822094583e+00
-4.984294419036038315e-01
-3.908739005272291678e+00
-4.723730971959046343e+00
-1.027722067666361871e+00
1.001951025324046007e+01
7.562402772309691379e+00
-8.529178131004266916e+00
-9.716377841967915430e+00
1.139885628648634297e+00
4.153470243771034909e+00
3.651671750320644172e+00
3.623833520345807191e-01
-8.885819722033719614e+00
-6.893624289257479276e+00
6.703953827816301114e+00
9.705520850758407647e+00
4.716587766813622906e+00
2.053443806015614048e-01
-7.686485879755558415e+00
-7.229831856233003506e+00
3.079269571236326275e+00
4.783644628600733917e+00
-4.348637543966368812e-02
-2.269133226906046907e+00
-4.883198134365537513e+00
-3.427177333745608845e+00
3.511932138476573595e+00
7.591656520071086156e+00
9.873299005087156743e+00
4.790343143925181124e+00
-9.901914440691014008e+00
-1.463533016790331764e+01
-1.018985270192560577e+01
-3.068539008744900709e+00
1.100462599778370532e+01
1.621555177118340296e+01
1.151370660440861826e+01
2.324752357858676177e+00
-1.563487098123697727e+01
-1.575156244733863353e+01
3.745850934846985947e+00
8.837158016909453906e+00
4.305103098937888895e+00
-2.080661234070083854e+00
-1.626184115860922930e+01
-1.202381954151660182e+01
1.234418569021720025e+01
2.039609927749302543e+01
1.644224101333464105e+01
5.506871898121710629e+00
-1.958754477305037156e+01
-2.538667681990864011e+01
-1.093184273629518977e+01
5.704038939810088804e-01
1.633979501943534984e+01
2.055097609388069912e+01
9.221868455733320147e+00
-5.157492850560281283e-01
-1.328021799225560962e+01
-1.611313430714829664e+01
-5.688341188689138406e+00
2.547741901624608563e+00
1.232764805549785514e+01
9.774482410651259556e+00
-8.594691566388743098e+00
-1.001634283649189605e+01
3.171454658243998637e+00
6.119454642415780299e+00
3.974075522648848668e+00
1.210921692136298855e+00
-5.857769853908588509e+00
-3.723835350209439454e+00
8.393084240701492504e+00
8.167675095422824327e+00
-2.630393161550343528e+00
-1.116205928001136982e+01
-2.132808889605358615e+01
-1.220916766535950337e+01
1.980900974309306051e+01
2.811126420834223438e+01
1.565414093729441447e+01
2.097622869253132460e+00
-2.176871798666773472e+01
-2.537585845393176598e+01
-5.175039015452772340e+00
5.522017010020458194e+00
1.346858664349840140e+01
1.235385682781844885e+01
-3.808675275286144135e+00
-7.796653870835983824e+00
-1.683358896844909802e+00
1.100179081918336355e+00
5.355924563964304497e+00
4.385679783155824296e+00
-3.627229373279181601e+00
-5.888293891542742742e+00
-3.776195772280921847e+00
-4.347260904037115736e-01
6.534517204282217939e+00
4.649289868011317495e+00
-6.953329346553605461e+00
-6.946147148017397299e+00
2.980042099068779038e+00
6.437875684042885460e+00
6.723866785815828528e+00
2.441626204295086477e+00
-9.350758506650032942e+00
-8.280458683468703285e+00
5.831285506560166532e+00
6.794791479921300947e+00
-2.399684296135138784e+00
-4.377987604345186412e+00
-2.990478186797185245e+00
-1.110373638044292344e+00
3.785687289846990655e+00
5.256149887633249307e+00
3.093400557532558715e+00
9.299154876626052335e-01
-2.671115871517874218e+00
-5.912697885928682950e+00
-8.419109002602100489e+00
-3.706160371956264132e+00
9.546248527206991241e+00
1.129684964552522253e+01
2.073287187979564905e+00
-2.049980339321376466e+00
-4.683021621116171040e+00
-6.375003340630498450e+00
-4.704451374521118723e+00
-8.426775552248300105e-01
6.150565732020458753e+00
8.184484052234267892e+00
4.745093433980814623e+00
1.004188977563239993e+00
-5.027152033366816930e+00
-9.235687354162944729e+00
-1.090412019512667463e+01
-4.788828064539599971e+00
1.112226314206649924e+01
1.524523884697192422e+01
8.011053259426141437e+00
7.366189379372284352e-01
-1.113422427000026715e+01
-1.209702596256743057e+01
4.246397168752877316e-02
5.403380899319537356e+00
7.333875992186296600e+00
1.696599574979391845e+00
-1.550507846238796184e+01
-1.211882900031429067e+01
1.187793961889058991e+01
1.601615200452688370e+01
4.985603786056664433e+00
-2.092403815437220871e+00
-1.193500626525312214e+01
-9.146276827431087497e+00
9.611264238091195011e+00
9.927110418494359934e+00
-5.823994698666211001e+00
-6.585591280027877303e+00
2.686678477605198179e+00
3.866810826251335431e+00
1.090590489428668874e+00
-2.769782685539610601e+00
-1.037646616974716096e+01
-7.231298752257422358e+00
7.636295438811568026e+00
1.265478553928256389e+01
1.010502143057271240e+01
2.777824045347397686e+00
-1.374994601678172224e+01
-1.343448158856898367e+01
4.770684502180367659e+00
8.505062447384686308e+00
2.142528534686797048e+00
-2.228532063002308217e+00
-9.905876805203615021e+00
-6.780868597740995263e+00
9.172066637177444193e+00
1.090720947519238138e+01
5.130526218577884379e-01
-3.071056303612565319e+00
-4.204041216141057191e+00
-2.336138332350667923e+00
5.516219276074949107e+00
5.406387085801049430e+00
-2.445729886109335727e+00
-7.416636476424130819e+00
-1.206549449311147448e+01
-7.127955030975574147e+00
9.882507990005880316e+00
1.661631774724032340e+01
1.467425629392312558e+01
4.999556646965890749e+00
-1.755765189024253203e+01
-1.976383459970729106e+01
-7.969203871752563728e-01
7.229637559772364774e+00
1.057214451686049372e+01
4.780238918142765137e+00
-1.601355345133906027e+01
-1.327081523891235015e+01
1.266727251760388029e+01
1.652868775170890103e+01
4.008122377172216311e+00
-1.789496300457218414e+00
-7.963228638762262612e+00
-1.044180407564969393e+01
-6.106660565610654956e+00
-9.998177711512720167e-01
6.851821489720517633e+00
1.167637806542691159e+01
1.245231134896455316e+01
4.635522683923563037e+00
-1.435394542787234684e+01
-1.897259980151095604e+01
-9.385326075640493926e+00
-1.256094336804493894e+00
1.076102551216178149e+01
1.783087644267783389e+01
1.768798653033752899e+01
6.186191128676820306e+00
-2.062778239594630136e+01
-2.437417575815782200e+01
-4.625372447160911449e+00
5.419517870204868970e+00
1.317985274857625200e+01
1.104162311753943371e+01
-6.847884308287320643e+00
-9.495230141336993057e+00
1.155559973318277756e+00
4.903554363370272284e+00
6.992430680904109686e+00
3.932310519597132625e+00
-7.405925040275595173e+00
-9.361605915037918280e+00
-2.640055670353214978e+00
9.391517346458772009e-01
4.571176932780237401e+00
6.313352615820994274e+00
4.437404363180843525e+00
6.386408297276702228e-01
-6.292527103580606962e+00
-7.833449475391727646e+00
-3.400313392292631853e+00
-4.899652682882306154e-01
2.795869779805203237e+00
7.366145268633357723e+00
1.231929486310895783e+01
6.167631750278887992e+00
-1.244298545790181976e+01
-1.481749092224243824e+01
-2.041043330505869058e+00
4.187523202613812501e+00
9.009244985355961077e+00
4.521641775542808439e+00
-1.329814709232640269e+01
-1.162510002274199472e+01
8.643123027479564513e+00
1.399932602384111568e+01
9.512693350916293866e+00
2.841271842024734262e+00
-1.178351124913728754e+01
-1.386935168496913739e+01
-2.213885274911616463e+00
3.731222960297399638e+00
8.137093346534806315e+00
5.008481150513230951e+00
-9.298248496021805920e+00
-9.062032646592273366e+00
4.795345072843452350e+00
9.189369873561824775e+00
8.271401142213807844e+00
3.033798852717437100e+00
-1.057667833119583456e+01
-1.110956950015565603e+01
1.800909514982596438e+00
5.138685254303053895e+00
2.578752960898212265e+00
8.853749582859122835e-01
-3.593823634317132143e+00
-3.209730782356379208e+00
2.809936450526458795e+00
3.882812029533691867e+00
1.339462961805928609e+00
-3.342122598165045422e-02
-1.919593333466964147e+00
-3.086088363599546192e+00
-2.961295535495821252e+00
-1.232973957409108534e+00
2.725708447295424275e+00
4.513442733927511163e+00
4.148649872832512742e+00
1.116964937732857654e+00
-5.830819401937950452e+00
-5.890372957198287018e+00
1.194392799183476184e+00
2.350794644768744668e+00
-6.450076543713642030e-01
2.990406506985754942e-01
3.370683871258849607e+00
1.817671148475941356e+00
-3.735175831036631866e+00
-1.528710946580399188e+00
8.024848535702588492e+00
6.887921491708107524e+00
-3.701277274064860734e+00
-1.201725169915207481e+01
-2.122963464354232599e+01
-1.225610585714998457e+01
1.840848040410982733e+01
2.981221135684454993e+01
2.495022614615522727e+01
8.408669924107520899e+00
-2.896758820383269750e+01
-3.680826933772974741e+01
-1.372488870431717700e+01
3.056426352216971232e+00
2.421541943691934407e+01
2.467805447581431366e+01
-2.432389209746979475e+00
-1.154188181801400681e+01
-8.429342648761041445e+00
-3.350858727828022410e+00
1.181990296266532070e+01
1.034449407089800310e+01
-9.039675889902234474e+00
-1.224801252167635290e+01
-3.624852851357621919e+00
7.593994019463168321e-01
6.283549395647428426e+00
8.261398716276110221e+00
4.566928150446567969e+00
6.604952153811515236e-01
-5.176552660320777655e+00
-7.763035589293595606e+00
-6.110732477702708110e+00
-1.263581478299980132e+00
8.610061016688321800e+00
7.859082367957664239e+00
-4.330475124938686804e+00
-6.053314563897507661e+00
1.715156651780563868e-01
3.842875117864585022e+00
8.555320494859280700e+00
5.666170320514114955e+00
-6.728003994740861415e+00
-1.144892903115049521e+01
-1.007496471217609901e+01
-3.433705109597930960e+00
1.222446584132550917e+01
1.411551792386093673e+01
1.727847047274782888e+00
-3.617535049623621379e+00
-6.241611700917459871e+00
-5.227135371114504991e+00
3.017938102965820768e+00
4.935748668417017093e+00
1.238165121340493835e+00
-2.172292099559840928e+00
-7.923002987352438353e+00
-4.889483602896554260e+00
8.264636976436394278e+00
8.080255877497791062e+00
-4.092953639294979240e+00
-5.838791683623814066e+00
-6.044907257966155578e-01
3.391548648066259553e+00
9.692430764039512425e+00
6.019746223256776219e+00
-9.335360004157404745e+00
-1.244241461684031336e+01
-5.096836350666921867e+00
3.591248075282432728e-02
7.267694990814857370e+00
1.064756588005475280e+01
8.383949643764909254e+00
2.520591110483235031e+00
-9.226233748526041722e+00
-1.384899253186056001e+01
-1.081994476561272656e+01
-2.903186673567269338e+00
1.346438082631514277e+01
1.717548331320504218e+01
7.337966913109143618e+00
-5.999441909016300922e-02
-9.643196046141612854e+00
-1.405711826368335871e+01
-1.073501483214345775e+01
-2.308383754061523074e+00
1.426774428965519981e+01
1.514351308664867624e+01
-1.020016262201367763e+00
-6.250786115596686621e+00
-4.988663043661549779e+00
-2.102686575808161873e+00
7.164920119495544526e+00
6.926601396668312205e+00
-3.310601686557175682e+00
-7.620522174698169948e+00
-8.886348524754360767e+00
-3.796542135956564756e+00
1.079374447202239651e+01
1.056414794498433807e+01
-4.398013329894236989e+00
-7.056532919005216620e+00
-1.261658009974367944e+00
3.370830209823269641e+00
1.124928014951009203e+01
7.541918504971669712e+00
-9.640287036934713782e+00
-1.434945126298412887e+01
-8.953117179805143877e+00
-2.033192123102009585e+00
1.137428291415119119e+01
1.457995937982273027e+01
6.178934594297266436e+00
-5.955586109960697705e-01
-9.639615274518531507e+00
-1.104480564977361823e+01
-2.362900023440781094e+00
2.664140470605903754e+00
6.620568137668144892e+00
5.590229167627491336e+00
-3.101324376762655710e+00
-4.221963304211382884e+00
1.290324914013472490e+00
1.636657892170000128e+00
-7.792324093524375384e-01
-8.047834074047328645e-01
1.057814581192722814e-01
-3.023851874000088591e-01
-1.533690884025904921e+00
-1.256188848157309579e+00
3.528943984697979208e-01
3.280253863785510315e+00
8.100899325645693594e+00
5.260084382433218408e+00
-5.909615791879634372e+00
-1.071591724240835930e+01
-1.068308117807533364e+01
-4.002421199976872401e+00
1.273684024775100632e+01
1.395879046399752710e+01
-5.862121227821949221e-01
-5.649432859891607706e+00
-5.797529827642061484e+00
-2.013662326249367585e+00
1.007318702481859063e+01
8.200466302081077075e+00
-7.916481066332878846e+00
-1.158557795559863912e+01
-6.270538345774488320e+00
-1.542676476341241276e+00
7.117665567934880144e+00
1.209361607834904362e+01
1.233253077828845967e+01
4.836732462600028981e+00
-1.323311311582976302e+01
-1.845282088190345249e+01
-1.092064658376940756e+01
-1.794711085171002862e+00
1.416581443770704851e+01
1.787931330388534690e+01
7.233704100619354982e+00
-1.343014833390131502e+00
-1.248028233725791836e+01
-1.292086657735565325e+01
5.742627951990393331e-01
5.444602578455327802e+00
4.724112664511128656e+00
3.331124684326947527e+00
-2.682279910689447711e+00
-2.992999149375163981e+00
2.730223506811185974e+00
1.355041663683303810e+00
-5.564894130087730595e+00
-3.911570759558644639e+00
4.982820759548522105e+00
5.228727964519745086e+00
-1.534282141079555073e+00
-2.956054455194166763e+00
-1.352311468830047048e+00
3.666737972936212620e-01
4.123156197744644480e+00
2.666372336953086286e+00
-4.577224542354622727e+00
-4.061425603631746206e+00
3.333865577418080761e+00
3.528855700385456817e+00
-1.651029598837271850e+00
-2.711625661206402693e+00
-1.627756207902287811e+00
-4.818392752700332293e-01
2.134789923320031146e+00
2.933163570776744056e+00
1.702700674031841110e+00
5.074796159384182825e-01
-1.418673346826694104e+00
-2.989187662276393542e+00
-3.959421951226973047e+00
-1.574608113388543007e+00
4.858128067289473329e+00
4.766665000701702404e+00
-1.757417918384110767e+00
-2.974850887678883726e+00
-5.611596110716833286e-01
9.979578610069146372e-01
3.585016148460470564e+00
2.267525066580979853e+00
-3.724932528196196024e+00
-4.774668247835931467e+00
-1.629242390608980573e+00
-1.455308160273933726e-01
1.311837979544136612e+00
4.195088804793913440e+00
7.907787139842235469e+00
4.141088970540551806e+00
-7.817495417627572607e+00
-9.894176305249331449e+00
-2.994971075763302792e+00
1.074289390965737390e+00
5.622860522228243063e+00
5.314551925540603960e+00
-1.868512934955551152e+00
-4.057980335297168395e+00
-2.528916214479865143e+00
1.297601217716312760e+00
9.787131118404314378e+00
6.521226959622968167e+00
-9.298530135704343280e+00
-1.031698061521741572e+01
1.325794248604365011e+00
4.626645927347310838e+00
3.845965650200570796e+00
1.213448111476080893e+00
-6.606331403645189226e+00
-5.076713036796502543e+00
6.218213239979026419e+00
5.517560111596162109e+00
-5.253819926668512608e+00
-5.556536202252340573e+00
1.731447741007845709e+00
5.794903219219809110e+00
9.733883462095088035e+00
5.565744184650019299e+00
-8.931722062760105274e+00
-1.385398931301991610e+01
-1.051806173597690197e+01
-3.456779299530117644e+00
1.159783925308127550e+01
1.647673830778272119e+01
1.041080927868311612e+01
1.425409854962589762e+00
-1.499641624936164064e+01
-1.620397836832898975e+01
-2.243531171575668948e-01
5.478640771615984839e+00
5.354406100655799250e+00
5.476872395644094560e+00
1.389566792618832203e+00
-1.211419916811530273e+00
-2.371613829958364672e+00
-3.835405962432381521e+00
-4.414217731921587173e+00
-1.525687538939523025e+00
5.282069907006000875e+00
6.627455972936336259e+00
2.582169007381900805e+00
-1.620910647774066460e-01
-3.488606157569258848e+00
-5.911600301613997743e+00
-6.470342686875005356e+00
-2.832111788237436478e+00
6.121618170051186247e+00
9.872871112846425490e+00
8.676019585963869574e+00
2.544600096889336083e+00
-1.127623332833110759e+01
-1.323910915661383214e+01
-2.887665555598102340e+00
1.779379430736652612e+00
4.530585999000929398e+00
8.603238361052010674e+00
1.144800378376033478e+01
4.739298111541074832e+00
-1.275163738175092121e+01
-1.604043993964932824e+01
-5.710789695235341412e+00
1.032053463976466912e+00
9.041707622799380673e+00
1.250591996823967200e+01
8.737629563744558681e+00
1.884799143479902073e+00
-1.056657323943431415e+01
-1.496025139472963694e+01
-1.028352176909131721e+01
-2.826966564370573032e+00
1.105764433732731611e+01
1.635953129927862548e+01
1.189491396342926244e+01
2.293986163420336677e+00
-1.668804724609978862e+01
-1.598813717391213451e+01
6.209678054315978635e+00
1.046552638586563866e+01
1.719272930765595397e+00
-4.827615039916501871e+00
-1.578169540517567349e+01
-1.100615262259491800e+01
1.229861272845296227e+01
2.110275291899001004e+01
1.895237600293515356e+01
7.449843542866316781e+00
-2.036131566904943213e+01
-2.759907570708820046e+01
-1.382165877409468813e+01
1.948260515406186055e-02
2.205383820086949243e+01
2.158511391254922529e+01
-5.771282769940540902e+00
-1.240938482124752618e+01
-4.173297359323286493e+00
1.487243876700895973e+00
1.260601626280741883e+01
9.721525297303745816e+00
-9.755090067247081720e+00
-1.422785573214753718e+01
-7.015040665362523242e+00
-2.205212472556865588e-01
1.176833618994862185e+01
1.106059213701574784e+01
-4.534852098090270900e+00
-7.465728434057324669e+00
-9.101359168118864362e-01
8.965627168237333411e-01
2.310633120516464079e+00
1.228028426606830648e+00
-4.225865781471290106e+00
1.115656765184033505e-01
1.423865552300217807e+01
1.064894038770291651e+01
-9.600096203894562308e+00
-1.824761224480755217e+01
-1.950367537052595068e+01
-8.612519229929366915e+00
2.049669815942382556e+01
2.786626882077881717e+01
1.398713652047621281e+01
2.871756455710618994e-01
-2.168629488629631652e+01
-2.366144643147720572e+01
-1.510913190417875196e+00
7.087243057006902269e+00
8.156816380459583016e+00
9.165813210005012479e+00
3.930786879207018192e+00
-1.156385200045261019e+00
-6.590771936951665744e+00
-7.169687778757960928e+00
-1.129979318471719285e+00
2.009961795898662640e+00
3.713782904390003914e+00
3.387171273011494232e+00
-7.873248969168658018e-01
-1.762178798114360845e+00
5.195255428828743360e-02
-5.538005822933117495e-01
-2.454918560374516723e+00
-9.521754496573162641e-01
3.598273087256504521e+00
4.134738230259213942e+00
1.098189814662506647e+00
3.809674290695943544e-01
8.422284604894070270e-01
-5.184594705248617430e+00
-1.746482021820203556e+01
-1.142263845844164827e+01
1.340066586027668016e+01
2.142393959028549943e+01
1.615647836502544266e+01
3.673552802220703128e+00
-2.336582321768165471e+01
-2.213876345978816929e+01
9.442720639213739275e+00
1.444203035503730348e+01
-1.263385071163911633e-01
-4.598726643039012352e+00
-7.809284734211802359e+00
-5.120794713605564930e+00
7.555959681163599839e+00
9.970006872877176463e+00
3.264558818055419476e+00
-8.728367068277151919e-01
-6.084212657798065749e+00
-6.798348775462270233e+00
-1.185265834665483187e+00
1.605224674650032046e+00
3.071521665221060626e+00
4.199871194625055537e+00
3.461878204273633575e+00
1.338700365746084087e+00
-2.646029431779812757e+00
-5.868088567362329755e+00
-8.264278089464925259e+00
-3.695597169134994253e+00
9.220694478060188715e+00
1.041023107702709005e+01
3.216929760184109588e-01
-3.522490451188112548e+00
-4.634792057327624448e+00
-3.220419930583522827e+00
3.636030738005033403e+00
3.987022743693128923e+00
-1.953653444466709743e+00
-1.758245342210018380e+00
2.754397611639907595e+00
2.822018495295506746e+00
4.100328159318551713e-03
-4.838213922827180546e+00
-1.327040425319237293e+01
-8.430732029276539308e+00
1.083705141635336489e+01
1.760617910253088780e+01
1.442616103878149225e+01
4.936140213700962676e+00
-1.654134159949470728e+01
-2.098659972272519525e+01
-7.511722420615812190e+00
2.556451721985170344e+00
1.541481521073486682e+01
1.353879704840351650e+01
-7.287496161181525878e+00
-1.007021996761526594e+01
1.959283467047277849e+00
3.582728219057040420e+00
5.529693877565549087e-01
-4.947082664709614996e-01
-2.824590728869728284e+00
-1.540829882039558285e+00
4.126172741365849106e+00
2.896262062759293876e+00
-4.728437048154932931e+00
-2.952705347432172278e+00
7.004323215396393465e+00
5.861444814555766492e+00
-4.603920168617044339e+00
-7.317680087285904023e+00
-4.977649402928502553e+00
-1.250165668056632207e+00
6.823801153667823804e+00
7.749891442076143555e+00
8.792354725991708975e-01
-1.590556072903852813e+00
-1.864795252693962402e+00
-3.169519089684212254e+00
-3.700097013345120978e+00
-7.446971112821023642e-01
5.997946333249760897e+00
3.988211599065712321e+00
-7.048480927123555340e+00
-6.495223922389146587e+00
4.107051727259632301e+00
6.640364979515937627e+00
4.136227308413778836e+00
6.790982357305810346e-01
-6.738874159123081853e+00
-6.133843002054827132e+00
3.298332101734482436e+00
4.126359891188387863e+00
-1.759431501677409360e+00
-1.793590640209920872e+00
1.538788827710498408e+00
1.492771442745439714e+00
-4.287170512498910124e-01
3.588099513302736576e-01
3.176551600798792840e+00
2.971414672199349738e+00
1.922968623938936805e-01
-6.395827703383272222e+00
-1.811386817414167183e+01
-1.151008938852402430e+01
1.475000635692676099e+01
2.264709073400660699e+01
1.555185709857639864e+01
3.242883064254544312e+00
-2.196287615476164490e+01
-2.231965667808045239e+01
4.576120777342369550e+00
1.144806498480380341e+01
5.043940139847347126e+00
7.312851823511474780e-01
-9.221217496611055608e+00
-7.363852190382378815e+00
8.314691515597122162e+00
9.770562269117597509e+00
-1.926062895799121044e-01
-2.627987192095547542e+00
-1.766733172128746698e+00
-3.028056190876863951e+00
-3.934916473422155558e+00
-1.451212774298070496e+00
4.432304488794985176e+00
5.132862119778943466e+00
7.385831551861102851e-01
-1.525361719225562407e+00
-3.274078612462142601e+00
-2.378758631080400754e+00
2.490986560818122530e+00
2.241633085709390460e+00
-2.780727575966999598e+00
-1.342725493338476461e+00
5.417617731883524357e+00
3.965279278717390721e+00
-4.572446805964603733e+00
-5.561886444327435619e+00
-7.059505569245284606e-01
1.229158814892185703e+00
2.529943798403297084e+00
2.698287438898164137e+00
4.476677171279878076e-01
-4.990090712724385424e-01
-5.269443447092319044e-01
-1.835864324476331522e+00
-3.885911567299090041e+00
-2.279053494036973326e+00
3.110044012136855329e+00
4.603916873091349338e+00
2.743311594277382692e+00
-1.695293192909045621e-01
-5.738797944496424108e+00
-3.767204299939451051e+00
6.551145639038222335e+00
5.850935559482099535e+00
-4.612559673945238359e+00
-4.960158052299459719e+00
2.170799402643377451e+00
3.334379931958506571e+00
1.280944838856848733e+00
-2.989800019974055978e+00
-1.170239949431589288e+01
-7.732091943329041150e+00
9.822238260302446733e+00
1.583844005302088398e+01
1.294978728867191187e+01
4.743250717792376392e+00
-1.392134126887768986e+01
-2.102081799382339256e+01
-1.609179047911538163e+01
-4.773008390979258664e+00
1.856564554381258958e+01
2.475725470431006769e+01
1.244898562905948225e+01
1.630504944605208895e-01
-1.889479867309551508e+01
-1.973152181081673007e+01
1.488079097240134319e+00
8.479815701863802957e+00
6.400138540246342878e+00
1.593277995716815720e+00
-1.235668922863187902e+01
-1.118107726022372539e+01
5.977160709169895725e+00
1.552295688953012665e+01
2.203438508854553746e+01
1.117733972248451835e+01
-2.249713106089754078e+01
-2.861879386571956019e+01
-8.924182266080151749e+00
3.725552038453723736e+00
1.884761688871043006e+01
1.723408791903349169e+01
-6.969328221985346516e+00
-1.166925450326473168e+01
-8.264062661089538464e-01
1.306635542178057108e+00
1.522394864096439537e+00
4.819914560862130770e-01
-4.863276546759004226e+00
7.758457573664271356e-01
1.773238539250531076e+01
1.251862230415621191e+01
-1.397045286026542321e+01
-2.090074097392144026e+01
-1.294455544472431185e+01
-2.437013177509510964e+00
1.819218798994993946e+01
2.092642039694350942e+01
3.521652537113035830e+00
-4.407141203259898887e+00
-8.608518362866023566e+00
-1.163939980237540261e+01
-8.830817885927531918e+00
-1.985132748347635978e+00
1.039274969989356201e+01
1.509173534308614251e+01
1.131347469331151423e+01
3.034188163996981658e+00
-1.343221886877982563e+01
-1.919893041045920157e+01
-1.334465790749438163e+01
-3.488296083699585548e+00
1.524401005630006445e+01
2.286903348561422789e+01
1.801307677143142172e+01
5.239173384981731019e+00
-2.115226405309591229e+01
-2.819624857433888820e+01
-1.453249272326203645e+01
-9.232917744886631750e-01
2.026233574493723921e+01
2.429902701315190328e+01
7.227825305102207665e+00
-3.562451077809289046e+00
-1.410081369116915440e+01
-1.276455201819629259e+01
5.711032292195550752e+00
1.050748722048181527e+01
4.440826433571839260e+00
-5.685884265017596029e+00
-2.597598483278610715e+01
-1.753536116706349191e+01
2.219787822595209903e+01
2.997308955956021137e+01
1.137912333419580158e+01
-1.922062737634830265e+00
-2.112280068697901214e+01
-1.880847026552286039e+01
1.060512141436593758e+01
1.506800657497810292e+01
-4.111388105051112518e-01
-8.013131369338726273e+00
-1.637328539300998997e+01
-1.013313870076081713e+01
1.540340383526800672e+01
2.085241541022968548e+01
8.752827188049719709e+00
-5.255394294452774284e-01
-1.427839552160644132e+01
-1.623929295238068704e+01
-3.059564783088668083e+00
3.747731005911232760e+00
8.109043646065879685e+00
9.912906120300668533e+00
5.501789622751954489e+00
1.114527010580968369e+00
-4.543394365377038113e+00
-1.143554488740759467e+01
-1.871326323915411649e+01
-9.268241678298283048e+00
1.909520224253644471e+01
2.460025315120328315e+01
9.040978295048038405e+00
-1.914697479812009995e+00
-1.622875190079986751e+01
-1.767919906648042883e+01
-1.848840847730571335e+00
4.773692476378179173e+00
6.168995205996004927e+00
8.572462539386139113e+00
7.663071401929785864e+00
2.389733266553542457e+00
-7.886559774871571449e+00
-1.153470937394533813e+01
-8.215801860047163174e+00
-1.306506990596952189e+00
1.227477034013298685e+01
1.191093311805917487e+01
-3.694992590209825067e+00
-6.463906839832212370e+00
1.085106952147998627e-01
5.908289384252300991e-01
-7.758960513330428466e-01
6.172100137630046057e-02
1.446763975735333219e+00
4.055335081907739947e-01
-2.980033703852504434e+00
-2.656396005099016300e+00
1.135236737267847573e+00
2.070473617406666467e+00
1.063978523421190703e+00
-7.573513357099985743e-01
-4.542436126013569719e+00
1.050963456705654497e+00
1.689348851179577338e+01
1.235292905695142807e+01
-1.209586035224529432e+01
-2.024880919172468907e+01
-1.666805088136301194e+01
-5.092904476023477400e+00
2.167541028880035014e+01
2.388886886089921191e+01
3.022318219607751377e-01
-7.784419767832529757e+00
-7.657742914703456805e+00
-7.578648731016031093e+00
-1.016150510833575993e+00
2.718080983510075210e+00
3.736101274952791318e+00
3.839165151041898483e+00
9.628974278568072087e-01
-7.176239349663598999e-01
-1.439202579749349509e+00
-2.835764846319388077e+00
-4.133419233251425240e+00
-1.984424633986795250e+00
3.927588738718514882e+00
5.318992587666805605e+00
2.493005526660717397e+00
-5.494446852301126949e-02
-4.000155744876872532e+00
-3.210646108584958025e+00
3.265254627736766224e+00
4.137588058579728667e+00
4.314317193651061033e-01
-3.833488346311120676e+00
-1.078449477381972876e+01
-6.674074330590749504e+00
9.875175927106372598e+00
1.229463927798019540e+01
2.396703989090331888e+00
-2.511203327840065835e+00
-7.009330405245671081e+00
-3.875070431712555497e+00
9.964922002412844648e+00
9.361810840402586820e+00
-4.703230878043699548e+00
-1.273321581016744020e+01
-1.908049013422333218e+01
-1.047529888564685940e+01
1.748457637759400640e+01
2.671883581272245323e+01
1.934363008665466666e+01
4.985358699029452723e+00
-2.464619553382112471e+01
-2.976573325936895387e+01
-8.206464094123802511e+00
4.532749169217698437e+00
1.682154061054063376e+01
1.874165178416468081e+01
4.179543590484784410e+00
-3.860869914639880829e+00
-8.897917304759443979e+00
-1.233994960386835338e+01
-1.016175871591116575e+01
-3.009061610544921717e+00
1.079016851577363312e+01
1.754093287337046903e+01
1.679108123631143457e+01
6.579049704717486513e+00
-1.732270272188879190e+01
-2.552502652227476787e+01
-1.798543836985516009e+01
-3.921269214868384978e+00
2.379906557034578540e+01
2.785709249456378345e+01
5.893266284652556308e+00
-5.281280220535012226e+00
-1.337181342906222170e+01
-1.542107030734443995e+01
-5.293572598442762178e+00
1.990728680717883670e+00
8.860838767415263106e+00
1.052502791883232547e+01
3.941018081329518363e+00
-1.383775675967566787e+00
-7.439326375655005208e+00
-6.342470948125876085e+00
4.112392334765128332e+00
5.714335304654540870e+00
-3.164822688880387924e-02
-4.202538076141217438e+00
-1.003252197520701827e+01
-6.421750276523981782e+00
8.501974990394906229e+00
1.344269363297853559e+01
1.024350530302532825e+01
3.182917434127094047e+00
-1.213990582520704820e+01
-1.541801091724313544e+01
-5.785203313512484513e+00
1.021510772492309371e+00
9.374759898330346175e+00
9.461773412274233408e+00
-1.611727838027970483e+00
-5.608183467656203902e+00
-4.854728289008424014e+00
1.446941925050047484e+00
1.703854852742045978e+01
1.280540999350795772e+01
-1.199820016890828001e+01
-1.917289615240199652e+01
-1.321347424018041750e+01
-2.467208284698786169e+00
2.033279180347462400e+01
1.732643008519249150e+01
-1.378887898893505159e+01
-1.629943813305823852e+01
4.024744231472640266e+00
1.156095438990010749e+01
1.516729307652092373e+01
8.245265313327408307e+00
-1.509823403127270502e+01
-1.898294342547524849e+01
-4.521644329327211942e+00
3.529960824291881849e+00
1.179085247635147304e+01
7.094391473349077160e+00
-1.514065219865581824e+01
-1.489090111117561932e+01
5.958615388205760866e+00
1.785249055343491875e+01
2.769869154434330483e+01
1.459667100601948597e+01
-2.804901566750232433e+01
-3.639528738996909851e+01
-1.318203773471573292e+01
2.510860217230422187e+00
2.271782984078011580e+01
2.474326180177700607e+01
2.017551032703796210e+00
-8.018325161842335902e+00
-1.107525101829685177e+01
-8.886632410555710848e+00
5.320809821891119284e+00
7.621758090122788154e+00
-1.332761325130498609e+00
-3.270114272942491240e+00
-2.343282699835284255e+00
-1.275196220314281259e+00
2.445010700854750585e+00
3.353705355783584974e+00
1.365076905871590141e+00
-3.066479378343697215e-01
-2.797900074523095970e+00
-2.076922534223754724e+00
2.521535448081126507e+00
2.698332793083188186e+00
-9.417778336559426977e-01
-2.074028423442642932e+00
-2.001752251347259648e+00
-6.564273480654047033e-01
3.029070626646249043e+00
2.052242257548581250e+00
-3.739790835883184617e+00
-3.333722244469561780e+00
2.400110504311472770e+00
4.460195655927638114e+00
4.508405050164534522e+00
2.243102709682660123e+00
-3.986017875785211828e+00
-7.461368764926235464e+00
-8.440956516213091732e+00
-3.886960582169237899e+00
8.176107525116112384e+00
1.187103315871032905e+01
7.531192816989502603e+00
9.860198354184955827e-01
-1.134074213467228986e+01
-1.104170730604302797e+01
3.390030853929235644e+00
6.212049265940175147e+00
6.371779887034763057e-01
-1.061613729212076418e+00
-2.946160648068120391e+00
-2.542672778817896440e+00
1.680130380203207485e+00
4.254263225467761700e+00
5.997873370106253432e+00
3.137530784517946536e+00
-5.713171026043185385e+00
-7.886356818725175799e+00
-3.890517388489270090e+00
1.138640379323373475e-01
6.695217409984375756e+00
6.062583254081858719e+00
-3.079832740852412432e+00
-4.417973001099391617e+00
3.578371347779772949e-01
1.747182360815367375e+00
2.328450016512598530e+00
1.193160295461180409e+00
-3.026517064553658543e+00
-3.149729569972685717e+00
6.461034806408970654e-01
1.000792268958942133e+00
-9.914470887352041517e-01
4.403896046392588026e-01
4.439960480185622949e+00
2.484737673565579730e+00
-5.120455821865413704e+00
-4.413360347217932578e+00
3.785063406917665851e+00
4.191706185259215012e+00
-1.301043099446210327e+00
-2.567451584903768680e+00
-1.814245430603342868e+00
-3.531798258836115201e-01
3.351857775328913824e+00
1.697518551196251613e+00
-5.692491639120514257e+00
-5.069092685265791154e+00
2.704447541629396490e+00
5.714487176383015843e+00
6.084931727582461036e+00
2.120557894306290603e+00
-8.526084736272542486e+00
-6.689252757898367818e+00
7.886774493881603121e+00
8.341753096591929761e+00
-2.670715358079007284e+00
-7.781004296452259439e+00
-1.121665500226647261e+01
-5.530524165142151283e+00
1.263116324696319914e+01
1.446211783841867948e+01
8.062436874557388222e-01
-3.807041685647484464e+00
-4.304254945215644668e+00
-5.077213052153796369e+00
-2.462630647121016203e+00
9.260876615444800786e-01
5.449673779046075417e+00
3.836609499346285812e+00
-5.020999862719818907e+00
-4.741652849930883207e+00
3.704174782083870188e+00
3.735799643170409912e+00
-2.359042196807127567e+00
-2.752427182244348902e+00
3.784543107507849502e-01
1.835149960616367926e+00
3.266605296488473531e+00
2.152757120907459409e+00
-2.384881178372965316e+00
-3.167108674414761182e+00
-5.876088313767494631e-01
1.272407160334218634e+00
3.743369176143513943e+00
-1.097062608223664748e+00
-1.446940847292977850e+01
-1.050529965927620424e+01
1.059894884032758000e+01
1.857407372575185178e+01
1.739847369736855853e+01
7.035380091632452704e+00
-1.875666526485210994e+01
-2.593546774922980802e+01
-1.438403864323998427e+01
-1.378639229931392762e+00
2.063892460995025502e+01
2.367473748094857200e+01
4.313354084447825976e+00
-5.071599630486371524e+00
-1.060700584594863471e+01
-1.145887676613841322e+01
-2.104418393733874293e+00
3.609489382025428128e+00
7.359690932797609442e+00
4.742913738396440593e+00
-7.370978815707861287e+00
-7.325043089770550964e+00
4.165662523873645995e+00
6.695582198217810088e+00
3.692405407611000889e+00
7.713150452096941834e-01
-5.296240901759618147e+00
-5.320171493125246620e+00
1.538178203444138470e+00
3.443887968426014190e+00
2.088554969401668959e+00
-4.831789798790603330e-01
-6.379985551721251369e+00
-4.279032944047548526e+00
6.434326809314290685e+00
6.125712440506092094e+00
-3.793597006051934173e+00
-4.862210664072395438e+00
1.412360178292696444e-01
3.120666772057498761e+00
6.905678694200269696e+00
4.139470996348125098e+00
-6.722063267117730057e+00
-8.174784560766546804e+00
-1.232773876187957862e+00
1.802041085130355880e+00
3.928044059252810527e+00
2.880862193772235180e+00
-3.362737576869900824e+00
-3.993027585153971604e+00
4.509731953521986525e-01
3.809345850268460509e+00
8.082225224434928634e+00
4.411510554198913248e+00
-8.727935253409105698e+00
-1.130722628043276146e+01
-4.529371944337895250e+00
2.098462901450251494e-01
6.603989430466519650e+00
1.213883017716382895e+01
1.540759673473208125e+01
8.349353265680488079e+00
-1.120388122236894191e+01
-2.563009498650349371e+01
-3.667960124270079802e+01
-1.808477650418873495e+01
3.670727930054442112e+01
5.008259721802097886e+01
2.508332938845016713e+01
1.261370792104252736e+00
-3.706466133397232454e+01
-4.253173322146835034e+01
-7.964749156003501085e+00
9.912670350561761268e+00
2.192920949268717123e+01
2.204087516233643029e+01
2.072303302760969412e-01
-8.290527122122307802e+00
-6.745885952758335691e+00
-9.725199289563242644e+00
-1.116336717915937271e+01
-4.785387351369116971e+00
9.272969635158348822e+00
1.893984531960373729e+01
2.493584166371344679e+01
1.187589573350761896e+01
-2.480786076492204018e+01
-3.486397422358410125e+01
-2.001117844342455854e+01
-2.764946128818479565e+00
2.747416270266649718e+01
3.202990667235986422e+01
6.566539856895091454e+00
-7.333636230996123828e+00
-1.823352880030423506e+01
-1.583775139162566781e+01
7.503888089095860359e+00
1.127072380461593504e+01
-1.848554467297239601e+00
-3.346335596984827632e+00
2.214822139173622806e-01
3.131211762337924309e-01
4.370952526053237808e-01
1.246667444033368044e+00
2.110548582859627764e+00
1.377344168509791134e+00
-1.138185258678462208e+00
-3.638243341580359669e+00
-6.536072728691240563e+00
-3.633671812689808878e+00
5.967427131566079623e+00
8.513693430906707604e+00
4.822871022030655652e+00
5.894280114964982609e-01
-6.953883101026884894e+00
-7.158761760549609221e+00
1.128840244159580397e+00
3.638275013855300610e+00
2.420897006038508437e+00
-1.351904375504130729e-01
-6.567411500936981561e+00
-4.984218306091928063e+00
5.156014901690801011e+00
8.059623555211942403e+00
5.631506501586695634e+00
1.779123498340094756e+00
-6.417824737742486185e+00
-9.399162680707167539e+00
-6.661802269676863730e+00
-1.578105186902733825e+00
8.341280121812859605e+00
1.077662906539988619e+01
4.956014022455020651e+00
-1.740578907479659043e-01
-7.477038084494257220e+00
-9.594619577080273132e+00
-4.926428786837594664e+00
-2.856699846169917789e-01
6.473127931074806440e+00
9.739790269644304388e+00
8.321395767111066988e+00
2.893203827476475087e+00
-8.631925417117285448e+00
-1.329907269117541091e+01
-1.083043884448562366e+01
-3.274804015164234805e+00
1.285628216877445773e+01
1.587890556005221754e+01
4.988300531503037760e+00
-2.132139260092298816e+00
-1.004819435170445097e+01
-9.218950655816222195e+00
3.660973109320072361e+00
6.339728025479840490e+00
8.805125404262161837e-01
-2.202863873420921159e+00
-6.746323834241231054e+00
-4.967785286271785061e+00
4.792526144772359054e+00
7.813286463857346931e+00
5.534085402282408417e+00
1.130908943296480063e+00
-8.304736062997758239e+00
-6.038808169814097404e+00
8.950175912117112276e+00
9.204249578087781103e+00
-2.956243329694761890e+00
-1.088990735386388664e+01
-1.922188635873508744e+01
-1.101841704428850122e+01
1.760421147705500644e+01
2.600647542639241294e+01
1.676144706762647019e+01
3.453520970021527248e+00
-2.228183654069755804e+01
-2.665325713467672131e+01
-7.021131870521603702e+00
4.192408051095734223e+00
1.425722584465929010e+01
1.632444045831889667e+01
4.854710077565569826e+00
-2.869671360219225864e+00
-9.817390192576977981e+00
-1.159367137174347562e+01
-4.842351736894927150e+00
2.323572588303609021e-01
5.591460743806424993e+00
1.078717583403961378e+01
1.418153749152347665e+01
6.499580203724892868e+00
-1.418306958442027010e+01
-1.917538811022687639e+01
-9.300857448947530415e+00
8.416141602963256307e-02
1.489542228816763547e+01
1.454659833885398967e+01
-4.056297196658581683e+00
-8.611752773626664137e+00
-3.066714785411450261e+00
1.497128308407138508e+00
1.061390356412609925e+01
7.832902434907666134e+00
-8.675458413616183861e+00
-1.246218800637462465e+01
-6.212050648646162188e+00
-4.326083014252154468e-01
9.604378589068074845e+00
1.083394551484953894e+01
1.534622742869092615e+00
-2.657650052154141296e+00
-4.565552417641244531e+00
-6.229956439671751944e+00
-5.160424695558257113e+00
-1.947321395885537099e+00
4.066176322397563325e+00
9.067296166315509609e+00
1.298701576310184613e+01
5.901433740718114329e+00
-1.429046394528251973e+01
-1.755910907260679465e+01
-4.800957022176180367e+00
2.514705073900190158e+00
1.000045075477005163e+01
1.216024528171698726e+01
5.560982576526436461e+00
3.873396221654095695e-01
-5.555126061832483586e+00
-1.277205302172218815e+01
-1.986577372344132897e+01
-9.813594138537688139e+00
1.969089757887805447e+01
2.765280516684336831e+01
1.601105213151252471e+01
2.772290678008745068e+00
-2.050682082686717678e+01
-2.647810320020938590e+01
-1.199778776745614550e+01
7.497401773210410347e-01
1.856321244678496285e+01
1.944320835033059680e+01
-1.080493748303023693e+00
-9.005875320253817762e+00
-9.245847632714440323e+00
-2.060486735391691582e+00
1.906138309162273359e+01
1.528274882778374177e+01
-1.397940971645943797e+01
-2.043469153314050502e+01
-1.004842079800929788e+01
-5.556851872982051521e-01
1.634580332201410968e+01
1.578527855101956057e+01
-5.315448932634041057e+00
-9.696063145980046372e+00
-1.877096798706427760e+00
1.364995432106615780e+00
6.043873493487484261e+00
4.240959042016129388e+00
-6.346720728734632111e+00
-5.891057620978553899e+00
4.389027026909802842e+00
5.015696400466262084e+00
-1.250607491953844574e+00
-4.024795872974751276e+00
-6.187734626779065827e+00
-3.738968889779485050e+00
5.132664366345675688e+00
7.893193804202001118e+00
5.275994480686440724e+00
1.037917146216344344e+00
-7.451488286710217679e+00
-6.061591319212251250e+00
6.250278891107592827e+00
7.499463377886669946e+00
-1.363140815787335647e-01
-8.104566808177647630e+00
-2.040685692835110743e+01
-1.242128205976393573e+01
1.860546558240869786e+01
2.679986341775806835e+01
1.573855220745828731e+01
3.271309781702287367e+00
-1.947635470378372347e+01
-2.630925262119609798e+01
-1.441689798367885977e+01
-7.345762682221177453e-01
2.154314165657617508e+01
2.333206808092058182e+01
8.948327903730788346e-01
-7.915124207497449049e+00
-9.184949428519249892e+00
-8.198327261647676778e+00
1.484067202503828176e+00
4.359683663116595831e+00
7.420541247015300934e-01
2.329140660544396280e+00
6.447943804684819646e+00
3.814852117864951708e+00
-4.751755015158515505e+00
-8.941554563908313824e+00
-9.955737896179687851e+00
-4.505171837496794396e+00
9.995738543573857271e+00
1.273974637534272247e+01
3.927902206080236880e+00
-2.397825314256889495e+00
-1.039980374015551767e+01
-5.566821905899774769e+00
1.517217184689529041e+01
1.351155771842317854e+01
-8.857654666383862008e+00
-1.580628433673431132e+01
-1.326353885537198174e+01
-4.440964499998011128e+00
1.716977506520188257e+01
1.794538157618819696e+01
-3.037461168813230472e+00
-8.481821014303378092e+00
-4.215134357215971406e+00
-5.656453721699074011e-01
8.508063341717232220e+00
7.188730460457110283e+00
-5.873685483695219034e+00
-1.029931216569113239e+01
-8.922952260625107712e+00
-3.580650314965847958e+00
9.581075838547555179e+00
1.349336836356841296e+01
7.951228340252715299e+00
1.037681154385833970e+00
-1.114676580369896541e+01
-1.268083682880696195e+01
-1.889978855073126685e+00
3.339744621311224737e+00
6.412636660670822053e+00
5.844075451084384198e+00
-1.521389360932669188e+00
-3.009085184974957361e+00
6.257657825380806838e-01
-8.519316810834148823e-02
-3.134203407422362364e+00
-1.597053713041984846e+00
3.691222627579638260e+00
2.011825086141296293e+00
-6.178566838759295798e+00
-5.440789236081940317e+00
3.027234547132942932e+00
8.101128298749742385e+00
1.230795604968392887e+01
6.627892295785302146e+00
-1.160433030701287827e+01
-1.710555948123483105e+01
-1.120939215279868328e+01
-2.734034914299173558e+00
1.362752117225406323e+01
1.703464169985772259e+01
5.832002699827206094e+00
-2.326523441997562447e+00
-1.217446502063488190e+01
-9.246822240860298692e+00
1.012554412592651332e+01
1.127911489118684329e+01
-3.418351047846250435e+00
-1.051477502393814767e+01
-1.580828634178289960e+01
-8.747619316792599520e+00
1.513916595045003533e+01
2.175594757937700052e+01
1.283905558948779735e+01
1.850690789533029790e+00
-1.819945636509577014e+01
-2.188087327830340456e+01
-6.703575318331018273e+00
2.368677871560408654e+00
1.100414101597459293e+01
1.651604659084976845e+01
1.496696167055871918e+01
5.276607407701135344e+00
-1.540538934099129520e+01
-2.381283106266447547e+01
-1.966095013090657062e+01
-5.814094949713495275e+00
2.399584398999376234e+01
2.992713923670275022e+01
1.066270736219016158e+01
-2.381461078841578427e+00
-1.761949889230007926e+01
-2.181659075190826158e+01
-9.650318857271757977e+00
9.840393377887315385e-01
1.460847751070634537e+01
1.791833775180886690e+01
7.344187093024800106e+00
-1.227499825850504545e+00
-1.172434675062767262e+01
-1.332932747498582238e+01
-2.873380557719348527e+00
2.888973762031366910e+00
6.896639613556443393e+00
5.977351251577098346e+00
-3.077073906669676173e+00
-5.393944340477026422e+00
-2.027501681094061148e+00
2.953837325378078749e+00
1.255775063423954485e+01
8.280553894081119637e+00
-1.125763068645692222e+01
-1.405176255726967938e+01
-2.650791656762653492e+00
2.900111153144440124e+00
8.005391109302502528e+00
5.588203734773572684e+00
-7.742189578810916295e+00
-8.166036635396265453e+00
3.096498959649516713e+00
7.699332235995691498e+00
9.589248200824094681e+00
4.249148943062751371e+00
-1.174145939762842161e+01
-1.311558918944875529e+01
-3.098492764661441301e-01
3.353236823654095033e+00
2.160030557010907071e+00
5.311169367061959967e+00
9.630798841517398401e+00
4.451498229430352893e+00
-1.035592238226413997e+01
-1.198711738385394021e+01
-1.309295546455797377e+00
2.958262501165957570e+00
4.790200904474248844e+00
4.175445318155501795e+00
-1.915330723182291583e+00
-3.540348781796062383e+00
-1.224286554195047616e+00
2.180554870257519262e+00
8.733003153006317021e+00
5.910725378411174624e+00
-7.225880708571080113e+00
-1.126570725572040388e+01
-8.167382621988656055e+00
-2.331718999834628825e+00
1.007739526074987424e+01
1.303395384340616481e+01
5.750676033345645699e+00
1.054339388728782745e-01
-7.450784011120973993e+00
-1.027040479192991818e+01
-6.394977490816877719e+00
-1.957139044713975262e-01
1.069737424738282350e+01
8.992756130352791644e+00
-6.874793886969970735e+00
-8.246739636840491272e+00
2.188758953918520156e+00
4.744597258254959371e+00
3.834672353290940805e+00
1.407087553996357432e+00
-5.470768532697288578e+00
-4.204097752411440680e+00
5.580877536763850344e+00
5.705600584984698465e+00
-2.086990943741156901e+00
-6.239992376692150344e+00
-9.655950857932749543e+00
-5.414430207466285339e+00
8.866090034579839241e+00
1.285740565141442104e+01
7.634658282679649410e+00
9.830130909122944960e-01
-1.128029977893718971e+01
-1.155599105284116135e+01
1.816917079465947937e+00
5.454127528315586559e+00
2.644306683385015067e+00
9.599892306414763432e-01
-3.432133509992424614e+00
-3.449451433348749152e+00
1.727954532764796047e+00
3.218279079749357674e+00
2.386938774826969478e+00
6.705631104113520813e-01
-3.459952584431206901e+00
-2.271664588632711368e+00
4.625413776063268756e+00
4.856336752931189160e+00
-5.296725464064013789e-01
-5.298124328709470809e+00
-1.166503318602154238e+01
-6.359883132913583204e+00
1.251792016823767639e+01
1.313145602727523276e+01
-3.088758210515760272e+00
-6.915455993789030309e+00
-3.374684581643963455e+00
5.202636432167857539e-01
9.451913086444568179e+00
7.099937832767407642e+00
-7.745017826031229013e+00
-9.438388614561187495e+00
-3.965740818280135693e-01
2.890189491792774401e+00
4.490093100717018615e+00
5.371107980179218311e-01
-1.178701810311025966e+01
-9.986212772804964999e+00
5.749541490967789770e+00
1.512654442961051693e+01
2.213338734998367485e+01
1.087814841262264487e+01
-2.370602659422536007e+01
-2.854269149212486312e+01
-5.336352953934873078e+00
5.757171564560252364e+00
1.429981148475547670e+01
1.365142597039164585e+01
-2.769549473175900722e+00
-7.636384398057352918e+00
-3.314254285692758817e+00
-1.562446371463382278e+00
2.428529984225024307e+00
2.729330347312782123e+00
-1.937397395158842128e+00
5.164605468765982588e-01
9.163295566488887545e+00
7.237376623115553187e+00
-4.181260032867307963e+00
-1.392097842113707351e+01
-2.496529014600096730e+01
-1.380896860309825769e+01
2.345177498076677836e+01
3.360845248308805822e+01
1.987220296511085138e+01
3.336978271171277211e+00
-2.675250501288602578e+01
-3.239843079226120182e+01
-9.754187612955661280e+00
4.461500093913304710e+00
1.883555840093902134e+01
2.045981591947723999e+01
2.771719694392168254e+00
-5.976150215787844999e+00
-9.847335878742628168e+00
-9.741873965244529643e+00
-4.403561781676867959e-01
3.314618901766806847e+00
2.542778843406483080e+00
4.887751064495375886e+00
7.819213125457445734e+00
3.998940528368676084e+00
-6.578782723612561334e+00
-1.074502064294637904e+01
-9.324029871849473849e+00
-2.925876023348719102e+00
1.161326931469351820e+01
1.200561331334010440e+01
-2.447706909747590753e+00
-6.328901049122853451e+00
-3.531699664781581482e+00
1.679346914988310457e+00
1.374808606123330357e+01
1.061756629700937715e+01
-8.824416871033401222e+00
-1.709942059491945798e+01
-1.800112541261052002e+01
-7.405542182448349386e+00
2.061116757110234587e+01
2.352676381728396038e+01
1.326169873472592409e+00
-7.888494761657270260e+00
-1.186892370741862912e+01
-6.542388619569604380e+00
1.478519778323458489e+01
1.344949056978303581e+01
-9.924649482764021258e+00
-1.387319492026325385e+01
-4.318336342959478102e+00
1.117967640766622139e+00
8.913407748989044421e+00
7.485826740837887350e+00
-5.882033076995271337e+00
-7.359310917446035383e+00
1.003649843097162986e+00
4.942545517051417647e+00
8.384924787114419686e+00
4.394157920252020233e+00
-9.602553741016249589e+00
-1.098489943538385916e+01
-6.585790678106410168e-01
3.101647079416189889e+00
4.130154184706139375e+00
6.424755457221233534e+00
7.411787186273146588e+00
4.074730470186527675e+00
-4.066045262043084030e+00
-1.390231348702434389e+01
-2.635292150622056795e+01
-1.470460155804114244e+01
2.411876007464896077e+01
