-8.285966321479490659e+01
-1.119401610267676119e+02
-1.453294347081912861e+02
-1.832684894641041353e+02
-2.246076559890513806e+02
-2.698934104673426191e+02
-2.828577222659839663e+02
-2.597674758356425855e+02
-2.180810792089028780e+02
-1.473098497462966634e+02
-6.812225747343185844e+01
1.860683266365802879e+01
1.327428117591668979e+02
2.705115980787462604e+02
3.508796107717685686e+02
3.688901351493213951e+02
3.607410830660774081e+02
3.044087753489517922e+02
2.525438694934962882e+02
2.079389728114992693e+02
1.250311133050575307e+02
1.449095677820063877e+01
-5.654840084207909001e+01
-8.775369849018977675e+01
-1.042123326698140886e+02
-8.897902564753573529e+01
-9.339623244797182622e+01
-1.201118488539434424e+02
-1.292684388078497193e+02
-1.319077618103095233e+02
-1.285456819606820602e+02
-1.144651860471088298e+02
-9.691299842634009565e+01
-7.459751036551082848e+01
-3.687684927494141363e+01
1.626358636306042982e+01
8.118635211057100776e+01
1.605723330559704607e+02
2.040178776451347744e+02
2.068433724059117935e+02
1.951561603461729248e+02
1.549478008205642823e+02
1.147840141977734874e+02
7.672963065555541107e+01
1.425253010269340237e+01
-6.682561678790017368e+01
-1.218340887930668970e+02
-1.502080954903390477e+02
-1.695286261310879183e+02
-1.684747474189527452e+02
-1.800448976593328894e+02
-2.060885799156355631e+02
-2.206377254950274391e+02
-2.308173021889538745e+02
-2.249846201596170090e+02
-1.987998042309849325e+02
-1.625277334682502612e+02
-1.118090467447064782e+02
-4.660971018462664262e+01
3.287798610247017450e+01
1.309781492020916573e+02
2.482362820413100621e+02
3.173352834012693506e+02
3.328623070855374522e+02
3.274745980835972432e+02
2.825732875536341453e+02
2.387089433715100313e+02
1.983670021467755760e+02
1.249624961916802022e+02
2.667563866491827795e+01
-3.808069652525298210e+01
-6.878490687385479418e+01
-8.808486894114489019e+01
-8.123942068540743833e+01
-9.208680456846757068e+01
-1.230660530543176066e+02
-1.399624977586613852e+02
-1.522742861172084758e+02
-1.546696170542632558e+02
-1.425237127684747804e+02
-1.248098038063908035e+02
-9.875394501193872543e+01
-5.864109241870900746e+01
-4.607279270379007308e+00
6.344328406285012534e+01
1.471748902401612327e+02
1.926419397654357510e+02
1.952615669153730380e+02
1.821335779272306183e+02
1.383657526339555091e+02
9.559065545439283085e+01
5.596781278467346255e+01
-9.318550796534680103e+00
-9.380749840337087164e+01
-1.417939926919266611e+02
-1.518496170356102368e+02
-1.462869003719739567e+02
-1.106522494011796311e+02
-8.488320342242720074e+01
-7.104544216334899431e+01
-3.685882755343086359e+01
9.274141701894489387e+00
3.820034532419454365e+01
5.109394456342989344e+01
5.614735567018487927e+01
4.630266926657548510e+01
4.693373672178516642e+01
5.898088091915988684e+01
6.390697654069096956e+01
6.713894172073624134e+01
6.343979098728702581e+01
5.020485090710117504e+01
3.364238525053148976e+01
1.168532001619538718e+01
-1.752698617358651489e+01
-5.374190793059408833e+01
-9.806158612097038940e+01
-1.510728187347385756e+02
-1.754855745951552422e+02
-1.680939948402557320e+02
-1.471040633651081180e+02
-1.021197015337777998e+02
-5.508253727135139144e+01
-7.285423573358148275e+00
6.142303992262272061e+01
1.466981381354062819e+02
1.925874231332244619e+02
1.964514329370724113e+02
1.820765704017126438e+02
1.344981406476161112e+02
9.159423239212175361e+01
5.528510540982435373e+01
-6.348876624078387820e+00
-8.555271730808581765e+01
-1.310310115017032331e+02
-1.419535578057366081e+02
-1.375769093378389982e+02
-1.046525117153175160e+02
-8.147496031567035857e+01
-6.979769487836753683e+01
-3.916511938810442928e+01
2.416346065894342754e+00
3.115073662764896056e+01
4.849167966173732935e+01
6.038140884206403314e+01
6.121195194056912925e+01
7.288807048611481321e+01
9.620110523037503469e+01
1.156248072952971313e+02
1.359038401617395380e+02
1.412291196032034009e+02
1.283570645590855008e+02
1.080543842456865633e+02
7.535947554919201252e+01
3.534895281314216220e+01
-1.141101455840859735e+01
-7.204458390862708939e+01
-1.457651989154016974e+02
-1.869350431489236826e+02
-1.923819089521267927e+02
-1.834346501852272979e+02
-1.476311286433478074e+02
-1.134523177112786811e+02
-8.256408126209488785e+01
-2.984767287727822094e+01
3.890996117744893468e+01
8.016178887071117742e+01
9.310005566007559707e+01
9.469623785985294262e+01
7.374515035876535762e+01
6.225705433795297239e+01
6.186346507171679576e+01
4.705918055826875701e+01
2.462039460776889399e+01
8.356463320604994749e+00
-3.531673250944701081e+00
-1.304885657616171457e+01
-1.723902993190271005e+01
-3.080600399596892913e+01
-5.422291420695002273e+01
-7.786452488249234705e+01
-1.050018428341703469e+02
-1.170937444830819203e+02
-1.114169469715926795e+02
-9.910400281479235218e+01
-7.469294029331433649e+01
-4.648174526603536094e+01
-1.520942992527592530e+01
2.817573716535926920e+01
8.210569365878420456e+01
1.184376724778487642e+02
1.358877263111512832e+02
1.469548105767532036e+02
1.442203806886182349e+02
1.465066337785230530e+02
1.549697640129269587e+02
1.538690476953815960e+02
1.471864884490755685e+02
1.362725057973508171e+02
1.191713744401445467e+02
9.779795291901780274e+01
7.179620901195920624e+01
3.619294379346039392e+01
-9.279193304514354423e+00
-6.279824645948045259e+01
-1.257416886070785864e+02
-1.707807372415944656e+02
-1.953888289933007059e+02
-2.137041371245477137e+02
-2.181321484897138134e+02
-2.243567582959229014e+02
-2.335137960423672325e+02
-2.311267096423182750e+02
-2.204068839940864564e+02
-2.011162891833385800e+02
-1.710501501761986560e+02
-1.321608448933571083e+02
-8.347277917276220194e+01
-2.108464619586138511e+01
5.551485305575447171e+01
1.457524226696748713e+02
2.510007756531106509e+02
3.128339206524761948e+02
3.258834623849647869e+02
3.190379281942529133e+02
2.758699827466890042e+02
2.305562766012433258e+02
1.851086988916785003e+02
1.078764772051627432e+02
5.588135273492128796e+00
-6.254730729901443453e+01
-9.539082564231475203e+01
-1.170132572189680502e+02
-1.123110426737881937e+02
-1.244324092199932892e+02
-1.559097519562130003e+02
-1.725221483956619295e+02
-1.836099679725040517e+02
-1.774038618146678630e+02
-1.485289787058837589e+02
-1.088041477494083296e+02
-5.350602825057589484e+01
1.941739362402950775e+01
1.098004911396090506e+02
2.214143702738743400e+02
3.553460813189406622e+02
4.184959317264036258e+02
4.029520766940314616e+02
3.539673611406504961e+02
2.456009628118260366e+02
1.331941041138257731e+02
1.998836468634127783e+01
-1.445837504177588357e+02
-3.495354866888825995e+02
-4.648018348744985246e+02
-4.847758769387353937e+02
-4.642178458250850781e+02
-3.685472339159997546e+02
-2.868588820062443006e+02
-2.237162699885010113e+02
-1.046905409798565216e+02
5.185530206396697395e+01
1.448144558290911164e+02
1.739917181422127044e+02
1.753054523681124408e+02
1.231124958416851172e+02
9.592900858991927748e+01
9.728621260974840368e+01
6.625534528027517922e+01
1.944157172567565084e+01
6.280897046103320669e+00
2.438988945194295965e+01
6.169957177825943972e+01
1.302505944299838916e+02
1.854766594543393410e+02
2.261598438429298596e+02
2.847186181471259374e+02
3.518377738324036841e+02
3.758983120769448760e+02
3.553192310801146618e+02
3.079307524630287958e+02
2.197466870709345699e+02
1.291530359557147278e+02
3.705699125083550172e+01
-8.822132733797621995e+01
-2.392924304958368396e+02
-3.491387551820182011e+02
-4.154995488635715901e+02
-4.655522940585099150e+02
-4.816509053604634119e+02
-5.118111629759096672e+02
-5.584369458043576060e+02
-5.823599724333420227e+02
-5.935876144565739878e+02
-5.654077065424519333e+02
-4.898929137531497418e+02
-3.858881988319185439e+02
-2.437733698172825996e+02
-6.812181836916539623e+01
1.411566314750824347e+02
3.960033703794401276e+02
6.968575903928192474e+02
8.749955897223863985e+02
9.166573924336830714e+02
9.028988969960100803e+02
7.868690194917330700e+02
6.706008736777077957e+02
5.599984646112399105e+02
3.627639005315621716e+02
9.925322785533994363e+01
-7.093756908182471932e+01
-1.454110184900326601e+02
-1.874094315487632798e+02
-1.563344469335843883e+02
-1.701533158690700986e+02
-2.354980727523928863e+02
-2.593742958351990069e+02
-2.672424587635455282e+02
-2.850911101637795468e+02
-3.043144818900111090e+02
-3.299765737417101263e+02
-3.661575683053684429e+02
-3.739928979528700665e+02
-3.528350157160103890e+02
-3.246041601344359719e+02
-2.804643238031139276e+02
-2.311591316584387243e+02
-1.788789751892107347e+02
-1.114846531660256801e+02
-3.158557115204072119e+01
6.210779757563836512e+01
1.715471016677644229e+02
2.944496049883612727e+02
4.319354146422944041e+02
5.070972617535157951e+02
5.121067319756357392e+02
4.842316601502658955e+02
4.013042060290765676e+02
3.081290632131451730e+02
2.067772893162361640e+02
5.480237392287740761e+01
-1.394250302859733495e+02
-2.541229380202875632e+02
-2.838030603021405227e+02
-2.814153691375104245e+02
-2.147063614477991393e+02
-1.665098010378744959e+02
-1.415691258124022056e+02
-7.080302372068291561e+01
2.842309933318869497e+01
7.854104053055338852e+01
8.083789987386930420e+01
6.058302694149706014e+01
-1.463444979618892194e+00
-4.222188856473676566e+01
-5.901934576510244312e+01
-9.948704244996284274e+01
-1.501796040916439097e+02
-1.724221571193934608e+02
-1.678143157353139543e+02
-1.452912561657288109e+02
-9.520910588160265320e+01
-5.225269840125392307e+01
-1.707397970176339186e+01
3.598071076485013009e+01
9.988647314463638338e+01
1.412640015363647024e+02
1.598428844772614354e+02
1.666953155975537300e+02
1.531128474258348717e+02
1.455693577563394854e+02
1.449190456115284178e+02
1.303631834135796908e+02
1.072796714289914632e+02
8.469111254105541775e+01
6.079376381301353405e+01
3.474142161322630784e+01
8.198599201640480061e+00
-2.992370188981406187e+01
-8.013809364862694906e+01
-1.358196461163068705e+02
-1.996153120329534261e+02
-2.259522481461769701e+02
-2.098129459877022782e+02
-1.746817430457545584e+02
-1.074421143685652140e+02
-3.289120952567309786e+01
4.753727077910042453e+01
1.580285198567501084e+02
2.938961915016866442e+02
3.640450254628515836e+02
3.631493640112433354e+02
3.315719411956329168e+02
2.446407145393319240e+02
1.618484220093000943e+02
8.633372928165354665e+01
-3.316802378650987748e+01
-1.845766966173355570e+02
-2.808206725593701663e+02
-3.202952662588190833e+02
-3.365360383956318060e+02
-3.070798727440259768e+02
-2.962607261563015300e+02
-3.072299372081338902e+02
-2.887152882000215186e+02
-2.542640821127523623e+02
-2.201368834846883829e+02
-1.814849232426231254e+02
-1.395439062326169619e+02
-9.686370650469341115e+01
-3.034565276667892419e+01
6.080969598609916460e+01
1.636313306081645749e+02
2.836073946412246300e+02
3.590604831257076057e+02
3.831674707568143958e+02
3.893419331269623740e+02
3.600691475110494366e+02
3.281563696249984901e+02
2.960577855631188982e+02
2.318864030587150751e+02
1.421642303340294688e+02
7.518925854133331654e+01
3.081367199328726159e+01
-1.011950953345979620e+01
-3.580747577973602347e+01
-8.307605544516920304e+01
-1.543690967218454944e+02
-2.217346281841872440e+02
-2.934847039368630135e+02
-3.295451568242334588e+02
-3.227970400604207839e+02
-2.979801051317380143e+02
-2.427127976169673502e+02
-1.733221584087660290e+02
-9.104499810541854288e+01
2.372338219183838959e+01
1.682815030807375649e+02
2.509021958715635208e+02
2.660499443968109290e+02
2.560395383717171285e+02
1.961940790934855272e+02
1.454604121716794509e+02
1.074566018049594476e+02
3.140246069044702182e+01
-7.045206101724791381e+01
-1.265243741951258727e+02
-1.365491930306908444e+02
-1.264712751529295502e+02
-7.815058314311649212e+01
-4.645551420409174170e+01
-3.395930226094620963e+01
2.072632571001223667e+00
5.000236372882872615e+01
7.699396603320059285e+01
8.490883774593241640e+01
8.134489572974581506e+01
5.839226797792704104e+01
4.619984936097564798e+01
4.557827862461017077e+01
3.483216220782098560e+01
2.029070344150750671e+01
2.052641020069270628e+00
-2.231548478294147486e+01
-4.853826734551181943e+01
-7.724465162054785594e+01
-1.143729718393652917e+02
-1.598048588346387078e+02
-2.113362529092104580e+02
-2.703688094924291931e+02
-2.920972475398950223e+02
-2.720849005487266368e+02
-2.325403302153558514e+02
-1.607051655346497796e+02
-8.185778076060068997e+01
2.645759917664507022e+00
1.168778150441226131e+02
2.560331308870859175e+02
3.439312984118188865e+02
3.766859453718558939e+02
3.875516761744676160e+02
3.561273275464185417e+02
3.333150396186935609e+02
3.218757616765347507e+02
2.787004314907773619e+02
2.142780089230224121e+02
1.652243054467038803e+02
1.293152029730661923e+02
9.585857838597058844e+01
7.324723683260178575e+01
2.856356720543606542e+01
-3.989796312658241106e+01
-1.090994602696435010e+02
-1.864973912960365681e+02
-2.516838343487289364e+02
-3.004217421283167369e+02
-3.478353318855328666e+02
-3.876786052446452118e+02
-4.262857010413919170e+02
-4.647973019685111353e+02
-4.944632580644425843e+02
-5.165243730749795077e+02
-4.978409509483582838e+02
-4.333055391291436536e+02
-3.388069763484721193e+02
-2.038213656754053034e+02
-4.481704568558815538e+01
1.382873816832382374e+02
3.639114906807805596e+02
6.298585134398385890e+02
7.828522502997981292e+02
8.110376367511103126e+02
7.861529400524519815e+02
6.656898393750238938e+02
5.443847494200992969e+02
4.273392729694779746e+02
2.296650918566839437e+02
-2.982538006353073712e+01
-1.902263627312394476e+02
-2.478427303612180594e+02
-2.673985650705545254e+02
-2.074112327215077869e+02
-1.846241222005864415e+02
-2.053952573986836114e+02
-1.762596214528670089e+02
-1.220887135587955612e+02
-1.028287662644215885e+02
-1.128886974972265307e+02
-1.406718483389221035e+02
-1.997689023893574074e+02
-2.312166257628916526e+02
-2.331842767359135280e+02
-2.460536551133062630e+02
-2.570092904700979375e+02
-2.452669119717060937e+02
-2.126304664331505592e+02
-1.595307546327668717e+02
-8.061657556709711514e+01
1.987727688726316444e+00
8.885290724741174984e+01
1.960234469477620962e+02
3.195114166569077838e+02
3.911505175780518471e+02
4.061803531307591584e+02
3.942744975058427599e+02
3.364521435065746005e+02
2.771545600951298525e+02
2.182422180943314345e+02
1.205791713291642537e+02
-7.198693160800766933e+00
-8.802714576655829148e+01
-1.199497849450772833e+02
-1.342875729868645180e+02
-1.111167106346044449e+02
-1.062428157813390328e+02
-1.227497533712902253e+02
-1.158699782917513801e+02
-9.750444852887633829e+01
-9.031261314435471377e+01
-9.098837325005312948e+01
-9.680018833535334011e+01
-1.124900753078472349e+02
-1.132981871838466361e+02
-9.846156363982228754e+01
-8.395824973426039151e+01
-6.426491462932385446e+01
-4.842051794497290729e+01
-3.865582278818015283e+01
-2.654943464861969105e+01
-1.479028719859772600e+01
-2.009651353010401209e+00
1.266133924525983190e+01
2.628272356616652772e+01
3.930798974112446587e+01
5.477868944543320140e+01
7.248115002827887565e+01
9.126036488083654774e+01
1.117503147469377893e+02
1.317045594032591396e+02
1.509193692917538669e+02
1.709654665313854309e+02
1.912868419874884864e+02
1.905534131170057321e+02
1.666841182737667282e+02
1.291972066515918982e+02
7.187182109648757944e+01
7.195571293627841314e+00
-6.451775366430373992e+01
-1.552500011588043662e+02
-2.628359616976432562e+02
-3.166880022737509535e+02
-3.116548374472590694e+02
-2.798842390738518020e+02
-2.018312269912733825e+02
-1.218659629992651503e+02
-4.219644635548371525e+01
7.664892737125819622e+01
2.259165283297446649e+02
3.064610180256327112e+02
3.140642457881995142e+02
2.902158616281387253e+02
2.085444282910318634e+02
1.373538887925055860e+02
8.008794903706574075e+01
-2.020879372209158831e+01
-1.494725357870372591e+02
-2.260093816945478125e+02
-2.492203956869509796e+02
-2.486079275312021366e+02
-2.032857970032070796e+02
-1.758361180653329541e+02
-1.690432874391830751e+02
-1.338734892997327961e+02
-8.347588444183750767e+01
-4.970628982229300163e+01
-2.970562462994004704e+01
-1.721212209777744917e+01
-1.949854069698623249e+01
-5.093370573156849268e+00
2.698432141145155327e+01
5.514617646897411873e+01
8.623015187127251124e+01
1.165624015739812478e+02
1.436491892601011671e+02
1.741561322426872778e+02
2.066302402696785236e+02
2.376973604634422372e+02
2.679380609036052192e+02
2.977427016942996261e+02
3.264684983127990563e+02
3.272548426144844598e+02
2.971066251869691541e+02
2.480089646220760926e+02
1.719170044954158527e+02
8.442778398266759154e+01
-1.421464517571073216e+01
-1.393495388523307952e+02
-2.884080211953414050e+02
-3.900079219550167977e+02
-4.396317000347851831e+02
-4.698226790843273193e+02
-4.611964155176469262e+02
-4.598957033285389571e+02
-4.685427584521979156e+02
-4.471944380875632987e+02
-4.052971027501093886e+02
-3.553972494261830093e+02
-2.930810449754027900e+02
-2.181362713778107150e+02
-1.319805099925322338e+02
-1.625320365574988912e+01
1.303896475392958223e+02
2.986046247079988234e+02
4.932857735611343060e+02
6.139939042783569221e+02
6.506206927758749998e+02
6.546307564099655565e+02
5.975846004827976685e+02
5.361142528844840172e+02
4.738119089048488490e+02
3.571196284422156850e+02
1.971637583820432269e+02
8.586878101712719058e+01
2.417197182280843393e+01
-2.505515737702632961e+01
-3.878146481087527775e+01
-8.529734837729394314e+01
-1.688767883119352575e+02
-2.363798616014603340e+02
-3.028864890943110595e+02
-3.536489811004005901e+02
-3.810282559257524326e+02
-4.024482663977941570e+02
-4.118991443276580640e+02
-4.046779114852330963e+02
-3.814129799054246632e+02
-3.384693648390110639e+02
-2.742345688229252119e+02
-2.142308040665658666e+02
-1.591738872853073303e+02
-9.490329485507130869e+01
-2.746053137735840721e+01
5.973392335076533044e+01
1.688833878854302384e+02
2.872048340761458007e+02
4.190156601890317347e+02
4.926653474641350385e+02
4.997538599688656973e+02
4.773101341342548949e+02
4.044385566693178475e+02
3.200647596149672154e+02
2.262868911309261080e+02
8.471648103919052630e+01
-9.743460561270973130e+01
-2.079346316710139888e+02
-2.417987423045546223e+02
-2.482594664084645615e+02
-1.977021815225350565e+02
-1.662693447271693117e+02
-1.585002284086342002e+02
-1.110218694779808004e+02
-3.991370217224224604e+01
-1.676084234944681839e+00
6.286916751521699709e+00
1.003782582713723670e-01
-3.369668405590539351e+01
-4.581704921006749487e+01
-3.421845969704298795e+01
-3.453613482802039414e+01
-3.605583074057354764e+01
-3.368938191567971785e+01
-3.071249429411422227e+01
-2.190931834864507621e+01
-6.689937406191880598e+00
2.987306400248724181e+00
7.541563104592775346e+00
1.335498030330054320e+01
1.799354278910314164e+01
2.497325231704743587e+01
3.507879299755761338e+01
4.486605900342969733e+01
5.530317599589730548e+01
6.625198484433549595e+01
7.731963159062901525e+01
8.933755536771266748e+01
1.021730275838074249e+02
1.033270962647664675e+02
9.165286933126216695e+01
7.288437342522378515e+01
4.344270573296071802e+01
1.052485845470299708e+01
-2.561255025036695798e+01
-7.182308673833671264e+01
-1.268100200766371017e+02
-1.544764538157189406e+02
-1.522795468716256835e+02
-1.365268951221086127e+02
-9.725346962490728231e+01
-5.731260111087659936e+01
-1.783438143948361088e+01
4.140991062010662205e+01
1.159005711646602492e+02
1.567380025478065591e+02
1.619380949902646876e+02
1.518324970512836671e+02
1.134466153614940396e+02
8.067649212858221119e+01
5.522780397418849674e+01
8.948523448159647842e+00
-5.116728803708216589e+01
-9.241611000656176600e+01
-1.152675871978121904e+02
-1.306670851270611706e+02
-1.305063156628171441e+02
-1.413036986093778467e+02
-1.642587459374727246e+02
-1.793566563741636628e+02
-1.922930761554985395e+02
-1.915781234911778199e+02
-1.737138562494425571e+02
-1.479785016175042358e+02
-1.103684728078674482e+02
-6.225163222949137776e+01
-3.929219948829719034e+00
6.915369119764167749e+01
1.570942974114984736e+02
2.191179391005080959e+02
2.523479265813057282e+02
2.765364457771341336e+02
2.806335265366076328e+02
2.898159123577052014e+02
3.057857311171781589e+02
3.064125575670802846e+02
2.969489583015717358e+02
2.742347225258263848e+02
2.348057803401682975e+02
1.833387674558731533e+02
1.176938190425396016e+02
3.365296188082068340e+01
-6.928485191983283187e+01
-1.915785665451566899e+02
-3.348437544986336434e+02
-4.245389455517826036e+02
-4.540647798419238939e+02
-4.602620902042722264e+02
-4.223070097240812970e+02
-3.841606235443073842e+02
-3.485103297467315997e+02
-2.750059472927653133e+02
-1.724104185656082677e+02
-9.711807671914067441e+01
-4.872736396884327803e+01
-5.707358417285895769e+00
1.815218717401945270e+01
6.676873020199505504e+01
1.428609736308953586e+02
2.132776415481888250e+02
2.878518466244711931e+02
3.370503417633566414e+02
3.542596969093383450e+02
3.603484034523505102e+02
3.458539239620967578e+02
3.197171644139342561e+02
2.830159351202808580e+02
2.224768368282744575e+02
1.394230811353103547e+02
7.999356253624867463e+01
4.601536299013530851e+01
1.576952304797869431e+01
1.076213790648748336e+00
-2.893391138829580456e+01
-7.671008256395089120e+01
-1.170552788806004969e+02
-1.568952008369280975e+02
-1.946221235558905960e+02
-2.270594849624012568e+02
-2.597749371136021068e+02
-2.913971061496098400e+02
-3.167772519073308786e+02
-3.360201822686724995e+02
-3.501570053628928463e+02
-3.578451129018345114e+02
-3.406919019330182437e+02
-2.963327504937917638e+02
-2.319979847172579071e+02
-1.418579953210533802e+02
-3.629664753009789990e+01
8.502101443461633323e+01
2.330216843701171854e+02
4.063741430400674517e+02
5.089795357319580944e+02
5.332699445152688895e+02
5.242410674393975114e+02
4.551685548308342391e+02
3.853818592867193047e+02
3.180298338111040835e+02
1.998157121583327864e+02
4.247603105412724744e+01
-6.215291656874163806e+01
-1.127419943398003142e+02
-1.457289442583529819e+02
-1.377847229190473115e+02
-1.570213276270653751e+02
-2.073125298826980156e+02
-2.350919364294654770e+02
-2.551035317876014687e+02
-2.592178903543839965e+02
-2.401474276736580578e+02
-2.117050354034595046e+02
-1.695521521127209894e+02
-1.045902641623931260e+02
-1.695096201086388632e+01
9.348205943791143113e+01
2.293995707488401763e+02
3.009016347094381558e+02
3.002959501790329568e+02
2.726614712559413647e+02
1.931367458487663669e+02
1.144389122454501830e+02
4.011633131932971708e+01
-7.792475079893152667e+01
-2.289550085809981681e+02
-3.050946835398591475e+02
-3.024586599424511064e+02
-2.653266114076376994e+02
-1.652612793218372076e+02
-7.750995317540240137e+01
-5.851399945991305529e+00
1.118164773915536614e+02
2.599143201978425850e+02
3.338029598479504330e+02
3.310867452109497435e+02
2.909247373362217104e+02
1.858887425592788532e+02
9.298450165729919092e+01
1.537826271540153655e+01
-1.091441234348873479e+02
-2.648240948874516221e+02
-3.450940136747435645e+02
-3.473171558550079681e+02
-3.114798240282972301e+02
-2.095518488993555195e+02
-1.199979724177765803e+02
-4.601243992304511465e+01
7.591607279688246024e+01
2.297646538329824750e+02
3.098126888903333338e+02
3.137227470399911340e+02
2.809607301139436686e+02
1.838392293058412292e+02
1.007591585897186945e+02
3.497135357492330598e+01
-7.663202164516468429e+01
-2.179563999727961630e+02
-2.886779794600208220e+02
-2.868580871492006281e+02
-2.492912247202324920e+02
-1.497542173490812161e+02
-6.331209222291192162e+01
7.024195702177948419e+00
1.214344137218997730e+02
2.645285628755741527e+02
3.366267807412576190e+02
3.354475363564438908e+02
2.979213746552044881e+02
1.978567675710785352e+02
1.091672028804698300e+02
3.478557572780226792e+01
-8.493853442053722347e+01
-2.349269844102452964e+02
-3.180880066141004363e+02
-3.324393125246331238e+02
-3.139975911468154663e+02
-2.373888330364997614e+02
-1.750170228859907411e+02
-1.298831517079249238e+02
-4.390203618785273676e+01
6.803439608613136613e+01
1.322304389447120059e+02
1.487756501493336998e+02
1.427311886865353188e+02
9.535368794354513966e+01
6.502371380448943228e+01
5.410017978482818535e+01
1.746128198966414757e+01
-3.266477050732662946e+01
-5.249823843098515397e+01
-4.311743656153129223e+01
-1.693765339831654160e+01
3.700121170708221996e+01
8.139456841283360689e+01
1.151184925502021770e+02
1.661605991995751026e+02
2.267921292222994225e+02
2.517180607774310204e+02
2.396735586075795084e+02
2.067372413043404435e+02
1.407712861091231389e+02
7.544036048870353284e+01
1.174267364574405015e+01
-7.787435383041706416e+01
-1.867849140090580988e+02
-2.575883717193966049e+02
-2.882865453519939365e+02
-3.018361627945223518e+02
-2.830413848561389614e+02
-2.729234133232401973e+02
-2.733907838372702486e+02
-2.507945702379493298e+02
-2.135768344677015307e+02
-1.776942973465478417e+02
-1.402455408680791891e+02
-9.902972790530701275e+01
-5.703350138232481470e+01
4.248749622452528740e+00
8.576977268168361945e+01
1.763259989461787427e+02
2.803654067651985997e+02
3.461206063394825492e+02
3.676985196875958195e+02
3.729716347269124981e+02
3.471195577793509983e+02
3.176433329889700303e+02
2.864748374876182311e+02
2.266749248848413458e+02
1.436113002576258850e+02
8.517099492450870457e+01
5.187056477497755935e+01
2.402613787490795261e+01
1.359673470846267129e+01
-1.474255652426474228e+01
-6.330935658600278515e+01
-1.046249550857574064e+02
-1.465495816709228052e+02
-1.876993022589976476e+02
-2.248069775253397040e+02
-2.640562041468617167e+02
-3.041931636052826775e+02
-3.393146086042606271e+02
-3.696834810954355817e+02
-3.968871309142186306e+02
-4.195239842966691981e+02
-4.073740901877533815e+02
-3.569852210991633683e+02
-2.811562413067047146e+02
-1.706873539333906251e+02
-4.304557115744008655e+01
1.017838570289493134e+02
2.813021718376826925e+02
4.928387966289162136e+02
6.162130314704264720e+02
6.424452775992797342e+02
6.271233190662516108e+02
5.369856992085132106e+02
4.471572274231059509e+02
3.615929050544837651e+02
2.133833547798175800e+02
1.745732892377411360e+01
-1.066600282649837794e+02
-1.567533594587621621e+02
-1.803232556415606211e+02
-1.467538637423317880e+02
-1.438788226556659708e+02
-1.765109414499088984e+02
-1.749455844767423969e+02
-1.580025368762158280e+02
-1.540473997814370932e+02
-1.573862587848396970e+02
-1.673307730672814841e+02
-1.893916050243685163e+02
-1.891225341508547046e+02
-1.656657099937288251e+02
-1.402436442107267567e+02
-1.051347571580851223e+02
-7.429611110487449821e+01
-5.067890567619048170e+01
-2.177531534837824978e+01
8.455893861119161414e+00
4.303769539072898453e+01
8.339906802927805529e+01
1.248181932782872394e+02
1.682905932293973592e+02
1.921902518775857516e+02
1.935991017045330409e+02
