-4.776634767663008319e+01
-4.290029636301341043e+01
-3.545503575160690701e+01
-2.519473558930163293e+01
-1.431086945956924694e+01
-2.094004228447136295e+00
6.806133683719632010e+00
1.171117804995747136e+01
1.533964903143692382e+01
1.631176431432747975e+01
1.682702496941873704e+01
1.705687360076068870e+01
1.465504428001870352e+01
1.003181952233746443e+01
7.397243438469792487e+00
6.767866148300073270e+00
6.346300174069483546e+00
7.157758456922535650e+00
6.077133513448055524e+00
2.863637075642447183e+00
-1.024317622399584238e-01
-3.543563299947374290e+00
-4.994982818632875521e+00
-3.957889404766522290e+00
-2.118855427640247147e+00
1.291715316049189877e+00
5.397486020314806510e+00
1.009664438114491070e+01
1.653264518681733719e+01
2.455450172369943473e+01
3.146652196429042547e+01
3.722144652954136745e+01
4.304861915246762294e+01
4.828390273410322209e+01
5.483094994345228201e+01
6.284987370913171389e+01
7.085746790683467111e+01
7.929625401001810303e+01
8.386888686951078853e+01
8.397639563772064264e+01
8.195357462966914852e+01
7.651307381230431304e+01
6.978355336400585429e+01
6.187780805879789625e+01
5.054902857355413204e+01
3.616865019285150851e+01
2.241865339196064610e+01
9.264301247582110932e+00
-4.886262260055557860e+00
-1.916595237739919000e+01
-3.641099570936427909e+01
-5.686729055019009849e+01
-7.845057555257133686e+01
-1.018429018490389808e+02
-1.175124149373319398e+02
-1.242931684398983805e+02
-1.271713113798218728e+02
-1.233505428580567695e+02
-1.178635006448193110e+02
-1.109795341082430156e+02
-9.764040911230981123e+01
-7.876330259947575030e+01
-6.205938690171112171e+01
-4.743784520587461628e+01
-3.168031533064840843e+01
-1.661072024533078206e+01
3.775814509657210216e+00
2.996482207811783027e+01
5.753892740275895079e+01
8.792223951433457785e+01
1.091133573549260660e+02
1.194713960601725233e+02
1.257000265522551672e+02
1.242497074264792758e+02
1.210616623974824790e+02
1.165294870867099775e+02
1.044638713754302586e+02
8.595685374943148815e+01
7.140173955067028544e+01
6.077169943119575635e+01
4.965851562894155791e+01
4.056114511323276872e+01
2.561038716472799237e+01
4.182713716184199626e+00
-1.781858124277899691e+01
-4.223569277994674565e+01
-6.009504135318520213e+01
-6.989504619240055661e+01
-7.721800506971987943e+01
-7.934765050148949683e+01
-8.013568313668446308e+01
-7.992746329418767459e+01
-7.432896128373843680e+01
-6.404122379136512677e+01
-5.784711795118132471e+01
-5.583283411515660788e+01
-5.414013944482809393e+01
-5.491896779541210805e+01
-5.178536436475503990e+01
-4.422921944057893739e+01
-3.716002460228698112e+01
-2.909888352176344029e+01
-2.229567108075912785e+01
-1.749331008719068237e+01
-1.254804430847523555e+01
-8.226517348803096041e+00
-4.339356281468209176e+00
-7.366569679839438667e-01
1.781152830794426878e+00
3.235077181417340686e+00
7.184750985025956105e+00
1.379073922726687940e+01
2.132884016178697806e+01
3.071343651004058373e+01
3.966417115389632642e+01
4.799116763296870403e+01
5.759071200855856887e+01
6.795158364851401700e+01
7.404123582803131853e+01
7.557371541878846699e+01
7.454914269240828162e+01
6.957397407860565863e+01
6.398539488618605731e+01
5.788047348069735420e+01
4.833796074613746896e+01
3.598529251020768527e+01
2.368170572690454989e+01
1.126372024243548253e+01
-2.281724098304913184e+00
-1.632058994866369872e+01
-3.339857680843822152e+01
-5.370802689517099537e+01
-7.550897067122390638e+01
-9.941751188841320186e+01
-1.155434120598200991e+02
-1.227404151742495060e+02
-1.261253221696235443e+02
-1.228228657359536697e+02
-1.181547576401862472e+02
-1.124126492999916280e+02
-1.003351835764837006e+02
-8.290887010730025963e+01
-6.792028399212530587e+01
-5.526991452976479025e+01
-4.175885344835931789e+01
-2.923242526592684243e+01
-1.160195975331628482e+01
1.160943396521326854e+01
3.591970702883734390e+01
6.276392249616253594e+01
8.240471671477448012e+01
9.342193922381319737e+01
1.014628403306774231e+02
1.036311312222725292e+02
1.045442316217794030e+02
1.045456266303169741e+02
9.870247487269905662e+01
8.786597633247693295e+01
8.080112380402819383e+01
7.752655538781469602e+01
7.428758736683289499e+01
7.320817389020662347e+01
6.775088985796918450e+01
5.740097404711703888e+01
4.711194546755898216e+01
3.536250706931901533e+01
2.560476263817343323e+01
1.869334574972923235e+01
1.187954629132743456e+01
6.267009224278271340e+00
9.740750055844982214e-01
-4.192908894505516848e+00
-7.789773442315313545e+00
-9.975059902266741219e+00
-1.518233651635055281e+01
-2.356185696699441223e+01
-3.305554523245009335e+01
-4.478920776900376666e+01
-5.579603252614115405e+01
-6.584186248232073524e+01
-7.733608243461547715e+01
-8.961204438604659117e+01
-9.677803940839332597e+01
-9.851304226939252828e+01
-9.710530425188999004e+01
-9.092258980731705265e+01
-8.391374106127851462e+01
-7.618192648428681935e+01
-6.428176655353101410e+01
-4.895096055822918402e+01
-3.348049996373005399e+01
-1.766737126227229382e+01
-3.499778820522516654e-01
1.774919815667151113e+01
3.959454153615961047e+01
6.541456542254140061e+01
9.320100920273158351e+01
1.236764618200441816e+02
1.441860726059097146e+02
1.532860969794596429e+02
1.574760177850694447e+02
1.530819953836019920e+02
1.469653224113848182e+02
1.394951528111847949e+02
1.239185871967396508e+02
1.015082913014432506e+02
8.215174068632992999e+01
6.571371406702904494e+01
4.814466277415268536e+01
3.178494714828040202e+01
8.880604461697483742e+00
-2.117477953608332797e+01
-5.268249156664784039e+01
-8.747096799223811558e+01
-1.124684188940939151e+02
-1.258002273942844482e+02
-1.349740397772919778e+02
-1.361078669497374278e+02
-1.354698934053806738e+02
-1.335127161273964873e+02
-1.235843713915866289e+02
-1.068394233354895135e+02
-9.491700691764847875e+01
-8.782701912907623409e+01
-8.059629488229431615e+01
-7.603921123411653582e+01
-6.543975199467963932e+01
-4.811020827793478816e+01
-3.063684206028181833e+01
-1.098793098626668474e+01
4.246757970333016274e+00
1.373032607596219101e+01
2.206306340169172131e+01
2.719948549444057306e+01
3.146247368802697508e+01
3.515448536438076133e+01
3.525374488224171898e+01
3.217974043598324130e+01
3.326610585392369757e+01
3.867254446446133898e+01
4.508183251663329827e+01
5.432171474029067326e+01
6.127297559583981723e+01
6.552719380860609988e+01
7.112507562091626312e+01
7.689653201189075560e+01
7.938397050627045815e+01
7.867973765038567535e+01
7.555686099951775248e+01
6.912308475208867264e+01
6.229048498780259990e+01
5.507118729945854341e+01
4.521257931722692547e+01
3.326619103732536331e+01
2.012344844417837919e+01
5.558832734322091795e+00
-1.052949594717627946e+01
-2.800501563796430560e+01
-4.808657474116102293e+01
-7.086073210026859215e+01
-9.565858162117557129e+01
-1.227965330890184958e+02
-1.406232956942035912e+02
-1.479362397641308462e+02
-1.504642052706509787e+02
-1.448545954807957230e+02
-1.376909165352637388e+02
-1.292916893652902388e+02
-1.133369685979407535e+02
-9.105189958086413071e+01
-7.106803234527774293e+01
-5.321298529533898858e+01
-3.402137783241635560e+01
-1.551773708368572180e+01
9.199578657630933520e+00
4.066709576641959245e+01
7.386949572941820463e+01
1.104409500281537362e+02
1.358224159594881826e+02
1.480640341207589756e+02
1.552299971017073688e+02
1.530262278843141530e+02
1.487309926840781316e+02
1.428186114731711314e+02
1.277592502882057062e+02
1.048941117686700011e+02
8.665755139667263052e+01
7.300231545637844022e+01
5.867714937639605211e+01
4.666704309065927703e+01
2.752185705260510673e+01
4.949256062772249276e-01
-2.733956040615850824e+01
-5.819497132245662385e+01
-8.039586965713920108e+01
-9.205121398059415583e+01
-1.002879584640922133e+02
-1.015852739623996825e+02
-1.010887914750033474e+02
-9.923391401476641249e+01
-9.024861395984092383e+01
-7.506969513235561919e+01
-6.488069756946993039e+01
-5.976666563671781773e+01
-5.483943541376097386e+01
-5.282707364275499629e+01
-4.554195638211982811e+01
-3.232885695307338381e+01
-1.945463686297656380e+01
-5.017591213461460420e+00
6.487885106365752108e+00
1.395459272860806266e+01
2.089397877260244840e+01
2.586175207587105973e+01
3.003732623651342948e+01
3.365322954888431894e+01
3.479763393932186233e+01
3.367103632056326745e+01
3.598629036257327840e+01
4.191975700955352124e+01
4.880485950854445321e+01
5.808073098646190147e+01
6.588937082171601389e+01
7.191396437695408395e+01
7.925711841081607645e+01
8.704062176955865482e+01
9.104446547526170264e+01
9.118984312534900027e+01
8.882432426406687398e+01
8.281656645684027751e+01
7.630584101553698417e+01
6.934472133123978210e+01
5.935049709310178656e+01
4.691657328433537089e+01
3.383864735725055795e+01
1.991735161171626345e+01
4.637143230406930883e+00
-1.163733674553296638e+01
-3.074033518395605569e+01
-5.280658910392934757e+01
-7.667266529885982607e+01
-1.027938194052889145e+02
-1.204405664596289114e+02
-1.284477329160299064e+02
-1.322111786062128544e+02
-1.286305656142421299e+02
-1.236444256094363539e+02
-1.175570065231920438e+02
-1.045976827360734660e+02
-8.587053826908551457e+01
-6.953756960607329063e+01
-5.546257500406394314e+01
-4.033607599720646419e+01
-2.608189235901776115e+01
-6.239174588349053252e+00
1.969523748698935606e+01
4.699822290570314465e+01
7.719588618561655835e+01
9.854365705819724042e+01
1.094002351573404610e+02
1.164259035951126009e+02
1.161432113279487908e+02
1.142738233995316648e+02
1.112176518321559939e+02
1.009640321100727647e+02
8.456867169140772944e+01
7.233004558532539363e+01
6.424128534088318077e+01
5.592333720693521570e+01
4.986125093947853770e+01
3.830461264757293094e+01
2.064329500102282111e+01
2.717039325657833793e+00
-1.728254019468257852e+01
-3.272712021585628861e+01
-4.235446319167714080e+01
-5.061856230876378504e+01
-5.548035865339694084e+01
-5.945246308858271789e+01
-6.282289053707494020e+01
-6.248192236485041917e+01
-5.888531703113309845e+01
-5.909796862838597775e+01
-6.324725176340444222e+01
-6.816785899860377640e+01
-7.561095756712859384e+01
-8.058102274622781636e+01
-8.267985143809661963e+01
-8.581831612959106792e+01
-8.884999340542590573e+01
-8.922757236996190500e+01
-8.711461458083779519e+01
-8.286934309944881250e+01
-7.585405887153851268e+01
-6.842135279096426359e+01
-6.055776949121903385e+01
-5.051749839684486432e+01
-3.874428801582587312e+01
-2.552448377733091789e+01
-1.064991419899538982e+01
5.754954711851189231e+00
2.369523876039525945e+01
4.389086077948731202e+01
6.639347509733717345e+01
9.089384533001728528e+01
1.175919446653109048e+02
1.355751935094640430e+02
1.437499576254548401e+02
1.474110246553698857e+02
1.434253102303414380e+02
1.380317458870847531e+02
1.315217400491566764e+02
1.179461014490084949e+02
9.846603783469272742e+01
8.104774202648192727e+01
6.551671714004690728e+01
4.869266231244838394e+01
3.243851144701372391e+01
1.034692537977556803e+01
-1.807997023138289450e+01
-4.820250256509911679e+01
-8.154012940486751404e+01
-1.050037856175531203e+02
-1.168331728328451931e+02
-1.243201434681977844e+02
-1.236066332519768309e+02
-1.212134019015071829e+02
-1.175773671338172903e+02
-1.059468525382101092e+02
-8.752922363562716157e+01
-7.355733476430954454e+01
-6.400066408470726742e+01
-5.411921378589119058e+01
-4.661668048661793051e+01
-3.298157453706975417e+01
-1.254771361631517301e+01
8.295242748904062324e+00
3.153464964883398380e+01
4.851354856199143484e+01
5.771116059424159062e+01
6.466698038805007798e+01
6.674494946381155103e+01
6.750113715310514806e+01
6.728332037298633850e+01
6.191750021930463532e+01
5.204944517316388186e+01
4.641140506159023005e+01
4.511471474233064782e+01
4.429311961452904001e+01
4.609331570746685003e+01
4.423117652046718717e+01
3.820392583445408263e+01
3.287427602780878289e+01
2.679057465468554611e+01
2.156846496807866842e+01
1.788833021821964309e+01
1.392871919847143047e+01
1.027698440139940139e+01
7.104178569015540567e+00
4.282846697054291774e+00
2.274102628275309623e+00
1.127756542423845154e+00
-2.239845644717304740e+00
-7.994112586335822002e+00
-1.459602426758401172e+01
-2.284490479724613365e+01
-3.083221450363544136e+01
-3.839293681184626905e+01
-4.714529212418294435e+01
-5.666270613697660963e+01
-6.231042830160765078e+01
-6.381480850539341532e+01
-6.305214925948225613e+01
-5.873874828734537346e+01
-5.391986847126165827e+01
-4.869098218594876926e+01
-4.037743415789475421e+01
-2.955423197822841885e+01
-1.889699921482497658e+01
-8.262608778440514001e+00
3.301629609553470512e+00
1.519781510644858713e+01
2.978528029335474869e+01
4.723990999695906368e+01
6.593776417518502342e+01
8.644684595910324276e+01
1.002818358319690049e+02
1.064454713595108331e+02
1.093562664844022407e+02
1.065442520423071642e+02
1.025440433689510513e+02
9.760824958586924538e+01
8.723529935576780758e+01
7.226531897912002478e+01
5.942492593942174040e+01
4.863352213148363035e+01
3.712010807358308995e+01
2.648053873189465435e+01
1.146856248371976861e+01
-8.327281715589416322e+00
-2.903950895380286212e+01
-5.190410234420534152e+01
-6.895328534717292257e+01
-7.900503197755178064e+01
-8.672656621971566437e+01
-8.974416205760944365e+01
-9.179241524071912295e+01
-9.315780090901738220e+01
-8.982280281178172743e+01
-8.247652000864599131e+01
-7.837107673473609282e+01
-7.753127951823938702e+01
-7.684260508667695433e+01
-7.806624583219971214e+01
-7.581518236576752656e+01
-6.966617091406236284e+01
-6.371246341670031654e+01
-5.670268225395390260e+01
-5.024713787327663539e+01
-4.492753163350479184e+01
-3.906007329497429481e+01
-3.319771901525777480e+01
-2.732680614204475944e+01
-2.131535621266322877e+01
-1.567249084276078008e+01
-1.039694345354292437e+01
-2.718989774545884863e+00
7.510326941177397408e+00
1.895105734007574938e+01
3.232785141637585724e+01
4.591867930431462952e+01
5.959026245105391695e+01
7.481338327605287475e+01
9.121331760167986147e+01
1.021262976682624952e+02
1.070594643284585601e+02
1.088818320246933808e+02
1.057196257226531060e+02
1.017601720154344491e+02
9.714856542535845563e+01
8.810200151362548127e+01
7.540319993375412366e+01
6.327421913741867598e+01
5.154075979337252278e+01
3.861783176986136823e+01
2.546416764283458178e+01
8.483937465494838293e+00
-1.259916676794335544e+01
-3.526646767279390104e+01
-6.038167672513625917e+01
-7.815423625891779125e+01
-8.737462095175203558e+01
-9.330170527093558519e+01
-9.307813508998249574e+01
-9.180282554150301166e+01
-8.979168641428256592e+01
-8.191604440667676101e+01
-6.912817894660909701e+01
-5.945613958810265132e+01
-5.284411327995448460e+01
-4.596446114752363599e+01
-4.074039533184132011e+01
-3.100207628085806277e+01
-1.627455097324982702e+01
-1.156700881627434896e+00
1.579261034345355874e+01
2.830448415910034043e+01
3.528635997347697639e+01
4.075448104125383963e+01
4.280551232909298420e+01
4.402308169536316029e+01
4.466483498845925482e+01
4.171284901363660680e+01
3.564119068570991544e+01
3.275049696939626642e+01
3.312429151849971731e+01
3.398256946256562117e+01
3.687743628486576597e+01
3.728023751913337236e+01
3.483344517455092415e+01
3.304866138941601150e+01
3.088347378056729653e+01
2.834542035063301668e+01
2.581013969339361935e+01
2.251184371768460579e+01
1.854011290818768032e+01
1.468812157789941963e+01
1.089089859608900568e+01
6.842521128615895343e+00
2.701237756832081782e+00
-2.918193486852615592e+00
-1.015697529212779493e+01
-1.824231118713084143e+01
-2.755679569759260517e+01
-3.740624758910458070e+01
-4.772696400933210015e+01
-5.919749968427413478e+01
-7.167408553308592900e+01
-7.899655161916527391e+01
-8.063639027310168217e+01
-7.939232459865027636e+01
-7.351501455572552857e+01
-6.671455624953837571e+01
-5.913651843434955424e+01
-4.734649754938065058e+01
-3.203509364863384690e+01
-1.735184174678011715e+01
-3.160269010962479808e+00
1.214674125499795210e+01
2.761575770550081188e+01
4.669331100423794112e+01
6.964783671465571047e+01
9.403252260098389570e+01
1.206723176694145678e+02
1.381946835232460558e+02
1.452249646592853480e+02
1.477258801180092291e+02
1.423724432176971106e+02
1.351760529506723003e+02
1.264698342705941911e+02
1.102334169770868755e+02
8.757177060342468167e+01
6.762065583161276550e+01
5.027582314204535407e+01
3.174399611941460364e+01
1.419083075737896849e+01
-9.492010184632187375e+00
-3.987075600807006026e+01
-7.170587812690990859e+01
-1.066769451255296275e+02
-1.311145798827481030e+02
-1.431248116847647509e+02
-1.503818317698310238e+02
-1.488351437942449991e+02
-1.451971707699058243e+02
-1.399159953618820111e+02
-1.259596614334466267e+02
-1.045580074204637668e+02
-8.761439947038050491e+01
-7.510197870107924700e+01
-6.195570567553174612e+01
-5.103717928511709090e+01
-3.334670933980578411e+01
-8.166836976888257382e+00
1.774951440559311422e+01
4.651134498462649702e+01
6.740558924266535712e+01
7.866958602456756466e+01
8.690112812011665255e+01
8.886350940215838534e+01
8.922258529384188819e+01
8.838377067283924760e+01
8.107291895199577425e+01
6.813935804412565744e+01
5.995973886461798230e+01
5.662455448183496287e+01
5.358734759344380194e+01
5.338391861262532956e+01
4.844422909490514684e+01
3.816314532571801976e+01
2.834865288206865230e+01
1.724491762072295842e+01
8.046453062651380606e+00
1.683336301550136360e+00
-4.637067340518630232e+00
-9.855709642480549704e+00
-1.450564110374859972e+01
-1.877892717187107152e+01
-2.143725525707084500e+01
-2.256363510887704038e+01
-2.675350087893323092e+01
-3.418840742821100775e+01
-4.267711219291325619e+01
-5.339153373411573966e+01
-6.332441217219405161e+01
-7.222778167375406611e+01
-8.256965865414494488e+01
-9.367232055736899099e+01
-1.000337998561738004e+02
-1.013826965601127057e+02
-9.981812139881598966e+01
-9.382557801069003744e+01
-8.714230388031405994e+01
-7.986602154831372502e+01
-6.876721197977973077e+01
-5.454869840309564921e+01
-4.018118716084055819e+01
-2.546915553007685773e+01
-9.390234848007770196e+00
7.406009375344131840e+00
2.762674730696098280e+01
5.147617254575428092e+01
7.712843413350060473e+01
1.052421713953384170e+02
1.243487048725052802e+02
1.331400019256085727e+02
1.375092821835608277e+02
1.341277620381897862e+02
1.292110384265989467e+02
1.230946428981927170e+02
1.096611251725362024e+02
9.006398568803122373e+01
7.325837984470597064e+01
5.912200381303038199e+01
4.398814770476715097e+01
2.997672834881453596e+01
1.006553182188149975e+01
-1.629419172064311994e+01
-4.394092022824254684e+01
-7.453020864182173000e+01
-9.621766533599797810e+01
-1.073045674353614629e+02
-1.145924124388413077e+02
-1.145634660983039197e+02
-1.128972183149857500e+02
-1.100032675633294588e+02
-9.985383042629113959e+01
-8.349468370259386063e+01
-7.147027830998486309e+01
-6.378904037617393641e+01
-5.594503081446402604e+01
-5.048755923117474964e+01
-3.951935828365747483e+01
-2.241691665087416396e+01
-5.146923233908381690e+00
1.413184522136163324e+01
2.896326510857777947e+01
3.808652891149348818e+01
4.589725982292816298e+01
5.040105950687075875e+01
5.398111288815076136e+01
5.692126354116015108e+01
5.621527785443780800e+01
5.229290703989331490e+01
5.214737922417520366e+01
5.591271956999389658e+01
6.044121564746188113e+01
6.746832328893484032e+01
7.206942754701209708e+01
7.384990891091962339e+01
7.667329648351979188e+01
7.940952172361882333e+01
7.975869913788699250e+01
7.790605975183432008e+01
7.410684894783251764e+01
6.779534024345097976e+01
6.117215034936439366e+01
5.422131661515468437e+01
4.533971095442616672e+01
3.494498461502240616e+01
2.316167666089802779e+01
9.790017208248258385e+00
-4.980089233213278455e+00
-2.118885633548233827e+01
-3.941552627019088106e+01
-5.969853298571491962e+01
-8.182365320026272570e+01
-1.059552203806294699e+02
-1.218889992668658806e+02
-1.286100054549474123e+02
-1.310521808792190370e+02
-1.262873733076002907e+02
-1.201649157504672445e+02
-1.129553099526914082e+02
-9.908914749056954463e+01
-7.965485674036915498e+01
-6.206739571569649883e+01
-4.615967643373866736e+01
-2.897548323274144266e+01
-1.224694197486486225e+01
1.000065489515046480e+01
3.823200497655580676e+01
6.812594077465317355e+01
1.011003446660860590e+02
1.240946146504850134e+02
1.353813399059623919e+02
1.421617786161979780e+02
1.405906164953845234e+02
1.372407361823697443e+02
1.325377720395493384e+02
1.197136478380373603e+02
9.998282502384199688e+01
8.443231026884119217e+01
7.301549341094133183e+01
6.106422539199903099e+01
5.123980443307756616e+01
3.510320739204175311e+01
1.199096025583462755e+01
-1.178240697182119590e+01
-3.819204435073318393e+01
-5.843961269906060352e+01
-7.100378660725148450e+01
-8.148626911417312613e+01
-8.721684125250500585e+01
-9.185764866336378986e+01
-9.576534296517296241e+01
-9.468602944701498814e+01
-8.929052232452229987e+01
-8.839155315880768171e+01
-9.210100397297618713e+01
-9.653399925399000381e+01
-1.038593766007532508e+02
-1.077299488183094951e+02
-1.076438744435859434e+02
-1.085160727820181705e+02
-1.088841133890387169e+02
-1.069507951814571243e+02
-1.030537645565453175e+02
-9.696195507636815591e+01
-8.827234362256920974e+01
-7.912668811259302970e+01
-6.946624872537476847e+01
-5.786111355392113609e+01
-4.471332663502279559e+01
-2.937737192755407989e+01
-1.161197549095930093e+01
8.034501080484885094e+00
2.980594576342165070e+01
5.380035060056911789e+01
8.002405350470547774e+01
1.086774122880639339e+02
1.398233935085520159e+02
1.612530453477858146e+02
1.718021332424135039e+02
1.772782450301593258e+02
1.741905739875062693e+02
1.696466635036705668e+02
1.639640222228912023e+02
1.504384214981477896e+02
1.303956326431424486e+02
1.125421622515310958e+02
9.666280592477066591e+01
7.931773229853733653e+01
6.253534683197477051e+01
3.925141734702461349e+01
8.920096453101738376e+00
-2.336729523226338046e+01
-5.928788876771691463e+01
-8.505491581207289187e+01
-9.880160185704708908e+01
-1.082712280073385926e+02
-1.094028523323425475e+02
-1.090266727121740900e+02
-1.076175840936385413e+02
-9.809145508162383464e+01
-8.172062864512048463e+01
-7.041538199457164637e+01
-6.416039527410558208e+01
-5.793354448221793973e+01
-5.461132233998042551e+01
-4.520531960637762126e+01
-2.902031170580317010e+01
-1.282911194704484181e+01
5.458699521877077743e+00
1.884845429680014917e+01
2.594302780808132880e+01
3.157409704360222236e+01
3.357467567800993891e+01
3.445116183711085256e+01
3.451779414833296045e+01
3.054972545102582870e+01
2.299819128875914132e+01
1.953524877025745354e+01
2.031707476103997934e+01
2.187815206373367616e+01
2.612541787536779125e+01
2.768021485163861328e+01
2.611078961919668373e+01
2.564792252542754269e+01
2.505859044594376783e+01
2.416384916595857746e+01
2.340991523312687406e+01
2.198794454856134095e+01
1.996221843241307425e+01
1.840648841669428037e+01
1.726139389833515381e+01
1.606816843174437892e+01
1.505013225248280406e+01
1.266673293532097411e+01
8.755243430748036459e+00
4.214831993804891042e+00
-1.376972165432209128e+00
-7.268598754806536277e+00
-1.337869361378720434e+01
-2.044437881466117446e+01
-2.830356974701222583e+01
-3.365240371328578561e+01
-3.626156100958515083e+01
-3.757876489586629276e+01
-3.668727582985192726e+01
-3.566839534793079736e+01
-3.460938661753322521e+01
-3.165264952824362865e+01
-2.719887259935192603e+01
-2.330252750039496590e+01
-1.988612985650882337e+01
-1.620175141201846358e+01
-1.272340962718534385e+01
-7.714403768626887370e+00
-1.052786180732047328e+00
6.028751118282714927e+00
1.393862467386789028e+01
1.977616450000657622e+01
2.313528301557739297e+01
2.568712331219557399e+01
2.657655982560236652e+01
2.720167349496375664e+01
2.766913358539241941e+01
2.650926430518013888e+01
2.398478175086778919e+01
2.264367940073927343e+01
2.249037837759364322e+01
2.244706175213339350e+01
2.313270677731022928e+01
2.264311198420658044e+01
2.083292018616214847e+01
1.914737546976999383e+01
1.714623313396177906e+01
1.485567042233500956e+01
1.242634051826554398e+01
9.519822505255881140e+00
6.174302274981114280e+00
2.698669339426346792e+00
-9.415798559208887752e-01
-4.866647369469889739e+00
-9.020111504520098578e+00
-1.398272990304373309e+01
-1.981743380258269838e+01
-2.621177173898661295e+01
-3.332991822801436399e+01
-4.088685205956512903e+01
-4.886204836060160517e+01
-5.754379854380810144e+01
-6.687760734927122996e+01
-7.227752273149157247e+01
-7.332041485944461101e+01
-7.212427392620304545e+01
-6.737583685626920271e+01
-6.178514515577516875e+01
-5.545728108307553583e+01
-4.584657047419733544e+01
-3.345130965055461303e+01
-2.145831706785591209e+01
-9.769984343710586217e+00
2.872868505251714222e+00
1.573794546104875458e+01
3.145192942062642771e+01
5.022552263313535548e+01
7.019112228194526892e+01
9.198038096858235235e+01
1.064277601455177233e+02
1.124354796431972545e+02
1.147848531712905924e+02
1.107978927976500501e+02
1.053452272297621164e+02
9.869263890886793433e+01
8.597648833794127654e+01
6.809190876102586287e+01
5.237177608685126273e+01
3.872822817404491502e+01
2.412124131822104900e+01
1.028756505434726520e+01
-8.489090845766092741e+00
-3.266407116026778112e+01
-5.802868400631957257e+01
-8.593429522843761958e+01
-1.049158117164179487e+02
-1.134032598371910865e+02
-1.177903606867827193e+02
-1.146833267325320804e+02
-1.097529000173280309e+02
-1.033699146740018904e+02
-8.961879788925101309e+01
-6.953801361072983411e+01
-5.303739221809370008e+01
-4.008558497386552943e+01
-2.647344878897204268e+01
-1.457966113701827382e+01
3.109357908091184175e+00
2.719345177594479068e+01
5.204557331474558168e+01
7.942854146812567251e+01
9.794876256685449789e+01
1.058867521521082153e+02
1.098997864409962659e+02
1.065749343764801012e+02
1.012152861668601105e+02
9.421002656278308507e+01
7.980266345974493447e+01
5.895440767768643298e+01
4.208313730072919867e+01
2.921124141339803515e+01
1.582979978673867016e+01
4.456355184876773734e+00
-1.266967157069508509e+01
-3.617603457774885811e+01
-6.019396118502918114e+01
-8.654026117300340104e+01
-1.047234785175209453e+02
-1.130812028613891016e+02
-1.178818835395497047e+02
-1.159608638018855657e+02
-1.120436383587408216e+02
-1.064950061502560885e+02
-9.406758373239706827e+01
-7.561034631947217122e+01
-6.099986962985727246e+01
-5.028061711898698860e+01
-3.913563330841039800e+01
-2.995768431376921015e+01
-1.544822626575130187e+01
4.989194457702757823e+00
2.581294662252881622e+01
4.873169151952895817e+01
6.549274791187089306e+01
7.469286557280707939e+01
8.147086555145423858e+01
8.331715293451452453e+01
8.374658194436702274e+01
8.306773655994673788e+01
7.723577383757655923e+01
6.688165024271137327e+01
6.015505484426816452e+01
5.713336665117429192e+01
5.421654323996030911e+01
5.339508930905022055e+01
4.874225544637601359e+01
3.977614294171823417e+01
3.104537772445531374e+01
2.117102869382048880e+01
1.295498347607886025e+01
7.153987768173756479e+00
1.434853061752214831e+00
-3.287823983719029286e+00
-7.610179362271316528e+00
-1.169214793220901960e+01
-1.439850716939443132e+01
-1.582890802241851524e+01
-1.981371662914867215e+01
-2.649269231254012880e+01
-3.405962981574905513e+01
-4.348822657888428012e+01
-5.224155404452841367e+01
-6.011317725865345096e+01
-6.917152984811393424e+01
-7.884436651716025324e+01
-8.386284797254930368e+01
-8.392946099321993358e+01
-8.110626860013627493e+01
-7.393036714128020037e+01
-6.590898239892734978e+01
-5.713398467504482170e+01
-4.453210440479464438e+01
-2.875671091494772469e+01
-1.277266894898804850e+01
3.600755131035399348e+00
2.141873964603129110e+01
4.003057635815807203e+01
6.209963861381675088e+01
8.783349073923835704e+01
1.154272926512978614e+02
1.455314209073376617e+02
1.650688782890293567e+02
1.725674266424247207e+02
1.746661748547957984e+02
1.675675711041371301e+02
1.584146689006087172e+02
1.475729543865460869e+02
1.280310632628253984e+02
1.011063747085424467e+02
7.691069675482788170e+01
5.528467156385558212e+01
3.208790217953933421e+01
9.702666818734085652e+00
-1.984703096092227526e+01
-5.719316714058086859e+01
-9.650272289931574221e+01
-1.396652935346698712e+02
-1.696527473479339392e+02
-1.841815877972788940e+02
-1.926643105137368650e+02
-1.900739257844191172e+02
-1.849296553512830599e+02
-1.777787174123862712e+02
-1.598025930714064486e+02
-1.325660811169094018e+02
-1.106182525328804189e+02
-9.389862246181104410e+01
-7.625513307829699272e+01
-6.117646817612664023e+01
-3.759454828475835342e+01
-4.629947973379182180e+00
2.944158124844889457e+01
6.721649168280526965e+01
9.412528334368505512e+01
1.078662952236416430e+02
1.172120426058613418e+02
1.177820424046588954e+02
1.161244136846638781e+02
1.127717094329644141e+02
1.004705647414398015e+02
8.041489895900552654e+01
6.635208373344147503e+01
5.836630892283459104e+01
5.047438940085936565e+01
4.602277813327610545e+01
3.489660499023913331e+01
1.628750446586897027e+01
-2.085721896636000050e+00
-2.257526925571302812e+01
-3.746343927308748079e+01
-4.516761599286772366e+01
-5.104420431391294244e+01
-5.268349864214732037e+01
-5.279221866333497815e+01
-5.170556869757010077e+01
-4.586734941976580160e+01
-3.575171948031533020e+01
-2.996011140732463929e+01
-2.866537999073899812e+01
-2.795114714267058531e+01
-2.994941733243674165e+01
-2.862939061777026239e+01
-2.349474546115363793e+01
-1.927749687438326021e+01
-1.458666278513315895e+01
-1.101897515121246585e+01
-9.251078502955865090e+00
-7.522389302735809302e+00
-6.421874699762205374e+00
-6.108031322070528901e+00
-6.469948368282031126e+00
-7.984296698158217964e+00
-1.070847283095556257e+01
-1.160506243168540408e+01
-1.052287155381171857e+01
-8.993232870904408927e+00
-6.237468229414332654e+00
-4.158850360519259937e+00
-2.932124542947152079e+00
-9.666482429972911294e-01
1.303145904987041970e+00
3.726941346665633592e+00
6.480005951949241449e+00
9.327961604773017612e+00
1.228446133570721877e+01
1.580699457593823354e+01
1.989270226118298623e+01
2.434316305332491837e+01
2.926538406853143570e+01
3.410778995786802881e+01
3.881880051904155948e+01
4.374983268152964655e+01
4.875771601064418093e+01
5.412167211412339896e+01
5.988506935919930640e+01
6.579386653422697862e+01
7.191845075707180968e+01
7.496415231576983729e+01
7.456266663346889345e+01
7.230661415273446835e+01
6.722817667631350957e+01
6.116337356134960856e+01
5.417937333162193880e+01
4.446935742196432528e+01
3.235657170980039155e+01
2.034059770248213894e+01
8.358930573644704154e+00
-4.629323281198225004e+00
-1.805036269238222602e+01
-3.392417902958961662e+01
-5.242652623032304859e+01
-7.211686855066233193e+01
-9.348785603082856710e+01
-1.079776157969185419e+02
-1.145895113769199440e+02
-1.177176508929306920e+02
-1.148649525701772092e+02
-1.106531734518887902e+02
-1.053216062847549779e+02
-9.429372779068467025e+01
-7.841757117079809802e+01
-6.444598521643804645e+01
-5.228392719539264277e+01
-3.914414028669469303e+01
-2.662029559329204176e+01
-9.413595396187192321e+00
1.289930399179625553e+01
3.643382915105826925e+01
6.244583332174502033e+01
8.064659117963554991e+01
8.962225987428558938e+01
9.514735413388390839e+01
9.417925166832823436e+01
9.179028065060533947e+01
8.832330956104414099e+01
7.848507868216371719e+01
6.321031549298200503e+01
5.144031667910147121e+01
4.315829548064060361e+01
3.457167753686176326e+01
2.783364991416609513e+01
1.618854748018501155e+01
-8.964490557745419252e-01
-1.834442488769602164e+01
-3.773419785911592328e+01
-5.121516233704390686e+01
-5.747893552031293751e+01
-6.138172476842419911e+01
-6.054585540303823166e+01
-5.835515207325153142e+01
-5.510497438153092986e+01
-4.694017748622768949e+01
-3.447298516088676479e+01
-2.534597627743174186e+01
-1.962629502454076302e+01
-1.395372811934831425e+01
-1.019440346412510046e+01
-2.777109368640894083e+00
8.747535302812201152e+00
2.010713008947828229e+01
3.259640185054910688e+01
4.138259986006494273e+01
4.552796467619232601e+01
4.825161522788926050e+01
4.805289823115092673e+01
4.674864003049427907e+01
4.453056095444749474e+01
3.911526290357078040e+01
3.081807409258036046e+01
2.480750268810117731e+01
2.116318137561981771e+01
1.754409007823565148e+01
1.522016981568581251e+01
1.051204098495186123e+01
3.111724625253479370e+00
-4.126928411378567141e+00
-1.206033241898494168e+01
-1.829160600654502744e+01
-2.227546590869093990e+01
-2.576551043697162768e+01
-2.799775262992640990e+01
-2.971110514840598427e+01
-3.101311252532868323e+01
-3.083167237167090491e+01
-2.929006328638660150e+01
-2.926310018550581660e+01
-3.082097181199453573e+01
-3.263011023457491433e+01
-3.540601354013079316e+01
-3.716392659049410696e+01
-3.773647665118541994e+01
-3.869298715728426430e+01
-3.957525458438725963e+01
-3.957401053363567911e+01
-3.877749277122020999e+01
-3.723060055862027440e+01
-3.474001262383912803e+01
-3.212396790559382964e+01
-2.937309521701023129e+01
-2.590732776813951332e+01
-2.188242959755270078e+01
-1.724419047931908722e+01
-1.191259146040530226e+01
-6.007369107608081293e+00
5.128429347499348090e-01
7.800879563389353066e+00
1.586613147978103555e+01
2.468246793156103536e+01
3.429736409679310327e+01
4.149259396266722177e+01
4.595707354843002435e+01
4.924722067318755592e+01
5.044453204686606540e+01
5.140803941519509124e+01
5.222787471259187697e+01
5.114829852573193136e+01
4.851964005894008380e+01
4.666585894939774448e+01
4.553721591247040834e+01
4.421724459796043760e+01
4.325177681959100795e+01
4.077173375998784621e+01
3.663646164514404546e+01
3.220392581041222257e+01
2.703407581027662587e+01
2.239432587216243320e+01
1.853891645552290157e+01
1.453811685301083223e+01
1.077679594823517206e+01
6.818607875287590048e+00
2.588829047285565732e+00
-1.352816898981306082e+00
-5.096127846694153085e+00
-1.008139123124362690e+01
-1.635437570255899686e+01
-2.327964718129770105e+01
-3.122637330357564878e+01
-3.921744743067739591e+01
-4.718655949685859952e+01
-5.593064854024860466e+01
-6.523659914698407647e+01
-7.090062167286150441e+01
-7.258914581833550983e+01
-7.212354949439078666e+01
-6.831110762452490803e+01
-6.375886465509958612e+01
-5.855089816708215267e+01
-5.030219506742108848e+01
-3.949223893477122971e+01
-2.884827893796963139e+01
-1.825881005692222558e+01
-6.676638783133110877e+00
5.281927267745098575e+00
1.993300302811440261e+01
3.746260266593740340e+01
5.625335940425411962e+01
7.686675062842208206e+01
9.057189492651902185e+01
9.634484326473000237e+01
9.871426101688670940e+01
9.513705870951216070e+01
9.029454423950997466e+01
8.444241891261253841e+01
7.293765866500254447e+01
5.664541169198930959e+01
4.248960338421090199e+01
3.038464709148228948e+01
1.747656724829781894e+01
5.406375169448535800e+00
-1.123278362232603023e+01
-3.286667090845912043e+01
-5.551383350589618715e+01
-8.044968950302273925e+01
-9.721158039748758029e+01
-1.043518322659589046e+02
-1.077354127904879988e+02
-1.042617859388765282e+02
-9.907148702812469310e+01
-9.250521220161290614e+01
-7.917817005946837128e+01
-6.003091175813820968e+01
-4.415329363648856997e+01
-3.152134572082758979e+01
-1.826643925507489996e+01
-6.571809939510267817e+00
1.044184699349432854e+01
3.332462111196254995e+01
5.691956915677288720e+01
8.284044911999826866e+01
1.006407884007911804e+02
1.087432628842200444e+02
1.132492195695188002e+02
1.110286171438327045e+02
1.069435736424616579e+02
1.013496956002289693e+02
8.896764577332717749e+01
7.067781491495637169e+01
5.603222990468407261e+01
4.505047180592237055e+01
3.359689370014639564e+01
2.397906557021415352e+01
9.079595354006396946e+00
-1.167815936373444430e+01
-3.291356671822317992e+01
-5.629362421792217219e+01
-7.300857362025706720e+01
-8.161834861708574351e+01
-8.749354916368221780e+01
-8.796913247174943251e+01
-8.691602465787833864e+01
-8.465417867109324845e+01
-7.682075383234588628e+01
-6.411327010915687197e+01
-5.500901562072454709e+01
-4.956830273244955976e+01
-4.407133710071860833e+01
-4.058159410271085221e+01
-3.288551823160180732e+01
-2.047890330869578790e+01
-8.107622941838002362e+00
5.676833635192338967e+00
1.623939421001679406e+01
2.261995598182197753e+01
2.806434544368324779e+01
3.112448464578142904e+01
3.340732828353596062e+01
3.511944969471986866e+01
3.413506291830682216e+01
3.073769064208030599e+01
3.015186259079534992e+01
3.248976864438208878e+01
3.537284604789181230e+01
4.010000411852726643e+01
4.302284613425950965e+01
4.384406189741483217e+01
4.543686126910033352e+01
4.696293789151246756e+01
4.684055309974895920e+01
4.522171796252097664e+01
4.223780428319584246e+01
3.750641900634700221e+01
3.258907036586417405e+01
2.747226860016358074e+01
2.103703157602023310e+01
1.358126772899665369e+01
5.096814750586231568e+00
-4.562018986129989351e+00
-1.521139015182440346e+01
-2.690405585092402774e+01
-3.998830625189088295e+01
-5.448517098648767387e+01
-7.029342118944062179e+01
-8.751483534168177414e+01
-9.813760124407534136e+01
-1.013676476216624849e+02
-1.010554657844267155e+02
-9.489998967951262898e+01
-8.750389686228409403e+01
-7.907301594266355949e+01
-6.522475290538589832e+01
-4.681167713183107537e+01
-2.962569716066613523e+01
-1.352834984845083000e+01
3.792329886003627859e+00
2.098807386803039066e+01
4.274228005675408326e+01
6.942347561705054204e+01
9.765590057647591493e+01
1.285550414645405510e+02
1.482491809122868176e+02
1.550159380127136615e+02
1.562056814238599713e+02
1.477496946798644615e+02
1.368890023651771628e+02
1.240326900265527428e+02
1.018675569846383553e+02
7.171981048230833267e+01
4.489056183084906593e+01
2.126517428956686118e+01
-3.876797496852115721e+00
-2.785298896605965879e+01
-5.941964594768641916e+01
-9.927869048150543563e+01
-1.409633577388216281e+02
-1.865431427975451300e+02
-2.167917189370401445e+02
-2.291272314733489281e+02
-2.341188170084542151e+02
-2.260795412744805333e+02
-2.146417647127655073e+02
-2.004018800091465664e+02
-1.733753013251885591e+02
-1.353169882485638311e+02
-1.026137068200001892e+02
-7.517748955311365933e+01
-4.605961703168633647e+01
-1.917575078619820772e+01
1.797958219535399138e+01
6.641515626010684059e+01
1.168135551504159366e+02
1.721216693129347561e+02
2.104367808446570791e+02
2.286157940021880961e+02
2.391362469861529974e+02
2.354765482703133728e+02
2.281788379754277969e+02
2.179670600246014658e+02
1.936428416617692108e+02
1.571259653450355529e+02
1.278713220751566269e+02
1.058658693084760785e+02
8.276817813191159701e+01
6.326220186549134894e+01
3.271828370733773284e+01
-1.004035030074558321e+01
-5.400901781227058507e+01
-1.026177443626639985e+02
-1.371500499900796797e+02
-1.546004036384619837e+02
-1.663024282755548029e+02
-1.666119593326930044e+02
-1.638539644804544935e+02
-1.587097867568427887e+02
-1.418828479025957563e+02
-1.148823110591607417e+02
-9.553749383901397607e+01
-8.396578274938394770e+01
-7.237643761095189632e+01
-6.510923835157063877e+01
-4.906911000542001489e+01
-2.320153956133682627e+01
2.496771422988693701e+00
3.107489249441568546e+01
5.234428003441960442e+01
6.423727629898660041e+01
7.378586878081885914e+01
7.781458921542133567e+01
7.994572950911069142e+01
8.062007893737718689e+01
7.512504351069992481e+01
6.409777945421403444e+01
5.883230844759565059e+01
5.955181632686070259e+01
6.112461377059452872e+01
6.634972001963123489e+01
6.729710339005090702e+01
6.331650641680401037e+01
6.062690900262641236e+01
5.740009092878783292e+01
5.379748301981458525e+01
5.050898347134017285e+01
4.612636754926514016e+01
4.085937732651002818e+01
3.602574870379714156e+01
3.151713780817237520e+01
2.688796509593043993e+01
2.241015764405520727e+01
1.548458959682672287e+01
5.868744248742526537e+00
-4.995314461280879748e+00
-1.781462609517535256e+01
-3.123394986326346867e+01
-4.512335413105675030e+01
-6.076525085828090056e+01
-7.786959608534333199e+01
-8.960672322892864372e+01
-9.546226454452394705e+01
-9.845350070682003718e+01
-9.666697250168623157e+01
-9.434603906835044995e+01
-9.165956343453146360e+01
-8.477010383025374551e+01
-7.448221681519994775e+01
-6.517178653976100122e+01
-5.667855620639018355e+01
-4.736730461205473119e+01
-3.824379171911321862e+01
-2.562625120071465190e+01
-9.242895076998653536e+00
8.298243327344243525e+00
2.787106215209626470e+01
4.203192871156506527e+01
4.979340664809335237e+01
5.531563799601737230e+01
5.641417273413186706e+01
5.680816603135654930e+01
5.675704931407947385e+01
5.243148979968292167e+01
4.452890462607923894e+01
3.940425205599728287e+01
3.704632182084974090e+01
3.479077908541376019e+01
3.417312958717254645e+01
3.038873828335671945e+01
2.307031761865654218e+01
1.583807569506798707e+01
7.576971782403976619e+00
1.365470668584467084e+00
-2.116075734824539811e+00
-5.138192752715079692e+00
-6.733619611875083066e+00
-7.860371501148358142e+00
-8.671518306431289957e+00
-7.808127276777345749e+00
-5.442076975600271815e+00
-5.192149728744067438e+00
-7.154400834945242593e+00
-9.671176824488396662e+00
-1.365046334997074773e+01
-1.660933968770220304e+01
-1.834914575301160156e+01
-2.085084176060233219e+01
-2.354975207523326475e+01
-2.477488976599692094e+01
-2.457919188609785266e+01
-2.334088170951713082e+01
-2.063400167986016243e+01
-1.787781323846011006e+01
-1.508408122067058521e+01
-1.116678573343068592e+01
-6.399693906770759000e+00
-1.204238098641706056e+00
4.524407700240169028e+00
1.082137067767868110e+01
1.761914794370720472e+01
2.549292923421793233e+01
3.447810401240261768e+01
4.425338501776524680e+01
5.496425645775275370e+01
6.138037849134025237e+01
6.295779010626384320e+01
6.226853542556039400e+01
5.780547039514734564e+01
5.251422376737630060e+01
4.653546121459329044e+01
3.703351525866041527e+01
2.455434631830722836e+01
1.296952786949191250e+01
2.199344227511899064e+00
-9.315163038272775253e+00
-2.066792219964507638e+01
-3.495815242880147622e+01
-5.242942018660643555e+01
-7.083387638203271308e+01
-9.090744182635985737e+01
-1.035787257174089575e+02
-1.077138694027048302e+02
-1.081218155124422964e+02
-1.021380702083673668e+02
-9.448506065506096263e+01
-8.542710761895045835e+01
-7.018236383986960902e+01
-4.961256322110600081e+01
-3.112163114033459621e+01
-1.463286468068205792e+01
2.953837650422466599e+00
1.988313600921507174e+01
4.189344096008712626e+01
6.944812413306999588e+01
9.831330888664270162e+01
1.298477015453415220e+02
1.501442420486789899e+02
1.573790869764899583e+02
1.590936694850873323e+02
1.511823384323157597e+02
1.407106335900212457e+02
1.280974838193355936e+02
1.060774661562455918e+02
7.593635583668127254e+01
4.935586441084488740e+01
2.625133687069878619e+01
1.686884121554962590e+00
-2.155521754795174871e+01
-5.244149944231362070e+01
-9.169764917606238441e+01
-1.326693474161042730e+02
-1.774747769039314846e+02
-2.071324444577093971e+02
-2.190619046757145725e+02
-2.237514770239295672e+02
-2.155776854554671047e+02
-2.039898089198173921e+02
-1.895789641616657377e+02
-1.625074054461309458e+02
-1.244937194086754744e+02
-9.183413865896226014e+01
-6.445161280337593723e+01
-3.541789853137976252e+01
-8.629902285412143215e+00
2.832294071103519428e+01
7.644408184869372747e+01
1.264769336288453587e+02
1.813458304656358280e+02
2.186988944116020264e+02
2.353507644954028422e+02
2.439707458510798972e+02
2.379057478316892116e+02
2.279670480031825264e+02
2.148831862909710253e+02
1.871990943649150552e+02
1.468802613249969227e+02
1.136823073490793377e+02
8.757736027097951137e+01
6.010035994170748097e+01
3.600060415986524731e+01
3.892787084499396144e-01
-4.793518755121908015e+01
-9.779260919917065564e+01
-1.526788384473231872e+02
-1.907202837481775646e+02
-2.085758617235148904e+02
-2.191098780779279025e+02
-2.157610620568192132e+02
-2.086319187705201728e+02
-1.984779813802650779e+02
-1.742784302109001260e+02
-1.378640935302534274e+02
-1.094083800595143430e+02
-8.897277039401267018e+01
-6.780941100936929899e+01
-5.080054582787459339e+01
-2.295999189225082660e+01
1.692330057417025202e+01
5.749506722455833341e+01
1.022598673696933815e+02
1.339093496869265039e+02
1.495288695971240713e+02
1.598361901190614560e+02
1.595743310347785666e+02
1.561680942075599035e+02
1.502582783467602496e+02
1.333410025424162200e+02
1.067490017571583536e+02
8.744227858488996219e+01
7.556879003494432823e+01
6.364668301099429470e+01
5.581280376425327461e+01
3.970415740005891791e+01
1.431396702652167363e+01
-1.088553255384239549e+01
-3.877398369449127102e+01
-5.904322921798168267e+01
-6.966171000321746476e+01
-7.758886706818286427e+01
-7.962097963442151638e+01
-7.956479072874157055e+01
-7.784525628774568418e+01
-6.962791758085027993e+01
-5.557883918730750139e+01
-4.688631850472339835e+01
-4.374420631235344814e+01
-4.108311974972070857e+01
-4.166340983817882915e+01
-3.756610821113640242e+01
-2.813618462287105615e+01
-1.954662724961082887e+01
-9.963086925093126212e+00
-2.227015063322101973e+00
2.712458235623222524e+00
7.530540361337762612e+00
1.124795831464167151e+01
1.410646124814556401e+01
1.627978652693800043e+01
1.673668365300346750e+01
1.549291353070921673e+01
1.706696631981143852e+01
2.165140926195296700e+01
2.703993776874223087e+01
3.438450640962015825e+01
4.076783882825079530e+01
4.593612333269290104e+01
5.229249925018932288e+01
5.917357526230617992e+01
6.319878764829265094e+01
6.430478703291832687e+01
6.360527517147281884e+01
6.019919669055821032e+01
5.658495335123556913e+01
5.281554924232609949e+01
4.684042915346346092e+01
3.913869765535938683e+01
3.116036826881729027e+01
2.275471684755155621e+01
1.351225183392147144e+01
3.733969744591753681e+00
-8.039189534383130109e+00
-2.190763310772121386e+01
-3.693187469722520433e+01
-5.346824108278713794e+01
-6.525564795204574864e+01
-7.159372914855484282e+01
-7.570204258772143646e+01
-7.577122303592091157e+01
-7.521093228031854494e+01
-7.421181831651149707e+01
-6.943843650845168725e+01
-6.153017935166030838e+01
-5.533969368848109838e+01
-5.080352859881766392e+01
-4.594986583189107421e+01
-4.193127712159202503e+01
-3.494626903496232018e+01
-2.470441985690636955e+01
-1.400793946045661542e+01
-1.965430866605861304e+00
7.273779933500251538e+00
1.301766954480169325e+01
1.788278631864406520e+01
2.061991318770450121e+01
2.299901011837895126e+01
2.519251674416183562e+01
2.518692858148361324e+01
2.331276701683380281e+01
2.364507686161395128e+01
2.623448594976698089e+01
2.930267378760480312e+01
3.385468344584215572e+01
3.694999018269869140e+01
3.836222192013543975e+01
4.037145193101763851e+01
4.230398665278758585e+01
4.275681995353698284e+01
4.183099291127225428e+01
3.969199658462193270e+01
3.598962875835550790e+01
3.204961981147449279e+01
2.785980437480645122e+01
2.244337132739771334e+01
1.604890790471002759e+01
8.797833899468736618e+00
5.696396201476880972e-01
-8.548422816201057373e+00
-1.857058119450329770e+01
-2.988028741320311710e+01
-4.250617401682308127e+01
-5.629550486145826937e+01
-7.135719169051601796e+01
-8.109064916431675840e+01
-8.483702383634822297e+01
-8.578951933087104464e+01
-8.205304270897568131e+01
-7.740872368954396165e+01
-7.203106368218011824e+01
-6.231730891080123058e+01
-4.897046914439593479e+01
-3.679772246332351671e+01
-2.569143491531928802e+01
-1.373302487548197881e+01
-2.045506470286909462e+00
1.324293954370174120e+01
3.243391831607176101e+01
5.272683088713250044e+01
7.504072093130272947e+01
9.026312259834618601e+01
9.720788363473462823e+01
1.008451683278366744e+02
9.849414530675996104e+01
9.478567567305191233e+01
9.000819245091247467e+01
7.941688369590578134e+01
6.386459005995322258e+01
5.100210054050187836e+01
4.078455643723507507e+01
2.999603779660144198e+01
2.046701917963137873e+01
6.345253022611806237e+00
-1.283254741873788518e+01
-3.270394471676748793e+01
-5.464286570605353432e+01
-6.999374008163175631e+01
-7.744585335173809426e+01
-8.208537191886267692e+01
-8.132155417209598625e+01
-7.916660466293528486e+01
-7.592349436847911193e+01
-6.723229816767620548e+01
-5.382423047728315169e+01
-4.364360674657070405e+01
-3.671513405572765265e+01
-2.960378267153546616e+01
-2.423395797774551141e+01
-1.470387481637597915e+01
-5.404074626578917462e-01
1.378152299431165240e+01
2.963946290513514015e+01
4.099428795635291323e+01
4.677553710280150767e+01
5.083661829692345435e+01
5.133162034951380548e+01
5.073468856747304301e+01
4.928025325032773907e+01
4.404830170235516107e+01
3.548164418847208168e+01
2.969550594969164692e+01
2.676291826707130639e+01
2.396430987043185468e+01
2.279853316618495285e+01
1.885563994306799529e+01
1.177643203892092671e+01
4.962836665632892164e+00
-2.608924710739182196e+00
-8.454078770430077938e+00
-1.196224037591438716e+01
-1.505152664671125429e+01
-1.692077943412880003e+01
-1.823406359660663156e+01
-1.911321108538488645e+01
-1.848965700693434755e+01
-1.647247035664533499e+01
-1.620418353210779472e+01
-1.777608795194683111e+01
-1.971644966891772199e+01
-2.281308483051288150e+01
-2.493186247164644698e+01
-2.589346238445700976e+01
-2.740402348652616027e+01
-2.897400238546163820e+01
-2.921405475345065739e+01
-2.817269548912748789e+01
-2.614719713017608171e+01
-2.278327079091839380e+01
-1.926791239283385337e+01
-1.560692518227265779e+01
-1.089237067330890874e+01
-5.351037691671428398e+00
7.067592549115802036e-01
7.374357448552956384e+00
1.466462011522789588e+01
2.253455602758849352e+01
3.144462097587854288e+01
4.142559573156925978e+01
5.223249381209707565e+01
6.398494234251549528e+01
7.109049455846962928e+01
7.297437842957181431e+01
7.235825837796721771e+01
6.762997277448869227e+01
6.196010519209132639e+01
5.549316766174808180e+01
4.518386363054579391e+01
3.161709176235746810e+01
1.890132285338325602e+01
6.944759799427618674e+00
-5.906600699492363660e+00
-1.869506381998150246e+01
-3.472566582828298465e+01
-5.426095410083824078e+01
-7.491362496085363887e+01
-9.747147587923529954e+01
-1.120115065994712040e+02
-1.173035112915972746e+02
-1.185975897056745083e+02
-1.129830163644478915e+02
-1.056459749425615797e+02
-9.687750378870985912e+01
-8.144219308260272783e+01
-6.028919498657904086e+01
-4.149589076429187173e+01
-2.497865275572604915e+01
-7.363585290926895510e+00
9.433019053627692330e+00
3.167353546771203909e+01
5.986065365571739250e+01
8.937182214514061229e+01
1.216878563758753558e+02
1.429258800212710980e+02
1.512268756191284638e+02
1.542129702087344469e+02
1.477791639354825861e+02
1.388920276547137291e+02
1.279817102841743406e+02
1.078345465741979012e+02
7.972028430430322032e+01
5.545423543289207657e+01
3.497140200199471138e+01
1.326453987737916052e+01
-6.843439163730410613e+00
-3.437345239574707989e+01
-7.005273736503907855e+01
-1.071615698691328049e+02
-1.478256832392017088e+02
-1.745293005327379774e+02
-1.848288608807858679e+02
-1.885273211342702950e+02
-1.804205554396758657e+02
-1.690953389278867007e+02
-1.551070699135878215e+02
-1.294286071590978509e+02
-9.361875738643153966e+01
-6.294018624726268740e+01
-3.734425137150974905e+01
-1.031076542832401444e+01
1.450267006627704802e+01
4.866145879010456810e+01
9.310267938983643887e+01
1.391750141387532835e+02
1.896009855793912209e+02
2.231723969794631728e+02
2.368733757327995306e+02
2.426811541093379674e+02
2.342798586622837433e+02
2.219500100650970182e+02
2.063713498374899302e+02
1.766558624744745032e+02
1.346660830795860875e+02
9.909402909605803700e+01
6.990057918226462164e+01
3.907091794717319999e+01
1.109094489898295421e+01
-2.815309261956896947e+01
-7.980733004252317642e+01
-1.332930438445030177e+02
-1.919309078916436135e+02
-2.321939643908481798e+02
-2.506373381547731185e+02
-2.607724811396100222e+02
-2.555733217015471723e+02
-2.462302437172833152e+02
-2.335225685065238963e+02
-2.054625293420532444e+02
-1.640790176053440916e+02
-1.305059246558364805e+02
-1.047461948694655831e+02
-7.769754641969680620e+01
-5.445110870035684769e+01
-1.915992907917699029e+01
2.945870150697987810e+01
7.947073618332522926e+01
1.345939658400446035e+02
1.727518887563924466e+02
1.905012113798128439e+02
2.009634382495746081e+02
1.974987237601554853e+02
1.901563770755704468e+02
1.797091451410291825e+02
1.550884981679265877e+02
1.181116227016442650e+02
8.940328036226655684e+01
6.905102776147262489e+01
4.807701289543058465e+01
3.148076084778229600e+01
4.001363497195677965e+00
-3.559698671382314927e+01
-7.572532152526009952e+01
-1.199498921494792683e+02
-1.496028632562347411e+02
-1.616000906370994130e+02
-1.673367727282556530e+02
-1.611501700088225277e+02
-1.511861977712045757e+02
-1.381108452219465903e+02
-1.126840010205959288e+02
-7.636076293810464222e+01
-4.717110109516809047e+01
-2.523736618378392293e+01
-2.618449820436323350e+00
1.630467119333384574e+01
4.475350746453298711e+01
8.381407560830011505e+01
1.234037921786125054e+02
1.666144542214679802e+02
1.956817342961872157e+02
2.077598959543998660e+02
2.134644033632943376e+02
2.074200513505508923e+02
1.975868865837040005e+02
1.845678245925221290e+02
1.594725307857772236e+02
1.237171796747242922e+02
9.410492072802904318e+01
7.070492028128617790e+01
4.614243330550362288e+01
2.448019792102322256e+01
-6.707867138367781479e+00
-4.845085399746900379e+01
-9.133121938297659881e+01
-1.382680818034660888e+02
-1.714770229431218809e+02
-1.881958359199047379e+02
-1.989352342777306433e+02
-1.983432869229539222e+02
-1.945616329847424879e+02
-1.881995887050518661e+02
-1.703093797826351192e+02
-1.423569689609628881e+02
-1.209170056657613941e+02
-1.060477013254014764e+02
