-3.734503379348638852e+00
5.691227129062661483e+00
1.210084395444954453e+01
1.473834681978055805e+01
1.851867501393636317e+01
2.176255434321642213e+01
1.877335647363278071e+01
9.351995100806034245e+00
-5.204719519642084791e+00
-2.655334250942322782e+01
-3.404580935331778591e+01
-2.614666949407088126e+01
-1.425068649141217314e+01
7.065419598194199402e+00
1.681673816953655631e+01
1.280805348544778255e+01
9.718095513874507319e+00
2.164027086528567789e+00
-1.430879838170917129e+00
7.502446905112140074e-01
2.839015249998452228e-01
-5.436318361473865268e-01
-7.412737223758146810e-01
-1.184269728983131209e+00
-5.723575518091557068e-01
1.112520051799669174e+00
1.152729906568983553e+00
-3.963910382055109705e-01
-2.225019013546766455e+00
-4.928876738856303064e+00
-5.119222310642981277e+00
-2.416748342636403812e+00
1.109678815073944280e+00
6.387375835388017009e+00
8.036705882715203586e+00
5.469458291503190850e+00
2.037756368819715114e+00
-3.716434854664319776e+00
-5.535843961753193376e+00
-2.693964064195552233e+00
5.829181417998847703e-01
5.963703623476562576e+00
6.733833788969049827e+00
2.000949328914433334e+00
-3.651402408556942536e+00
-1.206861698614649114e+01
-1.359853682592001967e+01
-7.054425378784382694e+00
1.425072518445480441e+00
1.450974635894335130e+01
1.777747902773400668e+01
9.597704399302584122e+00
-8.848553915318499996e-01
-1.758487497175904934e+01
-2.301552547090016532e+01
-1.511728823958931578e+01
-5.547551198092032010e+00
1.039748199664418493e+01
1.800219207887045769e+01
1.525670477847794793e+01
1.315021854940881063e+01
7.752749566725882779e+00
2.911481450689541894e+00
-2.263857801384425161e-01
-6.772413419001922286e+00
-1.569919491129776290e+01
-1.698929171175724306e+01
-1.040785525055562211e+01
3.102611499046455459e-02
1.690762901900573212e+01
2.222367874304325852e+01
1.448210917137590670e+01
4.517508381746121238e+00
-1.234279016479618107e+01
-1.951027419810747077e+01
-1.496965164001674964e+01
-1.056044400040349984e+01
-1.909883097721496448e+00
2.817421278232853599e+00
2.043937939721698349e+00
3.285659822051058221e+00
4.325553619317069831e+00
5.376325522830436299e+00
7.232861497209038149e+00
8.028502114509979748e+00
7.982189443130801365e+00
6.355914574755923141e+00
2.711110411159692202e+00
-2.471202275574586160e+00
-9.588754480929749135e+00
-1.241638480277229206e+01
-1.042530178127508123e+01
-6.993038091206018159e+00
-4.363332149631463652e-01
3.193530181423979375e+00
3.309834895868787541e+00
4.284705639228168828e+00
4.612168175523749802e+00
4.120032453464316013e+00
3.132089238049593938e+00
5.160239717138651594e-01
-3.777660425862966687e+00
-5.175012886893928687e+00
-3.536446069045096507e+00
-1.154740605021081779e+00
3.095508752089309201e+00
4.768574596810630339e+00
3.411463574613057048e+00
2.089404089926644392e+00
-3.367568843930218714e-01
-1.240167186305518809e+00
-1.604570461734342868e-01
7.215057414808572211e-01
2.128854625305597992e+00
1.510364139162993835e+00
-1.575210121036134225e+00
-5.331123375285461208e+00
-1.050704544539264873e+01
-1.091388126831019001e+01
-5.858026860975249051e+00
1.082814234210044191e+00
1.163898234708739565e+01
1.531597858660902212e+01
1.104797640747576892e+01
5.340236521805806547e+00
-4.612102896422335618e+00
-8.806987908745952609e+00
-6.037368324087447391e+00
-3.461956097451276193e+00
1.549719547897987049e+00
3.364828357109607815e+00
9.496392372123915182e-01
-8.435041626259700553e-01
-3.565047006145799280e+00
-4.282378428514044266e+00
-2.263237336759924112e+00
-1.579356355049737759e-01
2.930325957776185763e+00
4.324038832635838325e+00
3.548724853166904225e+00
2.643051656054750342e+00
8.358330964253355422e-01
-1.986334488935810050e-01
-1.773427344995189836e-01
-5.645502798566968128e-01
-9.150068824396536682e-01
-1.075936187552588796e+00
-1.175722545516729944e+00
-9.308305375756550371e-01
-3.219260265154778033e-01
3.789979298119103834e-01
1.228664326091101655e+00
2.392065654511111639e+00
3.843067112948679309e+00
2.937996751388260108e+00
-5.612395481811982556e-01
-5.415018184589838413e+00
-1.237491039985299501e+01
-1.355671044369596956e+01
-8.240477240976304074e+00
-8.386396363066744852e-01
1.078403427749762322e+01
1.536856212638967278e+01
1.176822549548851349e+01
7.194962011420726888e+00
-1.325478703617186671e+00
-5.847721376646273228e+00
-5.278352462944204682e+00
-5.923812018607601537e+00
-5.715888862753964794e+00
-3.564877120631081642e+00
1.008131892010077635e-01
6.448775560171681853e+00
1.575591273907006951e+01
1.766306566442276349e+01
1.156995544158625044e+01
2.718055274112131325e+00
-1.159092659619506271e+01
-1.846798987421207627e+01
-1.668152097335949691e+01
-1.470853613273637350e+01
-9.224879887760087271e+00
-4.152947075549351830e+00
-3.237446936902349526e-01
6.926003924757294428e+00
1.665410231163692956e+01
1.899355598706615211e+01
1.366229546199625311e+01
4.697386619607008207e+00
-1.045985905744261935e+01
-1.613407511012071893e+01
-1.105070496741037367e+01
-4.939590166809185945e+00
6.207614883453389965e+00
1.027467594287505293e+01
5.627661059611996031e+00
1.371855459212291350e+00
-5.704477670479331408e+00
-8.335954395189045130e+00
-5.125482130724487995e+00
-2.157650227002859467e+00
2.629964022607197638e+00
5.127036629408742385e+00
4.442860038036983816e+00
4.256824035672168272e+00
3.380611816299307293e+00
2.347115649998587461e+00
1.525413150044354627e+00
-3.382591898115094864e-01
-3.067516918600357467e+00
-4.035982438443768139e+00
-3.207719176811340223e+00
-1.716262309662640817e+00
1.087638490576976036e+00
3.040573266348458148e+00
3.973577476057351010e+00
5.485631165796557518e+00
7.067473407234725613e+00
4.430903335170083501e+00
-2.714800254710950433e+00
-1.275302594672959877e+01
-2.691045742877463454e+01
-2.841666925664234000e+01
-1.580460786459563849e+01
1.861267924887538783e+00
2.913627413761944140e+01
3.886148055575380766e+01
2.836219484545579306e+01
1.452769393470313908e+01
-9.843978319380770614e+00
-2.018241936575718398e+01
-1.344769174269951328e+01
-7.463763491406695927e+00
4.234986568130415741e+00
7.798126855721507766e+00
6.235867284602540916e-01
-5.377702066941180803e+00
-1.405466413767318734e+01
-1.561290128709684666e+01
-8.015305007064007725e+00
9.579999800616132433e-01
1.424060782622033727e+01
1.900058692216207135e+01
1.349980340843971227e+01
6.368932108134096381e+00
-5.962406215960395883e+00
-1.159938307000552982e+01
-9.010969122854863400e+00
-6.940572501263113203e+00
-2.239906548604821968e+00
1.215082561909634373e+00
2.436852591312701932e+00
5.885002567281617303e+00
1.051204377345193386e+01
1.020711270016891348e+01
4.950332190658341069e+00
-3.154747961433667314e+00
-1.566666339342370762e+01
-1.864495745535380067e+01
-1.095397587146912066e+01
-5.948251972435989465e-01
1.609851731918321605e+01
2.112973972253008625e+01
1.254335457945033028e+01
2.019471930192973108e+00
-1.523850128260246350e+01
-2.002884052242333013e+01
-9.921670713872401848e+00
1.913826018621676894e+00
2.067792493473282178e+01
2.664904029789670048e+01
1.717780678811546125e+01
6.016219316422352748e+00
-1.222856415794258567e+01
-2.184572663679501403e+01
-2.055504473892502659e+01
-2.041261273653609720e+01
-1.719638385807591874e+01
-1.210516954349950325e+01
-6.134075180991382048e+00
4.824322579112154230e+00
2.048293121082684110e+01
2.682544983508539005e+01
2.335274580287743262e+01
1.667947898750201574e+01
3.253755655909747357e+00
-4.844617519015315565e+00
-6.564000904752236742e+00
-1.076471736133241919e+01
-1.453114592717558473e+01
-1.377576050824903398e+01
-8.853982310860452287e+00
6.003834111960690834e-01
1.570395348101050104e+01
2.024357011902503700e+01
1.327368673435662316e+01
3.630454535548487627e+00
-1.281612822301727128e+01
-1.912246982924555994e+01
-1.346289182798635053e+01
-7.401695227857658210e+00
3.478720122828731665e+00
8.206985337042297601e+00
5.010776397479651756e+00
2.772294376756990530e+00
-1.481859449735975831e+00
-2.430881666214862236e+00
1.189100143688088140e+00
4.416953049523228536e+00
8.819809847363321964e+00
9.181057289884579475e+00
4.522901548623928569e+00
-1.390042892463849933e+00
-1.012034669494185302e+01
-1.332832804070170951e+01
-1.003487456813536483e+01
-5.573663125378595318e+00
2.334088922765703789e+00
5.869521171086205413e+00
4.075178724092461735e+00
2.637832431587737503e+00
-4.934450349044349204e-01
-7.194626624690997341e-01
2.815904730965409719e+00
6.244173170467609779e+00
1.085224333662582019e+01
1.134605271051645659e+01
6.867998752710576582e+00
9.766108640366978344e-01
-7.877978665260805258e+00
-1.327937740396988353e+01
-1.449152168818142705e+01
-1.594113263692752369e+01
-1.593404315854667885e+01
-1.282526845899819179e+01
-6.688126955618463043e+00
3.156116860713178429e+00
1.727524771566012518e+01
2.369350188376225930e+01
2.168919502131236854e+01
1.758876540913652775e+01
8.295899201412868962e+00
1.720079171576587296e+00
-1.347631865759228553e+00
-7.380970631180666430e+00
-1.451707785783518112e+01
-1.701090953867259969e+01
-1.498968805535013971e+01
-9.775847888707069444e+00
1.204608659053747893e-01
5.492087407290633827e+00
5.863930084053569303e+00
7.028613223922238973e+00
6.795173816573568004e+00
5.871715974612492950e+00
4.685887675670014296e+00
1.133240067164734910e+00
-4.660933745280845031e+00
-6.459754933358000883e+00
-4.120915030766137299e+00
-6.322476985585513409e-01
5.536544539741097282e+00
6.638162866325454381e+00
1.915700819393496124e+00
-3.657899460933928371e+00
-1.210700188401413868e+01
-1.391968756256937922e+01
-7.910178711264677531e+00
-2.756381238925020849e-01
1.159955100587702859e+01
1.626108967757581780e+01
1.233652505649614106e+01
7.513257128847319777e+00
-1.295502766743454881e+00
-5.423865663881994870e+00
-3.645343437031711264e+00
-2.706879494514892848e+00
-3.126105407836005656e-01
-3.521356551826759773e-02
-2.770710534188488339e+00
-4.949729671345432180e+00
-7.613268226604452238e+00
-7.389779892552100549e+00
-3.565109395489645117e+00
1.431713379104757822e+00
8.656597643564897027e+00
1.095023221372364652e+01
7.528854831136905013e+00
2.735026805027320762e+00
-5.392571494520629116e+00
-8.891366989487007544e+00
-6.877307739063877712e+00
-4.845036076657120105e+00
-7.107641560654419655e-01
2.509767367458029863e+00
4.192722387503010850e+00
7.517202450372598932e+00
1.170387205912440365e+01
1.137304591233549900e+01
6.390294228527525711e+00
-1.288677551333272220e+00
-1.308535333192387462e+01
-1.691507106393892457e+01
-1.180180562613234763e+01
-4.765167709615761638e+00
7.356167571715882758e+00
1.234089147372733741e+01
8.808298106236593483e+00
5.271803074645577070e+00
-1.465290451100862423e+00
-5.464347443266528437e+00
-5.610772111596134870e+00
-7.387663430587934066e+00
-9.203577231532468872e+00
-8.561203823235635113e+00
-5.783867013886045072e+00
-7.859123657390376660e-01
7.031364353855163785e+00
1.123846291389008378e+01
1.152421937899038085e+01
1.152800638880253992e+01
9.669514793230082006e+00
6.461830941910227999e+00
2.063852466356977722e+00
-5.113176267747821413e+00
-1.507081653112443220e+01
-1.753949132572558156e+01
-1.190173898367313754e+01
-3.152728306621828125e+00
1.142850171842752616e+01
1.675701592880101387e+01
1.145803570690304163e+01
5.098599101760664887e+00
-6.230337480513886916e+00
-1.142231839335596355e+01
-8.941029424989377361e+00
-7.348151442729367488e+00
-3.710580983692347345e+00
-1.246667565579415493e+00
-9.477317104601603592e-01
1.119627935493866300e+00
4.026317707355487663e+00
5.768126354318525273e+00
6.667509003008929902e+00
6.968961341140811783e+00
6.276164936913417591e+00
4.551893788404446362e+00
1.649754269119690031e+00
-2.770129566214945882e+00
-8.854916110732766299e+00
-1.028183011501617194e+01
-6.586137556801300086e+00
-9.659685415693198829e-01
8.282799582807710337e+00
1.153379928789924413e+01
7.891640949094092861e+00
3.436453651766575579e+00
-4.340668838685079578e+00
-9.152249538509176219e+00
-1.011630134840580908e+01
-1.234574865731766380e+01
-1.421413834883471417e+01
-1.303752096749934708e+01
-9.006821352760360000e+00
-2.075197961798712853e+00
8.481576678483596865e+00
1.633145735503889995e+01
2.124009557582293795e+01
2.696371798326469715e+01
3.201098692249694011e+01
2.815245840752217887e+01
1.473423038800666518e+01
-5.613980886789226687e+00
-3.537333498218400507e+01
-4.715512589999780602e+01
-3.884710556256533920e+01
-2.583263048541277129e+01
-9.156008028980395785e-01
1.271151680598234179e+01
1.254417057890252352e+01
1.586193791486843629e+01
1.683507686088353950e+01
1.482021056179643104e+01
1.116200136199947401e+01
1.472544310625979680e+00
-1.438169627313116905e+01
-1.964678594722878202e+01
-1.384436298142276200e+01
-5.322296926866309619e+00
1.003025958948906293e+01
1.604090904970757236e+01
1.106801621006950853e+01
6.274843201100534174e+00
-2.476903304775986303e+00
-6.340368288019691434e+00
-3.706729028865604736e+00
-2.168653610380474550e+00
7.031618605538542122e-01
1.563624231920257346e+00
-6.035948071411801896e-01
-2.230653970943664799e+00
-4.357293591205274375e+00
-4.305445107641317826e+00
-1.437580846020005021e+00
2.120139403733619421e+00
7.216470513215050175e+00
8.146450686362285865e+00
4.239370549346613615e+00
-1.049953223737076557e+00
-9.310981051919124951e+00
-1.155468777883578824e+01
-6.823304593704224708e+00
-7.707845172628744468e-01
9.017572409490320240e+00
1.197440768141769674e+01
6.845982863604401558e+00
7.097295839570623155e-01
-9.276465594762987266e+00
-1.262337140994821461e+01
-7.943052917755839104e+00
-2.619180803327211926e+00
6.193779276310911186e+00
1.059989077206870967e+01
9.400302369160577598e+00
8.752554715923604789e+00
6.520933808861832048e+00
4.344887297197084663e+00
2.848590452491237990e+00
-5.287312321654245029e-01
-5.332666334175186762e+00
-9.095681204684240129e+00
-1.199481115734797498e+01
-1.490819789159176167e+01
-1.731357179787746503e+01
-1.521600096055224149e+01
-8.161082659942602291e+00
2.423031080980086571e+00
1.779404273389851454e+01
2.474318811865597567e+01
2.224814838705169961e+01
1.780106815945054421e+01
7.939749060838163786e+00
1.211736401120179440e+00
-1.421480425640206047e+00
-7.041537399400451314e+00
-1.358865128535453692e+01
-1.562767644638175923e+01
-1.336824055859232452e+01
-7.816915007436609386e+00
2.423722978729793365e+00
7.754669502372326662e+00
7.692657962670977234e+00
8.137035286475487794e+00
6.788908130345074454e+00
3.643397480831148005e+00
-9.772080975972571304e-01
-8.953705144320904807e+00
-2.040299407461382941e+01
-2.251688519921152576e+01
-1.455686562504434711e+01
-2.846629786149792452e+00
1.597444866029684896e+01
2.440928986033794956e+01
2.083225592928028647e+01
1.650322325992248196e+01
6.896571475567473186e+00
8.747783498922589995e-02
-2.587711341569087331e+00
-8.786032843812064286e+00
-1.647466499944744456e+01
-1.694400920906440788e+01
-1.022631785335356724e+01
1.099872272931830874e+00
1.928935694828991387e+01
2.515200999043575081e+01
1.727317730792056594e+01
6.825071026604084601e+00
-1.113278804977841396e+01
-2.038577819474653907e+01
-1.901126083202127859e+01
-1.891654097341802654e+01
-1.590595457634902665e+01
-1.115312195444725418e+01
-5.640280993279404242e+00
4.652208901398659613e+00
1.944141678908263060e+01
2.574645168222889069e+01
2.315307887564957312e+01
1.778683043407518127e+01
6.384753755195239577e+00
-6.255491602692396791e-01
-2.331120104003799653e+00
-6.543416845195082487e+00
-1.076849285664650324e+01
-1.308914229985905919e+01
-1.403660125997287977e+01
-1.258968212938943054e+01
-8.293304598700995456e+00
-4.035374314332490719e+00
4.086462536720816274e-01
6.951532348718969523e+00
1.512842619949550738e+01
1.697587581505773002e+01
1.195638008322308821e+01
3.572581911203852378e+00
-1.037854778055641702e+01
-1.548616332476758650e+01
-1.056480419808883831e+01
-4.470536814861681307e+00
6.505473540889112449e+00
1.076148058569700083e+01
6.786889666144326760e+00
3.211061351794318952e+00
-3.025727998877082658e+00
-5.586770661422328921e+00
-3.211801340268189531e+00
-1.421802730020321981e+00
1.571903926962399556e+00
2.662072881786815337e+00
1.057050005997987929e+00
-2.911570484551162519e-01
-2.320234811979946965e+00
-2.847910376332595028e+00
-1.392035694754499620e+00
2.248389232321919284e-01
2.659608272538155127e+00
3.359258215960462035e+00
1.946176370366981434e+00
1.968004784541607100e-01
-2.607887203090543782e+00
-3.418453166229355134e+00
-1.849755391542913685e+00
3.197187382235081032e-02
3.056716437605772718e+00
3.947585528073053851e+00
2.278304507436955895e+00
3.086624797298955780e-01
-2.853616005393274868e+00
-3.712547689935457029e+00
-1.802385719732966685e+00
4.631505401245352149e-01
4.041645802810696964e+00
4.518761397015251369e+00
1.330072853654422849e+00
-2.621234548640178463e+00
-8.553453846626243973e+00
-9.854748818558048740e+00
-5.750322612205635231e+00
-4.174344290973798777e-01
7.955971588710898601e+00
1.124032961025057986e+01
8.495262581797813795e+00
5.144817745698901490e+00
-9.879302032906378539e-01
-3.908968489966823778e+00
-2.763431902288696840e+00
-2.249097052505807603e+00
-7.793622024117575764e-01
-4.464834320112858190e-01
-1.840436983545614025e+00
-2.674192113099552959e+00
-3.563210853409118695e+00
-3.122354640556913807e+00
-9.451557767439526803e-01
1.830119039350604826e+00
5.678674429254927603e+00
6.913320763275147662e+00
5.124700750219993495e+00
2.494148890740390812e+00
-2.000542124165795244e+00
-3.657606564723468345e+00
-1.982535807084061297e+00
-1.086279692991277135e-01
3.196567133171660302e+00
2.676613910449704203e+00
-2.363513765665679944e+00
-8.409304819474872517e+00
-1.691437665948101809e+01
-1.814130799053512888e+01
-1.096218096573407408e+01
-1.222032959617327164e+00
1.378755910826164843e+01
2.157050701545889382e+01
2.079624801532173350e+01
1.978355530438079057e+01
1.524632164343528551e+01
9.994543763946376558e+00
4.717451929947018563e+00
-4.725621243532957649e+00
-1.773008563554110495e+01
-2.411109929155069409e+01
-2.360623103866086225e+01
-2.073914393332549722e+01
-1.293873488132637739e+01
-6.289415306382847071e+00
-1.208958521110262030e+00
7.491815648066618039e+00
1.851892839756220965e+01
2.292072153052637162e+01
2.047535795778972556e+01
1.454204919085265857e+01
2.767471992109524326e+00
-4.153214342710709772e+00
-5.528473824229831024e+00
-8.610164245292164509e+00
-1.085606716042245168e+01
-1.058762115904626633e+01
-8.186181182461742978e+00
-2.426786354702882953e+00
7.187325041948284365e+00
1.086362781305633440e+01
8.203829946590989408e+00
4.452075940114708530e+00
-2.805263481848972784e+00
-6.264329539193483676e+00
-5.096001816001618501e+00
-4.804120028830972444e+00
-3.542903028419303268e+00
-2.103899414553816349e+00
-1.022857855278730854e+00
1.556816174498172556e+00
5.383359942441205526e+00
6.628195659433900211e+00
5.250220928690648492e+00
2.912433949375409004e+00
-1.323831039489959949e+00
-3.222815990937752506e+00
-2.418908253905449168e+00
-1.736307381774947922e+00
-1.112427922663976332e-01
2.462082570072353094e-01
-1.060772017588045735e+00
-2.114550475797316142e+00
-3.515574020225764595e+00
-3.777124644149093324e+00
-2.568532994260981805e+00
-1.074195256302590495e+00
1.162322366337656954e+00
3.098569695314754124e+00
4.570273867259226463e+00
6.480572423798207637e+00
8.557079711358067442e+00
7.630066989607601435e+00
3.463904997583707068e+00
-2.674321149102933948e+00
-1.169096059684301459e+01
-1.434518509496724370e+01
-9.857866537451229760e+00
-3.447673034768061306e+00
7.345128447485412160e+00
1.132377433333153149e+01
7.309406848126326572e+00
2.752720357629896419e+00
-5.281895961669833106e+00
-7.885977718754836552e+00
-3.779392698216018864e+00
3.528405647700877390e-01
6.918608092414634037e+00
9.055314239703902146e+00
5.612043220711471214e+00
1.842319440331638969e+00
-4.185320078071861793e+00
-6.930973274488652081e+00
-5.504078573250780870e+00
-4.173583054427878025e+00
-1.404579786548730835e+00
5.750669832868805509e-01
1.253969093772746568e+00
2.990480480888618953e+00
5.180853903385543191e+00
4.577763426990512308e+00
1.141169634674602751e+00
-4.063917865705001908e+00
-1.189012376270649973e+01
-1.380303759893663873e+01
-9.113335676503238503e+00
-2.640075771446627417e+00
7.870544040295155419e+00
1.329898044207999064e+01
1.267079149591690523e+01
1.227031112739805607e+01
9.732134886897117809e+00
6.331430709312755312e+00
2.569796197982017194e+00
-4.145421504665197432e+00
-1.354583435742960340e+01
-1.648977193010754760e+01
-1.258797395701335553e+01
-6.077556727104211909e+00
5.406091806045369985e+00
1.046661610928866359e+01
8.107985900101315480e+00
5.830694995334708253e+00
7.481229398458044688e-01
-2.736511617021463394e+00
-3.756476722233013099e+00
-6.794021208640150356e+00
-1.071282908608181295e+01
-1.075017673979376553e+01
-6.986207820003046187e+00
-8.188290591196265567e-01
8.951698319673052850e+00
1.409652317797878851e+01
1.405675964975390890e+01
1.383520740682205208e+01
1.137311896023640934e+01
8.160881181315327026e+00
4.556484591047655464e+00
-1.885965131629571134e+00
-1.089035189294559025e+01
-1.580768734200274750e+01
-1.646628473728242170e+01
-1.593559538590792890e+01
-1.255433581716998859e+01
-7.900175585267029454e+00
-2.041827975317542787e+00
7.253327678884253338e+00
1.980942033030554583e+01
2.276816462809561514e+01
1.532934802779418426e+01
3.603060304348065568e+00
-1.585603201915269622e+01
-2.300303703783422904e+01
-1.606118264699089693e+01
-7.619294064861966476e+00
7.509019840907591892e+00
1.537219993573425114e+01
1.403976368732416269e+01
1.451040087796073408e+01
1.313708253040392471e+01
1.014982618010423998e+01
6.491206626285160652e+00
-9.208932414279275003e-01
-1.196932843920909839e+01
-1.788360842054902022e+01
-1.851606288875873929e+01
-1.808907632516746844e+01
-1.448546758617447772e+01
-9.500142101425664620e+00
-3.288934052859886936e+00
6.835737512612262812e+00
2.065512889384915596e+01
2.465995987268335909e+01
1.808227425435926605e+01
7.335155000403926095e+00
-1.116187644471351348e+01
-1.900362165300576578e+01
-1.457261757945324909e+01
-9.796809862700227356e+00
2.082197844810074194e-02
6.762032458160216919e+00
8.995870553491828403e+00
1.449959690540031687e+01
2.119460212333222415e+01
2.048209161841739601e+01
1.240900801755759808e+01
-5.509044104634897021e-01
-2.062584918942570411e+01
-2.965554691338305204e+01
-2.634492393322215520e+01
-2.136648969684371124e+01
-1.008442178106545484e+01
-2.287234914071407221e+00
7.249088049580373339e-01
7.556206154283361620e+00
1.581603985577508453e+01
1.993938595854505635e+01
2.034567580626663741e+01
1.787547592855542788e+01
1.118225453358722277e+01
5.707619262755537548e+00
1.498982089691580200e+00
-5.325911238887290011e+00
-1.367391478171065700e+01
-1.818973385510953733e+01
-1.878638824689848619e+01
-1.725683173993698460e+01
-1.218230221354155596e+01
-6.852454419825453336e+00
-1.296075160490361533e+00
7.406527747496266301e+00
1.868120501408823131e+01
2.216690531600364622e+01
1.728803084948851065e+01
8.637295570804955247e+00
-6.575973292790151525e+00
-1.345752850073366602e+01
-1.080303573868117439e+01
-8.218569101215482675e+00
-1.953052644969709206e+00
1.765393856518889582e+00
1.793697135059241887e+00
4.195961504077106774e+00
7.368537758200430332e+00
7.326527763880875455e+00
4.394973529061404705e+00
-7.541405955673906591e-01
-9.058734240762280621e+00
-1.123933578779471176e+01
-6.672120142528362052e+00
-6.085977954941049761e-01
9.328405661405385629e+00
1.253655786453813015e+01
7.834736846454154247e+00
2.268039445827485512e+00
-6.979105057056990802e+00
-1.119914582665847114e+01
-9.178137902450135499e+00
-7.427700192868042173e+00
-3.610728867703394851e+00
-1.152933193915493426e+00
-8.461997535875538379e-01
8.878664599869126040e-01
3.111744931963828620e+00
5.854452008488802761e+00
9.552430960562110940e+00
1.347765888728322459e+01
1.776913718136454534e+01
1.672522448587533006e+01
9.654014064941556228e+00
-6.417193815810360302e-01
-1.586235804054577869e+01
-2.382043555407939905e+01
-2.347625152005436178e+01
-2.220069041557613332e+01
-1.681623690998032927e+01
-1.080773145435159677e+01
-4.743074264257855610e+00
5.788750100917185115e+00
2.008572958731167901e+01
2.621987874402302765e+01
2.377525658177103551e+01
1.803982899694429420e+01
5.939768435234962674e+00
-2.086608122464083781e+00
-5.252588304432340927e+00
-1.127692454030997737e+01
-1.771642232299346986e+01
-1.722123518998114022e+01
-9.772136652021888636e+00
3.044397851271581246e+00
2.325178511922500491e+01
2.931507384148880746e+01
1.972716534546607292e+01
6.641349734022223394e+00
-1.550351154027308809e+01
-2.635644158458826780e+01
-2.365185223545428173e+01
-2.181755293964818776e+01
-1.558905236098333091e+01
-9.589301648936954692e+00
-5.237815195753744213e+00
4.026079697611180563e+00
1.701242783519689183e+01
2.364860593263795252e+01
2.399566876451397590e+01
2.206074383241521275e+01
1.540863188066900413e+01
8.671621179024787907e+00
2.065396835140943299e+00
-8.777623453165865897e+00
-2.299556100429003891e+01
-2.714251301009650774e+01
-2.055912849068429793e+01
-9.120297491644013377e+00
1.075970639005760532e+01
1.966937764018076962e+01
1.603675952578274888e+01
1.232139979863625534e+01
3.624685661143369320e+00
-3.373857222050149041e+00
-7.355009294192171865e+00
-1.557027287773638946e+01
-2.636381854649425449e+01
-2.644770655280539629e+01
-1.548488486526167485e+01
1.430100797337723328e+00
2.777165710248309338e+01
3.741011110622152103e+01
2.822275032975432651e+01
1.573162108025817574e+01
-6.851924491721882227e+00
-1.731692405361025422e+01
-1.298901644646956299e+01
-1.020695406646304093e+01
-3.204106769866607696e+00
6.413831917223438150e-01
-6.048739815303230127e-01
1.286165324009441058e+00
4.252242030785001070e+00
5.009956363991893369e+00
4.266370818644008800e+00
1.998805919302741430e+00
-2.408442510805736791e+00
-4.701389999060522129e+00
-4.767165987591860166e+00
-5.167138307844663103e+00
-4.934656800173668145e+00
-3.873818500669853560e+00
-2.127021035019719175e+00
9.777537766699361255e-01
5.527926608713482182e+00
7.658120966252650597e+00
7.202435812226314127e+00
6.134969785871235537e+00
3.483174145595371751e+00
1.511256348143046990e+00
4.441660014403427947e-01
-1.639062854597501229e+00
-4.216955978741996347e+00
-5.751312452754731019e+00
-6.315324536885361439e+00
-6.261070836154483565e+00
-5.210719905207880309e+00
-3.544993416243010564e+00
-1.189797677536835963e+00
2.400487627253560241e+00
7.234780300320010404e+00
8.979934694224814606e+00
7.351603082978265924e+00
4.475723332525091358e+00
-8.071088332013135469e-01
-3.440818216517695483e+00
-2.982475894664205374e+00
