3.661234391405705058e+00
-3.690692266386562892e+00
-3.618638004344604475e+00
2.203690509327841163e+00
3.712151034981571840e+00
2.909262988491450930e+00
1.437035310596593618e+00
-2.295766800157343024e+00
-5.348587123792859721e+00
-7.773197327543361901e+00
-3.846744298838016274e+00
7.742628039223722780e+00
1.077159415053854197e+01
5.922684003796057972e+00
5.624690537372820653e-01
-8.655646148418977504e+00
-1.017987756781747244e+01
-2.630402520582014958e+00
1.237475312710550224e+00
3.986843419717259085e+00
6.313692855566506168e+00
6.234082501604287785e+00
1.640198637934810133e+00
-8.503134546796928817e+00
-8.138651687569172566e+00
3.113050998424649496e+00
5.109913704273124857e+00
4.552960610159245691e-01
-9.788460745345719527e-01
-2.328733204170339466e+00
-1.575117081904875871e+00
2.592319219321908008e+00
1.977030423299230844e+00
-3.094741002150288800e+00
-2.989981421067508638e+00
1.228130363581321216e+00
3.897559508208349399e+00
6.548473939505224273e+00
3.758052895144230021e+00
-5.797617572988666979e+00
-9.096400939259890350e+00
-7.004971229528603516e+00
-2.102380925904809850e+00
8.446486561631328271e+00
1.046551660541213025e+01
3.348602620333602342e+00
-1.388015581439303592e+00
-6.753959050911985784e+00
-6.519605321193186143e+00
1.444919474520759861e+00
3.456042049945331929e+00
9.304621263276265930e-01
4.251244218976372169e-01
-3.205540094679547036e-01
-7.438848483971038927e-01
-1.702996573204118291e-01
-2.512092838709269471e-01
-7.178877573334812023e-01
-5.446921252050084261e-01
9.463250917245497051e-02
1.840926876137402468e+00
4.961356849741642705e+00
3.339917940493580595e+00
-3.328631359580932703e+00
-6.527825787112832678e+00
-7.259831777699872646e+00
-2.915742597341239861e+00
8.578244327488160792e+00
9.148714091335961029e+00
-1.195585933382736998e+00
-4.361669416178894032e+00
-3.460662460573422194e+00
-6.713848192921230140e-01
7.087261420702584580e+00
5.439304058411051912e+00
-6.092529369986536381e+00
-7.306361648700852918e+00
-2.891018568376340081e-01
2.132922190024150400e+00
3.098672776352888736e+00
2.509499471676877924e+00
-1.551301074415591730e+00
-1.901598477971645496e+00
1.221413384667172197e+00
1.522617767131269895e-01
-4.105241289018250583e+00
-2.878109465580408255e+00
3.136006900158202271e+00
5.265766271891209271e+00
4.701711679791305443e+00
1.918840863508582073e+00
-4.821392878557291262e+00
-7.409533837491935060e+00
-5.814300407257100289e+00
-1.745291596718010707e+00
6.836000267255506024e+00
8.716456335887652784e+00
3.426015698338784610e+00
-7.084544441100804057e-01
-6.152096830680604533e+00
-6.061662122367242667e+00
1.177307196981016268e+00
3.142258449349648597e+00
1.283044005483300776e+00
3.966593772666112128e-01
-1.609420544544915233e+00
-1.428960095417419973e+00
1.498300401622048694e+00
1.597208616919552515e+00
-5.546384244459733326e-01
-5.667266180252937824e-01
8.029179582622884004e-01
3.509249949128256940e-01
-1.425618009929193741e+00
-8.009806524521789761e-01
1.957668575964735425e+00
4.508707561199046254e-01
-5.063644286589488175e+00
-4.195196532757735852e+00
2.463889270565309708e+00
5.706876175387726846e+00
7.177166467058134103e+00
3.041382655097269350e+00
-8.769668338523347373e+00
-8.059962541494613220e+00
5.068609499658253803e+00
6.914716477458781263e+00
5.551902199627840595e-01
-4.595669825406944575e+00
-1.247250784780471378e+01
-7.638553311294027814e+00
1.203552825202051579e+01
1.498632797557452712e+01
3.332061520526647058e+00
-2.451072089696446188e+00
-7.810356939713493318e+00
-7.833290565692786700e+00
7.248453563752270679e-01
3.587031979142123461e+00
2.262822346361721859e+00
1.659124435848301493e+00
-7.168463681401568977e-01
-1.373444708997033636e+00
7.399495117169178904e-02
-4.341064526499803233e-01
-2.230659719778231409e+00
-1.464012564054024468e+00
1.520781209240048781e+00
4.042291207805466691e+00
6.739699724807647563e+00
3.818126099452739730e+00
-5.723003657715545422e+00
-1.067319097720491072e+01
-1.204660885594992159e+01
-5.659596099684623738e+00
1.144121921033119449e+01
1.816810555503523261e+01
1.516272670624524288e+01
4.932079088993127414e+00
-1.768404463431672369e+01
-2.222972111996153544e+01
-7.779793990762582823e+00
2.342849545484139373e+00
1.457788427764130468e+01
1.410743524357786782e+01
-3.425968299521783944e+00
-8.080476899299176452e+00
-3.123017756731210071e+00
5.338258339441026568e-01
8.108863380830275247e+00
6.085575315218289205e+00
-7.164682499628373336e+00
-9.712441526590666285e+00
-3.783838781150173691e+00
-1.531423900581683206e-01
4.882458103377247838e+00
8.187701999271089548e+00
8.424585729548420332e+00
3.309134787901837793e+00
-8.866700426833894255e+00
-1.230998753562324133e+01
-7.072034439704373732e+00
-6.220742419953444458e-01
1.059687659720870911e+01
1.162516125569361236e+01
8.523864194027281904e-01
-3.261293290212366802e+00
-3.770291408028431768e+00
-5.148128771129636405e+00
-4.488962887298898252e+00
-1.255804691797898887e+00
4.867537529767174576e+00
6.875681906630917162e+00
4.512309534247822107e+00
7.899531948126612413e-01
-6.079603879415294898e+00
-6.631479413720454019e+00
-7.738397857136221358e-02
2.526589784202438072e+00
3.066879042500223918e+00
1.472597860248289647e+00
-4.255228486744628391e+00
-3.771802429090141295e+00
2.914476312584301176e+00
4.429959877543563351e+00
2.411349431043758873e+00
3.641106895621721851e-01
-3.610841341959365458e+00
-4.283479223866992314e+00
-1.139182381359204133e+00
4.693767553282264249e-01
1.665640709394556662e+00
3.280063576062210551e+00
4.559849287962737030e+00
2.230481714656660230e+00
-4.189618014138876134e+00
-6.361507703086519250e+00
-4.655409374282618806e+00
-1.152282725833701837e+00
6.041410081032556612e+00
6.678886143801195274e+00
1.841465565687639416e-01
-2.524060530981661721e+00
-3.439895511362005998e+00
-2.133733325947399173e+00
3.340096111210177021e+00
3.109186595288831345e+00
-2.704084094011735218e+00
-1.990924964827997412e+00
3.882802617534700129e+00
3.812210256739724024e+00
-7.197443179909357447e-01
-4.374013211785899635e+00
-8.935626093822824245e+00
-4.503477440607480453e+00
1.049058313222458061e+01
1.075507014390734284e+01
-2.721459021715855187e+00
-5.337840782057829081e+00
-1.026115202404407789e+00
-1.210737233208539099e+00
-2.358322865829030057e+00
-1.398054360946021202e+00
6.132339072982115891e-01
4.730102584453404369e+00
1.148297505078894254e+01
6.802763082997766553e+00
-1.020872946492435318e+01
-1.473982176662529398e+01
-8.674173689922213271e+00
-1.392365672288967016e+00
1.198993291511779269e+01
1.365501267081716819e+01
1.834455192427718817e+00
-3.789497474938351207e+00
-6.976893067051913810e+00
-5.857990107257376344e+00
3.059342940288803714e+00
4.355178368533750621e+00
-1.214061984226093571e+00
-1.168369100489382584e+00
2.039973393600132301e+00
1.584574356484589774e+00
-1.097458699892316147e+00
-1.961256109094931199e+00
-1.800058834907285688e+00
-5.188664942610858866e-01
2.641333318659910834e+00
2.087976730010968396e+00
-2.331516552021956734e+00
-2.332506590773900434e+00
1.315619098874689641e+00
2.515625134471926039e+00
2.519880285691344479e+00
1.315828594276540864e+00
-2.130657100258443570e+00
-4.451772305854261091e+00
-5.836576540640922239e+00
-2.798153677411173490e+00
5.812474993712861249e+00
8.648375657356933033e+00
6.167096183885943717e+00
1.808160428963668576e+00
-6.946075004543046383e+00
-9.982973693755813116e+00
-6.710878504259128796e+00
-1.239628146519528684e+00
9.068350754087393994e+00
1.033651756545784650e+01
1.514273317097615701e+00
-2.526269356786001286e+00
-4.627801165677325024e+00
-4.672498926727948643e+00
-1.427137322361580196e-01
1.872352290392419238e+00
1.981208321457446075e+00
1.542554821961816813e+00
-8.310804906174151796e-01
-1.214903370927935322e+00
4.131767427652122127e-01
4.315758608707947475e-01
-4.818770782324839352e-01
-4.074523961644929138e-01
2.233479203782412770e-01
-3.305434084053371357e-02
-1.001232287449145719e+00
-9.724009607554391366e-01
-9.573354375670610483e-02
1.785158841965465815e+00
5.089081303715550675e+00
3.137510420664471500e+00
-4.481083862971393827e+00
-6.216662504539094414e+00
-2.970705127767894194e+00
1.195897378794227583e-01
5.234873940115027047e+00
4.966365431621167836e+00
-1.688496918986120310e+00
-2.729507699835726608e+00
5.271408899121377001e-01
1.788932994795285059e-01
-2.015575020495772751e+00
-1.220702453601921089e+00
1.785200759024570871e+00
1.801357747125845732e+00
-7.130384116097230329e-01
-1.327853497753960443e+00
-8.210389941348543719e-01
8.167200411115808079e-01
4.407509634451686864e+00
2.939546762205142549e+00
-3.873209859996511017e+00
-5.097695458772862231e+00
-1.702332171786371973e+00
3.935639494380308578e-01
3.084526662863641633e+00
3.059507109144476988e+00
-6.481001287844284642e-01
-1.710186476046486881e+00
-8.690572836329678585e-01
3.159114036600787490e-01
2.992909881199070199e+00
2.213915579039691384e+00
-2.347446269556825449e+00
-4.041851380418579609e+00
-3.707285650515528275e+00
-1.507100817342061028e+00
3.915645806041969657e+00
6.189112270609935962e+00
5.346938523307249724e+00
2.113523670599693371e+00
-5.143765204432007465e+00
-8.320126483590264854e+00
-7.307553340763823790e+00
-2.287557161261897232e+00
8.982982456889013534e+00
9.831312068043759567e+00
-2.253824327078758072e-01
-3.865265075684610974e+00
-4.158187387907918975e+00
-1.572178133776972908e+00
6.934393997834865431e+00
6.084637580726392159e+00
-4.231783610766852277e+00
-7.465332712492415368e+00
-6.124319209525302732e+00
-1.927552112514995919e+00
8.158443453042792726e+00
8.381940732503981195e+00
-1.746231246045707008e+00
-4.124425980995360952e+00
-1.450932256738966419e+00
-1.683118345740453603e-01
2.580641559996383894e+00
2.308715658648827773e+00
-1.749182970493034617e+00
-3.140727929984464151e+00
-2.766417439644759391e+00
-1.046640427237333304e+00
3.237950345327093249e+00
4.500351644099840343e+00
2.701477787382928319e+00
6.650437367338281058e-01
-2.852972909989888617e+00
-4.937313607642694002e+00
-5.206494541540497067e+00
-2.055778976190585805e+00
5.658775066362153439e+00
7.190144942685683382e+00
2.552606244224456145e+00
-8.096661330936143486e-01
-5.086739065348578670e+00
-4.728247832987768184e+00
1.678547893418102399e+00
3.143437125923544961e+00
7.983543128086727503e-01
3.433763798276359136e-01
-9.555279476796102456e-03
2.914410010122806538e-01
1.935665139042154426e+00
-1.862988906225747199e+00
-1.133721276572190817e+01
-7.581641199764397321e+00
9.343578806493203714e+00
1.389465802074625600e+01
8.704734665252043868e+00
1.779301235302022111e+00
-1.172967317595241177e+01
-1.400324153546897499e+01
-3.603714963946891281e+00
2.154310367738993648e+00
7.087978787734782848e+00
8.502637381507351932e+00
3.503277841203983112e+00
-8.080167302195635504e-01
-5.932232634915755476e+00
-6.737638078197584868e+00
-1.691442497428771619e+00
1.259901054046286939e+00
3.544266832531290934e+00
4.687546407730863507e+00
3.294960380668793487e+00
8.538754985106146167e-01
-3.345516739822627983e+00
-6.326776690459864128e+00
-7.834965621275078007e+00
-3.582846263187830171e+00
7.819213887944320263e+00
1.161342930315362310e+01
8.288619084010525384e+00
2.272950853120844883e+00
-9.778098062588940209e+00
-1.321471812096344500e+01
-7.170844911610999795e+00
-3.859933587831422264e-01
1.069308274855893615e+01
1.218639543617755550e+01
2.278137875046422067e+00
-2.679249796965279096e+00
-5.771356006826624530e+00
-7.318214806313632081e+00
-4.605398402749653286e+00
-9.599557813081648350e-01
4.592000375786962962e+00
8.996308583955059390e+00
1.168488289378721134e+01
5.377939081614499628e+00
-1.181045246954174210e+01
-1.643703317841571732e+01
-9.234186901020164484e+00
-1.149892864513210267e+00
1.276585508960809001e+01
1.514276060398464985e+01
3.908849503790072344e+00
-2.745617681424983747e+00
-8.778762649743748980e+00
-8.633308180436483070e+00
1.016656999343769296e+00
3.834525103959052217e+00
1.413672383827962564e+00
1.162731759389098674e+00
3.197672939075448806e-01
-7.480902161197973133e-01
-1.425113302130823101e+00
6.927661327231822153e-01
6.180189374013233206e+00
4.696487603873880090e+00
-3.791752068271192933e+00
-8.781545007866521146e+00
-1.208741854029934792e+01
-6.269472203897357154e+00
1.135023226798473139e+01
1.665477674285029508e+01
1.069426280903139492e+01
1.957577950842474213e+00
-1.472988469370971920e+01
-1.604084830943380879e+01
-9.401421796778017259e-02
5.916351566184609112e+00
6.574830436607592254e+00
4.169468717700503646e+00
-5.997337973748318340e+00
-6.086317750777991087e+00
3.912780343284880225e+00
5.408061204294881463e+00
1.283705506362837978e+00
-4.234392974154702061e-01
-2.460117536616518219e+00
-3.316965795344652079e+00
-2.016281417108075402e+00
-5.163028384200002430e-01
1.836402912911748952e+00
3.190032994355656459e+00
3.221880445567553153e+00
8.601945634644363459e-01
-4.679200672854896048e+00
-3.549773219092637433e+00
4.499030696799512619e+00
4.730877195547801506e+00
-1.499969043339625108e+00
-4.479142212150381219e+00
-6.559832092274047177e+00
-3.197158782376687380e+00
7.524050303625685387e+00
8.415284510101157522e+00
-3.274711827014671617e-02
-2.646054083220004127e+00
-2.320213441525036391e+00
-2.640767314160104462e+00
-1.345774380877344800e+00
1.440329170607917153e-01
1.832690628823016699e+00
2.273928849856332590e+00
1.026382333825197835e+00
-1.898617398933800382e-01
-1.855310957471681288e+00
-1.354662501916697570e+00
1.769817898707852777e+00
1.838831254049920094e+00
-7.590353757785615052e-01
-2.347459038123859809e+00
-3.899731020456104424e+00
-2.326705388216134374e+00
3.184437311034001183e+00
5.961494001684535249e+00
6.603723897275842525e+00
3.082025604659160312e+00
-6.306416106095851681e+00
-9.407620663059093502e+00
-6.483807157397295740e+00
-1.287708806839952258e+00
8.978571218100380946e+00
9.056205954491456822e+00
-2.095272822200042295e+00
-4.823441000942165324e+00
-1.853848697901943510e+00
9.721533126456838314e-01
6.968105317865281201e+00
5.504894095253444419e+00
-4.386979234911626335e+00
-9.137516770979887681e+00
-1.073442126079324233e+01
-4.864356066520437061e+00
1.154798684025455380e+01
1.463543785375955508e+01
4.814735267845454025e+00
-1.565800207863997651e+00
-9.144627957918345373e+00
-9.254098925855918978e+00
9.612175658351119756e-01
4.227783471651861191e+00
2.616100829558597685e+00
1.497350544558624597e+00
-2.112672395778850021e+00
-2.390257091029989844e+00
1.165173284034025647e+00
1.800924092931317944e+00
6.050742414987938522e-01
-4.760557119508856960e-02
-1.164803512388062456e+00
-1.203420161102338515e+00
1.373942423941297009e-01
5.935101467076411286e-01
4.903108147497273750e-01
6.577107340345893505e-01
7.449287505722471670e-01
5.624204223030895289e-01
1.385676700451236865e-01
-1.912901280506208446e+00
-5.787838107164192891e+00
-3.597554788739509846e+00
4.970372336944564928e+00
7.316988823597656122e+00
4.529276201738740681e+00
9.537900274487298713e-01
-5.864732380608227658e+00
-6.817577351525583751e+00
-1.097255278183894234e+00
1.871538370036727628e+00
4.023440063524214239e+00
2.382370054499780565e+00
-4.863318430529507630e+00
-4.580705083744129880e+00
2.802261604585247756e+00
5.249613491638404739e+00
4.881937604095888616e+00
2.090972806954740193e+00
-5.272126423371106263e+00
-7.289210801511743831e+00
-3.957425755132579326e+00
-3.551248061765593378e-01
5.682126539537700083e+00
6.848031809120266544e+00
2.199448912117238031e+00
-9.047976362337746270e-01
-4.196730295542979938e+00
-5.368230588801610637e+00
-3.147051757665201510e+00
-6.730245806819552534e-01
3.024565232026323880e+00
6.579498706927649820e+00
9.581840960997753953e+00
4.861504827168344534e+00
-8.892229936482909380e+00
-1.327983547048491353e+01
-9.186722637480682963e+00
-2.004298598809817644e+00
1.231261839329361685e+01
1.375428910925643855e+01
1.013893851021155257e+00
-4.195150815082785201e+00
-5.814537241164616788e+00
-4.919256350785270016e+00
2.167576056198985412e+00
3.646926797339518966e+00
-8.175411782804165028e-02
-7.499351098495157242e-01
-4.219741787868033223e-01
-3.067979833077250640e-01
6.334300164205241002e-01
3.440575413042396002e-01
-1.228840645384680741e+00
-1.142037840494157352e+00
3.475881808127220807e-01
1.395850075325786532e+00
2.490204514099721766e+00
1.227571547029971732e+00
-2.890933951565255899e+00
-2.816842241826326809e+00
1.238618845565622628e+00
1.927141922744936231e+00
3.276910914025931709e-01
-6.215646274191712894e-01
-2.075473139676368817e+00
-1.330542384780865950e+00
2.107334878323462668e+00
1.934168029038622949e+00
-1.511273480488584786e+00
-1.857111903523845475e+00
-1.293612266009908085e-03
1.796749007897804562e+00
4.596716134733017434e+00
2.880265075896923932e+00
-3.991841792677138567e+00
-6.091212546597248867e+00
-4.260929408087420711e+00
-1.038938252259688388e+00
5.590535280962090070e+00
6.942131264233935006e+00
2.520242066399024594e+00
-2.594283354044412127e-01
-3.261794420909659209e+00
-5.315453731208807042e+00
-5.304401368583460119e+00
-1.614465781327435012e+00
6.800064440084980788e+00
7.316183963163927828e+00
-2.645167102098001100e-01
-2.630197612384701511e+00
-2.019432898600264981e+00
-2.107979573382297023e+00
-8.229430187603896663e-01
3.496298767698234888e-01
1.304128363112667222e+00
1.980227477238218903e+00
1.989651912771181808e+00
8.560961491401047896e-01
-1.712706319462000470e+00
-3.144578062296483623e+00
-3.493026802830005551e+00
-1.400807947599044923e+00
3.949921564639197857e+00
4.591284333596179046e+00
5.481430656411645508e-01
-1.157502657656133804e+00
-1.987932680326598645e+00
-1.137935740643919003e+00
2.613851174065770611e+00
2.541461958493806073e+00
-1.192047146546005409e+00
-4.302000547816447806e+00
-8.086408112833067818e+00
-5.049383018554714830e+00
6.050700567912294048e+00
1.245298487945719401e+01
1.559676853522454820e+01
7.402432992159573288e+00
-1.566609955070516413e+01
-2.252361821373243345e+01
-1.418924522818535294e+01
-2.641750737485980327e+00
1.886869409745336412e+01
2.362199130207555697e+01
9.307706419027891087e+00
-1.146863075421753919e+00
-1.389027905301969668e+01
-1.876801126333462122e+01
-1.191134165124957534e+01
-1.776283168479811492e+00
1.554113377451171019e+01
1.930668408954765525e+01
7.416784656000776188e+00
-1.534351008706051900e+00
-1.247378454512292301e+01
-1.380402093628003435e+01
-2.018088812177169178e+00
3.984205480262462906e+00
7.286800774590983742e+00
6.211876356481663031e+00
-2.798920786848724696e+00
-4.174656272501560572e+00
1.328800995414835873e+00
7.724567597108220607e-01
-3.398987298192773121e+00
-1.978798174620002737e+00
3.707776521377073475e+00
3.953361366737995652e+00
-2.999578622278586959e-01
-1.260543626033931552e+00
-3.752543505354731246e-01
-2.656032503740981543e+00
-7.213231004519828460e+00
-4.934926445119510063e+00
4.150594549731598804e+00
1.079612349310114183e+01
1.663266236939121256e+01
8.521715213057099447e+00
-1.655618901186868541e+01
-2.145921730914000491e+01
-7.699824733610491911e+00
1.903001722454610967e+00
1.442599973611675068e+01
1.336593355350861145e+01
-5.415473999053556753e+00
-9.459164300234903067e+00
-2.091786700927331655e+00
2.640294218790662395e+00
1.031601444318428129e+01
6.808811888052480832e+00
-1.024986885704269746e+01
-1.088619936677796396e+01
2.925010758729168270e+00
6.033451044941153363e+00
3.029825792643324966e+00
-6.719360785398001967e-01
-9.047765711215703277e+00
-6.242942729806312485e+00
8.837932716917373810e+00
8.997074179176690834e+00
-3.672195558187964171e+00
-5.737126278821341963e+00
-1.176853246595696678e+00
1.971513805195540536e+00
7.285967690712496392e+00
4.738389643120662242e+00
-7.102124366547928780e+00
-7.709873341221049614e+00
1.561131539431870330e+00
3.954573019317332960e+00
2.669931238050846645e+00
-3.502130826012755382e-01
-7.847514953464252763e+00
-5.522592078288001360e+00
7.225283600359067471e+00
8.891302889155339173e+00
1.492785844713596211e+00
-1.541929033726771703e+00
-3.689627304821841314e+00
-4.972325053085255853e+00
-3.512606432134424583e+00
-9.582131522031980264e-01
3.425889282583193474e+00
6.093244900104455297e+00
6.721807944770202603e+00
2.546438073683177983e+00
-7.862962254607331225e+00
-9.334029816511543842e+00
-1.911769538392117163e+00
1.896766929169720228e+00
4.972177838040942710e+00
5.578764502647190149e+00
1.667526160003918179e+00
-6.778660693198821363e-01
-2.354587917272519704e+00
-5.313749206324548169e+00
-8.654221613731827745e+00
-4.906754205054915552e+00
6.622401467221255444e+00
1.270791683789298077e+01
1.452249224941519401e+01
6.101622522882854227e+00
-1.618070399722915909e+01
-1.970753241967124580e+01
-4.810088795106739035e+00
3.459671597317793168e+00
1.132414296661229258e+01
1.085962937470002565e+01
-2.248838511718114219e+00
-5.679904970331631553e+00
-1.535200528074654569e+00
-1.344493101088072962e+00
-1.425281390551716321e+00
-3.726652081703536457e-01
7.247261456550131431e-01
2.465803671267988051e+00
4.855133670451245109e+00
2.525620497313772361e+00
-4.954516174806314233e+00
-5.397930100175606150e+00
6.970579070545874778e-01
2.618804139920729579e+00
2.382092489313484496e+00
-3.234618581797055192e-01
-7.410770406078166062e+00
-5.576907750537508868e+00
5.461963712630544698e+00
8.699671297361700084e+00
6.194234841562514582e+00
1.588465375346937547e+00
-8.330099402321547331e+00
-9.217600915855893362e+00
-3.124424005393075521e-01
2.895642619997186529e+00
3.125692493828680529e+00
2.907620794510556994e+00
-2.608911288218955793e-01
-1.449698091690050594e+00
-7.431753371171394562e-01
-1.062915644962775241e-02
1.776367574557607076e+00
1.821026230689996028e+00
-1.066466898881441028e-01
-2.676514753847193173e+00
-6.620687860685740667e+00
-3.939662082688720979e+00
6.135253702384602548e+00
7.783137347421121177e+00
2.025994860676020526e+00
-1.438040549848801808e+00
-5.433975585214537496e+00
-3.799506405168496137e+00
5.258089680503354124e+00
5.130383710373135564e+00
-3.269679215022531338e+00
-4.667823808210913583e+00
-1.551272734133835707e+00
1.305976846565636007e-01
2.676890171452854350e+00
2.966386924438816575e+00
2.044571861674498447e-01
-9.612595326640583915e-01
-1.276056423942784290e+00
-9.224715351523146145e-01
9.238449728738062916e-01
1.036441121682695643e+00
-5.321611462367319412e-01
-1.106362070062909764e+00
-1.248662441626473774e+00
-7.796406685388220792e-01
7.519103229921088039e-01
2.410513573887975269e+00
4.381712232810138552e+00
2.400399907362860574e+00
-4.108481731954282345e+00
-6.197194604016455166e+00
-4.461540983005881422e+00
-1.359755436111647953e+00
5.000821073381743531e+00
7.167154595111691506e+00
4.734018603801120051e+00
9.380570881406957717e-01
-6.123959700688537566e+00
-7.023390810962238717e+00
-9.852066887731434353e-01
1.988847974780645789e+00
3.870708572330544772e+00
2.298640488267539972e+00
-4.617986121661967758e+00
-4.449507865763520975e+00
2.432877042260043865e+00
5.126957502851872128e+00
5.701324024422661729e+00
2.705658566149792055e+00
-5.907249077069534060e+00
-8.232527800333867773e+00
-4.524383331574459710e+00
-4.808811316026603278e-01
6.414433917763309623e+00
7.767067737213550593e+00
2.536837506653871532e+00
-8.842706259530341839e-01
-4.466582438462551430e+00
-5.784128104934653791e+00
-3.402861289636889719e+00
-4.556677373082440585e-01
4.143284413706543212e+00
6.364073677104320481e+00
5.597634173118345657e+00
2.042339073258208515e+00
-5.710156547664634097e+00
-8.557733585248399777e+00
-6.339049658156795886e+00
-1.314761480206634969e+00
8.864960492329236885e+00
9.438092683888362089e+00
-4.018813435433114534e-01
-3.449461017946966024e+00
-2.429772333022179875e+00
-2.795520566400762963e+00
-1.869096035442541659e+00
-2.318429747246735506e-01
1.927405407589788844e+00
3.314453813124320192e+00
3.648357366629431109e+00
1.372154973233428832e+00
-4.206658646518484979e+00
-4.782315639162325382e+00
-3.448672267021818394e-01
1.390178032916040474e+00
1.934193587351400900e+00
1.221676747236636551e+00
-2.057687713284156672e+00
-2.452512099739948326e+00
-9.785856022061441284e-02
2.204618054548699746e+00
5.559631952107209507e+00
3.096626725005913183e+00
-6.054275946659741336e+00
-5.919671581265939508e+00
2.770494064959596159e+00
4.209075486732389848e+00
7.969938396256684987e-01
-1.929989099841517008e+00
-6.503948179417468722e+00
-4.032522992829961517e+00
6.619991675702957323e+00
7.602144103012919985e+00
1.041130061438643728e-01
-2.303431205394052661e+00
-2.504133715194293064e+00
-2.720660754320660235e+00
-9.619161208002171559e-01
1.908584208919247571e-01
8.509304999619177190e-01
2.463414714211805467e+00
4.608603693947920910e+00
2.361906971252254905e+00
-4.612038615170796163e+00
-5.749733521779421430e+00
-1.556943371474344140e+00
8.201211704226281096e-01
3.307557174347265150e+00
2.870562272263755599e+00
-1.734183449039605085e+00
-2.477901147677201266e+00
-6.658963238263111012e-03
1.948820124947799437e+00
4.832823224961036779e+00
3.173638611375564800e+00
-3.845285927264912029e+00
-6.906751487123639066e+00
-6.987097651272710763e+00
-2.938680034597633384e+00
7.377897907016627954e+00
1.064243060557235587e+01
6.981290645261237771e+00
1.461434230443901638e+00
-8.964556192004113910e+00
-1.166600303906427527e+01
-5.652567286508443978e+00
-2.482116638907130857e-01
7.557854832522672872e+00
1.047926319400241724e+01
6.911158927822742548e+00
1.113169014222185504e+00
-9.298603590159627785e+00
-1.109414044444272207e+01
-3.149266391842489909e+00
1.526743943457886887e+00
5.840456323854279930e+00
7.138605829286539084e+00
3.205345977847042782e+00
-4.007024697735883101e-01
-4.982315928116438641e+00
-5.805822905309523385e+00
-1.668423213470427768e+00
9.376346844406469039e-01
3.299072130835587036e+00
3.648737374781201304e+00
7.713191633495716237e-01
-9.904044937474525412e-01
-2.319469906473258902e+00
-2.366955166463759141e+00
-2.717703475540359515e-01
4.082504853078712803e-01
4.904895448775989722e-03
2.058831409844418037e+00
6.164508409499315889e+00
3.831532620595183403e+00
-5.036062694423918629e+00
-8.074181050324824582e+00
-6.467111761390421876e+00
-1.941598205263804555e+00
8.115809707886436186e+00
9.665593871503453727e+00
2.213947106843528356e+00
-1.625408524517197417e+00
-4.656929736282823029e+00
-5.382118416020444052e+00
-1.727802422404706606e+00
8.548070270713999941e-01
3.278683346688915812e+00
3.251414669619715703e+00
-3.772435847609424964e-01
-1.776473178130137276e+00
-1.603686131169760998e+00
-3.439746498349089965e-01
3.161792217388133430e+00
2.405605436617131776e+00
-2.787747017791151194e+00
-2.889735853475767779e+00
1.206786761385663320e+00
1.956714962231415722e+00
7.411328604782481122e-01
-8.445115077283932292e-01
-4.007568402979351241e+00
-2.651150627951348149e+00
3.675140619594170488e+00
4.044131505057884546e+00
-7.559768340067208880e-01
-1.966410033894656628e+00
-1.283003911798146657e+00
9.352861591218809556e-01
6.179476993206153068e+00
4.688726596490634613e+00
-3.870067050659437236e+00
-8.164092508794205116e+00
-9.888453087707439693e+00
-4.673477775622408181e+00
1.013003593421850645e+01
1.277095463572501188e+01
3.670076000462394905e+00
-2.012068623066888939e+00
-8.459438885863741930e+00
-5.638824026199949380e+00
9.371714276019178058e+00
9.543439263768455305e+00
-3.615064021753061407e+00
-1.096465531118051118e+01
-1.712843355033268367e+01
-9.262950264571745862e+00
1.675951404333271455e+01
2.346712085162855388e+01
1.274996086090581571e+01
1.601316175587848223e+00
-1.748148598971384615e+01
-2.201775948253189341e+01
-9.114994670708492563e+00
1.160106660022530267e+00
1.435774437070265996e+01
1.753356635476669112e+01
7.020274569286295119e+00
-1.110800956078498380e+00
-1.067562401374941139e+01
-1.360159549251167554e+01
-6.891064899840001701e+00
2.077735079171363908e-01
1.054337824788935940e+01
1.167329296892461699e+01
1.482963295100089507e+00
-3.344515642632594155e+00
-5.659937267177487463e+00
-5.527229869503758053e+00
7.391182120950218204e-03
1.868630622332175584e+00
6.579118934173442401e-01
2.783815861022938432e+00
6.837116258548311620e+00
3.835355878924744388e+00
-6.122989842681490380e+00
-9.001394471822452559e+00
-5.885412329350503846e+00
-1.316073408798870581e+00
7.565160217587005853e+00
9.152331424632080825e+00
2.556376582254425767e+00
-1.354736088554575169e+00
-5.096123246670762441e+00
-4.899689734535473740e+00
1.198092950314723071e+00
3.069923989748261750e+00
1.735392562759751955e+00
-8.049403254349054571e-01
-6.516418387083241726e+00
-4.883616515838806293e+00
4.663462867656666511e+00
7.602387889364663032e+00
5.625077977575886123e+00
1.231048806270217177e+00
-8.408204692571755956e+00
-8.072805167154413652e+00
2.970193352439878698e+00
4.782297338564060141e+00
-1.281212435929649784e-01
-1.284155078939634431e-01
1.845661233583323568e+00
1.312562106625741798e+00
-4.822804828254982357e-01
-3.154958013840148734e+00
-7.348817017085318426e+00
-4.352061728651726469e+00
6.530170931796154044e+00
9.599619655690387887e+00
6.052858233156879209e+00
1.157419344727159016e+00
-8.237151096011658069e+00
-9.630675701561337121e+00
-1.999474874488162079e+00
1.835235230206321289e+00
4.501907632707189855e+00
5.188535528989880241e+00
1.758350874685707055e+00
-8.290167972523453388e-01
-3.388784721715036863e+00
-3.291199135420164179e+00
5.635313988826025078e-01
1.560874894167554539e+00
3.480000789095269442e-01
-2.956381286630909710e-01
-1.521187678760674622e+00
-1.565933488157515541e+00
-9.491298389264285484e-02
2.965931524733389058e+00
8.257166785748770721e+00
5.086877693248299082e+00
-7.243935191896813564e+00
-1.058996984444318556e+01
-6.454299166515011343e+00
-1.148247723701373735e+00
8.883173751988321598e+00
1.059111002552436887e+01
2.818996663292923976e+00
-1.599703936649975233e+00
-5.503397534453641882e+00
-6.907458725635775565e+00
-3.676837822903949782e+00
-2.950788445233679114e-01
4.420597351628880567e+00
6.735126753638942532e+00
5.778154406827963996e+00
1.486879123437375938e+00
-7.635712334850905947e+00
-8.686027366180931963e+00
-1.247342958440285532e+00
1.824041347275556113e+00
2.996111418170318785e+00
4.581860828212707126e+00
4.636893544510036769e+00
1.754554335501817164e+00
-4.556032227218721253e+00
-6.309870012803409089e+00
-3.449354332243045551e+00
2.645677510941323307e-01
6.696721314576766559e+00
4.647205877424661402e+00
-7.026411033076540136e+00
-6.637957805717433324e+00
4.334761647069522716e+00
6.420070353998724499e+00
2.806404316210466821e+00
2.678359629402844999e-01
-4.214268117694868643e+00
-4.532603201133949433e+00
2.682290616642515335e-01
2.057929428113852488e+00
2.120208755870122364e+00
4.262653330550309483e-01
-4.533237536232260112e+00
-3.577242712956049342e+00
3.429410328926618678e+00
4.968169928898706011e+00
2.438519445421328147e+00
2.368518717810910446e-01
-3.613582303277615093e+00
-4.031905208124826778e+00
-3.239402694331296462e-01
1.374585789308791828e+00
2.163477111367451133e+00
1.612725708664912050e+00
-1.385258967804548158e+00
-1.380005218837740522e+00
1.487689307222701096e+00
4.765703026617086335e-01
-3.708359793107018021e+00
-2.501233286539970013e+00
3.482747744215551666e+00
4.572638704680246136e+00
1.859297691676373709e+00
2.384543701002451999e-01
-1.907090437848326214e+00
-4.663220954351865899e+00
-7.536534984900933765e+00
-4.181163209001720560e+00
6.238985609140286215e+00
1.023295917712278325e+01
8.693171104216849798e+00
2.542205496226820571e+00
-1.136492994804737044e+01
-1.166801920589617758e+01
2.337936845342539982e+00
6.020730589099708929e+00
3.098916258135040014e+00
1.201870919068172006e-01
-7.003382654188158973e+00
-5.446562661130802674e+00
5.788511633344836760e+00
7.402940594202441993e+00
1.391826581224464565e+00
-1.326857492541634986e+00
-3.863419020169192919e+00
-3.294020859572738047e+00
2.065217861918411835e+00
2.951868950456812968e+00
5.065996648077532305e-02
-1.086927579879254591e+00
-2.021781921221260436e+00
-9.843734508624836232e-01
2.907207256263427464e+00
1.615473303559421980e+00
-4.758935086337892528e+00
-4.265863436899103966e+00
2.166294336265714993e+00
4.958500715231580536e+00
5.954738817960196329e+00
2.280969035806706735e+00
-8.038834951553699426e+00
-7.212422076512124747e+00
4.742576153044827159e+00
5.822081371956859819e+00
-1.344856682901063527e+00
-2.961530382099476277e+00
-2.286526044523936818e+00
-6.869605387170856226e-01
3.832128876121660976e+00
2.776525358676859678e+00
-4.123993858613396846e+00
-3.754764789418349569e+00
2.787148230016271988e+00
3.735729836565057305e+00
9.235153233851249865e-01
-3.837962620937310776e-01
-1.952645963663798057e+00
-2.158748317224445046e+00
-2.798076381840355342e-01
5.299306653765132324e-01
7.324825108536886509e-01
1.159506054639818151e+00
1.307825215508085615e+00
3.826340805001136602e-01
-1.730127119437524064e+00
-2.270618328876353509e+00
-1.266093494893434812e+00
-2.912571259358514575e-01
1.245798433124490678e+00
3.194042254955631766e+00
5.432183907406234802e+00
3.256199648465029295e+00
-3.902450532522007354e+00
-7.817652308080377033e+00
-9.293102175613455529e+00
-3.956211327305170222e+00
1.046793162252824594e+01
1.210980482618117371e+01
1.206373416730796011e+00
-3.500668712441158181e+00
-5.981965848645730333e+00
-4.226962415140802065e+00
4.979059807681941230e+00
5.252084368068612008e+00
-2.879075898219293439e+00
-4.365643922905124263e+00
-1.808724058119810296e+00
-2.789372559258004314e-01
2.467344857864604446e+00
3.356872548828402802e+00
1.809772841168563629e+00
2.060690336391133026e-01
-2.299543215792765771e+00
-2.660323782799983050e+00
-4.032894432587095235e-01
1.063605514444996958e+00
2.475777072265243461e+00
5.620026373398215869e-01
-5.529973882595941248e+00
-4.039007914962431833e+00
4.874903962005600278e+00
6.081301723763379741e+00
1.194099559623695406e+00
-7.925880892213907902e-01
-2.287531403033395083e+00
-3.356967446540864319e+00
-2.782308270975326625e+00
-7.910053474433017540e-01
3.159131543758381788e+00
3.730892079301327602e+00
6.763397069252176097e-01
-1.189578579281067805e+00
-2.986062813951271711e+00
-1.148353523920352615e+00
5.392479755912701123e+00
4.366836512688792915e+00
-3.929294159025093602e+00
-5.472537087147745893e+00
-2.045973893683429967e+00
3.305331269053020105e-01
3.970874296890200661e+00
3.243896954368396202e+00
-2.882344481312597129e+00
-3.313855327450054400e+00
1.028308231832747888e+00
2.694821224171698670e+00
3.460612740220288419e+00
1.907615294837791353e+00
-3.231492520102667410e+00
-4.928860522758368390e+00
-3.500351732308335073e+00
-8.415765462836275468e-01
4.586869657219184937e+00
5.255360290163705983e+00
7.201381688957562144e-01
-1.093132813222505328e+00
-1.664761929498790094e+00
-1.719569876937009578e+00
2.816915486198076635e-02
1.286462571754377171e+00
2.281106769945636881e+00
-1.086720239638626850e+00
-9.694437203470739561e+00
-6.818854798257430794e+00
7.620650913330272225e+00
1.201185885097158135e+01
8.830604059395957606e+00
2.724427162673308089e+00
-1.047985091569517913e+01
-1.353209336941400487e+01
-5.618201609152089659e+00
7.307474609232711416e-01
9.339976868544313859e+00
9.715307128032707240e+00
-5.222612013258127739e-01
-4.179578209213519635e+00
-3.613876735621795788e+00
-1.716756490780343647e+00
4.587030567293501448e+00
4.213913876876374864e+00
-3.143247039928000586e+00
-4.701504430836471293e+00
-2.290352194450975709e+00
-4.212803600313713703e-01
2.972413983636025936e+00
3.928127013026490477e+00
1.865998810690318699e+00
-1.894787077313941359e-01
-3.275078125269950569e+00
-2.949588408362669778e+00
1.475233760120415072e+00
2.047213135142229579e+00
-4.605379388647096173e-01
-9.878778024782391975e-01
-7.738252570901890115e-01
-6.574462967176041284e-01
2.436383215236205199e-02
1.247647695792187816e+00
3.095579280370662545e+00
1.694936420590391624e+00
-3.281743346578969600e+00
-3.014648354085242676e+00
2.133770355298089783e+00
2.958890212621513527e+00
7.675183714897243492e-01
-2.166997320734664445e+00
-7.466079138849162078e+00
-4.495709666943401572e+00
7.612258283074664789e+00
8.583424085607973097e+00
-2.631934835992552069e-01
-2.975943336026471986e+00
-2.812426366099358699e+00
-2.409182897543351132e+00
6.433556390591138596e-01
1.270191999732244614e+00
-5.668146773572635411e-01
5.671556193507559795e-01
3.895872796326409926e+00
2.506292258169887877e+00
-3.231873456761781505e+00
-4.276784680054490195e+00
-1.463335450735801180e+00
4.954287102976477342e-01
3.193591082522177604e+00
2.071849551576779191e+00
-3.791457482461210837e+00
-3.717873169102584807e+00
1.659468214286239585e+00
4.188933860608225146e+00
5.625791506755927429e+00
2.756230190417486625e+00
-6.067041823260961309e+00
-7.695102854856814112e+00
-2.535507807891697940e+00
7.063916271427026494e-01
4.517691411971084925e+00
5.592768988276544562e+00
2.547196244791467556e+00
2.325713273761842448e-02
-3.104394918943928161e+00
-5.205046830837128269e+00
-5.513099336797658623e+00
-2.002062935193660298e+00
6.379331361285950130e+00
8.104799667883479941e+00
3.191622892948704937e+00
-2.950975548581886709e-01
-4.702830846563949230e+00
-6.424576573070889474e+00
-4.162945176978510631e+00
-8.100345962148043366e-01
4.981040319437130215e+00
6.391964032583709709e+00
2.736855865730988935e+00
-5.705962602519347726e-01
-5.216519743584062674e+00
-3.824113585671391924e+00
4.892536732229919139e+00
5.067692664924607904e+00
-2.204962917801820410e+00
-5.555283207401152445e+00
-7.584081607765000399e+00
-4.285353673194741475e+00
6.512227634471244642e+00
1.117679043697971153e+01
1.054855507452550611e+01
3.794078512007131199e+00
-1.242028972253273800e+01
-1.549296806884616551e+01
-5.194159730317435830e+00
1.441649599476246824e+00
8.983852410404168154e+00
1.112961432532241268e+01
5.064637275348137457e+00
-2.985425820377504147e-01
-7.206868140989991289e+00
-9.900225556565295904e+00
-6.694616595579120144e+00
-1.361403942328473615e+00
8.185368671731804824e+00
1.108973182486269771e+01
6.442663016678972454e+00
7.219682519627914630e-01
-8.875728952673586747e+00
-1.089065700685473814e+01
-3.965368043864247571e+00
9.223724775979226242e-01
6.505012570409086869e+00
8.020583785692961598e+00
3.517929748715878713e+00
-2.620867360413621228e-01
-4.949587904935813576e+00
-6.132945869992922461e+00
-2.485131974529464660e+00
8.565155730408753332e-01
5.283565640352517079e+00
3.867366726064706661e+00
-4.692789410592185462e+00
-5.003933276386880458e+00
1.895413816157160758e+00
3.666750752659651447e+00
2.709273703661514876e+00
5.777690306670901776e-01
-4.711012737150942264e+00
-2.519314631063036103e+00
7.663557798458682235e+00
6.617033748858363928e+00
-4.450857079942673877e+00
-8.840256305061448217e+00
-9.515646942875337189e+00
-4.297406870056071249e+00
1.009188482769993911e+01
1.340323384804915108e+01
5.897133016054990406e+00
-4.844854277876313176e-01
-9.897701671606355944e+00
-1.041133254075109704e+01
1.968731038481745521e-01
3.721920664435129478e+00
2.715691981401160415e+00
3.197157501052034778e+00
2.232717740013993257e+00
1.083425896602700222e-01
-3.012536032764367544e+00
-3.529418325883585617e+00
-1.033152861222629726e+00
6.350113767763381212e-01
2.331347258270466849e+00
2.402838675850311745e+00
1.081451575108207108e-01
-6.823168831930953582e-01
-4.176422224365936575e-01
-1.531391831118994240e+00
-3.477727990938103808e+00
-2.020312617729551619e+00
2.884370896548763774e+00
5.078730581026031032e+00
5.168174130022288537e+00
2.089270378254438842e+00
-5.648809781596286328e+00
-8.080729043704135250e+00
-5.301703438363193577e+00
-1.241821286302321914e+00
6.369127820074533375e+00
9.373928359255710774e+00
7.120026850715103883e+00
2.215777649944765226e+00
-7.628099820004171860e+00
-1.137518861751718902e+01
-8.492906166100043563e+00
-2.044619115730443415e+00
1.095111130710034786e+01
1.227909580910942999e+01
9.293340029331078611e-01
-3.906722843147258928e+00
-5.806209388081288836e+00
-3.984923498940294628e+00
4.938956479158354895e+00
5.353297109703274437e+00
-2.364512500137292417e+00
-4.101219699808202002e+00
-2.416204012601040674e+00
-4.828006405352692765e-01
3.892105911458556111e+00
3.117962379993213684e+00
-3.344331437615407854e+00
-3.590702672642797300e+00
1.266632167466208214e+00
3.271748588735976515e+00
4.288494196308687556e+00
2.230021286088610388e+00
-4.340130764250422324e+00
-5.909621968951427107e+00
-2.818708840960449269e+00
1.024915909135584724e-01
4.767122327491620126e+00
5.351167372784725984e+00
9.746437811199198942e-01
-8.576305789071598795e-01
-1.422059880807924559e+00
-3.935366205346030988e+00
-7.390237873484717390e+00
-4.031956012451447080e+00
6.550424573276305118e+00
1.035699658138283397e+01
8.404465205948298490e+00
2.539081595974922223e+00
-1.038062300741993305e+01
-1.310841436154941420e+01
-5.095718508966102789e+00
4.984688637656520260e-01
7.329663904501809490e+00
1.041909568660208407e+01
7.670191322284790836e+00
1.778324435370829848e+00
-9.404374170782272557e+00
-1.164113109729152029e+01
-4.031290389250639095e+00
1.345804908888518003e+00
7.658448528148823264e+00
7.191155781629683830e+00
-2.392926676352456816e+00
-4.630635353373439678e+00
-1.180445069878944153e+00
1.078932039908466312e+00
5.007875018302290648e+00
3.807165880499114863e+00
-3.599068778887111630e+00
-5.475444123153722309e+00
-3.004829381265855304e+00
1.155832055907239364e-01
6.075654975644185996e+00
3.928095654784580226e+00
-7.297310470391571435e+00
-6.680919655818128078e+00
4.404653567979394779e+00
6.396502867166478978e+00
2.326397291085569030e+00
-6.001356432678603969e-01
-5.467443956935641225e+00
-3.040231454986327186e+00
8.035307852069371037e+00
7.046117920292000569e+00
-4.916912044258897829e+00
-8.522753332133575555e+00
-6.912078064750959427e+00
-2.435010446984884336e+00
8.352404746801791902e+00
9.684745257641587557e+00
1.099219603113518406e+00
-2.635671936438334750e+00
-4.531221423134759618e+00
-2.945144833075541424e+00
4.698914391366925791e+00
5.020534860205121852e+00
-1.565641375999142326e+00
-5.611984867292422408e+00
-9.547398890326691756e+00
-5.379751189566171377e+00
8.999674643629452575e+00
1.287381816590372630e+01
7.444857055623652187e+00
1.206309782766277428e+00
-1.000094354437201716e+01
-1.210725305394635143e+01
-3.596760061539620246e+00
1.852178423594944556e+00
7.454702428440838524e+00
7.574447096194583118e+00
-3.053165434196037920e-01
-3.211151809194147777e+00
-2.677487731070176125e+00
-2.905159553482051571e+00
-1.675367273727381257e+00
-5.278077992294019083e-01
3.945831689375583484e-01
4.469893755618616460e+00
1.163413217224245244e+01
7.041953109178976433e+00
-9.929419507747811124e+00
-1.451865482186901168e+01
-8.702780179940637240e+00
-1.195779219922359804e+00
1.290057626303186211e+01
1.272427882842941038e+01
-3.615675367295460685e+00
-7.278783124641850399e+00
-2.006336333379312720e+00
1.491033899678486208e+00
7.986649287545252385e+00
5.951895498380789462e+00
-6.256455630137658375e+00
-1.039378059778133867e+01
-8.536237773893564196e+00
-3.171901514764174035e+00
9.305349177422593598e+00
1.353647913210696707e+01
9.203255620533623116e+00
1.906388486283605355e+00
-1.210507510025122713e+01
-1.522406600781084940e+01
-6.219875528278029364e+00
6.876108523663108096e-01
9.507017076163046809e+00
1.332446379376983714e+01
9.779132450385313646e+00
2.963549553236914491e+00
-9.804061613428816102e+00
-1.683615709548065453e+01
-1.741890697222147111e+01
-6.470720206944804431e+00
2.009632547631182575e+01
2.496371482534303610e+01
8.081093440165505015e+00
-2.605918873449951434e+00
-1.453814173735476523e+01
-1.714168345248537406e+01
-5.728892840618917681e+00
1.893624561031046039e+00
9.192718158282472629e+00
1.214554121819861976e+01
7.531961839106635637e+00
6.918243097853957746e-01
-1.063166091611367037e+01
-1.161055618073967999e+01
-6.547641661813081715e-01
3.837783633257773719e+00
4.939160807763551375e+00
3.494803534186113669e+00
-3.747968093338146289e+00
-4.273898209491704847e+00
1.728776038165811268e+00
3.743484557808157032e+00
3.944235594843004122e+00
2.289614257019975341e+00
-2.945766629428491434e+00
-5.657694578771179650e+00
-6.113521169270896394e+00
-2.319547782839717520e+00
7.411261327055004067e+00
7.005417585227269761e+00
-3.681971289596289498e+00
-5.700340115502617877e+00
-1.616510002796442746e+00
3.695781937200418366e+00
1.358436219434342540e+01
8.706549875420108719e+00
-1.250555481640581412e+01
-1.648916073691917106e+01
-5.960000589823546413e+00
8.433562049362428592e-01
9.844856113590038760e+00
1.162728645933995253e+01
3.354804768990278685e+00
-1.711499433028962791e+00
-6.195260216848113011e+00
-6.802753720820019723e+00
-1.098888294206920468e+00
2.184749128150320630e+00
4.342193996363850061e+00
2.215021240674039049e+00
-6.123090891486400622e+00
-5.641319271148309333e+00
3.281680143139251715e+00
6.385388475468301905e+00
6.117063121918262958e+00
2.349427285207135618e+00
-7.555719497472985324e+00
-7.736501515520008532e+00
2.011957914764668676e+00
4.343110450215149854e+00
1.919931220209975198e+00
-1.013434362354578511e+00
-7.361714125486662041e+00
-5.280660258801638030e+00
6.106190345498754724e+00
9.184342372873205207e+00
5.832067831597933960e+00
1.385553170714306948e+00
-7.439395268157258378e+00
-1.035850930763018773e+01
-6.601840535607299998e+00
-1.454237799146065768e+00
7.715533861989269937e+00
1.211766230146908363e+01
1.089985249029468406e+01
4.070025729422305893e+00
-1.120366931595811444e+01
-1.687342999180298264e+01
-1.273364921859900711e+01
-3.225327082320641026e+00
1.624807457839843750e+01
1.894912221926356111e+01
3.509961195161892533e+00
-4.206552788073065763e+00
-9.613154171522497293e+00
-9.199045557367176329e+00
1.507782461043594591e+00
4.755678034279126720e+00
2.004590641151644093e+00
1.139393295743027057e+00
-9.734599198276612242e-01
-1.373823899245039337e+00
7.365500435450119676e-01
5.764427744248624697e-01
-1.204141922039994705e+00
-7.034456842546176203e-01
1.545325720988725671e+00
1.231088599390776084e+00
-1.268746039414826221e+00
-1.067373587805707347e+00
1.318660458476466957e+00
2.562005804837972356e-01
-3.739925029274780321e+00
-2.754666693288503332e+00
2.715119365393979134e+00
4.912468568057708040e+00
5.001288645550843626e+00
2.507163028026688334e+00
-4.155436033541475283e+00
-7.194933037907939699e+00
-6.793253977765139950e+00
-2.130205939502640256e+00
8.889313313520682769e+00
8.250613305871288716e+00
-4.483790320153924647e+00
-6.552496299991782180e+00
-8.231387068311137867e-01
3.994973233493851694e+00
1.173967880614628534e+01
7.245076907805553468e+00
-1.143795810742884633e+01
-1.500028781158131430e+01
-5.617794623121355357e+00
2.603805504665918091e-01
7.838579633426565607e+00
1.217264595422086870e+01
1.100393030866215405e+01
3.569630792183072110e+00
-1.264555082083916204e+01
-1.703513271430088238e+01
-9.230660231588251108e+00
-1.031093789696682528e+00
1.222848972324605477e+01
1.637318367336831315e+01
9.309065934341743898e+00
9.800046944689072559e-01
-1.254950750581010510e+01
-1.576344971834117281e+01
-6.614008934154375297e+00
8.452132652096944199e-01
1.051045733398363957e+01
1.213017745199049102e+01
3.020176748761656427e+00
-2.455893109990045176e+00
-7.049190903507362549e+00
-7.177563458866082158e+00
-1.324582331820349512e-01
2.572558349447835457e+00
2.176238402105334480e+00
3.212653213963434062e+00
3.747330191042206771e+00
1.750642057130513463e+00
-2.759760030049700497e+00
-5.982586300149175251e+00
-8.175271547414764584e+00
-3.611027409614216310e+00
9.220758111196163398e+00
1.067564174112286501e+01
1.189014013090095911e+00
-2.495447127460383552e+00
-3.851375600580604797e+00
-3.791047304419322028e+00
3.310796953047421276e-01
2.134135919238648871e+00
2.054273121306164018e+00
-8.759407980250992765e-01
-8.176974355910266112e+00
-6.554880026375095703e+00
4.240005173542894745e+00
1.035231475905619902e+01
1.416042682548483533e+01
6.166239698218110021e+00
-1.712964078268773704e+01
-1.811187215937587069e+01
2.538480632635902623e+00
7.575762338533566620e+00
3.176775813760741585e+00
3.168451368042899841e+00
2.009345330050108736e+00
-3.698768676067791528e-02
-1.938044765242948442e+00
-4.010917790466537625e+00
-5.880292866199850366e+00
-2.575599081272457624e+00
6.587322009268063105e+00
8.338347245776386529e+00
3.114441148841720519e+00
-4.080660783827230742e-01
-4.780814123880793076e+00
-7.451923964592963578e+00
-7.158157361558080467e+00
-3.033891290847412492e+00
6.329467745360628506e+00
1.200144063423142704e+01
1.416728735618760915e+01
6.154966354483957680e+00
-1.505893220049325443e+01
-1.995320440914665738e+01
-9.078095768361640339e+00
8.553906376383701993e-02
1.357311764252494513e+01
1.571186969431236413e+01
3.397964555413187870e+00
-3.447200739579196593e+00
-8.665576454813251672e+00
-7.448710224145305148e+00
3.957013841532676324e+00
6.303113448470342384e+00
9.222975455070386852e-01
-2.638488438278626003e+00
-7.867539834166797696e+00
-4.918943861871792222e+00
7.972734729443437196e+00
8.477682564741009230e+00
-2.092020541703524472e+00
-4.542387636972606835e+00
-2.336990552634893525e+00
6.114326829114846706e-01
7.373537091520143250e+00
5.292473636457258657e+00
-6.441019019224126119e+00
-7.896078874632811662e+00
-8.947167839545683288e-01
1.901430376526073385e+00
3.708001871041288755e+00
2.485064573520265441e+00
-3.781752641114282998e+00
-3.930158350871829409e+00
1.615174599616692408e+00
4.238582172349768307e+00
5.852025877010807342e+00
3.087175627385977172e+00
-5.750478334737928243e+00
-8.262639380270769607e+00
-4.997226425881308387e+00
-9.906959664776222585e-01
6.328739479945582502e+00
8.270676231625902375e+00
3.968257174772134466e+00
-2.008489632594867014e-01
-6.395978298102365400e+00
-7.026387602768076945e+00
-7.917288599424185946e-01
1.831819628862404681e+00
2.539221596366835421e+00
3.595204296933815158e+00
3.318354781125378405e+00
1.080004714044466629e+00
-3.429763220632195519e+00
-5.329839560705871726e+00
-4.548395163293048604e+00
-1.450544656482643191e+00
5.323140888307090535e+00
6.905333256171273248e+00
3.059435856548790689e+00
-2.320648551776781920e-01
-4.915160931216624896e+00
-5.786288785368006060e+00
-1.751088817209584425e+00
7.030297203178753618e-01
2.903766416273763085e+00
4.422345895538819072e+00
4.200959479715562495e+00
1.523088495811583343e+00
-4.347620693430044092e+00
-6.688413845663565560e+00
-5.477086126799337151e+00
-1.799268611300836040e+00
6.099400268699096905e+00
8.305363165542148707e+00
4.495019451644703956e+00
1.498978337142460870e-01
-7.052725994466871207e+00
-7.269923111030522911e+00
7.107012354978985424e-01
3.001207770450590395e+00
1.519972424117879584e+00
1.561436583633344366e+00
9.216115401600473156e-01
-1.953208286460427490e-01
-1.450768401281131492e+00
-1.756892093832977286e+00
-8.526713659036853077e-01
-3.750204790147571021e-02
1.024705993737390797e+00
1.989430668927284263e+00
2.660113601812493567e+00
1.308857998470131179e+00
-2.435554231045745865e+00
-4.086282324890115447e+00
-3.887330587625702272e+00
-1.564612130702484505e+00
4.013460667285719374e+00
5.897469329804788885e+00
4.083203304993203275e+00
6.713114851912233005e-01
-6.023279554891700194e+00
-6.811762131229159856e+00
-1.119838649929147278e+00
1.147987852807413001e+00
1.801883455383654686e+00
4.697670685967590742e+00
8.510505210154773792e+00
4.635459097047948340e+00
-7.403054229393601027e+00
-1.165252417064107071e+01
-9.218829021065213070e+00
-2.597989888739595798e+00
1.177891327594444348e+01
1.359514515639095578e+01
2.043354696819395855e+00
-3.292125518974003739e+00
-6.395366949945894497e+00
-6.548890789116091682e+00
-4.902151905699264622e-01
2.007988647337788368e+00
1.818660193334975528e+00
3.085314328330917899e+00
4.138854683533135237e+00
1.683841369151513279e+00
-4.367484060597490725e+00
-5.611505805167332994e+00
-2.235204105310625966e+00
5.145007797975411634e-01
4.346050445638682369e+00
4.384425300551172633e+00
-3.793846681896365647e-01
-1.669249003060705894e+00
-4.987672783185221892e-01
-2.160832164854847637e+00
-5.501349655897398883e+00
-3.438598086248806140e+00
3.882044309704862695e+00
8.131661033345714884e+00
1.041120902434614237e+01
4.973874701567872592e+00
-1.048886740721838251e+01
-1.440210654288956071e+01
-7.424423406225024280e+00
-3.519468036030781732e-01
1.127910108585628635e+01
1.233111846091448527e+01
7.306584071415773707e-01
-3.879564858890109047e+00
-4.704579830979152000e+00
-4.688490303253815661e+00
-5.432434136769076494e-01
1.561199529943917419e+00
1.891094317785825485e+00
2.612137790972264728e+00
2.518226742517286620e+00
8.425438822861834876e-01
-2.561485214164703095e+00
-4.491203797736690539e+00
-4.971307533126850586e+00
-2.170229269451384724e+00
4.978828986743780938e+00
7.835811715884194228e+00
6.632865049011384073e+00
2.518620271090060037e+00
-6.632788684741840690e+00
-1.008534530656955219e+01
-7.613286728540824555e+00
-1.658822607743177802e+00
1.057161707908677428e+01
1.068317364641287170e+01
-2.299527628201679885e+00
-5.539992440206745528e+00
-2.279499141217764091e+00
-4.026236529530056174e-01
3.796600949550343440e+00
3.216079366611724666e+00
-3.124161495735560123e+00
-3.365456459173819415e+00
1.330578514232835907e+00
2.185437003198267281e+00
9.170951510959903796e-01
-1.285569882729141966e+00
-5.838239078000385440e+00
-3.965057306859318675e+00
4.842664715252896102e+00
