1.426273177946222148e+01
1.144602725515416886e+01
1.004077610703517465e+01
1.245993513390222773e+01
1.016239387965399033e+01
4.704992398989312541e+00
2.270223806667346356e-01
-4.244331673584516018e+00
-9.617071971098884120e+00
-1.530582861498090175e+01
-1.539443449213362847e+01
-9.239731983335031984e+00
7.511886309730824163e-01
1.638518082651266639e+01
2.034410962488273711e+01
1.122973154247534922e+01
-1.021149164073208437e+00
-2.096188566101317718e+01
-2.496583099553303597e+01
-1.047269296445940689e+01
7.416821168743771509e+00
3.503197470454322371e+01
4.226528144454084668e+01
2.550599065050415959e+01
4.400863805903373560e+00
-2.924825064188813073e+01
-4.241988173561276199e+01
-3.104130921308257030e+01
-1.781009904514848330e+01
6.153442690714416408e+00
1.780368230805176211e+01
1.364821508518864945e+01
1.215692222336574702e+01
7.177843105390867784e+00
1.910929381357489021e+00
-1.798609889633693060e+00
-1.051990096792045648e+01
-2.326138115409100848e+01
-2.564852573228501598e+01
-1.739552937206303085e+01
-4.668070491364406216e+00
1.614326318990172027e+01
2.820530120283122244e+01
3.012616977030980436e+01
3.307667553917684700e+01
3.285318050189512462e+01
2.640957408191527733e+01
1.410685721831201711e+01
-6.115620222186418431e+00
-3.531259223234465594e+01
-5.006962557707171158e+01
-4.914007887632771343e+01
-4.489229809901127055e+01
-3.136363141009318412e+01
-1.870346027762239416e+01
-7.970666086071651613e+00
1.087323641411046538e+01
3.568259993476181791e+01
4.984279774455676915e+01
5.318937816141513508e+01
5.225327154150433273e+01
4.284990948644145448e+01
2.936619287034030279e+01
1.169297339082588394e+01
-1.610494932369233112e+01
-5.366167714335401939e+01
-6.969840354793238646e+01
-6.245811266438524001e+01
-4.699710250933737399e+01
-1.506515522418274777e+01
4.717480810274743419e+00
9.964238644412466428e+00
2.167302925509988754e+01
3.298885375886894167e+01
3.677904060111014672e+01
3.418485687416868757e+01
2.322667896429065593e+01
2.033919219810822465e+00
-9.762595561388307530e+00
-1.171234514241406366e+01
-1.518821983822606114e+01
-1.567887999446979208e+01
-1.394259761059625546e+01
-1.065650638289923791e+01
-1.835235480263762264e+00
1.253989180039424767e+01
1.775517998684447818e+01
1.339446510386806644e+01
6.789269522025401571e+00
-5.672910963562932452e+00
-1.234927232412595544e+01
-1.206265913301427162e+01
-1.342209005000833066e+01
-1.353996142001200731e+01
-1.103172475776067429e+01
-6.470678230577454393e+00
1.799542830859537812e+00
1.414398153131356217e+01
2.088845164754160066e+01
2.168399943227595372e+01
2.159398352023412215e+01
1.824146819211481940e+01
1.320806749283291914e+01
6.706346796555346046e+00
-4.067275525094995459e+00
-1.894546740981174082e+01
-2.801037433079531169e+01
-3.092298848931568500e+01
-3.248205737210305699e+01
-3.019618530560605052e+01
-2.383036657298410432e+01
-1.327107067806208995e+01
3.601986846206418846e+00
2.725237909264436098e+01
4.070891473207256439e+01
4.308957625511275324e+01
4.317416829988869154e+01
3.662027505680872963e+01
2.502244850545909571e+01
8.492424754619129601e+00
-1.759815451337939507e+01
-5.341407060539931706e+01
-6.387868300095566099e+01
-4.676968552816201452e+01
-1.929877871543111567e+01
2.786954221098357465e+01
4.723790162957299543e+01
3.451196227597359467e+01
2.053453041236955556e+01
-6.873662804079712529e+00
-2.094449693882618746e+01
-1.740779934032856602e+01
-1.913311806867885068e+01
-1.908451686335000730e+01
-1.529571379555174815e+01
-9.775354382248806928e+00
2.166447744877157078e+00
2.074249155834761638e+01
2.885770671672357679e+01
2.609805792980936801e+01
2.097955931590480816e+01
9.353235544031690551e+00
1.878150174696263441e+00
-3.431396745113460822e-01
-5.904798735130643905e+00
-1.226108882888736495e+01
-1.592668055878246314e+01
-1.745287425165316364e+01
-1.656684112733779557e+01
-1.245936358139034716e+01
-7.053264432172314358e+00
-3.370636541721658275e-02
1.035594946677774253e+01
2.397349818996637438e+01
2.601657195513737264e+01
1.538807024525855383e+01
-8.500241833943983361e-01
-2.675861426006135346e+01
-3.475005510048460877e+01
-2.236869416588573500e+01
-6.352513557065784688e+00
2.053418870343466907e+01
3.140057547593170284e+01
2.301950784917178439e+01
1.431831541174127764e+01
-1.811695448663420915e+00
-9.775788106017389012e+00
-6.857972015658005738e+00
-6.397727072540317472e+00
-4.168092124364007667e+00
-3.321451336095076368e+00
-5.391437902756646139e+00
-5.450684859180480402e+00
-4.557237922000956232e+00
-3.303029611911153296e+00
-1.039687522960044630e+00
1.708377518964618869e+00
5.042128649258863504e+00
6.329375197763392080e+00
5.239368962444368449e+00
3.165038947096568744e+00
-6.731800972664486737e-01
-2.729660440126639109e+00
-2.708227030658011625e+00
-3.021156943784003346e+00
-2.788307757413412080e+00
-9.752261474994016188e-01
2.362952363137802880e+00
7.462860750070532845e+00
1.464830473729413995e+01
1.638111247573619522e+01
1.213394084210348822e+01
5.822246845819214478e+00
-4.553043782164504449e+00
-1.240822768675132615e+01
-1.713082276102546686e+01
-2.362608266173369387e+01
-3.029327243886825727e+01
-2.678372172993114475e+01
-1.246817890254786221e+01
9.067170732045898518e+00
4.079095124887693657e+01
4.924411879430657990e+01
3.169796479468324080e+01
6.790010735380649365e+00
-3.437421052328856064e+01
-4.921408950790155501e+01
-3.331285677730577532e+01
-1.460680959452273697e+01
1.809229654188924741e+01
3.355948532605479073e+01
2.732221142526888613e+01
2.363421815270362103e+01
1.418984209381871331e+01
6.292501760207203532e+00
2.560102943725448998e+00
-7.321047823537242927e+00
-2.125120924020544066e+01
-2.601029694651708013e+01
-2.181499167488555102e+01
-1.340926715718262052e+01
2.402926691592732755e+00
1.042407240724472750e+01
9.570910800196749335e+00
9.884167403738491231e+00
7.660067424889097865e+00
5.250572895218675207e+00
3.554347343929896930e+00
-1.543411471181803662e+00
-9.463803715698899666e+00
-1.138264228531590128e+01
-7.175307037343770844e+00
-7.160128703471261291e-01
1.017142800362547561e+01
1.360479245018767536e+01
8.520280355134255856e+00
2.432152336312355168e+00
-7.728514183430071682e+00
-1.111271193945978197e+01
-6.293459880894184622e+00
-9.843582543178790445e-01
7.739005057831322532e+00
9.778306345271744249e+00
3.662159110042684240e+00
-3.371592094560294406e+00
-1.411755953375835482e+01
-1.695834151148929791e+01
-1.032776557880465340e+01
-2.100800757014612774e+00
1.093807443856840678e+01
1.686019953804321503e+01
1.413291891660199795e+01
1.118483698979643570e+01
4.808515032560004343e+00
3.558540127428061473e-01
-1.155869354257061499e+00
-4.988062137283312047e+00
-9.747176541249951143e+00
-1.128216932143133988e+01
-9.801249773886075545e+00
-6.204409238438695517e+00
5.264145015467813771e-01
3.715695595372007887e+00
2.994709588777755727e+00
2.479071242504337746e+00
5.548854506983167401e-01
8.119019609936156678e-01
3.837599014202470737e+00
6.623000962498817756e+00
1.012697833203695907e+01
1.003636953499413842e+01
5.636387871915379044e+00
-2.764341608237320669e-01
-8.988660926979733290e+00
-1.319934602136985902e+01
-1.213855673884958897e+01
-1.042655332111985267e+01
-6.109335685417569550e+00
-2.185928638589768269e+00
8.877506049105292618e-01
6.236455443245843000e+00
1.316974840656710377e+01
1.471425118193114123e+01
1.061466110858167688e+01
3.696681067320405578e+00
-7.883877298909728992e+00
-1.157426249337820678e+01
-6.352671590041304661e+00
1.601208882533085021e-01
1.120163458443200355e+01
1.290792856239840347e+01
3.606012532229409207e+00
-7.411907339099637504e+00
-2.388670535018357199e+01
-2.747527158270132119e+01
-1.589137256908688656e+01
-9.816872870302282283e-01
2.231578280329356900e+01
2.984041883246606019e+01
1.877174140757700727e+01
4.937743070097483589e+00
-1.819087936532240235e+01
-2.787617634342692341e+01
-2.118783770813512746e+01
-1.450267196302879036e+01
-1.752116112703375528e+00
9.709021233448394739e+00
1.812204428453903660e+01
3.209181934501189914e+01
4.971541493311131887e+01
4.839701626671848089e+01
2.706028874137537343e+01
-5.023543348307853762e+00
-5.394502928956678289e+01
-7.205283991007698319e+01
-5.536254445210634145e+01
-3.198993443359590216e+01
1.054069325307840899e+01
3.097399097783482702e+01
2.446897446227596618e+01
2.132948888471450033e+01
1.090582642818161752e+01
5.040602669806954594e+00
7.163593667983833235e+00
2.947546256567965983e+00
-4.291396321058821073e+00
-6.548433350826172727e+00
-4.972710661060221859e+00
-8.955107238646917711e-01
7.290513987722365030e+00
7.051941975512322713e+00
-2.411186150914465642e+00
-1.380977903073663704e+01
-3.029444034920673445e+01
-3.298507496735830102e+01
-1.972571174779815095e+01
-2.059133733213561523e+00
2.521154846219605616e+01
3.778108596821527243e+01
3.297036738818158597e+01
2.684710638299145202e+01
1.295290367327272563e+01
2.809294351360325681e+00
-1.693693641572070696e+00
-1.154938612993978708e+01
-2.387398097319610102e+01
-2.717670807708539016e+01
-2.162935265020273334e+01
-1.050510121867489310e+01
9.119679084380269529e+00
1.789491790992536124e+01
1.456952640054394976e+01
1.102943751520762206e+01
2.486787624998495261e+00
-2.694199246752845944e+00
-3.104005183494604303e+00
-6.675872749067709222e+00
-1.129459591176756739e+01
-1.106202958196915453e+01
-6.327001559866511471e+00
1.714851454657751351e+00
1.449463084801589829e+01
1.800230828908698300e+01
1.126031134900101804e+01
2.215548269757579014e+00
-1.273881634776070548e+01
-1.809247771774904123e+01
-1.212002392669406348e+01
-5.250189996697561590e+00
6.616015668466853406e+00
1.140142764178098211e+01
7.352369006816901198e+00
3.645334293577367379e+00
-2.977240407004368983e+00
-6.577764534586292733e+00
-5.907471258903244760e+00
-6.494964292315004606e+00
-6.680054278406895030e+00
-2.754902493931265628e+00
5.114373540542813679e+00
1.654468659171740086e+01
3.251915323243979117e+01
3.462958665042235396e+01
2.142672104093935204e+01
2.550631398435757813e+00
-2.695558609928918514e+01
-4.008053535985227001e+01
-3.423133462058106602e+01
-2.660202686079672318e+01
-1.012857636205169776e+01
1.318069777225962858e+00
5.631302450450140107e+00
1.541882289201667078e+01
2.720777175972317252e+01
2.736426054543144204e+01
1.594677098627567169e+01
-3.255228619471111084e+00
-3.380559617642560255e+01
-4.310250735146550483e+01
-2.875626539052688457e+01
-9.525322444529708221e+00
2.301095871903624968e+01
3.805110093339344957e+01
3.207099342606288417e+01
2.688079092414083604e+01
1.445581232891217205e+01
5.310310710340917950e+00
1.910567475004088411e+00
-7.403360852092076172e+00
-1.984246060037123272e+01
-2.520699160537784778e+01
-2.401632317956495299e+01
-1.903419958699011616e+01
-7.849587123710620062e+00
-2.177023622544926873e-01
3.432655784980537028e+00
9.924914481627148177e+00
1.708913382199137843e+01
1.773769924494406069e+01
1.178904366239899026e+01
1.006537437387112988e+00
-1.659246908879300975e+01
-2.316063036689714494e+01
-1.750037461909827385e+01
-9.981731957183441750e+00
3.930090034476474870e+00
1.394677504360709719e+01
1.873952648075870187e+01
2.705521046680675568e+01
3.635660428869278604e+01
3.344725421309069446e+01
1.791619841463946017e+01
-5.981524891903505114e+00
-4.186374813173757303e+01
-5.723926393080387243e+01
-4.965143742557765449e+01
-3.789091040918398079e+01
-1.353571889961079222e+01
2.267382760782556961e-01
6.508778172660983907e-01
5.997524214148943322e+00
1.045828109429143282e+01
2.090051171175398892e+01
3.971852749927492710e+01
5.913095916784331507e+01
8.136313903433403993e+01
7.686695817272510567e+01
4.179579865000412298e+01
-8.147441892306130029e+00
-8.173312980967534713e+01
-1.141293730144651306e+02
-9.943354257296749665e+01
-7.646164851779185767e+01
-2.804544439568478609e+01
3.596036437735079083e+00
1.328323505050351550e+01
3.597667234272358883e+01
6.125817547116323425e+01
6.891174040703297976e+01
6.049107333517764573e+01
3.750769098298317061e+01
-5.151279884027205824e+00
-2.598034927203853428e+01
-2.312752868327829958e+01
-2.131937770377871644e+01
-1.062791836656013622e+01
-8.989012316284272330e+00
-1.944300118153801193e+01
-2.541297505665605527e+01
-3.150519914213710493e+01
-2.875762366385126612e+01
-1.436100635958457516e+01
4.003314562301548030e+00
2.945096739594092483e+01
4.388680721361318859e+01
4.519802096606302655e+01
4.484101307553028448e+01
3.785337202966546499e+01
2.659099998499920758e+01
1.158519566746672247e+01
-1.270932331955658867e+01
-4.612721012953770128e+01
-6.212051514256985740e+01
-5.939463320571304905e+01
-5.084888864600064551e+01
-2.961211575705961607e+01
-1.329876560732651214e+01
-3.364812972397011936e+00
1.468765501478894286e+01
3.689161324092110306e+01
5.038264782030039868e+01
5.557718326011114840e+01
5.572858575689339489e+01
4.761524930946129075e+01
3.443945454939159134e+01
1.562591960366789579e+01
-1.346058711229584226e+01
-5.287447961888087633e+01
-7.121303550433250962e+01
-6.660269680706053919e+01
-5.454147750935103289e+01
-2.674270525433512091e+01
-5.598592103195489500e+00
7.047502850075481717e+00
2.928381954669466580e+01
5.601577912650162006e+01
6.041670206895224737e+01
4.181288738813256600e+01
9.129821511504692566e+00
-4.486356669825342181e+01
-6.457631771197965520e+01
-4.593577973041413998e+01
-2.204239708684995946e+01
2.129324248882062065e+01
4.193671239734964473e+01
3.453861777256246768e+01
3.108417943445813236e+01
2.063883490132653620e+01
1.069507511702079405e+01
4.521084135095673417e+00
-1.036084330727331171e+01
-3.177068600160973588e+01
-3.743868094705697303e+01
-2.718182767132484656e+01
-1.006472340800937637e+01
1.943616351006856391e+01
3.111225057254811333e+01
2.246804008813452214e+01
1.268216084005370448e+01
-5.921103780541424833e+00
-1.695883001597007222e+01
-1.785308580468405282e+01
-2.278623672272898659e+01
-2.750163144977459240e+01
-2.532114199362452922e+01
-1.699257763164769486e+01
-2.293657456162950137e+00
2.044259152750334962e+01
3.493880884844204360e+01
4.049827410626694046e+01
4.652110077934487009e+01
4.908454284465152995e+01
4.076091857636669857e+01
2.115531004163327822e+01
-9.543436545935147564e+00
-5.380677788802910300e+01
-7.367888500031344279e+01
-6.662761170350900386e+01
-5.325865062720991716e+01
-2.370695072300489059e+01
-3.489564976314609268e+00
4.725093120297219507e+00
2.169132274961418716e+01
4.131376273808734823e+01
4.961406974764187083e+01
4.738076670544759850e+01
3.661312893343318819e+01
1.376206185102147117e+01
-7.140770606496447126e-01
-6.136104772285376541e+00
-1.568469743952822881e+01
-2.474907385017950290e+01
-2.986491894388972668e+01
-3.171500550182283007e+01
-2.838531818036380372e+01
-1.888359996867015766e+01
-9.925708280789207194e+00
-1.131075077612148538e+00
1.191175941828386975e+01
2.803418854465017063e+01
3.474794514769645559e+01
3.135705769129423359e+01
2.305668093077368397e+01
6.424969139755154934e+00
-3.089355340260848237e+00
-4.421274717931217069e+00
-8.093558816831457392e+00
-1.040231855937033245e+01
-1.338251435655041455e+01
-1.803628113199492233e+01
-2.046794212373993815e+01
-2.124896637892172890e+01
-1.680229933574563717e+01
-6.038120865571145579e+00
9.079796680622742144e+00
2.994879801253809504e+01
3.689258549117566588e+01
2.818163166646169771e+01
1.453375997418061161e+01
-9.393790735393405811e+00
-1.998083391364921368e+01
-1.491394707185452084e+01
-1.014309900782092733e+01
3.946333800760618571e-01
2.966615686932203122e+00
-4.754091440602164376e+00
-1.124338988053277966e+01
-2.021855946139740112e+01
-2.224483536094169978e+01
-1.534298715241003741e+01
-6.977854119813349243e+00
5.688694747648256111e+00
1.780491590233096488e+01
2.848549172100707239e+01
4.255575573009041790e+01
5.877595878181641353e+01
5.514895172453345396e+01
3.001738293005161395e+01
-7.238675797024595404e+00
-6.283136996470202007e+01
-8.377039014162069464e+01
-6.558727621942705355e+01
-3.912519070050409198e+01
9.580142614648689658e+00
3.412438748950667389e+01
2.924214462038756324e+01
2.904859972145673197e+01
2.166726495517879059e+01
1.222816482661490589e+01
3.820920555133151986e+00
-1.568712991755262998e+01
-4.488884656132454865e+01
-5.123347589833240079e+01
-3.383192750476570865e+01
-7.420261540404543332e+00
3.619467372599172705e+01
5.549941197780884750e+01
4.679769895292891135e+01
3.693147203173193560e+01
1.527810051822531356e+01
1.072662591924880227e+00
-2.397928074707940560e+00
-1.315745507403171821e+01
-2.627517186243257896e+01
-3.150838360297290208e+01
-2.989934363455308741e+01
-2.253015619144374071e+01
-7.004333046651235684e+00
2.740858849906044448e+00
6.285903400927122853e+00
1.253073982364672290e+01
1.834974212850705300e+01
1.899592366009947852e+01
1.467725303623467603e+01
5.220015413053014974e+00
-1.075148506703425255e+01
-1.695288945723023133e+01
-1.253183054460401813e+01
-6.653653433709536991e+00
4.732686962635884065e+00
1.058938941447415161e+01
9.556933015986786017e+00
1.028559081905043016e+01
9.978015148706560922e+00
8.288850835901746095e+00
5.953030462025400205e+00
9.030882486430273914e-01
-6.880258542802751620e+00
-1.354866541141628922e+01
-1.926361806840174395e+01
-2.599876991048175512e+01
-3.296989295771604134e+01
-3.040131613090180096e+01
-1.740104681834473510e+01
2.048598724485681810e+00
3.082689946418193827e+01
4.631417640807406855e+01
4.674735456675063006e+01
4.558923284725040759e+01
3.700231889302271071e+01
2.595469584983856848e+01
1.332680467725545448e+01
-8.298232042792676566e+00
-3.805550821280233009e+01
-5.456729442603189995e+01
-5.718154474575291601e+01
-5.578095602235588757e+01
-4.496961356942483690e+01
-2.975974302082826028e+01
-1.033422120929271593e+01
2.053604836384093701e+01
6.233196987987704318e+01
7.769518462729315900e+01
6.450533501432109063e+01
4.061274213473986805e+01
-3.866237561270953194e+00
-2.649257185551673643e+01
-2.362123483475919983e+01
-2.424699517339726995e+01
-1.781595715219236098e+01
-1.545592065861803022e+01
-2.026523954015166495e+01
-1.839968661491192492e+01
-1.283983596057340115e+01
-8.150837754437096905e+00
-2.758468725580493608e+00
3.437562940141874801e+00
9.926705725809320313e+00
1.789774944669791878e+01
2.728244352878924062e+01
3.725128954133693782e+01
4.799023043909464548e+01
4.436828736364827108e+01
2.469804643697061053e+01
-3.865466591891382642e+00
-4.578741069929161966e+01
-6.597032817316726039e+01
-6.141716484281769795e+01
-5.293415143234040698e+01
-3.130588283702048358e+01
-1.344308957399997517e+01
-1.533750418729979081e+00
2.047185733214847048e+01
4.865434717710786572e+01
5.886190991671457340e+01
5.077828732229017561e+01
3.306799997223124876e+01
-5.180336199741555347e-01
-1.830599479096435900e+01
-1.818181746881830207e+01
-2.091728317238896295e+01
-1.884023554621984076e+01
-1.650539491714279094e+01
-1.574002965017000477e+01
-8.189310447408246318e+00
5.038834797728016568e+00
1.044163104250768193e+01
8.258771941678482165e+00
4.369875739267718551e+00
-4.324826824704888217e+00
-5.645382544042331752e+00
1.555651787268351738e+00
8.921485424608450288e+00
1.952312102641050373e+01
2.074266864814913092e+01
1.073957937901636228e+01
-2.046060075032460013e+00
-2.119624726452556374e+01
-2.800524487669824580e+01
-2.030580886445504163e+01
-1.008391919790767410e+01
7.749331321695999364e+00
1.577708969718122312e+01
1.184378902204640660e+01
8.614262485472716335e+00
1.507291614483765363e+00
-1.803717144665547112e+00
3.145626132492169713e-01
4.277288023676929507e-01
6.455479274624429387e-01
1.597181215623448391e+00
2.538691601088383099e+00
4.842831011701413502e+00
8.500284321048580338e+00
5.230887144233296482e+00
-5.471803924958662968e+00
-1.969452380559001625e+01
-3.964827978057743962e+01
-4.155891071485972788e+01
-2.316502148963929386e+01
2.355253419760960476e+00
4.150776032096863588e+01
5.678326549030518322e+01
4.443584145568711818e+01
2.798724783467734412e+01
-2.508713379127515797e+00
-1.730390589924826017e+01
-1.257787603373109242e+01
-1.097244261418664202e+01
-4.745400885034305460e+00
-5.468751419534712888e+00
-1.609860250594249109e+01
-2.486407237567560458e+01
-3.513206123013169702e+01
-3.354458232543191087e+01
-1.747841003394249881e+01
4.084459242969389337e+00
3.531078991253020405e+01
4.982552846599102736e+01
4.488939851420946781e+01
3.680991131317492915e+01
1.849058285997087836e+01
5.823357659484440951e+00
8.487477161911434198e-01
-1.017438753524320916e+01
-2.336167973002204690e+01
-3.093848966641196085e+01
-3.365294021655103052e+01
-3.225818935287217926e+01
-2.489714180151450762e+01
-1.501295354159079842e+01
-2.146722919991593592e+00
1.718269034593819100e+01
4.271414259402498459e+01
4.869531319009228554e+01
3.332492763880325271e+01
8.916430410527500072e+00
-3.153166532780416276e+01
-4.611384981391185534e+01
-3.113594402338315703e+01
-1.277505772849526089e+01
1.982356507443458327e+01
3.247173359246476565e+01
2.066232198222395766e+01
9.765831342782766100e+00
-9.275394436912041130e+00
-1.772430372464866721e+01
-1.190307333288534331e+01
-8.176535540690261783e+00
-1.288061613271298533e+00
3.467204282779301039e+00
4.117245617500107535e+00
7.519884370434214205e+00
1.201157109056671501e+01
1.147288457093968894e+01
6.159687311153654754e+00
-2.370109300669715591e+00
-1.560468215737282094e+01
-1.898858162584307863e+01
-1.142321936411347671e+01
-1.142015703074718225e+00
1.565188661815765236e+01
2.140954464851968808e+01
1.422921479913006948e+01
5.691531950554804986e+00
-8.848073458977136596e+00
-1.570858672793145949e+01
-1.296713761515766627e+01
-1.104311640551963691e+01
-6.285235070293616388e+00
-2.247874249189929063e+00
-5.108156392236659626e-02
5.025840821084415211e+00
1.200012024226101026e+01
1.342446453578075705e+01
9.245550085289195863e+00
2.277259382399200671e+00
-9.357109171916855317e+00
-1.339519572505590972e+01
-8.857658514945008221e+00
-3.230529675461252026e+00
6.630343830036909303e+00
1.061186732027453594e+01
7.409754375360716239e+00
4.467593030751062066e+00
-8.867874430754021375e-01
-3.341540145252431149e+00
-1.844254198418618707e+00
-1.122961279722122674e+00
3.042034822657839199e-01
-1.490299645455168687e-01
-3.182628892692708433e+00
-6.365408370893054446e+00
-1.050422907520322724e+01
-1.080849531114839479e+01
-6.594961985111522651e+00
-8.121458509076746601e-01
7.933909414211350430e+00
1.298657355662506774e+01
1.365936518111394804e+01
1.436659897730438296e+01
1.336649403421362692e+01
1.007170154566638409e+01
4.636046106168135061e+00
-4.160311623290574801e+00
-1.660021199677190751e+01
-2.192601511331656994e+01
-1.952711048329765831e+01
-1.489663639352269442e+01
-5.244718333730674864e+00
7.621409591098290415e-01
2.309012455767292415e+00
5.970323913294362406e+00
9.653350081097901381e+00
1.224242045300629478e+01
1.423733524733083300e+01
1.454435156307781618e+01
1.292646754791043939e+01
1.012679313511700840e+01
5.802586225397810438e+00
-7.238693084013707590e-01
-9.520093729094165624e+00
-1.585849581312326251e+01
-1.949699170958270855e+01
-2.288144518922657866e+01
-2.480144777248758103e+01
-2.029687564866395633e+01
-8.842344797378576260e+00
8.325639119925348552e+00
3.282760602333056710e+01
4.026601417943055594e+01
2.873086677282497448e+01
1.139780426251986256e+01
-1.824102937500742527e+01
-3.027186060066958007e+01
-2.171625595468431058e+01
-1.248282438534626593e+01
5.176404624694358247e+00
1.436388524797080279e+01
1.230720718398548463e+01
1.349940168515515992e+01
1.346372839110645714e+01
1.085474647571418139e+01
6.921911440409892258e+00
-1.293217671574270922e+00
-1.396619532414072040e+01
-1.991929327787714854e+01
-1.887516000909103298e+01
-1.644033560258901616e+01
-9.903817895171492580e+00
-4.669592301835883141e+00
-1.308921445313515841e+00
5.059596518939398990e+00
1.322021775800063459e+01
1.714419128341225118e+01
1.686169436344638228e+01
1.438307195033574537e+01
8.184054526301061117e+00
3.125470231607708538e+00
-5.959266071937795450e-01
-6.702075488784400292e+00
-1.416937550945774404e+01
-1.660531202686188479e+01
-1.380393026949948343e+01
-8.071858213696039286e+00
2.312633451810910401e+00
6.998692884067799547e+00
5.264772242549612180e+00
3.626512793322691941e+00
-4.835945958075177353e-01
-1.463106355550147120e+00
1.596290384282389008e+00
3.928672736918331410e+00
7.016216757520893132e+00
6.909056244632400201e+00
2.749778498566065821e+00
-2.424976253970370976e+00
-9.832340046793493826e+00
-1.094243525945216078e+01
-4.758387983756562356e+00
3.611360067616728564e+00
1.654819022561503772e+01
2.043731558991827768e+01
1.384726187657056684e+01
5.325743747668560957e+00
-8.776436247102449073e+00
-1.684366497936614593e+01
-1.742778928358563917e+01
-1.918592019184178810e+01
-1.909016666372727755e+01
-1.520907626981449390e+01
-7.980678330924877883e+00
4.199601786412451965e+00
2.192861319872082859e+01
2.836598426354566627e+01
2.254902481475283693e+01
1.317287510485385837e+01
-4.116749150681796365e+00
-1.302392846500745804e+01
-1.195794135439594186e+01
-1.245908059576545313e+01
-1.043342010958401289e+01
-5.464026107790197706e+00
1.660322228920527721e+00
1.408934972039403100e+01
3.200276453284352129e+01
3.493960623630645301e+01
2.174424673296395483e+01
2.479897780885908620e+00
-2.821256225069818768e+01
-4.153510880697172780e+01
-3.480806103378576211e+01
-2.640483949418202059e+01
-8.850231301504475567e+00
1.943029643364598158e+00
3.565577663067451830e+00
9.898878854449961295e+00
1.687422460037828031e+01
2.030437983336910079e+01
2.122401598385817323e+01
1.845013721866053302e+01
1.108841698019878130e+01
4.584396597123816086e+00
-1.295984068262044708e+00
-1.009038984304249809e+01
-2.080883270111263172e+01
-2.469043863094680447e+01
-2.127272972070627688e+01
-1.406226195871606066e+01
-6.511765844457237939e-01
5.275033243572962327e+00
2.717840119951831834e+00
4.132453250508114628e-01
-5.040275876599298321e+00
-1.013365317078953609e+00
1.426050669413789507e+01
3.204012113744526857e+01
5.582227945381951884e+01
5.646621043305108856e+01
3.059404292938249270e+01
-5.084139006407815131e+00
-5.879484694951629109e+01
-8.073662451274995533e+01
-6.593945420782974054e+01
-4.534502665604809835e+01
-5.701037690875387476e+00
1.501157745930030529e+01
1.198380289716428138e+01
1.466185608557825581e+01
1.328095226827634256e+01
1.772511674966539275e+01
3.148792983770224652e+01
4.205208131667993143e+01
5.244726505740042910e+01
4.687269297152647596e+01
2.207655321519005653e+01
-1.220621800767073495e+01
-6.112467977579107981e+01
-8.026763979127356663e+01
-6.541710828355545004e+01
-4.244240991539189878e+01
6.302843855729087785e-01
2.315693626940246830e+01
2.071465571869540057e+01
