1.111145816550533993e+01
1.533517446593034883e+01
2.045501308410760544e+01
2.654357556558995768e+01
3.295716441583822842e+01
3.990759859567884860e+01
4.435786119873835531e+01
4.593878587878804609e+01
4.623457146493250747e+01
4.435487956775934038e+01
4.190573588273500150e+01
3.897242074685446767e+01
3.394260918488243561e+01
2.710889305941197236e+01
2.091224542839209377e+01
1.532208020408608462e+01
9.320639408823376826e+00
3.484446349354858974e+00
-4.091105298390012024e+00
-1.356037693770659480e+01
-2.352444767973819850e+01
-3.443553228563290958e+01
-4.235753937005659253e+01
-4.675760815572991902e+01
-4.982349319816227506e+01
-5.039227682341451953e+01
-5.042391742218651984e+01
-5.004657471844088690e+01
-4.722586958501348420e+01
-4.232222952964877294e+01
-3.872518301603803792e+01
-3.642395597661577966e+01
-3.398353132422495548e+01
-3.221819628036044492e+01
-2.855660966283554458e+01
-2.279515859457009341e+01
-1.686059840415200739e+01
-1.015071643269677359e+01
-4.935394583745212671e+00
-1.636355731147036030e+00
1.261478172965580402e+00
3.063999445028645852e+00
4.651876734711321681e+00
6.125822884602819762e+00
6.416750418263538869e+00
5.687362309411298611e+00
6.331982796920087253e+00
8.394360159811089517e+00
1.080960446552205667e+01
1.417271212097237942e+01
1.679006067293484250e+01
1.852972919756858516e+01
2.072035907525850718e+01
2.297538053048943496e+01
2.459413374425007603e+01
2.565095361837652987e+01
2.619448020067316563e+01
2.605763343880341765e+01
2.594899896875009659e+01
2.586329569735410061e+01
2.529955486379078877e+01
2.439443842996552547e+01
2.313377800686290442e+01
2.145317542778420261e+01
1.944374247375858289e+01
1.708043791230045372e+01
1.421544691302938368e+01
1.084188881928750448e+01
7.001060822113260862e+00
2.650640676628784664e+00
-6.326941936106864617e-01
-2.699514736332020881e+00
-4.330503026359473040e+00
-5.080109109043156046e+00
-5.857437345807769979e+00
-6.714242743405965719e+00
-6.799307291063815484e+00
-6.289253913853591449e+00
-6.330545394106446011e+00
-6.905336399620366272e+00
-7.569301013462501615e+00
-8.596503733911564638e+00
-9.077981425862168052e+00
-8.950922264915943671e+00
-8.886929266572044739e+00
-8.676736699290225729e+00
-8.726066166806267788e+00
-9.142981467904883530e+00
-9.581813473152076099e+00
-1.017288848279688018e+01
-1.083534418704042857e+01
-1.154311606460086637e+01
-1.245424942127529278e+01
-1.355344074549055300e+01
-1.429969543934120146e+01
-1.467176997585442599e+01
-1.492239739962700007e+01
-1.491289569444321472e+01
-1.499773209114090378e+01
-1.520427141987152808e+01
-1.524023327514258064e+01
-1.518427199372143299e+01
-1.488494926863730861e+01
-1.429074180821320539e+01
-1.352618546586603898e+01
-1.253581747698411419e+01
-1.133438514978226941e+01
-9.924365754319181221e+00
-8.243488592567619122e+00
-6.288345717378250654e+00
-4.278728876016336002e+00
-2.217950257750847864e+00
8.886701290293397282e-03
2.350172857177529995e+00
4.959009810165590615e+00
7.853825315307116028e+00
1.091973074624799978e+01
1.419601742199003525e+01
1.682503956971694592e+01
1.870952193994856572e+01
2.028243976800513693e+01
2.129391639586926033e+01
2.221540139053232110e+01
2.306998568113008119e+01
2.339503296100224006e+01
2.327695115761447653e+01
2.338900631032724320e+01
2.372096376075232982e+01
2.399601449233922423e+01
2.437281339008908532e+01
2.432069850591818749e+01
2.379735323313957451e+01
2.319092109256733636e+01
2.237554224137319991e+01
2.137497988834077489e+01
2.022691707161581931e+01
1.882333818261348313e+01
1.717549850344598283e+01
1.535093452588770013e+01
1.333442675382823772e+01
1.109911696567311346e+01
8.653038055130444661e+00
5.822645329609019704e+00
2.586416847233505845e+00
-9.719886315646028008e-01
-4.904585291352847598e+00
-9.129718621766770070e+00
-1.364615323982077300e+01
-1.854363365769743766e+01
-2.381016217428851434e+01
-2.777108273771418823e+01
-3.027231546519116989e+01
-3.209528755121645105e+01
-3.276186841918482884e+01
-3.326278498409104856e+01
-3.363960722316817709e+01
-3.296505578067898767e+01
-3.142353124804783349e+01
-3.019423825658738991e+01
-2.924531587328690918e+01
-2.811341982509118864e+01
-2.707221303412653768e+01
-2.515792858894675632e+01
-2.229590075331158872e+01
-1.917760086117418794e+01
-1.557364374485238656e+01
-1.253581015968552137e+01
-1.023222141502403382e+01
-7.992874961657031818e+00
-6.129411962603839470e+00
-4.182567690012097827e+00
-2.102448710427574419e+00
-3.963753722845961280e-01
1.026485319704993904e+00
3.196337961427918373e+00
6.130900396196937940e+00
9.390309791470278000e+00
1.323278875081688355e+01
1.692331896047537398e+01
2.041084669549729469e+01
2.427488297235875336e+01
2.835149267251793503e+01
3.110863014529842374e+01
3.245544285596733403e+01
3.299292732590127741e+01
3.229348828072111388e+01
3.137431014840391796e+01
3.026076334617583186e+01
2.805730130944360567e+01
2.495210398009015051e+01
2.183102459157086273e+01
1.864232594160094081e+01
1.506551390291451398e+01
1.129543880002241529e+01
6.541485319171374435e+00
7.410498403610145113e-01
-5.568842451865964271e+00
-1.258161027118029551e+01
-1.754550470972883147e+01
-2.013971500495632228e+01
-2.180723529520404469e+01
-2.175000999059660955e+01
-2.144214226221030017e+01
-2.097054858969482183e+01
-1.887899021315284642e+01
-1.544426801702384644e+01
-1.286035102329807245e+01
-1.110611673146890332e+01
-9.283473926640123608e+00
-7.916591615629434919e+00
-5.303877375941663530e+00
-1.316036970481356372e+00
2.784018956286884894e+00
7.393623376243044554e+00
1.050293605320033841e+01
1.178309701240451091e+01
1.247336741927183645e+01
1.196779054898544814e+01
1.114085754542653639e+01
1.006976091821583630e+01
7.767431964497953700e+00
4.393922258573807582e+00
1.883412775756782453e+00
2.527200237088246260e-01
-1.343876659790175676e+00
-2.433482013147138190e+00
-4.426977935382303109e+00
-7.436531036906942838e+00
-1.037912605527399990e+01
-1.358159026127024838e+01
-1.566509001139256085e+01
-1.637521918762743667e+01
-1.659797655785991921e+01
-1.590740970848963443e+01
-1.485024456253056968e+01
-1.347685027260164148e+01
-1.112289949350385321e+01
-7.882630703958088958e+00
-5.172961649077958413e+00
-3.009301845364005246e+00
-7.529656250539574769e-01
1.250885313962199819e+00
4.025324447585926002e+00
7.657394013797865995e+00
1.136216956385223220e+01
1.537983622844003939e+01
1.812948806034941640e+01
1.936903340196939638e+01
2.001729380760345123e+01
1.959800430051639353e+01
1.884546351758341842e+01
1.781043382149341880e+01
1.569046234031193343e+01
1.261613827349146888e+01
1.004288928228899280e+01
7.972062137864797116e+00
5.769096741076953805e+00
3.784042228298615029e+00
9.293428549919289239e-01
-2.885382099534158140e+00
-6.841545269744813140e+00
-1.119564849454741839e+01
-1.420853252743991213e+01
-1.562182561707174777e+01
-1.644281792285378785e+01
-1.615138885910367605e+01
-1.556777167582904120e+01
-1.475064920014517966e+01
-1.281678023416681000e+01
-9.915063146213073608e+00
-7.626220813483892691e+00
-5.952623348469492370e+00
-4.212159616886149038e+00
-2.786584932965540329e+00
-4.953381333078979432e-01
2.756753796976263882e+00
6.077968262824610335e+00
9.744663818736411187e+00
1.218755834327919452e+01
1.315677952477461155e+01
1.359348323143616355e+01
1.302419302791942535e+01
1.215272811509656492e+01
1.103421608175445101e+01
8.885311396734746126e+00
5.832631254124033937e+00
3.358557692337583500e+00
1.470511479549138079e+00
-4.796962255090599925e-01
-2.132570576021221243e+00
-4.581852052734807224e+00
-7.916717446759791166e+00
-1.130569773785867582e+01
-1.500458396738921785e+01
-1.748773561884436134e+01
-1.851468163183096038e+01
-1.899006920385165031e+01
-1.845333148906788878e+01
-1.759577883037828627e+01
-1.646879720653344492e+01
-1.430623728466508560e+01
-1.123143448812431089e+01
-8.672606721691703768e+00
-6.634383324602977972e+00
-4.491865405272376321e+00
-2.589996281951453483e+00
1.304603063572492561e-01
3.757018888455993633e+00
7.488180162464792566e+00
1.157285476875125063e+01
1.457282655463239962e+01
1.626103615768125366e+01
1.749732109780363842e+01
1.784837795430197005e+01
1.796418954306756177e+01
1.789547444429432943e+01
1.692269867943518591e+01
1.516326723880218630e+01
1.397354841497599232e+01
1.336044951998351493e+01
1.273231296028989767e+01
1.241835930028303636e+01
1.141754554122306153e+01
9.648816665693006556e+00
7.873639073162659763e+00
5.858279212429355454e+00
4.251381564809380009e+00
3.196448185494619842e+00
2.215578823881382498e+00
1.512772179778144821e+00
8.838220688340567843e-01
2.964940015006987672e-01
3.853756543326569695e-02
7.324290765935791148e-02
-3.696196024685367565e-01
-1.310968967212786884e+00
-2.398275671026162570e+00
-3.825103535743795913e+00
-5.063474284505153022e+00
-6.071432906459047096e+00
-7.270859650649586392e+00
-8.541932691950316681e+00
-9.526825695765113622e+00
-1.023687553088955937e+01
-1.075411056525380538e+01
-1.098747354132212273e+01
-1.124078355915285066e+01
-1.151692998057239592e+01
-1.158372488347625051e+01
-1.150002086473734764e+01
-1.135764688538657907e+01
-1.113457014575815940e+01
-1.082290990803772424e+01
-1.043777583301456602e+01
-9.855604110011000785e+00
-9.069067756873604225e+00
-8.147924224112861324e+00
-7.061181235198781714e+00
-6.154962707319787896e+00
-5.466466118989598222e+00
-4.807002148352763626e+00
-4.274107274583593075e+00
-3.680418985530125475e+00
-3.011019357502388250e+00
-2.445145285726342266e+00
-1.944625096362194494e+00
-1.235387784459162974e+00
-3.170841728046792651e-01
7.033278174427106677e-01
1.893735340966817171e+00
3.047123536959161605e+00
4.150891524190645221e+00
5.364247173486455189e+00
6.641397696914564719e+00
7.634830990320562449e+00
8.326775629528684775e+00
8.847447739166650393e+00
9.100449592669059840e+00
9.323794441437316394e+00
9.522741334749241560e+00
9.491097688311047165e+00
9.273023652598755717e+00
9.062468834308312182e+00
8.846939095365316419e+00
8.558163551827558280e+00
8.238469060804261446e+00
7.711583412973738838e+00
6.963762262023380778e+00
6.113733886973104603e+00
5.118341495169293154e+00
4.196476086912714898e+00
3.378753690617093408e+00
2.527761075464218798e+00
1.706280668885689522e+00
8.111028102107240567e-01
-1.697575592825948387e-01
-1.130051656330757437e+00
-2.091765221861298762e+00
-3.260509261352205090e+00
-4.640710328990862443e+00
-6.148654277056087025e+00
-7.836982536281801970e+00
-9.560004579659921120e+00
-1.130944950236879976e+01
-1.320250524866065867e+01
-1.520803799457030792e+01
-1.621918785586338529e+01
-1.613678580036010501e+01
-1.545759088536354398e+01
-1.386400893280710100e+01
-1.202004274941363526e+01
-9.947800785853594618e+00
-7.026041283844333130e+00
-3.375227842366872899e+00
2.502021731375098090e-01
3.877276628885968801e+00
7.804368143762406618e+00
1.186026489436881448e+01
1.667550131098039756e+01
2.230233854382611369e+01
2.829780146750972847e+01
3.481523785239173918e+01
3.906053490972303877e+01
4.071159494961104741e+01
4.119679889381146154e+01
3.970211670518408908e+01
3.774079818301157729e+01
3.539051682691577838e+01
3.115623140740112973e+01
2.531573225655952442e+01
2.005701485570837050e+01
1.534758774715363749e+01
1.028610475145390879e+01
5.388284276015696150e+00
-1.066516192554019193e+00
-9.215808158065248890e+00
-1.779999320657164219e+01
-2.722716858500537995e+01
-3.414340302311549635e+01
-3.808893433550782248e+01
-4.094552713123974996e+01
-4.172186184070587700e+01
-4.207341073532367659e+01
-4.211232070766746460e+01
-4.011287298268115364e+01
-3.638054677546885074e+01
-3.382768285343028225e+01
-3.244896599540904703e+01
-3.101011318070273859e+01
-3.021269572147261684e+01
-2.785636961057253558e+01
-2.376802793551227211e+01
-1.960171330362961228e+01
-1.484350800078729193e+01
-1.099343295646068341e+01
-8.369168780422040044e+00
-5.883550880736284405e+00
-4.003328290638612508e+00
-2.231703531899736692e+00
-4.931505748273635192e-01
5.412466865630605195e-01
9.634857335209654483e-01
2.504441401927715916e+00
5.209821579443028483e+00
8.295393754494796212e+00
1.219665422851267600e+01
1.572305395723722121e+01
1.878236656750028288e+01
2.232601521290188629e+01
2.608513511157219966e+01
2.870957510223825082e+01
3.016987544508841879e+01
3.090690438259266060e+01
3.055783618913455868e+01
3.012080542160048680e+01
2.961403226671097144e+01
2.821370986834626038e+01
2.610895586250282463e+01
2.390104199352634495e+01
2.152928442889233196e+01
1.881600827342716542e+01
1.588581291332303280e+01
1.213818026764057478e+01
7.529690154533767554e+00
2.446800652451234903e+00
-3.258328620345133597e+00
-7.472798112923988434e+00
-9.956947033481611697e+00
-1.182076012836058965e+01
-1.245543820876506658e+01
-1.300087407878205426e+01
-1.352776798287387550e+01
-1.292027846102568311e+01
-1.139587646190863524e+01
-1.062340870364915801e+01
-1.058867888564037507e+01
-1.061615682245593284e+01
-1.110672067419081088e+01
-1.076882562260987442e+01
-9.507866778888478976e+00
-8.287071699915195211e+00
-6.807488571664902288e+00
-5.779614012892229979e+00
-5.372138697379842398e+00
-5.029690575585985535e+00
-4.977024000406220061e+00
-5.022259593452170101e+00
-5.125678914282570275e+00
-5.586763847195407529e+00
-6.370159151324751079e+00
-6.597924092015007069e+00
-6.241774791986284043e+00
-5.706378321877769721e+00
-4.769161012781924391e+00
-4.020708136429464119e+00
-3.507171736818753605e+00
-2.750277762803402304e+00
-1.882678594606843170e+00
-1.249168092258166496e+00
-8.287469486911038796e-01
-5.529732372309393851e-01
-5.057234101095986478e-01
-3.749166864478268302e-01
-1.560875897566899595e-01
-7.720048788019791275e-02
-7.541947271364665695e-02
-8.784629588059786331e-02
-1.359616217416639017e-01
-2.086948945085904672e-01
-2.966095112841630188e-01
-5.019004944861301665e-01
-8.275851390874700009e-01
-1.217597887229781239e+00
-1.696144370599796058e+00
-1.709937740703032727e+00
-1.200231836840109922e+00
-4.459235928964994655e-01
7.119983540096059826e-01
1.967754251629646900e+00
3.304965234904491123e+00
5.019667689076794836e+00
7.054462996816425857e+00
8.997888119456760592e+00
1.085720870660952464e+01
1.279780448227041845e+01
1.472268946712464022e+01
1.695829197083713780e+01
1.952965961246368565e+01
2.219821930218480333e+01
2.504087847151506452e+01
2.667481830250414632e+01
2.693574231520214113e+01
2.652885137069025490e+01
2.504836063964829762e+01
2.323468104399118417e+01
2.112300893141808089e+01
1.797293569145577408e+01
1.391751704858422301e+01
1.004213608536922564e+01
6.328159060125602586e+00
2.322599910559689729e+00
-1.720969254515794411e+00
-6.660030956295486249e+00
-1.256625300520655841e+01
-1.881682187642356752e+01
-2.561756635617713940e+01
-3.051333316961780540e+01
-3.319725158309762492e+01
-3.497748455173144322e+01
-3.513388434017164741e+01
-3.494520170275110615e+01
-3.448546797412871712e+01
-3.246225233473374061e+01
-2.911060926260913817e+01
-2.644875309622577575e+01
-2.445905526861249513e+01
-2.229856719007116794e+01
-2.044786557793630877e+01
-1.734892287695195989e+01
-1.287800128541408107e+01
-8.189602833129660198e+00
-2.916703403538827732e+00
1.069764525082133488e+00
3.468131363918707244e+00
5.432358852523192283e+00
6.400819963557394132e+00
7.197602277821626870e+00
7.897297068041558177e+00
7.580040890408181298e+00
6.399208389090165205e+00
6.158162845896526072e+00
6.875194676378768577e+00
7.767064686595175793e+00
9.276907764464047190e+00
1.009318121221783571e+01
1.011457879100494317e+01
1.035280150621483131e+01
1.050639468704906498e+01
1.071504820288311777e+01
1.110057123110293276e+01
1.137708760695361399e+01
1.160999241563361828e+01
1.194966443673666845e+01
1.237422701784015722e+01
1.287057605604429966e+01
1.347011058356563851e+01
1.367900418143852903e+01
1.345964935186225908e+01
1.307273277312908988e+01
1.238644829724230156e+01
1.167887503013720796e+01
1.097491671576940320e+01
1.002389522324550164e+01
8.886214871329027432e+00
7.899870691025476788e+00
7.064874926973216951e+00
6.261575200176447531e+00
5.575328285626485858e+00
4.748572597586877997e+00
3.769888622717233684e+00
2.840182329276026874e+00
1.905240096635655966e+00
8.225787792981540392e-01
-3.975113133208730276e-01
-1.724170545068797411e+00
-3.190847485455019061e+00
-4.661923971685912882e+00
-6.133380698154072164e+00
-7.700486147479913335e+00
-9.334219916306334852e+00
-1.069029285640950278e+01
-1.174327583223140437e+01
-1.263362770982259775e+01
-1.326331394716295087e+01
-1.385423538394018728e+01
-1.441158231018802738e+01
-1.473483408574177922e+01
-1.486409684837157208e+01
-1.502096255377576206e+01
-1.519505934760786481e+01
-1.530135764348219496e+01
-1.538924341081945357e+01
-1.526708423979487250e+01
-1.491897364390421288e+01
-1.447691125551437885e+01
-1.389388574943002475e+01
-1.315778702796376010e+01
-1.227688174684532108e+01
-1.121879154283687186e+01
-9.979336150126156824e+00
-8.589996609140779782e+00
-7.042919679589221715e+00
-5.315623718826982369e+00
-3.409961247200927748e+00
-1.278933672427243540e+00
1.087912730666076744e+00
3.671122563885163892e+00
6.487764312791021837e+00
9.524948901676969726e+00
1.278610341157665431e+01
1.629593445537721408e+01
2.005610643041840646e+01
2.267907866795075833e+01
2.403007247390348411e+01
2.476363332179412780e+01
2.448081053691575804e+01
2.398927269974873155e+01
2.332217389090999760e+01
2.171386464866548494e+01
1.931283382712411267e+01
1.711491604404915279e+01
1.509388227797547266e+01
1.285227195148629775e+01
1.062061115323558802e+01
7.587837490050380218e+00
3.689155926868101343e+00
-4.942158441404601588e-01
-5.156496703690858219e+00
-8.496053388842597087e+00
-1.027802271592053707e+01
-1.149643041586818448e+01
-1.162279459435390905e+01
-1.157009211615487310e+01
-1.139914091763074744e+01
-1.017634874067716488e+01
-8.072300765966177849e+00
-6.614685630117072002e+00
-5.798746144802857216e+00
-4.985214976429290346e+00
-4.542301485160888497e+00
-3.309727637702333247e+00
-1.198382404338882434e+00
9.202526872840124383e-01
3.316091206491585730e+00
4.819845697574284493e+00
5.224543639627445835e+00
5.278743768834731398e+00
4.625608715174434948e+00
3.741924325915416016e+00
2.673876968412683297e+00
8.581966735272009705e-01
-1.619317033808967965e+00
-3.579389928434566048e+00
-5.007708529575772616e+00
-6.428098050492147664e+00
-7.551302292441292252e+00
-9.226990090457093174e+00
-1.152404465228955388e+01
-1.378640922012307612e+01
-1.621106760385832146e+01
-1.769015532281523306e+01
-1.804097485343089957e+01
-1.792669210728162099e+01
-1.700941376547469019e+01
-1.577640528481120619e+01
-1.426287999144317098e+01
-1.191481526848648720e+01
-8.816517623330893727e+00
-6.023889916517773280e+00
-3.539786612366182528e+00
-8.955921234805745978e-01
1.654993390939935249e+00
4.894803374345606528e+00
8.891148167377091127e+00
1.305413844565672754e+01
1.756954419148268087e+01
2.066758337090653086e+01
2.210953387900910272e+01
2.286415372287726555e+01
2.240671241245255985e+01
2.162564476356492449e+01
2.057411105622134784e+01
1.832999840975336880e+01
1.505398892229786156e+01
1.225987468467960717e+01
9.938690477082230856e+00
7.446554164552310340e+00
5.144443324100366866e+00
1.875275712898555325e+00
-2.455344383866850499e+00
-6.987108632365893079e+00
-1.199353019662565956e+01
-1.554050231561709694e+01
-1.734776125602733288e+01
-1.852800371695639470e+01
-1.850552689138431006e+01
-1.820473722227748681e+01
-1.769192418268683653e+01
-1.598249303574529989e+01
-1.324593632011367106e+01
-1.121774721736023395e+01
-9.899868487812128137e+00
-8.548520434061009254e+00
-7.583263843966549622e+00
-5.705576685640293633e+00
-2.812373555506523903e+00
1.151226823494003737e-01
3.379947623921680577e+00
5.907124422640228190e+00
7.488113212841256860e+00
8.852358817711829531e+00
9.668162482258198409e+00
1.033550317455048528e+01
1.090156074606193926e+01
1.086464984790534061e+01
1.029706958386020332e+01
1.035949127385283752e+01
1.107394852449969136e+01
1.191875107559926938e+01
1.318193440664195037e+01
1.404547860559851458e+01
1.444401640247167862e+01
1.501916235906556096e+01
1.558328018518103875e+01
1.574200604188738417e+01
1.552484935569484215e+01
1.498007470569250188e+01
1.401013704194295961e+01
1.298772307632225065e+01
1.191046786158709736e+01
1.050525290933236278e+01
8.842756206992669732e+00
6.952914140821578215e+00
4.802335267352008330e+00
2.418821530788857643e+00
-2.021542158849319870e-01
-3.164268163961615254e+00
-6.474504857661780299e+00
-1.009190357634371793e+01
-1.404554551855148681e+01
-1.700334217730189224e+01
-1.883358783356408850e+01
-2.018761337484700746e+01
-2.068471842593662302e+01
-2.108780219270346379e+01
-2.143505823406881561e+01
-2.100269310153041147e+01
-1.993464929691243270e+01
-1.920467670021442430e+01
-1.879366242329609449e+01
-1.831610322552603876e+01
-1.800140544625438466e+01
-1.707049712254265827e+01
-1.546492160293177598e+01
-1.375267610483409797e+01
-1.175072527257139932e+01
-1.001007833322849017e+01
-8.639828323821214795e+00
-7.242572024614132964e+00
-5.985891662430514515e+00
-4.676070498921649055e+00
-3.282199774671993087e+00
-2.050478751079579443e+00
-9.419464439213978135e-01
6.601889891928315324e-01
2.773940530834992035e+00
5.126648350576881619e+00
7.875468103856811730e+00
1.059865806384565801e+01
1.326672210183219391e+01
1.622104588575405870e+01
1.936877746051535354e+01
2.150377237922492313e+01
2.254340610122186916e+01
2.298798796983724912e+01
2.249901337679497715e+01
2.185160202209773672e+01
2.106913161478109231e+01
1.945817341906057152e+01
1.716271718918617495e+01
1.492278675437561475e+01
1.270308132690393599e+01
1.022889021055191883e+01
7.666178280609655893e+00
4.373375920646231485e+00
3.003557898978360119e-01
-4.108955068317850845e+00
-9.009928788107506747e+00
-1.249517798936238755e+01
-1.433466611488454490e+01
-1.554409298448909382e+01
-1.556848455141869003e+01
-1.541298983681629231e+01
-1.513911155609902437e+01
-1.374391634693768438e+01
-1.141589990857851866e+01
-9.702779979828092038e+00
-8.592640951395331683e+00
-7.447666622932318070e+00
-6.638579802802328622e+00
-4.972481061828173843e+00
-2.358413200410788946e+00
3.151631776220028547e-01
3.326509254718917674e+00
5.462218004487925604e+00
6.510854827648956622e+00
7.249078518648720326e+00
7.308397281656204392e+00
7.188678482518578328e+00
6.939520826448364765e+00
5.976689880288059697e+00
4.391717129922785290e+00
3.401809045603148451e+00
3.022724156620449243e+00
2.717137061819509647e+00
2.784651120679914271e+00
2.349717299257382486e+00
1.342966320620493592e+00
4.427231409474753354e-01
-5.527706908571045075e-01
-1.266106855905550832e+00
-1.586268790765572145e+00
-1.837414178049476154e+00
-1.892921660154762264e+00
-1.815054157892887376e+00
-1.623899927796159215e+00
-1.170759176432926818e+00
-4.634378220411482507e-01
-3.956703259978171239e-02
8.188328470142650084e-02
1.604269932028356549e-01
6.066588077971232784e-02
1.385708679453371006e-01
4.255426264949199733e-01
6.337188076786983704e-01
8.450834732758103485e-01
9.170212043177234928e-01
8.022418682898363462e-01
6.263282812970853985e-01
3.389698194443030443e-01
-4.396762742327613854e-02
-5.164645709654394068e-01
-1.134502375670001673e+00
-1.898270349865303963e+00
-2.587329369361403231e+00
-3.194536332353133723e+00
-3.829875755071737053e+00
-4.438718194133043582e+00
-5.167921849802344703e+00
-6.031994050108795413e+00
-6.914115273104561865e+00
-7.849250461309617677e+00
-8.396020248057945778e+00
-8.496806417531482580e+00
-8.384084322561312419e+00
-7.926618987722600096e+00
-7.352220546550371161e+00
-6.672103827665225140e+00
-5.652037541837883872e+00
-4.332225657716960221e+00
-3.080456069458160417e+00
-1.892274239486452903e+00
-6.108226229291864318e-01
6.774844469107162981e-01
2.258761180114098543e+00
4.157413174756809049e+00
6.164041522074507284e+00
8.347359129866360306e+00
9.961663114970381372e+00
1.091172337371054724e+01
1.159958509763979073e+01
1.180613409991070029e+01
1.191563596715197271e+01
1.195116342102003060e+01
1.152194304130188485e+01
1.069870876829910067e+01
1.010359971068522533e+01
9.732352868959409875e+00
9.324271839215626301e+00
9.028001689233747129e+00
8.365923211106363055e+00
7.300268715665652941e+00
6.186355018009485285e+00
4.911968295874098445e+00
3.920048536812761775e+00
3.290201674096020934e+00
2.730287662933928328e+00
2.374825089310057535e+00
2.046770494894001313e+00
1.726268735284037792e+00
1.623298042890379600e+00
1.704633240234450176e+00
1.511029177277360747e+00
1.034300647125838024e+00
4.769895087534306022e-01
-2.751793478860131148e-01
-8.965384586341845763e-01
-1.362257093323968382e+00
-1.927934231045583147e+00
-2.519547537241523472e+00
-3.226962579322321556e+00
-4.087825451427566925e+00
-5.006983979082107794e+00
-6.017938231615627132e+00
-7.128997596742589593e+00
-8.335142702645184087e+00
-9.664359439093974657e+00
-1.112053946810585003e+01
-1.254103684931681961e+01
-1.391895547711693659e+01
-1.533774469430174037e+01
-1.675657952631260628e+01
-1.827944700040436032e+01
-1.991687679308843073e+01
-2.158414698296023460e+01
-2.330585732967166734e+01
-2.415547076912477209e+01
-2.402834743893889069e+01
-2.337567169433459924e+01
-2.192522484727095744e+01
-2.018880124379091257e+01
-1.818567533700696259e+01
-1.541006105897477596e+01
-1.195204667977893465e+01
-8.513191607305124364e+00
-5.075983256853263015e+00
-1.347812868177820089e+00
2.510329558778121584e+00
7.064852044055459857e+00
1.236518913091756389e+01
1.800740546270117548e+01
2.412972277281922118e+01
2.855882968550953649e+01
3.103873146755391232e+01
3.269535285956713011e+01
3.289481741558650185e+01
3.280308222836956844e+01
3.248295155005870072e+01
3.077699573427879898e+01
2.790006526439739076e+01
2.558295370378016642e+01
2.380430800061513708e+01
2.184934169614591681e+01
2.012808064597197344e+01
1.728895016214963931e+01
1.322503378611500224e+01
8.931197766001899296e+00
4.088293494009988649e+00
3.799643428139619639e-01
-1.928134701455008315e+00
-3.867111470154796393e+00
-4.933610127773873977e+00
-5.880217209357947894e+00
-6.774565490128109602e+00
-6.786129173418269822e+00
-6.056117502436787703e+00
-6.189803606103369660e+00
-7.202910009079990239e+00
-8.402157855434772671e+00
-1.018230669542994882e+01
-1.137384150017303419e+01
-1.188762203144278118e+01
-1.262596160161196046e+01
-1.332073170348383151e+01
-1.376784577400407628e+01
-1.404258521661030734e+01
-1.404466697104822792e+01
-1.373707595112772495e+01
-1.344310710578053047e+01
-1.315023668291782499e+01
-1.266514105783465283e+01
-1.204983608630486280e+01
-1.110191969288910663e+01
-9.781079131956962769e+00
-8.223140763079266335e+00
-6.365125006549232189e+00
-4.260451935226833520e+00
-1.914977708204766316e+00
7.565342535577042060e-01
3.747417676213560700e+00
5.898369479686098593e+00
7.109918424334805920e+00
7.927197150269507553e+00
8.023821131264293527e+00
8.093342285367441491e+00
8.169463449287819756e+00
7.613844650549928872e+00
6.559693330168297365e+00
5.807024785556863300e+00
5.336504056292046272e+00
4.842750980030126939e+00
4.514025159968918288e+00
3.699936586823076023e+00
2.354289865711888030e+00
9.492310986510366089e-01
-6.669153376576854031e-01
-1.802003542641526179e+00
-2.340872368442083129e+00
-2.722304674540899860e+00
-2.738452041189532338e+00
-2.682508648301103804e+00
-2.583995076239213873e+00
-2.108983053609931879e+00
-1.312686357641869694e+00
-8.705961771119931081e-01
-7.913445106534484630e-01
-7.807890352774804477e-01
-1.005750514008433294e+00
-9.795388534622807564e-01
-6.650225994336800284e-01
-4.401948017551304826e-01
-1.938281671883244073e-01
-7.250935081758577705e-02
-1.322981367358094518e-01
-2.239979321298057879e-01
-4.002600564908284086e-01
-6.644150205902995543e-01
-1.007528406817119304e+00
-1.477601149162816929e+00
-2.077835420319185555e+00
-2.557340996240630382e+00
-2.905184257362953826e+00
-3.247352531089205740e+00
-3.520291598997972393e+00
-3.884383814387631695e+00
-4.354756665013210792e+00
-4.799632476930093539e+00
-5.256176393937842306e+00
-5.327633312351563788e+00
-4.958062349399428470e+00
-4.359605668124114430e+00
-3.412520827633283460e+00
-2.314012054657324846e+00
-1.073067348256575126e+00
5.196776599159085297e-01
2.430792951467534824e+00
4.320108244519866858e+00
6.191905614098853761e+00
8.194782063544726824e+00
1.024943947359438567e+01
1.262005034865584463e+01
1.533049344590555663e+01
1.818854688110519646e+01
2.125855867609045902e+01
2.313254361793970659e+01
2.364941042515730985e+01
2.351809271370505527e+01
2.232737506958580553e+01
2.084546685611409700e+01
1.910852387037355982e+01
1.635807586957957938e+01
1.273342087346822815e+01
9.327117456691439656e+00
6.119804242908948311e+00
2.659901799668768163e+00
-7.969864106316829622e-01
-5.116684612637338425e+00
-1.037019927318636725e+01
-1.592844039262133116e+01
-2.199846189357019455e+01
-2.624581470175867892e+01
-2.837495863113819894e+01
-2.963803132665440643e+01
-2.934952277284777722e+01
-2.871655261228128708e+01
-2.781032703284519059e+01
-2.540563863440542036e+01
-2.172433397381058029e+01
-1.869792213485929011e+01
-1.631105897616291500e+01
-1.375517363672614835e+01
-1.149073546425196568e+01
-8.030482477634340199e+00
-3.256249115527583449e+00
1.728210114744603398e+00
7.273023351494017241e+00
1.128446527545068001e+01
1.344228787059483743e+01
1.499140667275166372e+01
1.530563771118309546e+01
1.534689598798316190e+01
1.519181994814095304e+01
1.379182012955705261e+01
1.132391220215864713e+01
9.730682980724193243e+00
9.022192837100044827e+00
8.359392422605020911e+00
8.215150607096719071e+00
7.154778621573602670e+00
5.065206418292167001e+00
3.040220742902102646e+00
7.469031431188624115e-01
-9.453216814012757041e-01
-1.834973454918997327e+00
-2.575553708245008622e+00
-2.890653434302856706e+00
-3.034409570408295842e+00
-3.049528565729876739e+00
-2.556186334027745755e+00
-1.598274318010948880e+00
-1.230869291256420084e+00
-1.482939029321897140e+00
-1.866033370965606064e+00
-2.644613146954121419e+00
-3.097659347391012119e+00
-3.165994395982863363e+00
-3.424978856504092839e+00
-3.709834157636549890e+00
-3.852977236166865715e+00
-3.901981792797067694e+00
-3.817030082406984715e+00
-3.566530120188330155e+00
-3.379584892154874787e+00
-3.252768500966155329e+00
-3.046277838945885552e+00
-2.806632955721457545e+00
-2.425478986520686941e+00
-1.878789443763834832e+00
-1.249979969470469854e+00
-5.056544375016470694e-01
3.328581343747599175e-01
1.260096724388328759e+00
2.316884605294818211e+00
3.499857590252830164e+00
4.357226615203568798e+00
4.851778985757866813e+00
5.195557175322418786e+00
5.262175448935982658e+00
5.322826020131081748e+00
5.391157203776683282e+00
5.219133844604421313e+00
4.859328909168477040e+00
4.615120463446988452e+00
4.478715324117896301e+00
4.335980187467388447e+00
4.258309770241990755e+00
3.998019516995461764e+00
3.537933899149691364e+00
3.057740034137170326e+00
2.499887944605959422e+00
2.046056435028863252e+00
1.731777791017309553e+00
1.428539210950909855e+00
1.191734290160369580e+00
9.568878720340264765e-01
7.145126175288989412e-01
5.464967580671602487e-01
4.403058779081711616e-01
1.982813372055301504e-01
-1.845184419136068898e-01
-6.202739970975565953e-01
-1.158830655187534031e+00
-1.663480689887026021e+00
-2.124154282970331931e+00
-2.650172702939975533e+00
-3.210959587040763896e+00
-3.685946677357017087e+00
-4.075512137901570853e+00
-4.414615785631662348e+00
-4.671817467141992530e+00
-4.942523988559593739e+00
-5.228456213152021803e+00
-5.454153854919931987e+00
-5.638168961258082312e+00
-5.825878233942109574e+00
-6.011427991917323688e+00
-6.184487750667269523e+00
-6.354247875101823873e+00
-6.471886009067865153e+00
-6.534448960050916355e+00
-6.572690401170442343e+00
-6.574808142611550110e+00
-6.474693631213265910e+00
-6.267308836175780051e+00
-5.973862920809210664e+00
-5.574563705001966518e+00
-5.113021249228419940e+00
-4.588158682734826854e+00
-3.959063188471239059e+00
-3.232241821840676543e+00
-2.443869563701745573e+00
-1.589845932959875086e+00
-6.547361492164310848e-01
3.549322276083543559e-01
1.475284985856128994e+00
2.710839436333104757e+00
4.040201314767027263e+00
5.473586369796153761e+00
6.659794763670703333e+00
7.562705022110802311e+00
8.355956140149896072e+00
8.938695453710451488e+00
9.510388301684384871e+00
1.008113137625712064e+01
1.046033795812595990e+01
1.068550690713737161e+01
1.102104401341040152e+01
1.146251179624180949e+01
1.190420832592672618e+01
1.240867573150369019e+01
1.276602168325768183e+01
1.296043308801209371e+01
1.314565058675003151e+01
1.327243293184751494e+01
1.313884019579130680e+01
1.273843553732159606e+01
1.212809485945047960e+01
1.125104454376692331e+01
1.025586131501074938e+01
9.141129515863779531e+00
7.779457128797919729e+00
6.196023268500531422e+00
4.475486681931412747e+00
2.605093324518914066e+00
5.558305647166805752e-01
-1.657637010559753543e+00
-4.128130311077977233e+00
-6.865571394700126007e+00
-9.816312659916444971e+00
-1.300587450279902413e+01
-1.542206583374152018e+01
-1.696065107594311883e+01
-1.811814842232068656e+01
-1.860323227024158754e+01
-1.899037458743783802e+01
-1.930714943638391290e+01
-1.900313114180527307e+01
-1.818526360342504589e+01
-1.760786070662342695e+01
-1.725630314785318475e+01
-1.682782575756952070e+01
-1.649960866717189134e+01
-1.566910910601517593e+01
-1.428968872029215476e+01
-1.279974594242565367e+01
-1.105680157612304093e+01
-9.539562064985874557e+00
-8.336969398954202859e+00
-7.115666809490765132e+00
-6.019903746615641538e+00
-4.868031684728120645e+00
-3.634129770049843611e+00
-2.537380800831011474e+00
-1.541202380250470405e+00
-1.282278594721799059e-01
1.715320208895681375e+00
3.763402687834258575e+00
6.147536713827495447e+00
8.510321498722225542e+00
1.082715437530428026e+01
1.338587071264455375e+01
1.610778085371035573e+01
1.804501778131836431e+01
1.913481069294034498e+01
1.976629246008486973e+01
1.967399725181891057e+01
1.947191171811140720e+01
1.917818642502243520e+01
1.824608119568125275e+01
1.678982747663743069e+01
1.538449752689559347e+01
1.400177993252207642e+01
1.242975269942320971e+01
1.079715327079117415e+01
8.603101780136785948e+00
5.808668785416402969e+00
2.759700053507546880e+00
-6.651015368041819364e-01
-3.222158996369017814e+00
-4.757348440298261316e+00
-5.948931897160388615e+00
-6.435285496248108750e+00
-6.860851285662008081e+00
-7.269039100610571680e+00
-7.012764492808793548e+00
-6.214463148459006270e+00
-5.905853858474984008e+00
-6.083299398912799028e+00
-6.321425883411008861e+00
-6.869646600295036265e+00
-6.942153569612403707e+00
-6.480726193157422266e+00
-6.076614663958547879e+00
-5.548341001510827653e+00
-5.161959696285006061e+00
-5.004659986117567350e+00
-4.817311423058614039e+00
-4.689311142562024415e+00
-4.601069880281998259e+00
-4.532821031264010259e+00
-4.575555484012672203e+00
-4.725978395396142950e+00
-4.566390227764897780e+00
-4.076552490855359423e+00
-3.457023712422376605e+00
-2.599490374318516928e+00
-1.768443527278644289e+00
-9.847057712179367872e-01
-2.553835221907405084e-02
1.050840165810153159e+00
1.842006409021295754e+00
2.334907195494124732e+00
2.678640724247178806e+00
2.765456671418380363e+00
2.881234650331018443e+00
3.035203812498530329e+00
2.989387984213399019e+00
2.799855627737800834e+00
2.670018124142945037e+00
2.586406797846861227e+00
2.486184802619701983e+00
2.414886557170308645e+00
2.185293408009455707e+00
1.785844351368463867e+00
1.344621960775485681e+00
8.177520205743348258e-01
5.068935513589966080e-01
4.534993628183988101e-01
4.823737141556036501e-01
6.817935117791146249e-01
9.063497279628064396e-01
1.144145605888940098e+00
1.546941418256125633e+00
2.086812241441996729e+00
2.501453126427926943e+00
2.789995365393311832e+00
3.062286872234460500e+00
3.254216158482640786e+00
3.560995065436771689e+00
3.996950383866864520e+00
4.413004452982064230e+00
4.853837276534924250e+00
5.123946191807554840e+00
5.187497949669165109e+00
5.168558420334772308e+00
5.006631762820504150e+00
4.779371598641503738e+00
4.493449511266010887e+00
4.054319774205473514e+00
3.475072988530941931e+00
2.952521186123707508e+00
2.488153080585923327e+00
1.992875745572744606e+00
1.514222057747842465e+00
9.088823834938684065e-01
1.642721552960718923e-01
-6.106621331614462411e-01
-1.449929427504850432e+00
-2.275268505428626575e+00
-3.068013995583616094e+00
-3.890575422566401542e+00
-4.718324930725717792e+00
-5.573073050695768416e+00
-6.459680651111855632e+00
-7.345148913771234689e+00
-8.233843640145469323e+00
-9.227542435698275369e+00
-1.033017104377808160e+01
-1.149541127310980393e+01
-1.274950791257975879e+01
-1.402504514464742158e+01
-1.531722945431575944e+01
-1.668172415852900770e+01
-1.810380611910066406e+01
-1.882883398002915953e+01
-1.878614045772982521e+01
-1.831857917663504409e+01
-1.720860484789455924e+01
-1.590203900718326224e+01
-1.441369793712731884e+01
-1.232210484457868382e+01
-9.707477512562729061e+00
-7.090371574009442845e+00
-4.452477517629596981e+00
-1.585538460150682116e+00
1.392495865921080656e+00
4.915249451107947642e+00
9.019392562353768739e+00
1.340043084622646852e+01
1.816424443204749295e+01
2.165614689216103628e+01
2.368241030248308476e+01
2.510125604285566681e+01
2.543087406379650517e+01
2.556001254729707384e+01
2.553738115910403295e+01
2.448254384264783567e+01
2.255999653884053657e+01
2.108462090332160344e+01
2.004064816283976214e+01
1.888653539729679665e+01
1.793424804866031153e+01
1.615776455702896186e+01
1.347664352207403127e+01
1.064715207464484159e+01
7.427565356463548873e+00
4.897867921862338214e+00
3.239971202176708420e+00
1.764639434838585208e+00
7.967492199338245262e-01
-1.204769876736558332e-01
-1.033893103498042088e+00
-1.422374616630427635e+00
-1.372293030365204336e+00
-1.959055364949516820e+00
-3.198472544631613790e+00
-4.621961235801594903e+00
-6.496184912827882130e+00
-8.050073107741537726e+00
-9.225524719761434511e+00
-1.062413659697705093e+01
-1.207049476094355711e+01
-1.320328470143728339e+01
-1.405148830289579109e+01
-1.465759714482254950e+01
-1.493301142461268505e+01
-1.522464558967270243e+01
-1.553093873224544197e+01
-1.560010805328613870e+01
-1.549866251888334112e+01
-1.525531899293583393e+01
-1.484020944443376422e+01
-1.428009838971158452e+01
-1.357182727753970397e+01
-1.262024018675791481e+01
-1.141988096706290179e+01
-1.000980107239041850e+01
-8.364049371321225834e+00
-6.973076650079961247e+00
-5.883277094505304561e+00
-4.840288782075526264e+00
-3.980883159453903808e+00
-3.025349221086826912e+00
-1.953626894335320774e+00
-1.025348090169865056e+00
-1.835628933527996831e-01
9.391046248614715042e-01
2.340984315577661512e+00
3.882590401772838984e+00
5.654368009186602428e+00
7.373211801193106041e+00
9.022329734436441484e+00
1.081726935573950321e+01
1.269532302133582569e+01
1.404588702240993214e+01
1.483008617486533431e+01
1.528894780029168210e+01
1.525080674039644713e+01
1.511788903678720075e+01
1.489956676213905062e+01
1.423869345880185833e+01
1.320887520456171593e+01
1.217382833968200018e+01
1.111313814883794748e+01
9.892331228759726258e+00
8.591416800817022192e+00
6.887938853218453339e+00
4.755647877828112158e+00
2.413786729943543818e+00
-2.168929564052775594e-01
-2.176114753261646495e+00
-3.349892177746739641e+00
-4.251536732450112765e+00
-4.602935889040292494e+00
-4.913151377858507196e+00
-5.214826275015497892e+00
-5.003708224421704820e+00
-4.376629670641835723e+00
-4.113779480133513466e+00
-4.210630465529765942e+00
-4.348225044833261776e+00
-4.714631403331140724e+00
-4.711042610523603180e+00
-4.293333118630551226e+00
-3.910181478950421230e+00
-3.423149413507605043e+00
-3.067654789135412230e+00
-2.912903793078853276e+00
-2.745773202731030427e+00
-2.643518463295057686e+00
-2.571780390086018997e+00
-2.514435918592029306e+00
-2.558635403692934851e+00
-2.698061762657453677e+00
-2.591966024468358665e+00
-2.225396081429266371e+00
-1.759639499497365644e+00
-1.106819268325094585e+00
-4.865851323162931896e-01
8.398185325629123343e-02
7.878870278565828222e-01
1.576604397046458050e+00
2.191567753077539038e+00
2.629076871661446990e+00
2.977162249177867981e+00
3.167953736663581932e+00
3.394779992668842894e+00
3.663375108778450517e+00
3.817663918636857723e+00
3.896003887766068985e+00
4.014049524325900897e+00
4.162029784257895493e+00
4.308778537966735378e+00
4.479747827282873018e+00
4.562878837966605872e+00
4.551954422418396540e+00
4.522168243671133681e+00
4.447426168652369505e+00
4.194389429836055783e+00
3.755274461950464993e+00
3.172048716919641187e+00
2.405959492618255702e+00
1.549444804306953305e+00
6.013411966776980311e-01
-5.213025359191340025e-01
-1.803520242340119539e+00
-3.175518160624230202e+00
-4.644917487988720950e+00
-6.239140405333585271e+00
-7.945074111622316693e+00
-9.832406657043824438e+00
-1.190888142717044929e+01
-1.413224996921646159e+01
-1.652154061068360136e+01
-1.797245694670845495e+01
-1.837068014865707610e+01
-1.824957007566681710e+01
-1.728968661943918761e+01
-1.611860584884984959e+01
-1.476321221157272667e+01
-1.261949317147050031e+01
-9.802098476259162751e+00
-7.125285167724054070e+00
-4.569923426325331661e+00
-1.806363708174968385e+00
9.763709617278832908e-01
4.435263106501721175e+00
8.623555132674255219e+00
1.306851832600620078e+01
1.792760311858009104e+01
2.127118317418236870e+01
2.286017581222871442e+01
2.371958318386682407e+01
2.328408178141129525e+01
2.256194925946665819e+01
2.161130310102440788e+01
1.941556350215556748e+01
1.616029304599926064e+01
1.342205629185736093e+01
1.118624726287415072e+01
8.795673994010691388e+00
6.625493913289962400e+00
3.456708015559513569e+00
-8.073613781013297963e-01
-5.264221733987458407e+00
-1.020107556818907923e+01
-1.372860680739289130e+01
-1.556723194984024516e+01
-1.681882385918162370e+01
-1.692015761841267718e+01
-1.675971020400626443e+01
-1.640418202428822170e+01
-1.489860575965120404e+01
-1.240624522230472770e+01
-1.064255509686160472e+01
-9.612199472403160527e+00
-8.577899614682314322e+00
-7.955525490581420556e+00
-6.468212181015979390e+00
-4.014948716445145394e+00
-1.564048611382258258e+00
1.181759249571749715e+00
3.276632506743476725e+00
4.525564313482678180e+00
5.592494410320769660e+00
6.182687294249006094e+00
6.623738560783634099e+00
6.958691816739860592e+00
6.755168742283144567e+00
6.071623015110487742e+00
5.969831780754302208e+00
6.473019490170087487e+00
7.098891437740130428e+00
8.111817333111256190e+00
8.771272410244055351e+00
9.017483228063554179e+00
9.434614513785973600e+00
9.852973931749826164e+00
9.909829928022512391e+00
9.632311028226228089e+00
9.067334595156209431e+00
8.125564728742059373e+00
7.148815948768278972e+00
6.135739803230611855e+00
4.836373023358082612e+00
3.316067441730593757e+00
1.603951158560152024e+00
-3.299408997768655816e-01
-2.460060554974635938e+00
-4.789684683992037506e+00
-7.413837510060266922e+00
-1.033837504584701072e+01
-1.352463121105927790e+01
-1.699879332960908940e+01
-1.924784756015796461e+01
-2.012040707236364057e+01
-2.034917940270711867e+01
-1.949969033653185946e+01
-1.843720824036424943e+01
-1.720173466546018304e+01
-1.496806691016634261e+01
-1.189700547847970569e+01
-9.089580379137776944e+00
-6.521008527732453430e+00
-3.751615956194687573e+00
-1.038506743311177427e+00
2.505213913564955597e+00
6.948772569465218929e+00
1.165086144887574804e+01
1.682210796771273209e+01
2.027782154827313477e+01
2.173640311132864866e+01
2.238201923111730807e+01
2.157232150044087859e+01
2.042400370090030037e+01
1.900514024440483496e+01
1.617506085134883165e+01
1.213912714910339119e+01
8.719867962896188374e+00
5.904908256324599591e+00
2.929103612861971850e+00
2.277337778375573274e-01
-3.597171649172785646e+00
-8.656625854171972279e+00
-1.391067698002807163e+01
-1.968803264399483766e+01
-2.342077620331329157e+01
-2.474521625012588544e+01
-2.511110524373973973e+01
-2.375445852696834947e+01
-2.192133043147992311e+01
-1.969452059384730802e+01
-1.575616232526681237e+01
-1.033249725639466732e+01
-5.679983758804462823e+00
-1.793752413137699397e+00
2.292481644479704705e+00
6.037081768171948859e+00
1.114419288194556401e+01
1.775180631591077329e+01
2.458244034069582895e+01
3.203680140824746303e+01
3.699074251231827049e+01
3.899893988074255446e+01
3.982490889266773593e+01
3.853756172215024378e+01
3.664976161564426604e+01
3.426079607520672710e+01
2.976636999811932327e+01
2.343986204257144479e+01
1.803543394593993199e+01
1.354667727331580629e+01
8.791288302765449814e+00
4.429682068561717756e+00
-1.618802104044798407e+00
-9.523882583336648722e+00
-1.772728702197382233e+01
-2.671915215042687208e+01
-3.313784158252621381e+01
-3.648722301712494698e+01
-3.871028246584781130e+01
-3.880286961775887278e+01
-3.835494898731395352e+01
-3.748012085003556848e+01
-3.447045549759219796e+01
-2.961511154799103096e+01
-2.595437512560341276e+01
-2.349185331750740247e+01
-2.091762273076478706e+01
-1.896572563540760115e+01
-1.536335184545180610e+01
-9.927630148770091978e+00
-4.374542469288911661e+00
1.827872460772230090e+00
6.436039146229521890e+00
9.049093232086015348e+00
1.111543810618908168e+01
1.195015303462322187e+01
1.246342039945018954e+01
1.274647210972713474e+01
1.172143668977503239e+01
9.553413825437178986e+00
8.538007547978491374e+00
8.707269538965023870e+00
9.042179505601499301e+00
1.010818031771614045e+01
1.025934871256694692e+01
9.364157347032101342e+00
8.699512386273386966e+00
7.885774731966995965e+00
7.219454977043239019e+00
6.866975245502872305e+00
6.411608376183961511e+00
5.971153645145029998e+00
5.664691768491977975e+00
5.462330063445063999e+00
5.415305839868787885e+00
5.550693202958612460e+00
5.151085809630259860e+00
4.171090276506401295e+00
2.978499656007235430e+00
1.385126115409808900e+00
-1.821311787145173389e-01
-1.685496142806004682e+00
-3.495905412008950552e+00
-5.518806031947762314e+00
-6.952640366206963130e+00
-7.763373584778251235e+00
-8.262872999779286687e+00
-8.234453309489701667e+00
-8.228549007569249341e+00
-8.264220963234281569e+00
-7.874571276066830272e+00
-7.166971419123421505e+00
-6.567286590602595453e+00
-6.050391233733932062e+00
-5.477661783603489098e+00
-4.944994129558456741e+00
-4.069076475630196477e+00
-2.825074231399376412e+00
-1.477324359800123776e+00
6.432651454449238304e-02
1.286537668226800601e+00
2.114821260429055272e+00
2.859427881605883570e+00
3.369843343720498208e+00
3.884110080447469304e+00
4.424558836806716577e+00
4.737962314950309839e+00
4.870894693456180313e+00
5.288566733753354399e+00
5.995363399912581492e+00
6.795564522646594163e+00
7.804268788749773478e+00
8.681582722209087777e+00
9.403421279821316148e+00
1.023321935314717201e+01
1.109423059850619531e+01
1.153229617624683812e+01
1.152974546774801290e+01
1.124383789182744309e+01
1.054965343621012863e+01
9.769320027792840477e+00
8.908084212476930830e+00
7.691734524054425037e+00
6.179724639942964615e+00
4.599631422310655360e+00
2.932048553218971509e+00
1.100872101771821487e+00
-8.461757200758313058e-01
-3.126920227514065065e+00
-5.758822715833685102e+00
-8.599972872156183001e+00
-1.170467846917316379e+01
-1.389699740066169831e+01
-1.504782567900541501e+01
-1.575205704454812228e+01
-1.566966206942533368e+01
-1.544908701339900681e+01
-1.512421637852762579e+01
-1.406368493374240813e+01
-1.238823122662133613e+01
-1.100065503700621328e+01
-9.887056156597191503e+00
-8.680809762578610034e+00
-7.595252749295569039e+00
-5.918254104005772120e+00
-3.594622197054150092e+00
-1.146369187140669599e+00
1.594357941084585839e+00
3.636407962942704852e+00
4.829483826704840332e+00
5.765248120502156404e+00
6.148352167662638479e+00
6.434925961548972673e+00
6.662659529019880900e+00
6.336604933582750121e+00
5.541778100953631103e+00
5.195684697203114766e+00
5.304036647380184100e+00
5.472471275677183833e+00
5.925141043777436778e+00
5.986215228121304577e+00
5.603522278108614252e+00
5.294209071737054018e+00
4.902332548601261664e+00
4.508590976693653829e+00
4.175132839386765937e+00
3.749302846212811957e+00
3.266314758713723343e+00
2.796564303663298556e+00
2.327384073207897863e+00
1.856199534716963973e+00
1.396903459154700045e+00
6.899243420211719213e-01
-2.848378564566327320e-01
-1.392947875296224103e+00
-2.704263660819008930e+00
-4.072759903882539056e+00
-5.486432154372767656e+00
-7.078061441291326084e+00
-8.816687572236050485e+00
-9.904022466414772907e+00
-1.027696366174550313e+01
-1.028973290846862731e+01
-9.717269434370949810e+00
-9.051552636954705022e+00
-8.311402986490147526e+00
-7.048210434383976875e+00
-5.354296052351217305e+00
-3.751329929912588845e+00
-2.220587099696320621e+00
-5.640278523773138986e-01
1.098713739029161696e+00
3.205277619843680537e+00
5.788937578455305655e+00
8.540044935709451224e+00
1.156306209581478583e+01
1.359378900575247506e+01
1.447627926854535474e+01
1.488326559864648679e+01
1.444495152254004644e+01
1.382154516595886307e+01
1.305178197485631131e+01
1.147077363393804994e+01
9.200507448821118928e+00
7.270187333645625749e+00
5.670448279414512349e+00
3.973207474099379688e+00
2.423605986995687189e+00
2.262444573758056743e-01
-2.681545525544424269e+00
-5.710352302727829787e+00
-9.047268994901774164e+00
-1.128694287965010545e+01
-1.222883830041364561e+01
-1.267208668890458334e+01
-1.219864571835434042e+01
-1.148632619152245304e+01
-1.058159271236051069e+01
-8.765737190476372120e+00
-6.162337757115901482e+00
-4.013720803222751599e+00
-2.318612057036794738e+00
-5.450165635822673549e-01
1.008101814216541214e+00
3.275894422370660308e+00
6.333517283668443021e+00
9.477950712660348387e+00
1.292847356551976645e+01
1.505380641308472889e+01
1.561719584543039474e+01
1.554645056829818373e+01
1.435417193216396115e+01
1.282146349528333751e+01
1.100032399154571294e+01
8.055989267523486319e+00
4.129055467938687052e+00
6.706747174030968095e-01
-2.321553058050904728e+00
-5.473085817989871593e+00
-8.435814452833948707e+00
-1.230330525117558338e+01
-1.716528113126239319e+01
-2.220197946733091854e+01
-2.767118257473864062e+01
-3.120200389249130879e+01
-3.247141713988773404e+01
-3.278315475694456893e+01
-3.143344544804518037e+01
-2.960362692387546701e+01
-2.736505671403753936e+01
-2.348586549543723123e+01
-1.817922249578658622e+01
-1.347727922223075403e+01
-9.368238564456440542e+00
-4.985688822613528082e+00
-8.140234268304942233e-01
4.698671269880838608e+00
1.167964563739965556e+01
1.897510831832313372e+01
2.695226795334534842e+01
3.255847821162811329e+01
3.537090027129304559e+01
3.709679721396494045e+01
3.683064686082207118e+01
3.607526704236855863e+01
3.492873449902194238e+01
3.181690134644822265e+01
2.701391472150300643e+01
2.317743902941169054e+01
2.029997920770890474e+01
1.724921719769108108e+01
1.466303852168327992e+01
1.052879451138861633e+01
4.684900814044127948e+00
-1.361030829253331742e+00
-8.081655602280592987e+00
-1.296176808097730593e+01
-1.559623812036036661e+01
-1.751809020056519373e+01
-1.796969660823728177e+01
-1.806516437845967715e+01
-1.789880841277097190e+01
-1.622563046177675616e+01
-1.324919028574393920e+01
-1.137728338673869466e+01
-1.062866793924559339e+01
-9.952846078561554677e+00
-9.937704205005704949e+00
-8.820742560147879274e+00
-6.461786321840943259e+00
-4.210914832319192946e+00
-1.659394125301928646e+00
1.573006066360841393e-01
9.931337586438612197e-01
1.634740000907862090e+00
1.750873807394969894e+00
1.632987831572214832e+00
1.331680050796676174e+00
3.975303017706822151e-01
-1.120279442825487859e+00
-1.944741919934075192e+00
-2.040203429584286354e+00
-2.001109670259603845e+00
-1.507549767430941046e+00
-1.430328351605525183e+00
-1.841864817804388599e+00
-2.047200569086237376e+00
-2.245855444259555522e+00
-2.429989572041318713e+00
-2.520820517272230443e+00
-2.665451340565311966e+00
-2.841068360055519992e+00
-2.892081362704169933e+00
-2.827136864559686824e+00
-2.698879437786652069e+00
-2.472930140990843739e+00
-2.432787844517167564e+00
-2.603203002125574095e+00
-2.821478210047728474e+00
-3.162989528478110213e+00
-3.477331632993008181e+00
-3.747476128680479857e+00
-4.111443592663733604e+00
-4.534972033878207576e+00
-4.518498786537449519e+00
-4.029026339628005715e+00
-3.277184097257491047e+00
-2.124011888075975740e+00
-8.880287053483968407e-01
4.196201358145488780e-01
2.082837731045783070e+00
4.041462718402126342e+00
5.999253067689989116e+00
7.970593113161108967e+00
1.006313260471241655e+01
1.221022288572305925e+01
1.466907394441163071e+01
1.745903164114322692e+01
2.040168914509833087e+01
2.355885847301630420e+01
2.539405146414931735e+01
2.573517333173541388e+01
2.534942140797938492e+01
2.378910979964971517e+01
2.189785635559963950e+01
1.971462899117906886e+01
1.641025428488354976e+01
1.213784870584865594e+01
8.069689738474224328e+00
4.182783179272667518e+00
-5.357619422075465820e-03
-4.221366868615176848e+00
-9.399071222985435625e+00
-1.561519016104059077e+01
-2.219361602650387510e+01
-2.935809508713277083e+01
-3.415911135627454343e+01
-3.623439836810356240e+01
-3.713707468533694822e+01
-3.600265127645275953e+01
-3.438139065186664567e+01
-3.235916816517286776e+01
-2.837612004591813886e+01
-2.271611179466502861e+01
-1.777145177732237968e+01
-1.351632293535019969e+01
-8.953240846292702670e+00
-4.649472221393445182e+00
1.252656175234207359e+00
8.902043314777239758e+00
1.692852109619646939e+01
2.577139846573328441e+01
3.188177547965363345e+01
3.476710559340028084e+01
3.642247133911993728e+01
3.579622025293596010e+01
3.462955149504765018e+01
3.303933038833451263e+01
2.920076543892289322e+01
2.343312049309628620e+01
1.883250524681671934e+01
1.539278574235944497e+01
1.179647311937808318e+01
8.788331782445894191e+00
4.029269098843462515e+00
-2.666865491217521367e+00
-9.543767273335646451e+00
-1.714923196335235289e+01
-2.257316770198249856e+01
-2.534396633637179619e+01
-2.723456681857913253e+01
-2.736671944247140686e+01
-2.702412968884753042e+01
-2.631406927940833285e+01
-2.379600608396173911e+01
-1.970282664277063134e+01
-1.682123410134110131e+01
-1.517141691532621905e+01
-1.353417951111769391e+01
-1.258858155883368113e+01
-1.029239342673023927e+01
-6.481352770830608456e+00
-2.716816895806045906e+00
1.476275028125773936e+00
4.561149361510437039e+00
6.219794319346138245e+00
7.523611086750709553e+00
7.991933990750488270e+00
8.158458510065749181e+00
8.090130940787481961e+00
7.080479219127134627e+00
5.222683374101593223e+00
4.240907730234751760e+00
4.170514516241870417e+00
4.225184188713434708e+00
4.832468276283022668e+00
4.785206890732523810e+00
3.983870909012098060e+00
3.376363053983225893e+00
2.684262468611443353e+00
2.203345082365798291e+00
2.066794494785586078e+00
1.933416052438239996e+00
1.914276480914635536e+00
2.054936484733803415e+00
2.333771738056750422e+00
2.833100820868000191e+00
3.566963425446367797e+00
3.943901701469230581e+00
3.933158334844831572e+00
3.834705757558702910e+00
3.496481314011755881e+00
3.285882923259181077e+00
3.236799105643799468e+00
3.040504620470742658e+00
2.780696380575702342e+00
2.484358896102367265e+00
2.116893590780442036e+00
1.724100591694144313e+00
1.302387039479517394e+00
7.638903447917150258e-01
1.087837355947182116e-01
-6.259967318132151348e-01
-1.461381791305515820e+00
-2.288690686984409250e+00
-3.098297006346826254e+00
-3.959643939205122809e+00
-4.844841391628863292e+00
-5.810028767760878843e+00
-6.864130288218441400e+00
-7.957058942519783074e+00
-9.103226350910322395e+00
-9.701691841734335853e+00
-9.685168437064147540e+00
-9.345603194717918782e+00
-8.506628268213754396e+00
-7.502910281338161624e+00
-6.347173246689389536e+00
-4.710326548365325827e+00
-2.651593168430320002e+00
-6.296280400528302401e-01
1.366384076780541745e+00
3.527124282308142789e+00
5.746902995652026114e+00
8.395088849594726454e+00
1.150345169799213174e+01
1.480764042853451024e+01
1.839739751878996188e+01
2.068449908089065659e+01
2.148389865479720129e+01
2.160907429014117653e+01
2.059647782207691336e+01
1.930335808098053363e+01
1.777343612219643987e+01
1.515715996053995873e+01
1.161135637536128051e+01
8.386543386933867694e+00
5.464393978485530212e+00
2.328109004844444385e+00
-7.276801648814382739e-01
-4.685611587681232315e+00
-9.624718553712900970e+00
-1.482577863071840696e+01
-2.052214473339103407e+01
-2.442378121759097453e+01
-2.622978448647062777e+01
-2.719036285635210959e+01
-2.663042697315666629e+01
-2.571025390112686182e+01
-2.450138315044417325e+01
-2.181110950483431310e+01
-1.785214410346950586e+01
-1.455721059991330080e+01
-1.191501948807495026e+01
-9.110642247649405334e+00
-6.606127057914970457e+00
-2.923495200524560023e+00
2.055161192800132319e+00
7.228761515370915269e+00
1.294488339594035153e+01
1.692057429612429686e+01
1.881539292614077041e+01
1.996011924270599636e+01
1.967265042708387313e+01
1.902291540720246488e+01
1.808995459244577475e+01
1.571921968084148524e+01
1.210594082566114160e+01
9.327641728484845629e+00
7.389024424856407869e+00
5.394308851857810616e+00
3.846187901177832824e+00
1.196823385420591856e+00
-2.677664563856790636e+00
-6.605565890722099098e+00
-1.094833662653581285e+01
-1.383406039727705306e+01
-1.495296630995817111e+01
-1.545073809420769884e+01
-1.475974386704180752e+01
-1.369445776085083288e+01
-1.232236016309516735e+01
-9.718558534511313241e+00
-6.028879235022860605e+00
-3.062698007301714043e+00
-8.328801562689345239e-01
1.457264675793944697e+00
3.367739579689774221e+00
6.224008342909829850e+00
1.013462558950915238e+01
1.408786362246133805e+01
1.839336084884854117e+01
2.125270898267370256e+01
2.237835788315843288e+01
2.284215245747239464e+01
2.209978642042261043e+01
2.095851126505965567e+01
1.947866028182244236e+01
1.675909625764193578e+01
1.294305982727227189e+01
9.727232545035503719e+00
7.117745406089187377e+00
4.369633187749319525e+00
1.892619949011528080e+00
-1.569746587251859005e+00
-6.121971892850108787e+00
-1.081309562694168136e+01
-1.593872028307140987e+01
-1.962045980243247101e+01
-2.157139995806080890e+01
-2.289253975979383071e+01
-2.301983823145452135e+01
-2.282344108472718958e+01
-2.236711390235231889e+01
-2.070203448463893281e+01
-1.798524156780374028e+01
-1.595068162377530285e+01
-1.460296191334997751e+01
-1.318937755256383859e+01
-1.212908320671060913e+01
-1.013238667686842298e+01
-7.094496753293199731e+00
-3.991290962683751609e+00
-5.206707933924776821e-01
2.078931176008501414e+00
3.583194981286813352e+00
4.797965740199195750e+00
5.344477860028264082e+00
5.719205642597459338e+00
5.973139962151750026e+00
5.513608815067560620e+00
4.430644046492917987e+00
4.004654220939174003e+00
4.254743373447616328e+00
4.611411040951782780e+00
5.390530892439334032e+00
5.676860437785567370e+00
5.397345401072980664e+00
5.263521605934013081e+00
5.064552444658363406e+00
4.994415679564580657e+00
5.149223479482018639e+00
5.284177826876351958e+00
5.473655165579599746e+00
5.768063521704100083e+00
6.150708496517490076e+00
6.666418140701842354e+00
7.327857949089888301e+00
7.715030477031279865e+00
7.803745191479714016e+00
7.807924356625145279e+00
7.618465096407011750e+00
7.490747275169004737e+00
7.447775348115709626e+00
7.271306982027768484e+00
7.018673804626337720e+00
6.730744129084015981e+00
6.384212558964216022e+00
5.999000052390226045e+00
5.577975711439028927e+00
5.045048423929721082e+00
4.398542830618203503e+00
3.675737272129348643e+00
2.858283857867194744e+00
2.005700489479438353e+00
1.124037310676877510e+00
1.694773480779599162e-01
-8.431741684052669328e-01
-1.941705009007202332e+00
-3.132554169517939524e+00
-4.390875069378361140e+00
-5.724902554683481526e+00
-6.841300039713267722e+00
-7.707891436812058572e+00
-8.468886244506450112e+00
-9.038805904879648523e+00
-9.582766015406772198e+00
-1.010801554355858300e+01
-1.045415676029441165e+01
-1.065123579234331608e+01
-1.092744733062646922e+01
-1.127872021662018831e+01
-1.161148697432548182e+01
-1.197923911039886846e+01
-1.220054168837314457e+01
-1.226077233051208282e+01
-1.229182385032340008e+01
-1.225045794445501990e+01
-1.196477867136555240e+01
-1.142878665252717596e+01
-1.068931438368439224e+01
-9.697514510686637834e+00
-8.578911633438648821e+00
-7.331438498005371507e+00
-5.846186344811007629e+00
-4.143758231202806286e+00
-2.293747984675772678e+00
-2.843999617777616118e-01
1.909001104967920970e+00
4.275218629387167013e+00
6.893018751159170066e+00
9.771579602696743194e+00
1.286694127356836326e+01
1.620140905935531350e+01
1.850365433471422705e+01
1.964361989100978434e+01
2.023650069739428403e+01
1.991556281469987510e+01
1.940572245975437227e+01
1.873916026367686882e+01
1.722099422101435451e+01
1.498469264660754341e+01
1.296708258052402485e+01
1.114711670906679153e+01
9.147543215446097165e+00
7.186667140272962051e+00
4.510202543101623718e+00
1.058140081196156768e+00
-2.624968012260861627e+00
-6.719008216910766329e+00
-9.643244517576823327e+00
-1.118744992304148056e+01
-1.223031520406998851e+01
-1.230689209490505398e+01
-1.220973974780211613e+01
-1.199227130484751669e+01
-1.083802527300601959e+01
-8.894537111732068624e+00
-7.515151640615260753e+00
-6.696562322831556280e+00
-5.869772288053105136e+00
-5.361046516248677563e+00
-4.145105110095291145e+00
-2.142604475019700416e+00
-1.242426436298386672e-01
2.148727742260866158e+00
3.780418758007661140e+00
4.602068380675969017e+00
5.211239303839325210e+00
5.332663906669475651e+00
5.309308233881431249e+00
5.179474045533163817e+00
4.521379571702321520e+00
3.397075331445613244e+00
2.751556232090452081e+00
2.600834254233920895e+00
2.521901491189781908e+00
2.748497163130230181e+00
2.610260091755174372e+00
2.053481431415729475e+00
1.601584637824864599e+00
1.100372425009362276e+00
7.508021542827488792e-01
6.300877709965738704e-01
5.319491135975196183e-01
5.285138811293824679e-01
6.239922304911328377e-01
8.055960214936634944e-01
1.139059026767437199e+00
1.628353644561044700e+00
1.922659839961760930e+00
2.005998319191236501e+00
2.053711535129026711e+00
1.976429342286613933e+00
1.997369683649462990e+00
2.137027764482720027e+00
2.210809481541771149e+00
2.269957533214929768e+00
2.127643328120111033e+00
1.742982396869547479e+00
1.239634759428457578e+00
5.569189263945228952e-01
-2.408466371471592038e-01
-1.148815129779696687e+00
-2.256511931183826203e+00
-3.555122612776968172e+00
-4.833914471920223832e+00
-6.091079312744341223e+00
-7.426728142593500337e+00
-8.790568659685320085e+00
-1.033494557279701631e+01
-1.207487812162735352e+01
-1.389553794534658238e+01
-1.583412666607475572e+01
-1.696387671020594823e+01
-1.717906632219115792e+01
-1.694196736917332302e+01
-1.598140035254634839e+01
-1.480516736799488164e+01
-1.343578751473186905e+01
-1.137188007604387430e+01
-8.704764336679806647e+00
-6.150353416299771503e+00
-3.694700259597258896e+00
-1.041115507018472552e+00
1.643711102253755829e+00
4.929776713866749205e+00
8.864616110020273609e+00
1.303602454921605158e+01
1.758103449461935597e+01
2.076038819892032450e+01
2.235968153517563906e+01
2.329908996646920016e+01
2.306907899251119076e+01
2.258185149707184181e+01
2.188916080420662880e+01
2.007283331419318984e+01
1.730052572387498699e+01
1.498999563340822050e+01
1.312741186946128913e+01
1.112202114296811750e+01
9.310854995363495590e+00
6.596010815797637150e+00
2.890218438820385760e+00
-9.946260750766435788e-01
-5.317442801252114215e+00
-8.427454161404668298e+00
-1.007850026123301923e+01
-1.123967689149111671e+01
-1.141881999386676405e+01
-1.138771266637752433e+01
-1.120583445314066040e+01
-1.004138346893087785e+01
-8.036691529115536525e+00
-6.700505338529719523e+00
-6.038518760795716034e+00
-5.402146731384570799e+00
-5.157982773010843403e+00
-4.186476000828927901e+00
-2.399650857747311683e+00
-6.487553313744890415e-01
1.326199993171796931e+00
2.654131484921420370e+00
3.158729153127271427e+00
3.440484578590611520e+00
3.228067341246879884e+00
2.830929412473492057e+00
2.286643449587542509e+00
1.192581960514841999e+00
-3.968762652865692186e-01
-1.521450021123870844e+00
-2.162585579424379567e+00
-2.756629450728816266e+00
-3.065827229374276097e+00
-3.765122347318105689e+00
-4.910033013924414824e+00
-5.971813973213007998e+00
-7.106248372219590159e+00
-7.810610876941832537e+00
-7.976119798044196685e+00
-7.951501104427658895e+00
-7.576641115138397886e+00
-7.019583817285952598e+00
-6.299203886390336571e+00
-5.183040494310144020e+00
-3.697741610428343595e+00
-2.415216599159735189e+00
-1.345139400624279835e+00
-2.214699903739971165e-01
8.158771227134153925e-01
2.170729998825917662e+00
3.879099263390014318e+00
5.628258214342424459e+00
7.513488242329034783e+00
8.861691894609272424e+00
9.571791392993306502e+00
1.002984884302359703e+01
1.003337484377462019e+01
9.900318566747607463e+00
9.651652337789997205e+00
8.943216907246343439e+00
7.831493729980636864e+00
6.930257476897229374e+00
6.239245153370514885e+00
5.491572364081510393e+00
4.834524762503964901e+00
3.807354762835113426e+00
2.371702790346198686e+00
8.733285573790636747e-01
-7.966291278881113547e-01
-2.033671222519927824e+00
-2.742360408178970310e+00
-3.287979652281680654e+00
-3.489000343598043230e+00
-3.617820465881178116e+00
-3.697104344304241064e+00
-3.426018155236007612e+00
-2.854644272606060351e+00
-2.557705406226962630e+00
-2.539510092936062335e+00
-2.550530208117775643e+00
-2.731187579257612796e+00
-2.660012402183809854e+00
-2.303856167489945594e+00
-1.985585490071225534e+00
-1.607665728650667036e+00
-1.375149853786637788e+00
-1.342632317060817870e+00
-1.342205171541836384e+00
-1.440801451967463898e+00
-1.593424901322937348e+00
-1.788991743454493522e+00
-2.111473106949774081e+00
-2.553637703842196682e+00
-2.841369419105060246e+00
-2.965392648780246887e+00
-3.055303620447337831e+00
-3.041864935165877526e+00
-3.108009390276962769e+00
-3.269033734049913154e+00
-3.376957089713089388e+00
-3.473442598174596885e+00
-3.508383847866491489e+00
-3.459545349743169851e+00
-3.379930148929236822e+00
-3.250162157950096109e+00
-3.064339601583630834e+00
-2.824661178297362962e+00
-2.515080773448792772e+00
-2.132652587480998285e+00
-1.772349339273050051e+00
-1.437863052536530795e+00
-1.079602659733237102e+00
-7.210960625228918230e-01
-3.009508097234089852e-01
1.874857134778973311e-01
6.949663388929374630e-01
1.236368939028765324e+00
1.775688396312311568e+00
2.304184587245046156e+00
2.849977881980819916e+00
3.401554442374957521e+00
3.969511047005614746e+00
4.555864054449548561e+00
5.144848126411124767e+00
5.738435762617573488e+00
6.385232184871990846e+00
7.087032246004312697e+00
7.821530003842218193e+00
8.601189081929209834e+00
9.393559893176513853e+00
1.019623126376938593e+01
1.103578400965776218e+01
1.190504254053535149e+01
1.231327849875789582e+01
1.221323927241876284e+01
1.182939231859181461e+01
1.101979776362175478e+01
1.007178150407567863e+01
8.994807776667002486e+00
7.515435081155734665e+00
5.685048758243861577e+00
3.845436367838151792e+00
1.984756001247941271e+00
-3.478130954435088018e-02
-2.135796606742750736e+00
-4.602356305825707317e+00
-7.458794989385957308e+00
-1.050567560583102988e+01
-1.381253668887853614e+01
-1.614256253145209286e+01
-1.735323631853445292e+01
-1.807847683254428617e+01
-1.795823301271777339e+01
-1.766246284733106720e+01
-1.722618479617994680e+01
-1.598812446116452790e+01
-1.407170663588527937e+01
-1.244847737165772905e+01
-1.110480026970727430e+01
-9.640993664479907466e+00
-8.286565402071483177e+00
-6.278996785532946490e+00
-3.557864440982183130e+00
-6.825769570116971829e-01
2.527254991286824737e+00
4.852220533104059541e+00
6.115419540422520228e+00
7.025223685616925451e+00
7.219620818827182873e+00
7.278457565917228145e+00
7.245678545639441026e+00
6.503920077805383393e+00
5.160829970899040831e+00
4.314987957222043313e+00
3.969573167597475027e+00
3.655373389352686964e+00
3.639267150706355647e+00
3.103314250187666268e+00
1.983954255642783826e+00
9.024874987782114388e-01
-3.307336295225304923e-01
-1.115860810077752507e+00
-1.327815812845308585e+00
-1.387838020488759705e+00
-1.108275115381562648e+00
-6.939582373386808944e-01
-1.714498682961158871e-01
7.331671724393903355e-01
1.984066792360217324e+00
2.907487934722641221e+00
3.489322954680193156e+00
4.037137198499532786e+00
4.383746158045485508e+00
4.999962990242270422e+00
5.924593894905674674e+00
6.787513443136647062e+00
7.697239965664601336e+00
8.183221668590014986e+00
8.156793302568175363e+00
7.916902236148681382e+00
7.316642138998076028e+00
6.541223168065299021e+00
5.605770266692539749e+00
4.281627267735686360e+00
2.599121855746708842e+00
1.043608589815670618e+00
-3.811535266133209143e-01
-1.896719787721063089e+00
-3.386100022874774407e+00
-5.202548253069814166e+00
-7.377727596079859396e+00
-9.643546148934474260e+00
-1.208425669808025127e+01
-1.369250684977360422e+01
-1.433885407568095438e+01
-1.455847205873313932e+01
-1.405369779671381636e+01
-1.334506180444634182e+01
-1.246066388636334921e+01
-1.086878228832271986e+01
-8.663151181847972282e+00
-6.679595839705088522e+00
-4.909628140695105891e+00
-3.000047776129816768e+00
-1.148615815580288801e+00
1.291783619507217207e+00
4.374515767495392282e+00
7.622819083274770868e+00
1.119062708098808301e+01
1.359022439769914925e+01
1.462488258335616820e+01
1.510850090440149351e+01
1.460208102732184443e+01
1.385766914548928952e+01
1.292174010668503215e+01
1.101978021176257272e+01
8.289505806912893959e+00
5.992581554939139465e+00
4.122121050374183859e+00
2.145376791158901675e+00
3.641136920488136086e-01
-2.185398392417743363e+00
-5.580129036425784506e+00
-9.101661546608120545e+00
-1.297661850361262026e+01
-1.548037915804399844e+01
-1.636653164516322789e+01
-1.661306250762132208e+01
-1.570636303526226385e+01
-1.447895861181352828e+01
-1.298683484149752765e+01
-1.034655014538079243e+01
-6.709194335591540437e+00
-3.598883445227209155e+00
-1.013230486298877686e+00
1.701451145143453081e+00
4.178984227716582289e+00
7.568295566956102505e+00
1.196242576037317917e+01
1.649909737934654075e+01
2.144831933353551534e+01
2.472555076821409159e+01
2.603242982324114152e+01
2.654744129993504842e+01
2.564893872217190918e+01
2.434394037474713457e+01
2.269867243710747573e+01
1.964340012298089277e+01
1.535989493941901074e+01
1.168968923286948680e+01
8.628738892210908062e+00
5.385735384261844949e+00
2.402266558442679667e+00
-1.712181246379320232e+00
-7.071217934629140167e+00
-1.263330160686277992e+01
-1.872607366466746370e+01
-2.305980887328314921e+01
-2.529851544993853096e+01
-2.676096512333840494e+01
-2.676353834628080008e+01
-2.639358729517247326e+01
-2.572791428255942137e+01
-2.360124353277766929e+01
-2.021124609755128176e+01
-1.762108689772790626e+01
-1.583226758836462622e+01
-1.395657800645306956e+01
-1.249174620512420297e+01
-9.893203637546852391e+00
-6.036553294465890396e+00
-2.086781200927387392e+00
2.317866210447374176e+00
5.558099696886408481e+00
7.352232808289215882e+00
8.729250911927804779e+00
9.196462748671216048e+00
9.427237545601377278e+00
9.485803182521738819e+00
8.587525576191991306e+00
6.854647213595108646e+00
5.914966321063826804e+00
5.788433403369872110e+00
5.755423684933558270e+00
6.215847368368908832e+00
5.995922245357188096e+00
5.001804691566856143e+00
4.140765976677711180e+00
3.141544409217827294e+00
2.431285850941256044e+00
2.149633956476641128e+00
1.897511655225962102e+00
1.820921650211061671e+00
1.879634639456206679e+00
2.047168461514009774e+00
2.478852209806715834e+00
3.170992836448501162e+00
3.458149432430903669e+00
3.312109108813904523e+00
3.056549426267898273e+00
2.521713528501844603e+00
2.137495696427032410e+00
1.940897621192051892e+00
1.577613052883601208e+00
1.145153736061480965e+00
8.063273519809334156e-01
5.357418607089199369e-01
3.256463001153614423e-01
2.109523703683848228e-01
1.489622219269717829e-02
-2.641494222783838941e-01
-5.095937737519413702e-01
-7.583819948662318122e-01
-9.845867046424271463e-01
-1.173953892078112737e+00
-1.364659086926177212e+00
-1.546922967006567395e+00
-1.703649210322647045e+00
-1.837562135417814657e+00
-1.948199222646779027e+00
-2.031817239612078829e+00
-2.056997667359480531e+00
-2.018367135438186466e+00
-1.926787036938587550e+00
-1.771318260000322775e+00
-1.569652949356270311e+00
-1.320175249945709783e+00
-1.002664621645165122e+00
-6.185817706362046753e-01
-1.970580375703539500e-01
2.638259082103396880e-01
7.791616441635710322e-01
1.343351833954999686e+00
1.982246632145517662e+00
2.699639518113658987e+00
3.479543897858961898e+00
4.329477370417365023e+00
4.968397546980570567e+00
5.367350348420569794e+00
5.664730804625220273e+00
5.779717906851511877e+00
5.872220406449544683e+00
5.950123561650764614e+00
5.860559282905213330e+00
5.633464132996695461e+00
5.480665944935938505e+00
5.398489513365182901e+00
5.302068415116821143e+00
5.241415797265251086e+00
5.048115305971222710e+00
4.709361670167746539e+00
4.348292625688086055e+00
3.925299824538024396e+00
3.335129805132241998e+00
2.578338808157404571e+00
1.673859497985050293e+00
5.925875194838683413e-01
-5.789660742351143696e-01
-1.843155088404114350e+00
-3.270835762746011177e+00
-4.847695972552559240e+00
-6.546685077488013427e+00
-8.376856171249182026e+00
-1.034492318539294331e+01
-1.244848804016937827e+01
-1.472857303820258856e+01
-1.719033424381920128e+01
-1.981449795568458683e+01
-2.261342707891265036e+01
-2.419908090316810956e+01
-2.443046367662448404e+01
-2.396870050779021710e+01
-2.241232393351372210e+01
-2.055637558469763704e+01
-1.843283557530415351e+01
-1.527884888099745453e+01
-1.123886183481254974e+01
-7.320922825326897865e+00
-3.498484924613419089e+00
6.360572339365708761e-01
4.850160210458479781e+00
9.963386586845134119e+00
1.604311839889026459e+01
2.250334865163961595e+01
2.954157221346061135e+01
3.417771770486586291e+01
3.605626643492762895e+01
3.672559392497196029e+01
3.531478586511376960e+01
3.341218449354227715e+01
3.110289907716471802e+01
2.680253658612543433e+01
2.080239552911227463e+01
1.548083976536334205e+01
1.080793472467440530e+01
5.797601204093611571e+00
1.012358720238469845e+00
-5.405086093603889807e+00
-1.360328814636981676e+01
-2.221683742902644099e+01
-3.168544814392150855e+01
-3.818314900886813490e+01
-4.119042518384322449e+01
-4.283292856047997788e+01
-4.197930036228987660e+01
-4.053131582637328734e+01
-3.861232437382332705e+01
-3.424489774344348092e+01
-2.777769964494189026e+01
-2.250352662530754344e+01
-1.841070542719320358e+01
-1.410311642887243977e+01
-1.037084057501879997e+01
-4.713967210001374752e+00
3.066691196630863203e+00
1.110007127071177102e+01
1.997265461633944739e+01
2.643408550763665232e+01
2.996817864312198765e+01
3.253734377983741410e+01
3.316366533325231103e+01
3.330258950188969891e+01
3.307336341450106687e+01
3.085982263374076240e+01
2.692723464112624754e+01
2.435331291950270582e+01
2.315791262620982849e+01
2.200031681410447604e+01
2.163007312858637121e+01
1.978509277868170457e+01
1.628455391904908822e+01
1.285581819234738532e+01
8.972987607940861920e+00
5.880842112164567759e+00
3.884185598458472555e+00
2.010346864660138344e+00
6.583096189321135938e-01
-5.014141522390377359e-01
-1.534227844198484680e+00
-1.910841086124130950e+00
-1.688220620285671547e+00
-2.445451711339042156e+00
-4.231979960334803614e+00
-6.312596269100746227e+00
-9.085750603433707440e+00
-1.148617285290871770e+01
-1.342733758906844166e+01
-1.576745591409936331e+01
-1.826478612965005155e+01
-1.989493024089810902e+01
-2.065152227205847169e+01
-2.084207510019843568e+01
-2.019590579228749050e+01
-1.950090675888985103e+01
-1.876983446140440748e+01
-1.736779694435633203e+01
-1.544545714817516568e+01
-1.339924480653719385e+01
-1.117824318948799700e+01
-8.682180343330195171e+00
-5.989918022769043837e+00
-2.678536181514148851e+00
1.281011575597157837e+00
5.624731310153795683e+00
1.045711684816040865e+01
1.388771376248197598e+01
1.570875472707087006e+01
1.689134060422930617e+01
1.689102086001978620e+01
1.674358376434546969e+01
1.650819156119677089e+01
1.517748777468346155e+01
1.294726358399197252e+01
1.127603756079631303e+01
1.014552415913428973e+01
8.966858495342302504e+00
8.087463249866090109e+00
6.365600399057114167e+00
3.715739383280215691e+00
9.815451165363815456e-01
-2.103468467217649795e+00
-4.410652675570196912e+00
-5.742907585085978539e+00
-6.829125952956866641e+00
-7.327327904272458170e+00
-7.699251570966345604e+00
-7.992941359255757661e+00
-7.668183874180876103e+00
-6.810670608162950224e+00
-6.557125515427977724e+00
-6.923978967125410833e+00
-7.410755030375005603e+00
-8.298370273846712664e+00
-8.772744425381620914e+00
-8.770553442534621880e+00
-8.925385466843902549e+00
-9.050721882744388935e+00
-8.969534296480139446e+00
-8.732180929589706153e+00
-8.285872625600912755e+00
-7.595618653935076736e+00
-6.908113475417350990e+00
-6.216290045899805605e+00
-5.366947040941052904e+00
-4.407930953518498285e+00
-3.219404003011770765e+00
-1.772985415235282192e+00
-1.564087618227862908e-01
1.668923670614158361e+00
3.682678261418729004e+00
5.881451184992383396e+00
8.311738390828253387e+00
1.097245159271072801e+01
1.283172301409066307e+01
1.379561677061012581e+01
1.435108069812708464e+01
1.420493041182389149e+01
1.396515045018959000e+01
1.365949129806821460e+01
1.272032510150125972e+01
1.126224839606586237e+01
1.000707405904405434e+01
8.936380814641820436e+00
7.768937312810794360e+00
6.673199639990716747e+00
5.061545943623341870e+00
2.889768506865940889e+00
5.816580460266187469e-01
-2.001594433093655478e+00
-3.909502350097570300e+00
-5.006458541386237471e+00
-5.843742743482359892e+00
-6.140307719463576674e+00
-6.350746948725895180e+00
-6.510087723780713098e+00
-6.137481015610290136e+00
-5.318101839912240614e+00
-4.899595099498019302e+00
-4.884408158485139317e+00
-4.912494707487273793e+00
-5.190072481990888775e+00
-5.085818981267943961e+00
-4.551398836601729947e+00
-4.066915734684268813e+00
-3.486471641838584823e+00
-3.064394798702958056e+00
-2.876211817798274950e+00
-2.695081099325967067e+00
-2.605416445142404225e+00
-2.569441718052303258e+00
-2.571204293903817995e+00
-2.706868080566770640e+00
-2.970511006900783180e+00
-2.992980267246565074e+00
-2.759163657187927665e+00
-2.445372477443302994e+00
-1.957229032094613297e+00
-1.534885498931576997e+00
-1.198036054150236618e+00
-7.487602645669543255e-01
-2.409959684060521967e-01
6.832456640631111300e-02
1.766497380601493028e-01
1.666819118761712071e-01
-2.913263680213567727e-02
-2.162000056886081156e-01
-3.899183610413760603e-01
-7.071269274856987197e-01
-1.129822894830678548e+00
-1.551535780143913135e+00
-1.983450806682924394e+00
-2.453164683744052610e+00
-2.938259112345452895e+00
-3.546776328138221412e+00
-4.285313279505816197e+00
-5.083775643644574238e+00
-5.968011005709051631e+00
-6.261466126419007239e+00
-5.889869605416887310e+00
-5.190304552378932179e+00
-3.966364523252388086e+00
-2.591314151742615035e+00
-1.082771733285408988e+00
9.242087897933909391e-01
3.361389666526820807e+00
5.718386335582199997e+00
8.005388765281351127e+00
1.043109811736835191e+01
1.287638600938428546e+01
1.574835602558753322e+01
1.908002765011278967e+01
2.257650353217182015e+01
2.633507003704235316e+01
2.862804997123816264e+01
2.925182733808006930e+01
2.908960668623063839e+01
2.763562361820774882e+01
2.581802742630533842e+01
2.368248024513073702e+01
2.030447861937235743e+01
1.585220384535223381e+01
1.168444580874106364e+01
7.779545688014443350e+00
3.572882972802672086e+00
-6.168154713139537559e-01
-5.860155067434573262e+00
-1.224505967659496797e+01
-1.899105541932968322e+01
-2.635384825575217604e+01
-3.149529105297047238e+01
-3.405402447819532341e+01
-3.555499198486075585e+01
-3.516405713669648492e+01
-3.434491809525134443e+01
-3.318398307952808324e+01
-3.019266842235913728e+01
-2.563957504363552431e+01
-2.187924822945941727e+01
-1.889331338074745403e+01
