-1.932917120778038225e+02
-1.487879289692518512e+02
-2.899581611018207639e+01
1.568581736875706270e+02
4.397443145026657021e+02
8.310070103215052768e+02
8.748822383970507417e+02
5.391976541936197691e+02
5.253645505784237457e+01
-7.073491701214352361e+02
-1.067278990222436505e+03
-9.649920480028147267e+02
-8.284312910591572745e+02
-4.827739079122284807e+02
-2.045746054663098050e+02
-3.986709831607218746e+01
2.914827722414341338e+02
7.224582446457876586e+02
8.897155753775105040e+02
7.941594152327280653e+02
5.599383922230870212e+02
9.526101765309789471e+01
-1.693463676990611191e+02
-2.070262269476134236e+02
-3.060623565709349805e+02
-3.641689123826190553e+02
-3.687203540759184079e+02
-3.397761555474714896e+02
-2.020746362898157997e+02
4.894001624488110025e+01
1.755019504209113848e+02
1.759417873007277819e+02
1.734044674923070772e+02
1.130736474468831148e+02
7.886132794491626896e+01
8.263548517310896102e+01
3.965523433997685032e+01
-3.099771613875206100e+01
-5.123405062611806216e+01
-2.537683389549355084e+01
2.215049771553411873e+01
1.091686161229443570e+02
8.925227785596902663e+01
-4.956195368125886347e+01
-2.227536014654110943e+02
-4.687329922751167715e+02
-5.010137876168307116e+02
-2.888366248334973534e+02
-2.673430606318492053e-01
4.435978598303656213e+02
6.206983072281348086e+02
4.868250030646338473e+02
3.113618450546363761e+02
-1.803473787410240092e+01
-1.874952993764350992e+02
-1.551940449925920973e+02
-1.663600004397793555e+02
-1.394338616096249552e+02
-1.031160121530531484e+02
-8.076515264848784170e+01
7.407064021971696555e+00
1.519856548096876736e+02
2.079420498473438954e+02
1.763034819711526779e+02
1.209597727575630586e+02
7.925311573657445763e+00
-9.561766359385727299e+01
-1.841537095744160411e+02
-3.186699533663277180e+02
-4.850011576296750491e+02
-4.731918415676196901e+02
-2.704196106886548705e+02
3.380024172805491389e+01
4.971603547417036566e+02
6.820965116600189049e+02
5.519333080967369369e+02
3.667943233720017133e+02
1.235135512282060333e+01
-1.784198336752457976e+02
-1.651118612928760001e+02
-2.040392601153999124e+02
-2.103202142672417665e+02
-1.941314640621834826e+02
-1.782074476497158457e+02
-8.945115271737041951e+01
6.774280514705141343e+01
1.379473615691982502e+02
1.221329193146661822e+02
9.395065395506537698e+01
1.769900491391018704e+01
-4.989435673431094287e+00
3.670588249556150373e+01
6.509916363010657392e+01
1.052550053200558011e+02
1.127427915281111837e+02
7.597296968747313883e+01
3.540424742452825768e+01
-2.272907904130973478e+01
-1.097281286494140744e+02
-2.237821045827795672e+02
-3.717887893481952233e+02
-5.572312731306823252e+02
-5.536545095903984475e+02
-3.415888207095248390e+02
-3.148093193067109041e+01
4.398186454177113092e+02
7.026161763142148402e+02
7.247640680221576304e+02
7.391879949694371135e+02
6.506472595407178687e+02
4.714144190089242556e+02
2.123454949682163146e+02
-2.141870793956302919e+02
-8.119471321918147169e+02
-1.052340653036763115e+03
-9.072060958955720480e+02
-6.381749139216128697e+02
-1.078938267975639178e+02
1.906751428350016226e+02
2.129739991233351475e+02
3.145442311600271523e+02
3.744957117088042651e+02
3.908952131896145374e+02
3.923595441833678592e+02
2.835535791470446725e+02
6.488175846882630537e+01
-6.527707216403716473e+01
-1.117203902583032828e+02
-1.747475421746142956e+02
-2.117080712539866170e+02
-2.139910178775989493e+02
-1.847633469686280705e+02
-9.440116182005031931e+01
6.271787143717264001e+01
1.338325497600114886e+02
1.145963349627366057e+02
8.638775655292835154e+01
1.247739762449123013e+01
-2.131584200547168351e+01
-4.460596925543113933e+00
-8.331809992456271630e+00
-1.186697520477981449e+01
-1.240397355880221752e+01
-1.720917968908086237e+01
-1.156601537065194663e+01
3.612294063348238105e+00
3.543597133984950354e+00
-1.104660121503567005e+01
-2.890785233677330623e+01
-5.546758812111886527e+01
-6.001453321651857920e+01
-3.929120084073215935e+01
-1.212494896778722087e+01
2.977622763898475000e+01
7.033237360544214312e+01
1.074818973208355715e+02
1.561599160136847217e+02
2.125951494951580116e+02
2.097139738433160403e+02
1.425594991419476401e+02
3.989395142008716277e+01
-1.171526310869994347e+02
-2.287189232132619736e+02
-2.874416530415582542e+02
-3.583984769573118569e+02
-4.169218249525023907e+02
-3.547630300847881699e+02
-1.646420609556617478e+02
1.232087796948522680e+02
5.413536258693112586e+02
6.786550543916797551e+02
5.032140821798238335e+02
2.414402239599591553e+02
-2.154777869560084866e+02
-4.083267810774401596e+02
-2.898040994617655883e+02
-1.727787638488189259e+02
6.143550155983992056e+01
1.446174299958371137e+02
3.119180893263329324e+01
-5.324413204125750809e+01
-1.813020168847181139e+02
-2.123376902040664618e+02
-1.120505701572629107e+02
-5.807072770699893027e+00
1.491950606409062345e+02
2.411991325229550682e+02
2.494964335240591993e+02
2.639304012435903246e+02
2.525327366521685803e+02
2.077614110620920087e+02
1.348771715669205662e+02
9.701477268322554082e+00
-1.708418870373643585e+02
-3.139273597840404477e+02
-4.183005134339690585e+02
-5.332671556340668531e+02
-6.372690462679653365e+02
-5.622024207796366682e+02
-2.922529175325304891e+02
1.118986314304746941e+02
7.012100754618353449e+02
9.495140525653656596e+02
8.154065182742328943e+02
5.973532144140624496e+02
1.570918109549599535e+02
-1.028029880420111084e+02
-1.378638146923222223e+02
-2.597243247589303223e+02
-3.684433207201796563e+02
-4.193297551694438994e+02
-4.362248601317858174e+02
-3.615154178936531935e+02
-1.857249894700570962e+02
-5.602861970896015009e+01
3.290684409008726163e+01
1.643097067274148628e+02
3.089071201205757120e+02
3.712181518030032521e+02
3.483299973599301325e+02
2.641775147938573127e+02
9.141165065140231150e+01
-1.783935341800649610e+01
-5.692940488098524554e+01
-1.253289404535386637e+02
-1.880363843522299589e+02
-2.232569776493269842e+02
-2.364039565614594380e+02
-2.104815874435624039e+02
-1.390991841553252186e+02
-7.620762123517715736e+01
-1.919302792717513739e+01
6.582229312267931221e+01
1.689642499524790651e+02
2.346750800963795314e+02
2.612355288764126726e+02
2.686004909843277346e+02
2.417921636058206900e+02
1.870683225454762919e+02
1.020537153911806882e+02
-3.077285907347523519e+01
-2.135017698339107142e+02
-3.195181612277170871e+02
-3.420096683902604013e+02
-3.454434324862523340e+02
-2.971207156473542454e+02
-2.021913517783933969e+02
-6.032109431540540356e+01
1.603997945801599769e+02
4.635048676989886758e+02
5.379179847936211445e+02
3.626084879206520100e+02
9.154522464088461220e+01
-3.585855941811710750e+02
-5.244696318852043078e+02
-3.636767566775446880e+02
-1.700622121617797973e+02
1.765626604034073921e+02
3.403614212534386638e+02
2.747696908441753862e+02
2.404601462637099303e+02
1.489545112615904259e+02
7.131770648507986721e+01
3.544056418390429286e+01
-6.487222608317202344e+01
-2.087640115076946472e+02
-2.531181635526570801e+02
-1.998380444491099297e+02
-1.017354701983303613e+02
7.580532814885694393e+01
1.524660406905496188e+02
1.145150470844234007e+02
7.792957316798819534e+01
-2.213680298570184224e+00
-7.004881810208293302e+01
-1.135194578142039177e+02
-1.962385903336971182e+02
-3.042607822580510515e+02
-3.224395839957638827e+02
-2.482730861602891252e+02
-1.263597346523567211e+02
7.310398825149609081e+01
2.743754479668103272e+02
4.742509952301527960e+02
7.363187514722313836e+02
1.045404112479503056e+03
9.942252820127088171e+02
5.499096335888132216e+02
-1.061505722127792524e+02
-1.089069171341420770e+03
-1.493835051744266138e+03
-1.243536199341839392e+03
-8.730965191652418298e+02
-1.449376196395393777e+02
2.660116127607225280e+02
2.791443977501388645e+02
4.200629285105035251e+02
5.183476853317456516e+02
5.409021199499527484e+02
5.309709274132468408e+02
3.684552249895269256e+02
4.852624332679144459e+01
-1.290470534234917466e+02
-1.678897594092473469e+02
-2.224011951818942805e+02
-2.266077744526385231e+02
-2.220061964664478182e+02
-2.187529823583808479e+02
-1.445889487896018011e+02
-6.483752366686575286e+00
6.926052720363898629e+01
8.548691694369583161e+01
1.015303237169913189e+02
8.934157478132331676e+01
7.839901045905804722e+01
7.252770271992017115e+01
3.483152081572066550e+01
-2.932039393178457232e+01
-5.762476554033670340e+01
-5.078852474793333727e+01
-3.627629889097012494e+01
4.194699019132333007e-01
2.198110900905182419e+01
2.509878044492956661e+01
3.976723916368229084e+01
5.737713590082734072e+01
5.424418644754386065e+01
3.128867434348432042e+01
-6.642322672953053342e+00
-6.557006851328243613e+01
-1.041812023544032684e+02
-1.202543243094819445e+02
-1.391119247566579702e+02
-1.507724018007687903e+02
-1.395354872085586919e+02
-1.050990282221238630e+02
-4.656119483670646275e+01
4.120994371491293862e+01
1.474244151191014680e+02
2.741655755411155155e+02
4.325108619276857667e+02
6.219956397223270415e+02
5.957827167417664214e+02
3.314054413596402355e+02
-5.434926565533251619e+01
-6.315911465504894977e+02
-8.799615687353606290e+02
-7.541323833857710497e+02
-5.650557510984156124e+02
-1.760282465084315504e+02
6.132042880747191305e+01
1.035527859301367783e+02
2.356934859088419216e+02
3.698801597694512679e+02
4.274159047338409323e+02
4.281079205053993633e+02
3.404653854735790333e+02
1.464089145192956778e+02
1.209155124589794283e+01
-6.362505079626129145e+01
-1.797342449906309696e+02
-3.012614063039579833e+02
-3.458003989535783944e+02
-3.127651617292045216e+02
-2.149081639779573152e+02
-2.846462726322465997e+01
7.069877464471699113e+01
7.448054928331937674e+01
9.049519943005466871e+01
7.692027133939251371e+01
1.060222951379566609e+02
1.912255830960437493e+02
2.646647620260866915e+02
3.453746154704728610e+02
3.264415638939834139e+02
1.892823026412672789e+02
-1.449296407434010447e+00
-2.788358146144406646e+02
-4.391580798192982229e+02
-4.630192626049427531e+02
-4.777516567455774634e+02
-4.297297232999397352e+02
-3.135740821338026194e+02
-1.330010440543631773e+02
1.563623320296903501e+02
5.609408469265413260e+02
7.091195549276251313e+02
5.785979598086232727e+02
3.559302279293272022e+02
-5.642999577212856366e+01
-2.610957747773034043e+02
-2.214508430675822126e+02
-2.124251944904587219e+02
-1.343608627666095003e+02
-9.318398530127730339e+01
-1.184577135942764272e+02
-7.880684448680965204e+01
-2.722518065894753203e+00
3.818642445075399650e+01
5.582150968052868478e+01
6.409016345336956988e+01
4.979799603744531566e+01
4.380849443718714298e+01
4.622506636934451052e+01
3.175522074277698437e+01
5.912072126757831114e+00
-1.079230950825296986e+01
-2.019801715938623232e+01
-2.913851430657494390e+01
-3.335457639928132068e+01
-3.656301919285154867e+01
-3.872028368240390250e+01
-3.453629835863313247e+01
-2.428922233138953146e+01
-1.814732820365547283e+01
-1.582878041903069466e+01
-1.214717510001828771e+01
-9.275317717505263460e+00
1.552834287198884411e+01
6.483437755006319492e+01
1.263169011720344628e+02
2.064576835340135972e+02
2.110276969154030269e+02
1.306825082503768840e+02
1.560477365461985499e+01
-1.605248354492945566e+02
-2.450189421209648515e+02
-2.235137835109901232e+02
-1.920836801277864652e+02
-1.107715104844735947e+02
-3.603373941133475711e+01
2.279661703978405285e+01
1.268589932090109897e+02
2.631123360114583534e+02
2.692475894820762505e+02
1.378549851290721620e+02
-6.323044151790685419e+01
-3.774181588934342813e+02
-4.645794700702920181e+02
-2.957594256740751462e+02
-7.128786324610372560e+01
2.982182718009475479e+02
4.520414887348700859e+02
3.491229489890916966e+02
2.372553298355129812e+02
2.137253547614879778e+01
-9.640569107579490549e+01
-8.181871771651614722e+01
-1.106077048183397835e+02
-1.289528573154132118e+02
-1.278173904077458332e+02
-1.233367102793231993e+02
-7.664511975382440312e+01
1.206799246455575414e+01
5.483312785332110906e+01
5.265618898469266185e+01
4.888007086369977117e+01
2.383495361759203846e+01
9.675680055561359794e+00
1.070780737924886417e+01
-4.250782961509100844e+00
-2.783192115531031874e+01
-3.443865563093098814e+01
-2.578981366792404728e+01
-9.022219270986271411e+00
2.167412779850989679e+01
5.230370239258792964e+01
8.265693338334503437e+01
1.245763416603090690e+02
1.754995908199365715e+02
1.797371434128389183e+02
1.334103826900830825e+02
6.125082160386978813e+01
-5.215988608393465142e+01
-1.701783628056475379e+02
-2.910618471090442085e+02
-4.467689490788530406e+02
-6.300174122727198665e+02
-6.008731636887815739e+02
-3.393778690033557837e+02
4.646429592478826720e+01
6.246121793151554584e+02
8.789659468297962803e+02
7.657593332107088600e+02
5.922660249780640243e+02
2.233914139387244973e+02
-1.582652532134685330e+01
-8.473069961396184624e+01
-2.543070944952156367e+02
-4.442253050934283465e+02
-5.096258186641223347e+02
-4.639880913799609630e+02
-3.138817668805339736e+02
-2.330844107869418025e+01
1.351256612382462379e+02
1.514274651441160415e+02
1.906154831891327319e+02
1.891016372388746447e+02
1.789350771303415115e+02
1.730151541148109686e+02
1.051645405399061843e+02
-1.799929442536182478e+01
-7.902474353681145658e+01
-8.003312731690729720e+01
-7.525773507815469543e+01
-3.821350593420554276e+01
-3.334684257602203417e+01
-6.750879273691505489e+01
-8.839126617567744404e+01
-1.113915657947005826e+02
-1.016315409894383350e+02
-4.993313556021310262e+01
1.591048527620696618e+01
1.073563333980260666e+02
1.680060653873299543e+02
1.912084926204763349e+02
2.141996563303515870e+02
2.217129352120588237e+02
1.930823300665750537e+02
1.276211224624489375e+02
2.156775588168341429e+01
-1.323605549058816564e+02
-2.519272415112693011e+02
-3.339087756772760827e+02
-4.257024829554846406e+02
-5.075968455576845031e+02
-4.405931337490666806e+02
-2.122996996266413134e+02
1.287367477733090766e+02
6.245151904107245855e+02
7.971468847726380318e+02
6.083366720343017278e+02
3.248345386761217810e+02
-1.799718846713548430e+02
-4.085592996112562787e+02
-3.088035091553689995e+02
-2.273067583498776401e+02
-3.616894156828730900e+01
4.738354983325716319e+01
-2.096888749324229195e+01
-3.279433284891833722e+01
-4.701523971602922103e+01
-4.776376640469857904e+01
-1.053650951889773069e+01
1.105286583864508998e+01
2.720515139237891589e+01
5.985092691316364011e+01
1.031412904821420256e+02
1.555074215730529659e+02
2.200779459141544407e+02
2.193949240452246841e+02
1.465603800121374150e+02
4.003213445889100086e+01
-1.217667068563945918e+02
-2.279952321489017777e+02
-2.690712703086159081e+02
-3.172920588862148747e+02
-3.445097987750274342e+02
-2.760640043237941086e+02
-1.080717588456402183e+02
1.483027222017301767e+02
5.163794908218604860e+02
6.029258966341761834e+02
3.778105369127816857e+02
5.057709598111097904e+01
-4.837123328495683836e+02
-6.660953211836209675e+02
-4.414462931816110540e+02
-1.668787680155386965e+02
3.043823728544745677e+02
5.112909744067175097e+02
3.923829215729375619e+02
2.906570056040980035e+02
8.368326409873409943e+01
-4.369139795339575016e+01
-4.880169711071048511e+01
-1.209598204470184157e+02
-2.090572473505999369e+02
-2.350404995652652076e+02
-2.129105750871978557e+02
-1.394864072544105511e+02
1.837579550019158070e+00
7.690127367359882271e+01
8.161507372982322295e+01
9.544864282113397280e+01
8.734983689758730918e+01
9.551569259339046880e+01
1.282896547739225070e+02
1.428081859027350902e+02
1.487126803972002449e+02
1.386462436995133203e+02
1.057009100526731800e+02
5.984874846941073656e+01
-3.445477797250268370e+00
-1.174685860908458750e+02
-2.857516869534485409e+02
-4.977979975740719283e+02
-7.640943879638055023e+02
-7.487456209489365619e+02
-4.203741209425473926e+02
5.287964548824077582e+01
7.654196968644075696e+02
1.060968206840757603e+03
8.800556319542466781e+02
6.193167391378375441e+02
1.057624415822270549e+02
-1.904956116074320391e+02
-2.111156791361591161e+02
-3.284841579338541351e+02
-4.236376278494549297e+02
-4.257955224080351968e+02
-3.616818648902672635e+02
-1.701270042601837815e+02
1.652666932473466943e+02
3.046180260518264618e+02
2.382378096287427240e+02
1.472772582643169130e+02
-4.980593211699263634e+01
-1.225957604286991653e+02
-4.347156766942642747e+01
1.052391968363681585e+01
9.785538716519758395e+01
1.227988496545777224e+02
6.041401832553954421e+01
2.404247812845115018e+00
-8.019930245200002616e+01
-1.165840355705891938e+02
-9.138586478321752793e+01
-6.251618606928655453e+01
-8.626223996722677256e+00
2.221709578505200611e+01
2.169105201864393351e+01
3.134280289908537753e+01
3.819009294016635891e+01
3.563047591221295107e+01
2.686105760087834327e+01
4.444393521781446310e+00
-3.301237434649024749e+01
-4.603944186883179412e+01
-3.330940340153586732e+01
-1.530537306001314768e+01
1.763785626344272828e+01
4.087336848141593748e+01
5.168733094729313393e+01
6.999158074124837015e+01
8.981322219759265124e+01
8.532662506055910967e+01
5.593210127395837361e+01
9.179222549123686292e+00
-6.202186783441355544e+01
-1.172911787493724205e+02
-1.544240701590875346e+02
-1.994297046688431578e+02
-2.427179045975036615e+02
-2.224643371049261020e+02
-1.340360172528254452e+02
1.364608758433663027e+00
2.019949161767034411e+02
3.174573984629572010e+02
3.369450396357208888e+02
3.494586348382388792e+02
3.166135012748389386e+02
2.347198022619411688e+02
1.059942407460779776e+02
-1.011258705971380181e+02
-3.914266343473005918e+02
-5.084665260849437800e+02
-4.373381071959719861e+02
-3.073766030137527423e+02
-5.162041335024461830e+01
9.229527272172089170e+01
1.024774829199005381e+02
1.509693671464735587e+02
1.793609189156143771e+02
1.872101195898310664e+02
1.884498494174272878e+02
1.367555602772000896e+02
3.249442238938307526e+01
-2.989771649861915748e+01
-5.285505358078720661e+01
-8.399897677257051498e+01
-1.030911499873854495e+02
-1.055364611785628028e+02
-9.280032283152171146e+01
-5.109701672227836156e+01
2.237764477767500182e+01
5.859018410185555581e+01
5.583693407666322628e+01
5.124312302879858549e+01
2.840729743542437546e+01
1.850380217134381411e+01
2.573116756751334222e+01
2.171266035579634845e+01
1.391925651879077286e+01
1.098408983266956440e+01
1.028350362440751908e+01
1.310068421998929900e+01
2.083864621497352232e+01
-7.787913409956080280e+00
-7.598881933044329173e+01
-1.631777272813843922e+02
-2.805920320629592197e+02
-2.901121269115711243e+02
-1.782985481103435461e+02
-2.023020572918261806e+01
2.222880332689043712e+02
3.577130557302742773e+02
3.676538940181039834e+02
3.771558621596213925e+02
3.365851243015235355e+02
2.508443073817366269e+02
1.263888978459798835e+02
-8.154191989744406044e+01
-3.747804864418361035e+02
-5.175394052188162277e+02
-4.988627677256536117e+02
-4.361253163869385503e+02
-2.690505010189444874e+02
-1.284234570152038373e+02
-2.577566566014299454e+01
1.543131617516171730e+02
3.832033274901823461e+02
4.829880832919051841e+02
4.508931755741166967e+02
3.514697702586882428e+02
1.385178081516292821e+02
8.155625112866715654e-01
-5.056097165653989833e+01
-1.479767403608499876e+02
-2.478677143821630295e+02
-2.951977807186722202e+02
-2.961060227006600485e+02
-2.431620762462365519e+02
-1.216479075753086221e+02
-2.723799787581697274e+01
4.041748446275094864e+01
1.427136033772243593e+02
2.599871778366906483e+02
2.948405807427322998e+02
2.432858317054436554e+02
1.371133709489320722e+02
-5.092651503889309339e+01
-1.280629998803596834e+02
-8.125405042343014372e+01
-2.795121374055123908e+01
8.005846298849199627e+01
6.797355155722638642e+01
-8.707395897492942538e+01
-2.624656294089544986e+02
-5.054776978713121025e+02
-5.303405275521525937e+02
-3.012312118330605131e+02
7.322435505340636475e+00
4.758379456905082634e+02
6.780394181321158840e+02
5.686231586263780855e+02
4.208220450239562638e+02
1.209552139838123992e+02
-6.103546898947281107e+01
-8.757825356506445758e+01
-1.845591972180861262e+02
-2.832477613816100188e+02
-3.156675320198976920e+02
-2.973082210330433668e+02
-2.062740397277129318e+02
-2.690051550357371823e+01
6.876236308140840947e+01
7.737359598773019798e+01
9.738905140693934470e+01
8.945749348961679459e+01
8.349077144442875920e+01
8.761081415410785667e+01
5.617007698922797232e+01
-4.310650263733817766e+00
-4.482406094910890459e+01
-6.904801278728754710e+01
-9.734534145308863629e+01
-1.198515826063638769e+02
-6.826246736942354687e+01
6.419294197987770190e+01
2.532897377025071251e+02
5.200252984773837852e+02
5.642503308785628633e+02
3.605561932683601754e+02
7.103701077315132295e+01
-3.854106764710013522e+02
-6.269241067424028415e+02
-6.161167905018488682e+02
-6.059305722934445839e+02
-4.976067403689119715e+02
-3.394171461178829077e+02
-1.492950910801976363e+02
1.793927668994724627e+02
6.383856937731846983e+02
8.192034298910326697e+02
7.041999508868954081e+02
4.865016908986870021e+02
6.086845074147906587e+01
-1.754809249666822097e+02
-1.882763505213258952e+02
-2.593487928566136134e+02
-2.914898240382033237e+02
-2.881301109939176968e+02
-2.717251188959399428e+02
-1.630063145879759929e+02
3.688692487983452395e+01
1.338378272599073853e+02
1.284363734929208363e+02
1.170474118032737749e+02
5.537853566360994506e+01
2.195306701853289155e+01
2.667227538423774647e+01
-4.025109426523292733e+00
-5.205701332869682574e+01
-6.987790901316542147e+01
-6.247685785293381144e+01
-3.993866257907254891e+01
8.032698600460488336e+00
5.432032701510198081e+01
9.894454189345347572e+01
1.639705126900458367e+02
2.445419723028072951e+02
2.471545344615711599e+02
1.656093742518209524e+02
4.117556551121192854e+01
-1.519077828084965347e+02
-2.830361117895460552e+02
-3.421578406864906015e+02
-4.150527471386602656e+02
-4.693371981943726610e+02
-4.029316161028497731e+02
-2.104783945136405237e+02
8.706669537203542575e+01
5.207492700023422003e+02
7.026430613629240725e+02
6.048880038581694407e+02
4.422565840130354218e+02
1.134895882921344281e+02
-8.167226759823188331e+01
-1.111150120305195799e+02
-2.054387711666139751e+02
-2.905739932533284673e+02
-3.202288888874557529e+02
-3.106546498247982981e+02
-2.254145652787833285e+02
-5.362378853962794523e+01
4.726817301188307852e+01
7.674431432866001046e+01
1.228860729693663671e+02
1.507639842605592548e+02
1.664419580827490677e+02
1.753265350885172040e+02
1.470292628649202697e+02
8.160133692096017910e+01
2.947860687666426571e+01
-1.240070603565992613e+01
-7.080835866206071216e+01
-1.360847556244783334e+02
-1.778749545300079262e+02
-1.952019133625452127e+02
-1.955712529860436462e+02
-1.702322483618692672e+02
-1.330687653044043941e+02
-8.258121345309483274e+01
-3.174456269606242387e+00
1.041168436638720323e+02
2.104969416105705591e+02
3.168588354256377784e+02
4.379518501494379166e+02
5.676718811700477545e+02
5.258200311583666462e+02
2.945485239761288199e+02
-4.663922114130967600e+01
-5.506079807230904635e+02
-7.832644882865204181e+02
-7.085789762220070998e+02
-5.818930083436328005e+02
-2.895067268640092948e+02
-7.280237565107630360e+01
3.819493682590901074e+01
2.568231577324962700e+02
5.253828232972701926e+02
6.043347833355700232e+02
4.946253750961908509e+02
2.667728256757826557e+02
-1.413259016002479882e+02
-3.256612775262730111e+02
-2.602269135088415055e+02
-1.945857265336401554e+02
-2.903024980935553145e+01
5.227134230698174377e+01
1.836394309047736328e+01
3.882865770032182695e+01
6.635002262172014298e+01
6.996167332254030669e+01
6.567411520333004660e+01
3.204019244418513068e+01
-3.488623529804210932e+01
-8.974419576484328331e+01
-1.353997225932854747e+02
-1.975732304714447878e+02
-2.679938436795713983e+02
-2.626344619557140163e+02
-1.754813676427746145e+02
-4.052577181886746160e+01
1.661332272795129086e+02
3.160177705060847302e+02
4.002690073183655386e+02
5.025392881053090264e+02
5.914177343441609764e+02
5.204540538215795777e+02
2.797359120263047316e+02
-8.800872820434386767e+01
-6.265938362457302446e+02
-8.653707752780189821e+02
-7.693442482136455283e+02
-6.043032180803759275e+02
-2.475344600448589745e+02
-1.271373109796896728e+01
6.485266105045194251e+01
2.409090978121704154e+02
4.392282950910990280e+02
5.232452945835894980e+02
5.056007465483731949e+02
3.925254291465910228e+02
1.500249790439136746e+02
-8.729205514596582560e+00
-7.885251078523367596e+01
-1.955029582173675919e+02
-3.115256850015149439e+02
-3.484441517834888487e+02
-3.090056325777126744e+02
-1.941908929589882860e+02
1.853252860469332575e+01
1.267752187495314047e+02
1.221542297568231987e+02
1.243057242180919388e+02
8.498157278643570578e+01
6.240128326073167386e+01
6.824047134351980048e+01
3.550848339482912763e+01
-2.190627888787426514e+01
-5.044757539500466947e+01
-5.495134052231455257e+01
-5.183907077125483909e+01
-2.988514551834052924e+01
-4.290559694484813669e+00
2.494981780944107896e+01
7.453044302643995422e+01
1.424215491847223518e+02
1.484734797359504910e+02
8.796563002786223251e+01
-1.609245600283974342e+00
-1.416784973843328430e+02
-2.111607395245099781e+02
-1.995052128501679078e+02
-1.833536978573024783e+02
-1.315714249609763158e+02
-8.687013508039483156e+01
-5.691975347757676928e+01
4.952023659317216442e+00
8.861633760869841581e+01
1.759120796294626530e+02
2.719428301635524576e+02
3.787685109456503483e+02
4.939474976456409081e+02
4.589660744625193161e+02
2.569287084664871372e+02
-3.961596149637042430e+01
-4.774492086826184050e+02
-6.874743096952900032e+02
-6.387907152120723140e+02
-5.502230059158430322e+02
-3.252049304650304862e+02
-1.431051441385455689e+02
-2.732179851987882202e+01
1.911317543054865951e+02
4.703917420601827075e+02
5.866769254606226696e+02
5.394411031004653978e+02
4.049033980749163106e+02
1.258485788051216332e+02
-4.546642439102780031e+01
-9.433588034638593456e+01
-1.932990228190612640e+02
-2.835428537066839567e+02
-3.014885211988838591e+02
-2.548101801962359900e+02
-1.276467357881693943e+02
9.781183511563591537e+01
2.006252140039998721e+02
1.723090886891845628e+02
1.372301044940959684e+02
4.214410702384980567e+01
-4.656007286233408138e+01
-1.178919853545722987e+02
-2.477115650659422101e+02
-4.213705103955720119e+02
-4.478699994476431243e+02
-3.199868406880793259e+02
-1.188903062774115682e+02
2.054783161179059050e+02
4.364375009117488275e+02
5.577792071991424336e+02
7.178079129701814054e+02
8.640173602756699438e+02
7.586618329395340652e+02
3.882125123688306303e+02
-1.782786314221660859e+02
-1.010578849378341943e+03
-1.318552017339240365e+03
-1.041895805610942034e+03
-6.222982510077723646e+02
1.477793606919711920e+02
5.217051510720231136e+02
4.197697912527189033e+02
3.768270124473269220e+02
2.024100164914249262e+02
1.082503725048954095e+02
1.539981909103265139e+02
8.373153918272706164e+01
-4.419251822781748018e+01
-1.045377427235643779e+02
-1.202328696692956385e+02
