1.106532910740669280e+02
1.023264677637293971e+02
9.716767851029584335e+01
9.604274587910009586e+01
8.538205216158374355e+01
6.852992482839707122e+01
5.171123828735964167e+01
3.370446365963663027e+01
1.366966242094173367e+01
-7.274917499160515888e+00
-3.643942740193423901e+01
-7.423052931196096438e+01
-1.163026768331377099e+02
-1.644412882170632315e+02
-1.831030573263274448e+02
-1.684464993623857936e+02
-1.385860959956108331e+02
-8.329933597077757668e+01
-2.215365984056200688e+01
4.375839360482233076e+01
1.334122563628752687e+02
2.431149494008856493e+02
2.965824435980514977e+02
2.891333021497501932e+02
2.546723304452445120e+02
1.724339147424840633e+02
9.186111751296832040e+01
1.550280630256098391e+01
-9.954090693905031628e+01
-2.433068685180060129e+02
-3.196097731506155242e+02
-3.247930801893025432e+02
-2.980015357488497898e+02
-2.137179908631961212e+02
-1.392427548310874954e+02
-7.777099331542777350e+01
2.643387690801466405e+01
1.595668061424595123e+02
2.322260895762464656e+02
2.428362581615552358e+02
2.246726359376477831e+02
1.545284988431129420e+02
9.914849743160591800e+01
6.143628879828933975e+01
-1.188600039197740621e+01
-1.069762120621575008e+02
-1.577184733682734645e+02
-1.642361588301408801e+02
-1.485877143819003834e+02
-9.391620385817128636e+01
-5.273659990427919553e+01
-2.703854290059698329e+01
2.382266226205401338e+01
8.892848361756237807e+01
1.235698982086327931e+02
1.282366237983105748e+02
1.167119162273205006e+02
7.764014787955939312e+01
4.777558745419454311e+01
2.831689301796078695e+01
-8.835204860395194260e+00
-5.609350565198266736e+01
-8.254070548401710994e+01
-8.850053208247570069e+01
-8.349454520172149330e+01
-5.965885083283258439e+01
-4.250268766730255976e+01
-3.285465225650119692e+01
-1.122310716184045276e+01
1.712606739621472940e+01
3.430850687071154681e+01
4.091391981897892549e+01
4.187949438912585265e+01
3.278674695944614825e+01
2.929325796322367381e+01
3.190384884855948755e+01
2.906584957394133539e+01
2.407043003820600902e+01
1.771941337749155565e+01
8.752373078089588532e+00
-9.807671333341572151e-01
-1.163196035683657747e+01
-2.678362922043517713e+01
-4.642982226063992357e+01
-6.904514874831208715e+01
-9.548190648712633788e+01
-1.057042764008164824e+02
-9.770753039788591821e+01
-8.161289658993403862e+01
-5.173324676339090900e+01
-1.927671155495898603e+01
1.509742650390077578e+01
6.206553642275854088e+01
1.194656311115707865e+02
1.507368755738567927e+02
1.538498643110260105e+02
1.448040154827355366e+02
1.137253623418484665e+02
8.472423625955714499e+01
5.904915149086149739e+01
1.604035870567384592e+01
-3.940219085923455822e+01
-6.908163390580104135e+01
-7.201419883214363438e+01
-6.313391463857110608e+01
-3.246827423751310704e+01
-7.716467674623497253e+00
9.810778279639722044e+00
4.251719490917803768e+01
8.464387282437138538e+01
9.722330969846132120e+01
7.918925451089887702e+01
4.508983745761241835e+01
-1.539006826463409183e+01
-7.380727415749322518e+01
-1.290820094387056542e+02
-2.044259783634428231e+02
-2.941020530230627514e+02
-3.310929474106895896e+02
-3.116950779375428056e+02
-2.637485174206061629e+02
-1.689285742858751860e+02
-7.223930222515178912e+01
2.449281061114916014e+01
1.599786449112294520e+02
3.253697674504350061e+02
4.136256433862087647e+02
4.194653756991697833e+02
3.879252343520468003e+02
2.901718992707707230e+02
1.988921333836907763e+02
1.175234552870336557e+02
-1.544559250562580033e+01
-1.853065305738232382e+02
-2.807980326758588490e+02
-2.991893943018916389e+02
-2.837086441172141349e+02
-2.053363075386655794e+02
-1.452544341836881472e+02
-1.072784767597793945e+02
-2.593667760242613696e+01
8.187821023333174253e+01
1.429868367651061760e+02
1.584269802115864820e+02
1.516221379579443465e+02
1.042540991608809691e+02
7.613934449301062557e+01
6.961093724898327650e+01
3.930791528396932222e+01
-2.158203097627369615e+00
-2.701293321740950404e+01
-3.783174990747158262e+01
-3.915044526847226081e+01
-2.452736007418569386e+01
-2.204396525249504180e+01
-3.230866734142584562e+01
-3.596985857785232099e+01
-3.896979070862171568e+01
-3.966470344430002370e+01
-3.586976883891224333e+01
-3.252494559398137142e+01
-2.870451396168913405e+01
-2.017406702753338621e+01
-7.256101684487361148e+00
8.840340352625771558e+00
2.903821130186890898e+01
3.903528700173787058e+01
3.753155260644447822e+01
3.203416720048728195e+01
1.860172717093452732e+01
5.131518470004488464e+00
-7.763767170218342173e+00
-2.745797612490977357e+01
-5.232492795305081756e+01
-6.220682289292884093e+01
-5.614324046853715799e+01
-4.262271330195242314e+01
-1.623740593571585578e+01
9.441001293040223175e+00
3.376096953816423252e+01
6.821925569542479195e+01
1.100663532365063872e+02
1.282496280576220897e+02
1.212022284179350464e+02
1.017958094296243274e+02
6.161758996464249805e+01
2.170314197492774611e+01
-1.703894391823312304e+01
-7.251802874877225236e+01
-1.405409086448595417e+02
-1.741627527913835820e+02
-1.711459346687300922e+02
-1.509964433991656279e+02
-1.010739016653253941e+02
-5.344247134894847306e+01
-9.566431682583932172e+00
5.763226584054446988e+01
1.416855902113124728e+02
1.851253611220898847e+02
1.858817729141652535e+02
1.669692958614264455e+02
1.131454801653958810e+02
6.503945446190157043e+01
2.450572977491654569e+01
-4.197978360023834909e+01
-1.261051990614566591e+02
-1.695080846852456773e+02
-1.707666580359223758e+02
-1.520432344127247859e+02
-9.804137379469349867e+01
-5.157116766715462575e+01
-1.447140342501591981e+01
4.786150422409564698e+01
1.266259604550812412e+02
1.683888464225867097e+02
1.722602404203415176e+02
1.576946564542879798e+02
1.107815804607891437e+02
7.175412128901525932e+01
4.224054281288846369e+01
-9.858905553917969300e+00
-7.626467169423671066e+01
-1.166957997108430902e+02
-1.312206467047784884e+02
-1.334293812436262101e+02
-1.130706937593598553e+02
-1.021476352166242378e+02
-1.019260537079242965e+02
-8.768063482218296656e+01
-6.610114951033931163e+01
-4.956726928537131727e+01
-3.628560619506575335e+01
-2.486219045758672053e+01
-1.791385305950351636e+01
-1.618584225865122406e+00
2.442770378373696616e+01
5.131186673739271242e+01
8.210687954999248461e+01
1.020018716110396184e+02
1.087413095290462195e+02
1.115755133211688275e+02
1.061536479511620001e+02
9.881007832973915583e+01
9.020852326912337560e+01
7.330503409693665162e+01
4.933124932828149412e+01
3.102964136899104375e+01
1.846730098936735232e+01
6.227651867602327584e+00
-2.574659064601832803e+00
-1.728489340949225550e+01
-3.860612573603360431e+01
-5.936720345615621852e+01
-8.171124786622742420e+01
-9.477525608212317820e+01
-9.668252063731716817e+01
-9.407840982865529611e+01
-8.362554701651009736e+01
-6.989978769333747266e+01
-5.324797718679951686e+01
-2.830862561621605522e+01
4.141230649926359142e+00
2.533890555719690241e+01
3.439916379478163577e+01
3.989373789519473945e+01
3.689695544209384082e+01
3.788797099182905725e+01
4.370767725924967806e+01
4.394542848629619414e+01
4.128598982973716147e+01
3.952723128013777654e+01
3.770732725869738289e+01
3.580760138591011099e+01
3.446726659420862404e+01
2.880945158016018937e+01
1.864724975670101159e+01
6.806558563909211657e+00
-7.868053925175821917e+00
-1.571533452192381830e+01
-1.561508516716735784e+01
-1.303850464352398575e+01
-5.250759484200370864e+00
2.772431552286930057e+00
1.059424586743408447e+01
2.309958151824706007e+01
3.927105599222616661e+01
4.031441618872428023e+01
2.506616504335929108e+01
1.755033979504884378e+00
-3.475857482162111722e+01
-7.236197236630688678e+01
-1.104830881313273068e+02
-1.597053402884902766e+02
-2.176277860234923196e+02
-2.419359746354201661e+02
-2.298499052493883426e+02
-1.997890481775896205e+02
-1.400742111131733623e+02
-7.800574906330840008e+01
-1.477581743795203550e+01
7.362503709871796787e+01
1.818612844868780769e+02
2.490166610852535598e+02
2.724634018347197184e+02
2.777388349561146015e+02
2.486260654809190385e+02
2.271126504320604056e+02
2.153197571237637931e+02
1.782273166945591356e+02
1.244818496846712321e+02
8.333668226023053194e+01
5.300049796682876035e+01
2.513793852744864665e+01
6.479572492556192387e+00
-2.945090971036808014e+01
-8.396251998605319500e+01
-1.385114479278268220e+02
-1.990587558705101401e+02
-2.339677004119325545e+02
-2.382359648504924223e+02
-2.310880522756449693e+02
-2.030424375179126173e+02
-1.678381950057951997e+02
-1.266487739162242292e+02
-6.400669039559745954e+01
1.758999584949092210e+01
6.902119003676145326e+01
8.809445412450870094e+01
9.687285967594910119e+01
8.247230925489324704e+01
7.779170740914315729e+01
8.496219539463892545e+01
7.660515451906955775e+01
5.976114175953398444e+01
5.103578061341309535e+01
4.856565850552400576e+01
4.917069360761119157e+01
5.644644307320241694e+01
5.371981769175646093e+01
4.034681759532599443e+01
2.742520928425078708e+01
1.121467691799796462e+01
3.702971407916577640e-01
-3.264363296602286191e+00
-6.561362010263096955e+00
-6.918871322915667754e+00
-6.673849345130527411e+00
-6.427360401298583881e+00
-2.741026163421432571e+00
3.859881313729385699e+00
1.451626892797393653e+00
-1.055507153574102830e+01
-2.681548433047131041e+01
-5.048713515529121310e+01
-7.388638061305459814e+01
-9.654982374162884184e+01
-1.250285245310741118e+02
-1.577206781288219304e+02
-1.694703022010050120e+02
-1.585922903901371797e+02
-1.358515011410573834e+02
-9.425904663071634104e+01
-4.999369952830347330e+01
-3.679333979330114524e+00
5.901779765807310696e+01
1.349968079661420006e+02
1.816707045685485298e+02
1.968826994081768191e+02
1.988984907702586611e+02
1.762697875586079022e+02
1.577196380199164309e+02
1.447038266601468024e+02
1.129060548644283699e+02
6.819064691114255083e+01
3.444671448635540401e+01
1.071833628203130040e+01
-1.061619134802751674e+01
-2.391029533790252515e+01
-4.967359593003892826e+01
-8.898040679625165694e+01
-1.270553593340011389e+02
-1.684883537876374930e+02
-1.858663486662297828e+02
-1.748868992562892402e+02
-1.517222723303482894e+02
-1.080986008030405259e+02
-5.616656555415502794e+01
3.199789447421630850e+00
8.364639595500487701e+01
1.830488258354157551e+02
2.349334681494832751e+02
2.350371544967159139e+02
2.137602043535924281e+02
1.530411198682803899e+02
9.528469089588018903e+01
4.289297857627738608e+01
-4.107502111180929916e+01
-1.479780291954187703e+02
-2.061129118634179918e+02
-2.134309066707749594e+02
-1.983316668974497645e+02
-1.420428237047386801e+02
-9.598981144559874679e+01
-6.263797141768519339e+01
-1.524348765763150482e-01
8.079344673444636271e+01
1.262488955688636167e+02
1.362044379965397525e+02
1.291206924416279662e+02
9.125556404879519334e+01
6.498585722638758000e+01
5.201802362821103998e+01
1.946734378261435694e+01
-2.381327651957143487e+01
-5.111073432833989472e+01
-6.377971544184541841e+01
-6.851065273884677254e+01
-5.885827513526307797e+01
-5.907598028655954181e+01
-6.992481311430282176e+01
-7.391269321103004586e+01
-7.618548895656246600e+01
-7.452017000437072625e+01
-6.674713619778994200e+01
-5.745871535057247570e+01
-4.550283511432149908e+01
-2.749924404641857478e+01
-3.632370348562382389e+00
2.559201365144002693e+01
6.101861439069088533e+01
8.574728987275379666e+01
9.836977537464062493e+01
1.076428300416502140e+02
1.089590080545201261e+02
1.120605702587441783e+02
1.177160760791061449e+02
1.170851742766547972e+02
1.122193040870214702e+02
1.035792921015467556e+02
8.993612923466545794e+01
7.231575605781753779e+01
5.034656650947687950e+01
2.139189681584451108e+01
-1.480010459243138854e+01
-5.750634916463757662e+01
-1.075533464592236896e+02
-1.386952696449242524e+02
-1.485105710388010891e+02
-1.501544620028763575e+02
-1.362698252418113043e+02
-1.221224652431647968e+02
-1.086694499781308281e+02
-8.178192080599269786e+01
-4.449864498343048780e+01
-1.581605631803320122e+01
4.499851002034167990e+00
2.366831061808698422e+01
3.709311439462825177e+01
5.972710400649798856e+01
9.252548763054727488e+01
1.243162981123685427e+02
1.584807415769457748e+02
1.670655310086566487e+02
1.460293789356391301e+02
1.109026555860939283e+02
5.328710298391705180e+01
-1.344776349499617041e+01
-8.854157751398878418e+01
-1.863931021959349152e+02
-3.046837855146521861e+02
-3.616112282927369392e+02
-3.514403075514171064e+02
-3.116416544838454001e+02
-2.197297608488611615e+02
-1.271870332844148379e+02
-3.674392352675080531e+01
9.710980870667582110e+01
2.640827328341201792e+02
3.602122075264876457e+02
3.815783977415771346e+02
3.709194756101545067e+02
3.007395287361028409e+02
2.436542037227737580e+02
2.032739182332748840e+02
1.195769553394505778e+02
7.565301720500450244e+00
-6.252161056317933685e+01
-9.158194830653401652e+01
-1.030939357982615121e+02
-7.957768490908763681e+01
-7.783847882442708510e+01
-1.003864985381531767e+02
-1.042056192851474208e+02
-1.014429461015129021e+02
-1.009755552584003340e+02
-9.868438978389197302e+01
-9.869915639293614618e+01
-1.021465758458423636e+02
-9.267033014999424267e+01
-7.019932321128685260e+01
-4.347326698453710492e+01
-8.811235679208975213e+00
1.405929879853417042e+01
2.275683535152251835e+01
2.948499553322405120e+01
2.877279005239327248e+01
2.992687303997302095e+01
3.410134642666370297e+01
3.197699084594029628e+01
2.561382920363437421e+01
2.528345745660909927e+01
3.065489887512726597e+01
3.818312119142208161e+01
5.029282429831376788e+01
5.877720805810650972e+01
6.316397948570755716e+01
6.949392358609274822e+01
7.592705984612584302e+01
7.420898529087952511e+01
6.411479731495035139e+01
4.816467180210437249e+01
2.408780208648301624e+01
-1.952554611836375908e+00
-2.991996384685750598e+01
-6.497236074436905540e+01
-1.059940920579851564e+02
-1.288852410395915342e+02
-1.319752128179625004e+02
-1.259737238655208103e+02
-1.042133249522764231e+02
-8.217141137587005062e+01
-6.056817772005371836e+01
-2.575915502761362674e+01
1.921100136156022842e+01
4.529822472403381539e+01
5.157385576591520504e+01
4.992294655706275108e+01
3.274544482526374622e+01
2.067993664964038913e+01
1.481005884712204335e+01
-1.680642786712389203e+00
-2.446069763628471350e+01
-2.990351046312705918e+01
-1.777790747623998158e+01
3.652899429286116995e+00
4.050228231475742291e+01
7.470590881604444178e+01
1.055819056248405730e+02
1.474266783152391440e+02
1.965327997172251173e+02
2.155827677713940886e+02
2.026031100575515040e+02
1.726889376366294186e+02
1.156215889118496563e+02
5.675847002481441450e+01
-2.971430474980728764e+00
-8.532026122308974436e+01
-1.853485072238046598e+02
-2.471370465501557021e+02
-2.681767380852220981e+02
-2.718529952053696661e+02
-2.432161698101899958e+02
-2.207694583814274267e+02
-2.063994684532336237e+02
-1.678795948864680838e+02
-1.130902264012567571e+02
-7.302260370701338843e+01
-4.640078073194706576e+01
-2.355197815021583096e+01
-1.181568656827399977e+01
1.558125474815811629e+01
5.998287910692901903e+01
1.021038465804636246e+02
1.479041927973812847e+02
1.816468002711217480e+02
1.997587762261792363e+02
2.139343760012170890e+02
2.191957637038724158e+02
2.198828941270899691e+02
2.167220998227997200e+02
2.029837255963603013e+02
1.793787276337594676e+02
1.555074559179388416e+02
1.309077291434132349e+02
1.010937817271873058e+02
6.806815245336758835e+01
2.420608106649898517e+01
-3.141572019548176087e+01
-9.366643267247685856e+01
-1.645929384878419341e+02
-2.142489155262628344e+02
-2.393214174175977575e+02
-2.555932753548042626e+02
-2.544867198707531486e+02
-2.524838760500751391e+02
-2.506674929503436715e+02
-2.331508461450103482e+02
-2.031487574023592231e+02
-1.679584289322541792e+02
-1.257543314405068173e+02
-7.476287247348979292e+01
-1.595679936370470564e+01
5.952648442975831244e+01
1.526263140405877721e+02
2.586813701225923410e+02
3.801908884286178818e+02
4.359128964724670823e+02
4.176450458440193074e+02
3.657304940460325611e+02
2.569512165557129038e+02
1.375736295220877707e+02
1.006644417035114714e+01
-1.695355073695801309e+02
-3.924290463718384103e+02
-5.085663579191459007e+02
-5.097110741909602325e+02
-4.616704357244677794e+02
-3.239919208235669430e+02
-1.958777127212532605e+02
-8.256298342385962030e+01
1.007405330561034020e+02
3.337856789530782748e+02
4.591768202332137321e+02
4.727276215028483648e+02
4.358467051839134569e+02
3.073494429416699631e+02
2.011381325290658708e+02
1.224949599123193735e+02
-2.093468022343532198e+01
-2.055624648938175483e+02
-3.077420781513703218e+02
-3.269774523174793330e+02
-3.061468861013287892e+02
-2.135840145565787225e+02
-1.455304009981338709e+02
-1.058465993139812440e+02
-1.937265749182212815e+01
9.386418695629075160e+01
1.570228731440977015e+02
1.716943189518845259e+02
1.607915840898243118e+02
1.050872327807290958e+02
6.917226950507605920e+01
5.523479195710949341e+01
1.467727057879169550e+01
-3.900604606896938265e+01
-7.035392917621109632e+01
-8.156248301800279421e+01
-8.023537130503827086e+01
-5.783180067408279257e+01
-4.790969743185058149e+01
-5.128777159314142864e+01
-4.402125646082384236e+01
-3.314044085767410053e+01
-1.906604324617917712e+01
8.335095493809864253e-01
2.194827968336267077e+01
4.486312781297466756e+01
7.633735768889987128e+01
1.162271594960043473e+02
1.618845397859367665e+02
2.148793969452544559e+02
2.369630518108428134e+02
2.243438749502418261e+02
1.962905995154924028e+02
1.419585492064740606e+02
8.274658344925312292e+01
1.990724310866607638e+01
-6.692888995847597755e+01
-1.736355427926336574e+02
-2.401309899721161116e+02
-2.635383812755656550e+02
-2.698613471068712215e+02
-2.430788385913773197e+02
-2.236598536174140293e+02
-2.138003990440763289e+02
-1.794323998476990596e+02
-1.289257457400445901e+02
-9.054859904503152279e+01
-6.252116828277121385e+01
-3.680081173556907004e+01
-1.986550532658465329e+01
1.386771093869696792e+01
6.567725100810511663e+01
1.176815961361896115e+02
1.756533526963092413e+02
2.082381971914183794e+02
2.105399214036394824e+02
2.015234288881179623e+02
1.718116069609841645e+02
1.351600714573000914e+02
9.273552628000460629e+01
2.916517991835781487e+01
-5.303756140614451198e+01
-1.064728871788408071e+02
-1.290904049368499784e+02
-1.421195910784630314e+02
-1.331537970776720670e+02
-1.340630772374185540e+02
-1.469174909912449323e+02
-1.452731674590955890e+02
-1.359651695907056705e+02
-1.120181926006237205e+02
-6.928401097763436667e+01
-1.548983933921653922e+01
5.257862013954797931e+01
1.378341400674678709e+02
2.404312722742007793e+02
3.623635492082381688e+02
5.048898906465575465e+02
5.647585881807731312e+02
5.326265581231779151e+02
4.584979211898782410e+02
3.132625036341119085e+02
1.575811619438102298e+02
-5.296537691272083848e+00
-2.316383456045873288e+02
-5.096920687066211144e+02
-6.657822296808756164e+02
-6.909763616804116282e+02
-6.603444266863846224e+02
-5.272215432832189208e+02
-4.077696062717238306e+02
-3.079947159290579748e+02
-1.292690994127866873e+02
1.046694977439879608e+02
2.445197651122028049e+02
2.887875080292674284e+02
2.929173412066904234e+02
2.187579649003495490e+02
1.794373989343527569e+02
1.803376694198168479e+02
1.325901788494649622e+02
6.012117845181224141e+01
2.091454668724279742e+01
9.883589197395162174e+00
1.573411301680963348e+01
5.178122012285103182e+01
6.110647664901090081e+01
4.204055668547977831e+01
3.383203396118326367e+01
2.420222522261924070e+01
1.437344356620935137e+01
8.410242034933261834e+00
-3.059422575211073081e+00
-1.890375397914089461e+01
-2.971803814555464385e+01
-3.633282798936912172e+01
-4.240984572284109078e+01
-4.610739028935368111e+01
-4.839077281934839903e+01
-4.937515209211445466e+01
-4.717885989269910141e+01
-4.186017078367923006e+01
-3.410347438233651474e+01
-2.348949819240559833e+01
-9.522126661851659790e+00
7.894017994222286561e+00
1.948447876801417422e+01
2.450758290919496218e+01
2.755497087968122116e+01
2.607698523667907509e+01
2.591369660915252382e+01
2.746699761866329581e+01
2.560635677383126207e+01
2.155512377372399158e+01
1.813527929267624117e+01
1.491317574776110888e+01
1.131936204926644152e+01
7.896404428042056445e+00
1.640277494763085819e+00
-7.628597067973704959e+00
-1.804851731410469995e+01
-3.034865322556168366e+01
-3.616350981951786281e+01
-3.453349885666211350e+01
-2.997218837528060575e+01
-2.008193279023056732e+01
-9.305979748449965783e+00
2.042799648251191869e+00
1.832042683056065613e+01
3.865974769204510153e+01
4.674521621816807482e+01
4.161137992972197708e+01
3.044860618809416053e+01
8.826139624682523888e+00
-1.263969640302898689e+01
-3.340897380868810984e+01
-6.266631102259895414e+01
-9.827259263164178549e+01
-1.156575388326834286e+02
-1.136256973199753730e+02
-1.024110172445965077e+02
-7.538894047391242736e+01
-4.924440959836956466e+01
-2.473466790134995108e+01
1.227827424985809657e+01
5.843845592021321522e+01
8.983258637556269832e+01
1.060194213722276544e+02
1.161933178467548515e+02
1.141813257276449463e+02
1.177264980389071951e+02
1.276954011777929878e+02
1.299653497394531030e+02
1.282740536366150081e+02
1.204661828159614316e+02
1.045267489935226024e+02
8.390373088312833261e+01
5.736967727813653539e+01
2.235974231377765165e+01
-2.121485313721663601e+01
-7.344717909165069614e+01
-1.351739550582248341e+02
-1.727599132158570114e+02
-1.832503460996109084e+02
-1.833500601644791175e+02
-1.636892162904568693e+02
-1.440187423210055044e+02
-1.255814167524370220e+02
-9.025599184122384600e+01
-4.199979011973615428e+01
-7.247300571686266402e+00
1.405365258338992973e+01
3.205873392707501779e+01
4.023990352853093100e+01
5.892043826681420171e+01
8.932254185283689196e+01
1.159398480283492319e+02
1.432785001812915482e+02
1.531170366088281014e+02
1.418529322719027448e+02
1.211918026693612518e+02
8.537575831646758218e+01
4.103083539863076368e+01
-1.132438795198628867e+01
-8.038139547532490781e+01
-1.651437525820844030e+02
-2.076952086769527739e+02
-2.039222114041691611e+02
-1.808822321471540420e+02
-1.227092618397259969e+02
-6.552333838698824309e+01
-1.140021014439328795e+01
7.160185096570191376e+01
1.761764499239189377e+02
2.289047209204064472e+02
2.269341634870386031e+02
2.003473835250553634e+02
1.296665807231407257e+02
6.597271220982031537e+01
1.172882331829062075e+01
-7.545713175041120735e+01
-1.850996189611124976e+02
-2.417793097158582611e+02
-2.435405839790852554e+02
-2.191712884882269634e+02
-1.488640304271490606e+02
-8.761554707662746466e+01
-3.778173516708720570e+01
4.524966830097532977e+01
1.501986329484243470e+02
2.063050371357339543e+02
2.122679349591689117e+02
1.941233631786417106e+02
1.334255209455750162e+02
8.315799223033685905e+01
4.550360218688204128e+01
-2.192058608323237934e+01
-1.082063128998775881e+02
-1.560703830856391505e+02
-1.651931943542691101e+02
-1.554548556065589366e+02
-1.121361722008831237e+02
-7.982738578061061219e+01
-6.028974349064068861e+01
-1.863128231026091086e+01
3.589400526181741924e+01
7.033417660254711734e+01
8.573397530201076222e+01
9.151416558679328261e+01
7.956382973870714181e+01
7.835324692787938261e+01
8.887978215731918397e+01
9.010674030314798699e+01
8.805712660592558905e+01
8.345537072830080660e+01
7.395129079896138080e+01
6.330611126096079033e+01
5.104702622070831808e+01
3.113653007508674619e+01
3.631317017789156054e+00
-2.909681132330927866e+01
-6.848807822955883751e+01
-9.269044960170494107e+01
-9.960761321724950790e+01
-1.007516949257399546e+02
-9.004366893801059746e+01
-7.961532334907738573e+01
-7.038376342536176367e+01
-5.097225578972980742e+01
-2.385901885234842013e+01
-8.432472953917367064e-01
1.859880589053902611e+01
3.858253967652139238e+01
5.640381797359008686e+01
8.199253039784449015e+01
1.160079480168365365e+02
1.514014176079775496e+02
1.904866962699535691e+02
1.942260087871809162e+02
1.579722706871533831e+02
1.017433431750699526e+02
1.409645494024482026e+01
-8.416448009485776538e+01
-1.920183172179285407e+02
-3.302929790767660165e+02
-4.952358948349727257e+02
-5.674550549021693087e+02
-5.383212107363386849e+02
-4.620933939566339177e+02
-3.057448352151192239e+02
-1.442093655467110693e+02
1.880073323169300537e+01
2.499590919935232876e+02
5.344939423877300442e+02
6.864142797247528733e+02
6.966978327799836279e+02
6.441026736742105641e+02
4.786960194866313145e+02
3.264670195140834608e+02
1.936007681663010374e+02
-2.634860047249334514e+01
-3.077374477108455721e+02
-4.647766026528035468e+02
-4.933157092856073973e+02
-4.647451132263452109e+02
-3.307088292273273282e+02
-2.275859459485143930e+02
-1.616860360289685445e+02
-2.338065398478290291e+01
1.589537980418841698e+02
2.595389814045675507e+02
2.797306959762624956e+02
2.601779895124855670e+02
1.692224316469362861e+02
1.088855913443204173e+02
8.308684875249235802e+01
1.400676567381875159e+01
-7.694459726170316571e+01
-1.273278986721220321e+02
-1.401716832141129885e+02
-1.304434222526868723e+02
-8.289721783316061021e+01
-5.433444268014009992e+01
-4.624772115567748187e+01
-1.737296874529987534e+01
2.044104955071803076e+01
4.159270826491062678e+01
4.820468274249980567e+01
4.424864576696549534e+01
2.361171130862068779e+01
1.225226093229276003e+01
1.056848152326875123e+01
4.121327815708117903e-01
-1.285146717484609269e+01
-2.155491158588572631e+01
-2.692550264079481082e+01
-2.890344516615476778e+01
-2.578323729319937030e+01
-2.701712476740697255e+01
-3.264500672686896365e+01
-3.652532235319984011e+01
-4.062379458667531651e+01
-3.720117674766284210e+01
-2.485965487008008878e+01
-8.602925565002072616e+00
1.393345002363103546e+01
4.002362910770074222e+01
6.939513869161297066e+01
1.055764946531623991e+02
1.481190157796674782e+02
1.646513746195927581e+02
1.525636903255998504e+02
1.269193083264939474e+02
7.867180177000352614e+01
2.749164100959374224e+01
-2.564717861349259920e+01
-9.862559450479928103e+01
-1.876225548017586675e+02
-2.321311805753076953e+02
-2.287191459622175955e+02
-2.036394537839132113e+02
-1.404746019059667219e+02
-7.917548664231625821e+01
-2.170313126183778607e+01
6.628917363599572354e+01
1.767579238425977337e+02
2.350657446449491488e+02
2.384947558229494575e+02
2.172157927796347394e+02
1.514609294354798976e+02
9.377460129633183783e+01
4.663598509902083578e+01
-3.332423732100696157e+01
-1.353144193196102663e+02
-1.916586909615894285e+02
-2.012975047441550487e+02
-1.891845897116024844e+02
-1.377887434041711003e+02
-9.794439577805644603e+01
-7.184204420823735404e+01
-1.903918727893402973e+01
4.991307978698473136e+01
8.913948654784726955e+01
9.915326609461507701e+01
9.463578770563188414e+01
6.402677460632497741e+01
4.470983930902749393e+01
3.808491499003965686e+01
1.565573906569352047e+01
-1.474929196614086990e+01
-3.079808653641546456e+01
-3.366269038804681912e+01
