1.926719341854817857e-01
-7.169884736588788776e+00
4.994984153044159214e+00
8.440689805298267956e+00
-1.090107400046511188e+01
2.597990543359418147e+00
1.134899100441020492e+00
-9.076010852461320333e-01
3.587318801948276570e-01
5.747687643435982485e-01
-8.914138205125294867e-01
8.022812738275809652e-01
-5.075058414633677462e-01
-2.195390915319488379e-01
2.600947383721545214e-01
5.087780338382049683e-01
-5.889353465078265293e-01
1.691533615757017384e-01
4.367659680792611299e-02
-6.793229725509234429e-01
1.679808974036179903e-01
2.240187968043170663e+00
-2.288594326373722954e+00
-5.452139680323352389e-01
9.748297891075542454e-01
1.040295721490209324e+00
-1.535454208896322115e+00
1.017555726474862476e+00
-1.377690325243021707e-01
-1.609806710690294684e+00
1.681832537245458559e+00
2.349697964221338919e-01
-9.672949378441424440e-01
-6.914661266214234825e-01
4.111598537031114775e-01
4.252830844629598595e+00
-2.754358124615523096e+00
-6.773670261967668971e+00
7.978492974012419303e+00
-7.685370152691630707e-01
-1.884145305702759288e+00
8.313229711453056225e-01
4.753047638300149091e-01
-2.644446104767382177e+00
2.670674161285552017e+00
-5.557939702303340557e-01
-4.242430144004274428e-01
3.269124828194269750e-01
-1.613368723191144771e-01
3.474457287575392073e-01
2.072943538511717865e-02
-1.629208614280235778e+00
1.315936491484258841e+00
1.283022240146291626e+00
-1.850677163273781956e+00
2.320906864008728254e-01
4.670766358543009256e-01
2.920126957160151249e-01
2.152878964587103539e-01
-2.358972909327347267e+00
2.391992895914655470e+00
-7.843489658711810808e-01
-6.412292165678736833e-01
2.408177149822420482e+00
-2.468051504983738820e+00
6.937499143650623923e-01
7.603526847612163131e-02
3.729114979344768099e-01
-1.846914841421099518e-01
-1.085277597776094671e+00
1.119877407791056934e+00
2.615146186171077858e-01
-1.038203188650135833e-01
-6.474526298148700620e-01
1.971902607347342906e+00
-5.177972822786784945e+00
4.224022544081928565e+00
7.498037879184040744e-01
-2.841893499510608212e+00
3.946547098353960781e+00
-2.627192514680984470e+00
-3.438698960702409657e+00
2.249550874743841078e+00
6.140633785786180354e+00
-8.758727399283904091e+00
8.103585183630483968e+00
-4.067992617032489377e+00
-5.820660337627452385e+00
8.012348433070570763e+00
1.748159267001447859e-02
5.476513254422297194e-01
-1.024507504283354109e+01
1.149921682804748890e+01
-7.924607117339849793e+00
1.079004228969371093e+00
1.235054567226628031e+01
-1.333285789415047873e+01
1.847348775007654709e+00
3.149870374816562624e+00
-2.485988573353036912e+00
1.522875984284109085e+00
-1.458416517413439473e-01
-4.118851009093899007e-01
2.702037715108256410e-01
-5.346548734578967371e-02
-2.824827890324608237e-01
4.824637706266198811e-01
-3.469401901251464304e-01
4.640018608244584342e-01
-1.249383669011664866e+00
9.971898961634065861e-01
6.897993505438936301e-01
-9.524510353278952124e-01
-5.399492984710498877e-01
6.894738480455148144e-01
7.307016180662827542e-01
-9.516371603321938100e-01
-6.176567456514442389e-02
3.970628191990995259e-01
-1.637690371716261639e-01
-3.275744285378562326e-02
2.024345912942417391e-01
-1.049520230778205054e-01
5.776025684658159937e-02
4.121902215053432350e-01
-1.600491389149919730e+00
1.600199749537775107e+00
-4.247623065877375592e-01
-1.894403062574496754e-01
3.131981138435891432e-01
-4.348733222482647487e-01
2.893962693585838686e-01
-4.068134988010329578e-01
1.284891272944255203e+00
-7.909523969056175829e-01
-1.179406850589504341e+00
1.792702053881704227e+00
-1.453904470522329628e+00
8.289937854585063270e-01
5.575524938913718476e-01
-6.126350994976635933e-01
-1.098962251699835191e+00
1.313636905157269830e+00
4.681226411859429337e-01
-5.490679797463519085e-01
-1.463908161605013358e+00
1.667897089658780807e+00
1.238838724060149499e-01
-7.315113768700691743e-01
-3.307068944970431579e-02
-2.498153142847950314e-02
1.018299455299962464e+00
-1.239716761082172214e+00
7.120600710147710899e-01
-4.461026915467539711e-01
2.586692795014134960e-01
-1.156901296222272169e-01
7.306797422807993492e-01
-1.599770463261213360e-01
-2.486737778912265551e+00
2.210518225471370446e+00
1.379411462813578071e+00
-2.485991213664424659e+00
1.102679818190091643e+00
-7.978900817659132505e-01
1.341763517977474729e+00
-1.856057481929713537e+00
2.423521143733780470e+00
-2.330896839500627316e+00
1.873454779093135514e+00
-9.915563132206340891e-01
-2.168381948801745840e-01
7.685125247615387512e-01
-1.326177453907424253e+00
6.584662630546861406e-01
1.865793361898679059e+00
-2.270210450696978910e+00
-1.652503256390371877e-01
4.814386511604801244e-01
2.602485941120698421e+00
-2.294222837091122624e+00
-2.583488223958875896e+00
2.570086112374569076e+00
2.236551299357445455e+00
-4.338892130873375663e+00
3.945545132555972501e+00
-2.857506175294819428e+00
2.145955703867384212e+00
1.325432926064986638e-01
-4.893387037193836164e+00
5.871616477182465488e+00
-2.317104644180280282e+00
8.733534513922340814e-01
-4.214563204099906812e+00
2.227945058795185673e+00
7.697775342316764302e+00
-6.661767289734918052e+00
-3.124832961458087421e+00
9.028880718233823544e+00
-1.650450406535197700e+01
1.170791163064478191e+01
8.295980106682405264e+00
-1.309120367566166721e+01
2.368521092027458863e+00
1.742479880543322590e+00
1.402836023877461535e+00
-1.459069393587796304e+00
-2.669556084554976394e+00
2.776507257715485899e+00
1.803328832030921092e+00
-2.879029644990083625e+00
8.409915342361240498e-03
6.130036332493199458e-01
1.473607524178667028e+00
-1.503096273277473083e+00
-6.078784074530161341e-01
1.248746671713284240e+00
-7.843031341063783080e-01
1.784659035847274700e-01
1.083503784077263443e+00
-1.116366659116645899e+00
-7.297912296467687909e-01
7.430747320199224681e-01
1.889472681624884132e+00
-1.959009465948812423e+00
-1.259122038099511620e+00
1.540559112230540428e+00
1.440942680940491494e+00
-2.133912040423933121e+00
6.923969269400116477e-01
-9.359922383457784656e-02
-2.276774560154075089e-01
-2.260530267581150332e-01
2.113230456403994761e+00
-1.997431627517169517e+00
-7.128098675242696691e-01
1.306630407706574459e+00
8.025416151437340107e-01
-6.455051579236090742e-01
-2.122801751612289678e+00
2.974562225856071329e+00
-1.393681579522647151e+00
1.184425169625171081e+00
-3.161369473004759456e+00
2.450404048543543212e+00
1.033637291655978618e+00
-2.324141586915337232e+00
2.061439830583578825e+00
-1.181774036299170216e+00
-1.002922956415910782e+00
1.177330626609342845e+00
7.816297775423222127e-01
-7.760393558278259052e-01
-8.720920192571185448e-02
1.913126854176915526e+00
-5.939395143707738356e+00
5.756930916166257184e+00
-8.367040804799222853e-01
-1.027076528607238526e+00
-4.045156767066617753e-01
-3.463109192391239377e-01
1.752538977235869710e+00
-3.499143117443240136e+00
8.990101253317702046e+00
-6.312172294750882706e+00
-6.524273710296976780e+00
8.905617096101332564e+00
-1.310041991376117654e+00
-2.459400880877282258e+00
3.192041525642586919e+00
-2.634244521461248656e+00
8.324669492542513538e-01
4.529349537480965859e-02
-5.545941249183906629e-01
3.509711865863852087e-01
1.510167426882751185e+00
-1.182291557400260151e+00
-2.419121846625743366e+00
2.438237159756752259e+00
1.872430852887218000e+00
-2.672302216831191402e+00
-3.732136796438935145e-01
1.037171576024986885e+00
6.202464111905450217e-01
-1.178309298727706178e+00
1.052340715465327259e+00
-5.152423694087694406e-01
-9.018355407194648121e-01
8.908722911002046052e-01
6.935826212117284228e-01
-1.044653482600806926e+00
1.322636055336704475e-01
5.475993603222325534e-01
-3.092115409405715165e-01
1.067521043324777485e+00
-3.639005612050327354e+00
3.125038650211575675e+00
-1.065230230597762340e-01
-1.656105289001890357e+00
3.604040082752000274e+00
-2.172551463076415779e+00
-2.965532277636337533e+00
4.580973080178026180e+00
-3.430068906560284514e+00
1.861940903771978073e+00
5.480906011254546017e-01
-1.037964386205060929e+00
1.420614970818978584e-02
6.984302364358228044e-01
-1.863972634150003138e+00
1.205484637360378697e+00
1.608220207768248144e+00
-2.316777220972585205e+00
1.110457571679105637e+00
-4.037511029298503362e-01
-1.650516977151999520e-01
1.572400996737310930e-01
9.679968121491677735e-01
-7.439716374929643550e-01
-1.325453343078865087e+00
1.411514830870275405e+00
5.467623297807397975e-01
-1.204908306543774899e+00
8.650323903990014829e-01
-4.227901907343350474e-01
-5.243991534471157401e-01
5.061437227852000342e-01
1.058688840509368623e+00
-1.163214167676449806e+00
-1.088879408004951532e+00
8.209642093949792718e-01
2.679769394519472492e+00
-2.962723603121127702e+00
1.605585901574584362e-01
8.413941557848521047e-01
-1.572846939584517933e+00
7.302261850240522323e-01
4.649327360032565082e+00
-3.004610208808579763e+00
-8.013673660050187664e+00
8.798416635335414071e+00
3.969490778528514952e-01
-4.234807536582328780e+00
4.516641441663644230e+00
-2.633349429584178392e+00
-3.428719447524524178e+00
4.043616537371153008e+00
3.058697608811745461e+00
-2.732130989382727027e+00
-6.047176881478417698e+00
7.307422146880120373e+00
-2.589053703033325160e+00
-1.398193003679265356e+00
6.705777879457157198e+00
-6.258314384765562899e+00
-6.726596399007365168e-01
2.663166808723082202e+00
2.789379886429887989e-02
-1.007829307001868235e+00
1.101964286321130526e+00
-1.604292817469939736e-01
-2.458640748508622575e+00
2.392675866295047360e+00
-3.081307143970501983e-02
-1.356640437168499025e+00
2.837463914126380438e+00
-2.223601458841313327e+00
-1.511994814674331611e+00
1.772100291823655027e+00
2.023362392570363433e+00
-2.625484581015387509e+00
-7.509703681865320668e-03
1.045072520756460843e+00
-6.189750096733130924e-01
4.356114579098101514e-01
-1.643885443671552760e-01
2.055817147686002933e-01
-1.261498376265675292e+00
6.598630785990681202e-01
2.080647379520636608e+00
-2.508890415813133323e+00
5.750898808510997995e-01
2.842024474646741572e-01
-1.312334104711057603e-03
1.521491835802656345e-01
-7.299468412713485677e-01
8.436840819671788116e-01
-1.017604715308866981e+00
6.601816294570524990e-01
1.271690005992748951e+00
-7.363139384152017630e-01
-3.253270279609842497e+00
3.635607493477012397e+00
4.505611968564910974e-01
-1.350686911473800267e+00
-2.154960699244155453e+00
1.908056196899691859e+00
3.275622698301088320e+00
-3.717496038087049204e+00
-9.685117907986298125e-01
2.108340244168093403e+00
-4.513717462273720837e-01
-7.337677144359957548e-01
2.884186264433918900e+00
-1.743850684306302190e+00
-3.507860911142621774e+00
4.528395728089588346e+00
-1.292418303761965870e+00
-1.911586871559020628e-01
-2.269718302172780422e-01
-5.992280180416892366e-03
1.158191483562808211e+00
-1.204598653373508910e+00
2.212297632415090309e-01
1.465740146372889741e-01
-5.223000571224609700e-01
1.130725176939999799e-01
1.943402930709402954e+00
-1.423317752146624926e+00
-1.915097182877630644e+00
2.906237976554079339e+00
-1.881016229324102174e+00
1.035180378906909837e+00
3.200026863568153912e-01
-6.118658095037432521e-01
-1.381409051762729323e+00
1.983913464499713897e-01
4.470398374256063789e+00
-5.432318109950472262e+00
3.964582238155681893e+00
-1.357121338791258847e+00
-3.275669897738095582e+00
3.951292702762292830e+00
-1.321259008302900106e+00
-3.634024947434330022e-01
2.485305335981279118e+00
-1.640018326339864441e+00
-3.188822264289234543e+00
3.815304092574158812e+00
7.854454650458198017e-02
-1.161957390620306230e+00
-1.801902767103576442e-01
7.570563342887552949e-01
-1.498012022542705601e+00
2.874734002201622673e-01
2.713012863811970377e+00
-3.430076709132790835e+00
3.788568287295219328e+00
-1.033566663951417386e+00
-6.284277450154339917e+00
7.451514060891468283e+00
-1.872821792585944944e+00
-4.762752890532412353e-01
-2.385716009679816008e+00
9.163007208247935242e-01
6.478240976081856672e+00
-5.603795570977398555e+00
-1.102177543202346843e+00
7.288961399518135487e+00
-1.552815456834980523e+01
1.384449729753279001e+01
-4.660630183299212526e+00
-2.753543635215162766e+00
1.230828366943491758e+01
-1.104143807293708512e+01
-2.344603926769597724e+00
6.482078568448336853e+00
-1.678491923176282707e+00
-1.110221775006314249e-01
-3.617079385969959038e-01
1.155900255249497466e+00
-3.371229960097831491e+00
2.993298034131051999e+00
1.113929963218530439e+00
-1.334775198987970146e+00
-2.826634994139529233e+00
3.451501763967496750e+00
-9.821584297330417934e-01
-7.362038285969523255e-01
2.155591033571569337e+00
-2.182376090004551017e+00
8.749038112684306423e-01
-1.162459745934944499e-01
-3.590781380860161992e-02
7.640015988179639506e-02
-6.457729757029209150e-01
2.004414313289994420e-01
2.142368650492780802e+00
-1.764486129598949127e+00
-1.473573569763476865e+00
2.335243208949362437e+00
-1.525042289301037357e+00
8.946263621693709145e-02
2.343360741932798419e+00
-2.826531331309569239e+00
1.760241379891432478e+00
-8.071637078243193431e-01
-4.635832715915241264e-01
3.567778712795572349e-01
1.103406782607857961e+00
-1.776264824020016508e+00
1.865827618532695187e+00
-1.720348740070879456e+00
9.493936383168293247e-01
-9.108750877340465735e-01
1.814544062417870363e+00
-1.202746537865289511e+00
-5.242890621452700461e-02
1.927655816588482507e+00
-5.318768881738955123e+00
5.377837647380214747e+00
-1.678216862513081109e+00
-2.244076735736988959e-01
-1.376293610350439733e+00
-1.955636646822250246e-01
7.059951592580232749e+00
-6.384386105266106171e+00
-1.832115157874068867e+00
5.076417065850867161e+00
-4.902461795543828771e+00
2.948398375921450931e+00
2.028661968842768282e+00
-2.680638336789508358e+00
-1.673310986738454353e+00
2.610977229906152441e+00
3.705004676139156405e-01
-7.859503228855246881e-01
-1.667512848486097488e+00
2.305683822667548455e+00
-5.174287366597583038e-01
1.159557972665084535e-01
-2.472664178577876903e+00
1.419111774275468196e+00
4.220501251195285519e+00
-4.923961049564604231e+00
6.108199530353053408e-01
7.384999307658746126e-01
3.752693299202858324e-02
-1.317757897437930037e+00
3.785614565246434360e+00
-3.618864759611265747e+00
1.070775675047810349e+00
4.835880706326494693e-01
-1.372426804812036494e+00
1.213540638525047344e+00
-3.166420985464963311e-01
-5.919680452090171352e-01
1.794830592593489316e+00
-1.858099594929356613e+00
9.216819344512986456e-01
-2.671900793185597034e-01
-3.110028447245209993e-01
3.941700608943374262e-01
1.853608469115549107e-01
-2.380376947462296833e-01
-4.623715318573615729e-01
4.526269885843832719e-01
4.489901785549078039e-01
-5.188144503028395693e-01
-1.690613044010312593e-01
4.360843245567307402e-01
-5.861850253900491303e-01
2.447889247783046340e-01
1.043926665083595662e+00
-1.306985493748102467e+00
-5.115292421127790590e-01
1.664378597531386283e-01
3.849992265975206607e+00
-3.245755711223225592e+00
-2.521087492589558554e+00
3.846500947996977615e+00
-1.292789872958031161e+00
-8.206254273933709653e-01
2.555002819327378383e+00
-3.355568838393815145e+00
3.289852124887685303e+00
-2.360467795864948481e+00
2.287272151691251754e+00
-3.587395861754222870e-01
-6.738382966910498872e+00
5.647332743279280365e+00
6.651415537830956737e+00
-7.601071527945308048e+00
-4.488118952966239306e+00
7.333491828776078414e+00
1.414338992062886824e-01
-1.718530892264393817e+00
-3.565054951640832304e+00
4.027542127482492518e+00
6.679013874065320433e-01
-2.105654130930506351e+00
3.983150669136074629e-01
4.056599814477709343e-01
-2.562600152240447349e-01
3.268688681391139772e-01
-6.876408089378227562e-01
5.601229082779491941e-01
-1.125516192260711534e-01
-4.796414805330199149e-01
1.106001686674841888e+00
-1.351774104484034345e+00
1.852899530639695147e+00
-1.174505738853722558e+00
-1.284316581382563882e+00
1.552285317593055103e+00
6.200139385619314325e-01
-1.145291188184515585e+00
-7.387467445656714649e-02
4.791961425128073437e-01
9.205988821133387345e-02
-2.607854363920426161e-02
-6.881502659609097794e-01
7.942414480596248216e-01
-6.745189513440663642e-01
1.324219086253816680e-01
1.322019942254671898e+00
-1.320906793348300967e+00
-5.107399483442014443e-01
8.226639070951307087e-01
5.379316246709795468e-01
-6.370690005823473889e-01
-1.621862873209623523e-01
8.872378976604082812e-01
-2.088412914194572423e+00
1.724495190046827053e+00
2.867471392972841260e-01
-1.042199696065559955e+00
7.087111829058114765e-01
-2.777386205299395838e-01
-8.642921056793796686e-02
3.981446683923858254e-01
-1.198135637118146857e+00
9.021576517383196325e-01
1.129080652306742927e+00
-1.236041609596198132e+00
-1.473523916153388402e+00
1.736089280787161293e+00
1.474292162040760967e+00
-9.915990087352365423e-01
-3.345185343911802889e+00
4.956837330013702747e+00
-3.661450246135992792e+00
2.599193538904704059e+00
-3.083464380869256338e+00
5.488171173907006040e-01
4.407365363213449072e+00
-5.889937637001946946e+00
8.515371126777800725e+00
-3.723175611862422407e+00
-1.327532789491174370e+01
1.334857723498495297e+01
4.601142410386777293e+00
-1.032515541652984048e+01
5.531683565387572443e+00
-2.183673454535444591e+00
-2.358485788448324350e+00
1.422730265849783571e+00
7.365505385052974141e+00
-7.513571859782230078e+00
-2.078486712291752969e+00
4.704358076502744623e+00
-1.582725072699902036e-01
-1.090421906808558550e+00
-9.104840829458210605e-01
1.650806347159962995e+00
-1.348585557794161005e+00
1.160416191993883794e+00
-3.775248878004926478e-01
5.349975702330939109e-01
-3.204015283263297764e+00
2.396447623972000063e+00
3.665918353455542622e+00
-3.668718980340013314e+00
-2.939757852992475939e+00
4.376479015747437806e+00
-1.737924448079049666e+00
-6.997020686004649104e-01
4.268645645728005533e+00
-3.988653884261471383e+00
-5.318788402601914989e-01
1.879278901727315487e+00
-3.375770732571934940e-01
-5.216496245367512330e-01
9.147985587535520935e-01
-6.482191452850217805e-01
3.806254546963727670e-02
6.258302991846053098e-01
-1.894544047199065995e+00
1.676870193236734474e+00
3.215996387205586338e-01
-7.498921490210842533e-01
-2.508993791596342282e-01
6.061389613279616340e-01
-8.281073298700014629e-01
2.203900965778708698e-01
1.743322779322429961e+00
-1.988801606813486389e+00
5.755944382415989491e-02
1.887558560800863816e-01
1.687547816419357583e+00
-1.796696048618519947e+00
-1.570670881024923693e-01
6.046421327073711049e-01
5.578623660803673223e-01
-7.422994665897856281e-01
4.004317811975793839e-02
3.676592650892860359e-01
-7.729444721911375993e-01
7.887288028889494207e-01
1.878891129947410643e-01
1.638942689680441545e-01
-2.372391518497676266e+00
2.367278167243391795e+00
-1.395352615782258221e-01
-9.030302419783644563e-01
8.532717811175389855e-01
-7.888270504675152228e-01
8.031983779077418450e-01
-7.098994378424536844e-01
9.494085498640680854e-02
-8.783521149881384771e-02
1.378042399920543115e+00
-6.272580950390543864e-01
-1.866543527344364239e+00
2.814764620219840197e+00
-3.523792610718513352e+00
1.472210253332617347e+00
3.268212165243079337e+00
-5.059960204576404053e+00
5.156561942649326546e+00
-2.761171669021400987e+00
-1.750518284491826115e+00
4.078615217666578197e+00
-6.089493631711670574e+00
4.505366155634243697e+00
2.355542523996494886e+00
-3.462399630046773424e+00
-2.623666592805374620e+00
3.107714065856639785e+00
3.006725195986317711e+00
-3.878266218713338542e+00
-4.908360677263730043e-01
2.127698698391749854e+00
-1.559223638520504052e+00
6.231761888431411878e-01
6.376102221695285621e-01
-9.399949618796543671e-01
1.303852309993542846e+00
-2.169824885216361521e-01
-3.796648737458851119e+00
3.780486338508706634e+00
1.665612456249256468e+00
-2.052050392624699349e+00
-3.617445695499665881e+00
4.551764331060914159e+00
-3.462845835392689420e-01
-6.108011974053012549e-01
-1.309292227979101053e+00
2.174510881542866869e+00
-3.018611149435153962e+00
2.034879518989061609e+00
1.838843578824518321e+00
-2.186259505659644997e+00
-1.519289159298696346e+00
2.019481108153246218e+00
3.661361180330494625e-01
-1.653562296557141709e+00
2.428260147458129126e+00
-1.832419081679154127e+00
-1.895986100417658138e-01
1.121659086818961537e+00
-9.828380620605519091e-01
7.449434713339100345e-01
-1.080292727206899395e+00
5.092897082185553481e-01
2.033794691944228017e+00
-1.543550731980417812e+00
-2.572172107072473679e+00
3.514659720810099142e+00
-1.065948799915224399e+00
2.376543970319101029e-01
-1.232514437868319268e+00
9.931902891339017270e-01
2.877338477731347655e-01
-1.112496654142757002e+00
1.761042564215351103e+00
-1.518858494378227286e+00
4.405138924751195728e-01
3.694513630928570325e-01
-6.439925730998801168e-01
1.026175206046674671e+00
-2.187641607731062088e+00
1.540797739794677712e+00
6.940700744228751606e-01
-1.379934115835436348e+00
2.002099285851582700e+00
-2.500204383372850447e-02
-5.261860784600201235e+00
6.223235181558979257e+00
-2.684529995598244234e+00
-2.191266220197772285e-01
-8.682112840133457965e-01
-2.640159237217254429e+00
1.523493144801289745e+01
-1.264251346982469393e+01
-4.844073138122262812e+00
1.249055721178381972e+01
-1.294250361878971312e+01
8.855498536991380121e+00
-1.978829367713821341e-01
-4.299202972406519052e+00
5.958862314613933009e+00
-5.579682889222080000e+00
2.108776135801420537e+00
-2.073247922427187362e+00
5.668976464033620211e+00
-6.217616939402327070e+00
4.553928626423911830e+00
-2.197572863302266644e+00
-1.273696609613492292e+00
2.567941359550868441e+00
-1.793955580385875326e+00
1.477409261672496754e+00
-1.400832841313070398e+00
1.378141165782048372e+00
-1.954854590450073371e+00
1.430642439851860459e+00
8.923352572951013251e-01
-1.134200034882507424e+00
-1.342430967964392430e+00
1.353002327122959647e+00
1.216260435319630462e+00
-1.873531420805669478e+00
1.164212391252902989e+00
-1.288167569727443340e-01
-1.820584879983621729e+00
2.044015636864411789e+00
1.646234155245012154e-01
-5.399620029968639212e-01
-2.329671668941144080e+00
1.725721694321107336e+00
3.745853538936889215e+00
-3.802854449528759950e+00
-1.809344591742619635e+00
3.818699263744283368e+00
-2.341869456138364392e+00
1.335635627729433672e+00
-1.488418904546881416e+00
5.164887484605854562e-01
2.495860990535287094e+00
-2.439199625707682006e+00
-9.331688442904840786e-01
1.953373282513447107e+00
-8.137175515232137890e-01
8.813152513179138559e-02
2.706058614501455906e-01
-4.068332068474320162e-01
4.331996910173367410e-01
-2.369000528240422510e-01
-1.867402401882090057e-01
3.756947966008445938e-01
-3.904145683238667841e-01
2.608763011586023861e-01
-1.900988960106843040e-01
7.838290381357190806e-02
7.358747181439970753e-01
-2.689226632756743784e-01
-2.211973340874961114e+00
2.191955253613457444e+00
6.814841642536466626e-01
-1.497436572413963329e+00
-1.753102261324038236e-01
5.755368434591110471e-01
1.340695459649669186e+00
-6.182605433250478733e-01
-3.235737570144568753e+00
3.567530177350028531e+00
-1.091390255830674061e+00
-1.584582632757818743e+00
3.629545393244193896e+00
-4.694115148791507153e+00
7.520111255162351682e+00
-3.680835210281302672e+00
-6.670619158179651009e+00
1.048190065850016772e+01
-1.084822174243277715e+01
5.634349720270656725e+00
4.626285319777164062e+00
-8.576233906190479317e+00
1.007801464415645398e+01
-3.495623917068352071e+00
-1.084673698101352102e+01
1.719411885483651758e+01
-1.913856777251358210e+01
1.421257608052960109e+01
-1.145136920351922605e+00
-3.727672011539965080e+00
7.360360051172482043e-01
2.429681115055021545e-01
6.024541895072568209e-01
-1.248545571573115298e+00
1.456247666656643958e+00
-1.669697313680036821e+00
2.579345154662211481e+00
-1.852885883746681728e+00
-1.027071658774423746e+00
1.756136791843350142e+00
3.978787408316675211e-02
-2.394765652636063613e-01
-1.523035824891393109e+00
1.733104414178564978e+00
5.139745491566261038e-02
-4.578131926802159746e-01
-1.232723154912066521e+00
8.036143316934165615e-01
2.082614603586784074e+00
-2.537607548833453297e+00
1.147779437483887888e+00
1.206602871116837505e-01
-2.263269333996393851e+00
2.017283706531407095e+00
1.396772676277610259e+00
-1.694656097821718665e+00
-1.379064138399192618e+00
2.220068727326288460e+00
-8.572245295944815879e-01
2.106143425098364053e-01
-1.945243288985453456e-01
-7.984379408001440748e-02
3.203461447265405770e-02
-6.779220102139668080e-01
2.889016548338205759e+00
-2.554666850029213787e+00
-9.352672579658510843e-01
1.858633364113911002e+00
5.714821119592441434e-01
-6.276217835678554735e-01
-2.560480161527091791e+00
2.292613266294252217e+00
1.253049632772985422e+00
-2.722551594800254549e+00
3.088387896320496484e+00
-1.747151396751088992e+00
-1.569210577275006013e+00
2.556031028408200623e+00
-1.669579405719457288e+00
5.416762885631268842e-01
9.841331965103095047e-01
-1.544183072608589224e+00
1.253565784101020597e+00
-9.172586307626049429e-01
6.481388752187484670e-01
-3.838570583973461847e-01
-1.938250040419710052e-01
6.033702283446555625e-02
1.070483959392134699e+00
-1.132741380861530534e+00
-2.435825036031130653e-02
3.849663618495877682e-01
4.615927673292615219e-01
-5.692510103118499920e-01
-1.065889360087815874e+00
4.065519290060425894e-01
3.637191616905572022e+00
-3.865241703427181541e+00
-1.519554686559325685e-01
9.703840306949557126e-01
1.110714897390312261e+00
-2.498086131151318945e+00
2.836159644806421909e+00
-2.892455512851886734e+00
3.926562370931443890e+00
-1.736616038100690096e+00
-3.097922722467503220e+00
5.427035682749412615e+00
-7.080837697493484129e+00
3.934861429605986949e+00
2.603340214505366568e+00
-6.806883073066807732e+00
1.206403788158915269e+01
-8.642179496741473343e+00
-3.854907129154741430e+00
8.955949866063670939e+00
-6.835536081635520844e+00
3.964007425711411958e+00
-4.158756097971883392e+00
-1.398157700510485268e+00
1.690435440590502125e+01
-1.717044529286867771e+01
1.163322809008096925e+00
4.886387738204174269e+00
-6.362786882648465703e-01
-4.994426439693055997e-03
-3.477754797834196943e+00
3.691086612650011922e+00
-8.029687780204601832e-01
-9.761467794980638324e-01
1.681401040548587744e+00
-2.176053666038282319e+00
2.525988671410807740e+00
-2.356787458751588460e+00
1.968908626393448547e+00
-1.201806706521948875e+00
-4.198904668235511339e-01
9.453169376655896627e-01
5.043730359127125418e-01
1.537871322762540127e-01
-3.597599916743217996e+00
3.777627774192945598e+00
-9.679321913743481609e-01
-6.559165182728740051e-01
1.703847666106734549e+00
-1.582180797695449836e+00
-2.625499904075178081e-01
4.001070184099145832e-01
1.684906247787327560e+00
-1.759157163923245504e+00
-4.392340824811089561e-01
9.916015462022780280e-01
1.105337468241520682e-01
-4.586754427868616202e-01
1.850086298738573554e-01
1.448670590870177605e-02
-4.525638319191878645e-01
3.661120405369330810e-01
7.815656829896583391e-01
-5.941782452911051893e-01
-1.464654853198299689e+00
1.582172223027811908e+00
6.522568749223065510e-01
-1.158683175556043166e+00
-4.464488088823329592e-01
4.129348014060230665e-01
1.183683406410499073e+00
-1.641537682222399486e+00
1.656811999320510154e+00
-6.498370915932473180e-01
-2.069765158968661201e+00
2.504157169471668443e+00
-6.071189140532406991e-02
-2.070922243742077673e-01
-2.161303135813804399e+00
2.271918973403366238e+00
-9.111763753801083165e-02
-8.961263809808500680e-01
5.782556110958811946e-01
-4.986113825596526494e-01
1.150791541970237919e+00
-6.156504725969661473e-01
-1.392872634161493206e+00
1.785620919919254757e+00
-8.440621446361811220e-01
2.206085235403795197e-01
5.279716858164302806e-01
-1.052633356382358665e-01
-1.493570866314400947e+00
2.054618334205073893e+00
-2.492902767506280703e+00
2.020036894842614394e+00
8.383530652543799144e-01
4.767790389510901394e-01
-5.871973517058478365e+00
7.764847855695160561e+00
-6.860628713728358363e+00
3.702587258703757378e+00
-1.166298243490718090e+00
-3.618626012867116160e+00
1.467192929973342963e+01
-1.242263066140783678e+01
-2.463021093735707545e+00
9.278733907962317673e+00
-1.147579963034417716e+01
7.534015898639960795e+00
4.210315332334849003e+00
-7.648944722846859001e+00
2.032440991108260597e+00
-4.639826348717041027e-01
4.479280818485563032e+00
-3.696805556795613956e+00
-3.178315056257645210e+00
4.324633401619227158e+00
7.818995830388377755e-01
-2.170993257817169564e+00
-4.082126193736522746e-01
9.287922899717788727e-01
6.398650428068267670e-01
-1.107430376704503283e+00
6.251948539307319308e-01
-1.812500146167224657e-01
-3.261982829169507991e-01
5.249237161888612446e-01
-3.465601945294899400e-01
3.910706824278655236e-01
-8.903790083613895012e-01
1.046611155267327620e+00
-2.491098803647340265e-02
4.577131400845856901e-01
-3.457590759656059110e+00
2.862699125692670599e+00
1.555341772272348377e+00
-3.047243280614311267e+00
1.997589259578175902e+00
-9.623808815747706413e-01
-3.585258733540956921e-01
1.031129548470076207e+00
-3.931362583467237215e-01
1.121989444759406318e+00
-3.703708840280652392e+00
3.770972955250232683e+00
-1.562514479232699927e+00
-5.932415648088566751e-02
1.185052924534060637e+00
-1.827458742419507232e+00
2.001365641094495107e+00
-1.914390858466476608e+00
2.054656096321011649e+00
-1.496728422730043917e+00
-3.058344952514450155e-01
1.534080232475463490e-01
1.884093586991052227e+00
-2.814362635806982649e+00
2.727328810707558837e+00
-2.200696645758563719e+00
1.769604627995542856e+00
-4.971455310394231053e-01
-1.871427086748534752e+00
2.492838254881342142e+00
-1.831043878129724245e+00
9.996306914802118859e-01
6.497402864692014557e-01
-6.317435922510494795e-01
-1.518466057859523044e+00
1.654589269106846894e+00
3.377352164658706801e-01
-9.870996210372298130e-01
6.781369537481449772e-01
-4.754500151859381574e-01
-6.331809505693011264e-01
-2.134345502627763014e-01
4.083046257242234134e+00
-4.299099203934900970e+00
-3.739663050777841669e-02
1.013942503885587154e+00
2.377770161119535874e+00
-2.043773024796217808e+00
-2.369044757906884957e+00
3.523834788589899958e+00
-1.787766878140753857e+00
3.797671286295798421e-01
8.039063678609377206e-01
-1.431109004680431562e+00
1.463501017715656216e+00
-1.382888998719584261e+00
1.722669463599202810e+00
-1.256233016629582089e+00
-1.055412173252445518e+00
9.277312363673160256e-01
2.713268350941950402e+00
-2.393363217297096224e+00
-1.762649706065553712e+00
3.318621277864263419e+00
-3.029017996236497368e+00
1.014264392215215027e+00
1.126058000871688725e+00
-3.482911635499975844e+00
9.201652694407966848e+00
-6.219945574140174571e+00
-5.821332459251289393e+00
1.025535490561025753e+01
-8.977749098652008541e+00
5.626715373071810689e+00
4.031059604935145479e-01
-2.431868989461208663e+00
6.524195576068079205e-01
1.111050449338506496e+00
-4.812935576399304249e-01
2.147654898166107884e+00
-1.133058349605085446e+01
7.818943350617460375e+00
1.193814468365433612e+01
-1.464065519759214418e+01
7.777733511799245214e-01
5.569766595816897592e+00
-5.723999715758167461e+00
4.074152574059595189e+00
-6.912890297405981377e-01
-1.416147411156947200e+00
2.571228160927741868e+00
-3.020297471686804514e+00
2.441265997075502625e+00
-2.464517541686297886e+00
3.605409526844272072e+00
-3.100607599532970937e+00
7.747508829460472146e-01
2.064041983893499521e-01
3.976983009681870351e-01
-3.790678387365358226e-01
-6.656138413075443072e-01
1.725309716513367397e-01
1.382218405262418015e+00
-2.420244218193735364e+00
3.972605673477802579e+00
-2.842792898658430101e+00
-1.062790952371511111e+00
2.621501905678785160e+00
-2.369113405817412144e+00
1.384982178015635279e+00
6.360424784775969842e-02
-8.415088795441620917e-01
1.958347486150870953e+00
-9.150371881191646795e-01
-2.824990979989315143e+00
3.649897162336776635e+00
-1.615535130473670034e+00
5.782235020975523554e-01
-5.323845587904068033e-01
2.668637446416795567e-01
1.724187862978826258e-01
-4.307715341306931345e-01
6.533253485413776929e-01
-5.534499291811953992e-01
-1.235684598813543422e-01
3.483638260613043935e-01
5.513724009869203080e-01
-5.161815709749920100e-02
-2.619912044720933419e+00
2.659502211677410521e+00
4.545088160909250830e-01
-1.218481968911004687e+00
-7.848238710864133827e-01
8.614149466687771595e-01
1.170335916105869511e+00
-1.727940448689394115e+00
8.492809107395618007e-01
-4.382060586986981643e-01
3.706877243157529200e-01
-2.821578453638802220e-01
4.987202639167931939e-01
-1.490222781645129113e-01
-1.372822346493151491e+00
1.510464011526291950e+00
6.859308800990779886e-01
-3.073136331780911279e-01
-3.354848359420640413e+00
3.666860293979671059e+00
-6.957753479819230868e-01
-6.818073383788390007e-01
8.121517901009335239e-01
-5.813709494280872025e-01
-2.572016562200702960e-01
3.443618358769272580e-01
6.277232091869590080e-01
-7.237886048443477049e-01
-4.657547359326436598e-01
3.393645840570995720e-01
1.326644362566234081e+00
-1.652056712410956196e+00
7.158666473297744526e-01
-2.707213845837201927e-01
-5.148752631805036950e-02
-4.477050424065145973e-02
1.115365548390425676e+00
-6.638499038033528477e-01
-1.629722254024828620e+00
2.277054600847657539e+00
-9.298785096031769726e-01
5.865334171177525313e-01
-2.027241297065304426e+00
1.392719405392401688e+00
1.717923527363609759e+00
-2.227439226258965732e+00
5.544864190473977050e-01
8.034248189243564653e-01
-2.203130523008015373e+00
2.334979747754107215e+00
-1.254706569922159787e+00
6.129939070090183462e-01
-3.326283216414617216e-01
1.710623703909605053e-01
-8.385841781629682634e-02
-7.130758315113738810e-02
1.069744121221852598e-02
-3.753083011535635616e-01
1.418675295656472546e+00
-1.368880029992086689e+00
2.938324788974927548e-01
3.798092202293834596e-01
-7.242943402948363030e-01
8.724249849489715825e-01
-8.339765063177370097e-01
6.558906557656255520e-01
-1.203955521002072260e+00
9.513481192322514879e-01
1.410854988756322204e+00
7.773884454670900723e-01
-5.336921034153735199e+00
8.843224299922338716e+00
-1.585666991302566231e+01
1.039947531952226001e+01
6.268951861124286040e+00
-1.363343817460537366e+01
1.762069707118462247e+01
-9.325691456398422119e+00
-1.186007603357134599e+01
1.954296848484774074e+01
-1.848952012009620560e+01
1.145978166609015858e+01
5.201066960456204313e+00
-8.262720520758636056e+00
-3.260308664264155443e+00
5.615159693000846275e+00
-1.119133259308258133e-01
-3.276541913094389802e+00
7.083256602749522735e+00
-5.485898186012383881e+00
-3.552566068455978332e+00
4.925854492091868764e+00
2.524078583297001188e+00
-3.720173057695602026e+00
-1.766945479935283947e+00
3.425463293718227220e+00
-1.172824323504527921e+00
5.801295501072746275e-01
-1.526726407906002558e+00
1.819673425940683487e+00
-2.077464211455333221e+00
1.627924036600108648e+00
8.109851024585956747e-01
-4.404837635045475430e-01
-4.297742975037809998e+00
4.121541563102560701e+00
2.249790040054836737e+00
-3.392767781844276964e+00
-1.501096868385299432e+00
2.025134940054668764e+00
1.736416664921844433e+00
-3.118640252656756484e+00
2.979344030102494933e+00
-1.875668313772219875e+00
-1.145697073933198418e+00
1.456660026708417544e+00
1.918770404740544500e+00
-2.042106806958581711e+00
-1.922454996243594394e+00
2.280413039614059834e+00
1.114907338101883916e+00
-2.043626435268762087e+00
1.259581332465710357e+00
-2.157117053365263659e-01
-2.195234143417763129e+00
1.643977015046898638e+00
2.313045012429677971e+00
-3.226635369350844496e+00
1.198298503080183375e+00
9.298163180408466899e-02
-2.847103496533957001e-01
1.010948537648389767e+00
-2.819145180470871814e+00
2.694790158379648304e+00
-7.109402428956589359e-01
-1.095407946559474321e-01
4.743621030200605992e-01
8.091445484893886042e-02
-2.320516217910831180e+00
2.044025438464461164e+00
1.013174280507087577e+00
-2.090602534206370322e+00
9.476843932539618098e-01
-6.686275351631034702e-01
1.818237967847582182e+00
-1.315248190706988396e+00
-1.169547816568179632e+00
1.838671231873450829e+00
-6.130872793007833277e-01
2.148144904335001770e-01
-6.654881214179119153e-01
6.319451799122831614e-01
-1.731119060604581761e-01
-3.151019613720072998e-01
5.260398790191813667e-01
-1.016087364072679522e+00
1.796647500477254189e+00
-1.281248584927318745e+00
1.099216463666111476e+00
1.346135122785052873e+00
-6.610792456117889238e+00
6.155460645075809367e+00
-3.970974427828047659e+00
-2.107884262965357358e+00
1.715290061585668013e+01
-1.651311453218992753e+01
-3.853031462590494449e+00
9.370057710883154201e+00
4.475419965579964909e+00
-1.475225141807061213e+00
-1.858099873617940645e+01
2.518771330323220781e+01
-2.277245074137066894e+01
1.460341685632874054e+01
1.326598464734541238e+00
-6.165220809224231324e+00
1.143330741950773444e+00
1.976115667951842347e+00
-4.423059583745757806e+00
3.559359624855960913e+00
2.010337538183586403e-01
-2.084349896655785184e+00
3.715959934033685297e+00
-2.228800840463936339e+00
-3.348770970361635513e+00
4.122898610940585407e+00
-5.757173669848757447e-01
-1.345339771230358306e+00
2.890952453539173739e+00
-2.176727217654576219e+00
-1.976572320594583765e+00
2.118824870830962048e+00
2.308389672026016637e+00
-3.251854822469696149e+00
6.300369077007859087e-01
4.633740515005384530e-01
5.578853811184503186e-02
1.709970282161930588e-01
-9.636682534497568176e-01
1.464346208223378687e+00
-2.033896711312321859e+00
1.607940229285718781e+00
-2.133383836025138924e-01
-4.985749036953849300e-01
7.122348901060082671e-01
-5.581718757032450018e-01
6.418236890628754854e-02
1.939167529982413762e-01
-3.575575957752952783e-01
2.864901198152238204e-01
2.326995446990398619e-01
-2.578626439210142118e-01
-4.955800540566219770e-01
3.578743983428421260e-01
7.565531959776957693e-01
-1.001472586905154838e+00
6.605198749272533920e-01
-2.110302069612647047e-01
-7.853241366472895058e-01
6.639623018854721170e-01
9.487931229312547288e-01
-1.171563667585988400e+00
-2.974107900231209300e-01
4.943208403339687251e-01
8.051675133836683207e-01
-9.892562045472375054e-01
2.424482103728176074e-02
2.495713029608604416e-01
7.551642929801212489e-02
-4.286584997583700596e-01
5.874592183211407859e-01
-8.358470123675256769e-01
1.469425808555022472e+00
-8.518542916761746575e-01
-1.654461057627258369e-01
1.504095752034690481e+00
-4.111107656078914374e+00
2.703877118386876166e+00
5.535153904940869340e-01
-4.274765281627494140e+00
1.134403876153560731e+01
-8.470319692239126397e+00
-2.934697039873197522e+00
1.011311359523923947e+01
-1.598883633503357160e+01
1.436865767626041190e+01
-4.655777572208907422e+00
7.016970840420315714e-01
-2.792283155903950043e+00
3.535954967187722175e+00
-5.301898648190732644e-01
1.843075118902499199e+00
-1.077749935066676201e+01
9.348417238791878248e+00
3.915679637563275861e+00
-7.709908973657476849e+00
1.766221206265421895e+00
4.561849358367545682e-01
1.887363243101422228e+00
-1.304293443927669216e+00
-2.895370919591701675e+00
3.503944627801658829e+00
-8.266877734812237977e-01
-5.665421157131704799e-01
1.222407588822130631e+00
-6.197532216617307466e-01
-1.249045927290190594e+00
2.226989517795394669e+00
-2.333465226776300305e+00
2.332302781568587946e+00
-2.313864700725399182e+00
1.834755129117667805e+00
-1.192924632888081149e+00
3.047049550188472566e-01
1.056870280352731228e+00
-1.339128070010049187e+00
5.394872796191172437e-01
-6.804150565225597358e-03
-5.053764161899092916e-02
5.233600631290402649e-01
-1.633047335657094035e+00
1.923869244597318451e+00
-1.011805680824775511e+00
8.653206020837063139e-01
-2.302378151489655522e+00
1.681164708500209937e+00
1.667074841686533304e+00
-2.158166718535567519e+00
-3.504765161694318731e-01
1.142151413281445427e+00
-2.012294371022785855e-01
-2.578209832502643128e-01
-9.800881103800035410e-02
-2.157166123771772637e-01
1.563327899144919098e+00
-1.442135594483395566e+00
4.779239328103085382e-02
6.978943023020383052e-01
-1.429063209064350692e+00
9.585854794138736201e-01
1.283956910372828109e+00
-1.466972921595813606e+00
-5.398950383581354595e-01
9.972884880061819723e-01
-1.359425115931304218e-01
-7.063905667408723055e-01
1.353515440918215296e+00
-1.761713007982110168e+00
2.359792038283161641e+00
-1.579468462289566499e+00
-5.721743248283017724e-02
1.445964868309667972e+00
-2.967611667595605240e+00
1.963661893868267505e+00
-1.059255502759732792e+00
-2.190259755482781401e+00
1.118536793396541462e+01
-8.679082337281156967e+00
-4.770759465824873757e+00
1.162578190298406255e+01
-1.332195459844176888e+01
1.113867603943204010e+01
-6.581598702119768163e+00
1.487521631850508896e+00
5.667434795167830330e+00
-7.098539275446935193e+00
2.800208202468732033e+00
-1.099360886214657329e+00
1.793752833855766671e+00
-2.315386471725666251e+00
2.090107607530990119e+00
-2.322004940640098436e+00
4.130902415060438315e+00
-2.725619972268399138e+00
-1.713653790667919452e+00
3.542372183327724855e+00
-4.378022595982313803e+00
2.523255737204023408e+00
3.004259242216842374e+00
-3.743138305607832450e+00
1.924375243255058709e-01
1.940604504373538486e+00
-3.385955777304616277e+00
2.988479677775568888e+00
-6.690773499750695130e-01
-3.822508087189904757e-01
1.995385849368735420e-01
-1.365679200324309561e-01
3.669292157470931404e-01
-1.997965970880610787e-01
-5.904386733397384290e-01
7.127901569926363701e-01
7.066753375918100044e-02
-1.601259645048203756e-02
-9.769271002510283575e-01
1.243339440010046815e+00
-6.269300571163101132e-01
3.230582196668160266e-01
-8.772409392932486449e-01
2.509885470748004499e-01
1.951013682445924102e+00
-2.214682813012710305e+00
6.644711247863348547e-01
2.109273369426917233e-01
-6.858458253184247511e-01
7.261298322789855320e-01
-2.209964307865713851e-03
9.738394283606610635e-02
-1.475245056881917538e+00
1.535384532789816792e+00
3.073315412008888470e-01
-2.902537544343958276e-01
-1.775081656007722497e+00
1.935866402862776559e+00
-8.394311365203827036e-01
-5.946041615607098318e-01
3.062580287693291492e+00
-3.222246018941914869e+00
8.229378215280751530e-01
-7.436768410171147592e-02
1.009361802135238628e+00
-1.127449167577743161e+00
4.128368958739193073e-01
9.325133919104280911e-02
-2.407678720563011521e-01
8.141401309692574140e-01
-1.559632477751959456e+00
2.063308405114939514e+00
-2.980177471554604551e+00
2.277911508111623462e+00
3.512180625830715330e-01
-1.207374099719870308e+00
2.681118570033224069e-01
-1.924946551727866814e-02
5.369180952134843254e-01
-7.319000017715845408e-01
2.574178100605004071e-01
-4.174641878268219308e-01
1.645681403702282442e+00
-1.323515290112882603e+00
-4.011823878638284824e-01
1.228293551211780965e+00
-1.742066111856232835e+00
1.135370513170711693e+00
9.770787775477736137e-01
-1.458280988205353346e+00
1.690906369484014293e-01
1.015599900886986068e-01
7.460855193149177333e-01
-1.023041545535851027e+00
5.347286169210009321e-01
-6.504221588151640754e-01
1.373973474289886365e+00
-1.411996542506348318e+00
1.316267245117439311e+00
-5.508434166513366259e-01
-1.476807877754368725e+00
1.419874656657070355e+00
8.371545655308476608e-01
-1.741697160577895476e+00
1.172678963949145725e+00
-1.039001453489867055e+00
1.652411457268653905e+00
-1.235350985515372368e+00
-1.325323030531471713e-01
7.437638767731934442e-01
-1.251837764994624624e+00
8.335768695187868449e-01
1.500342308534839963e+00
-1.286782753759804221e+00
-2.550513004228561975e+00
2.806850443730700917e+00
1.385874154385581036e+00
-1.850091771641279692e+00
-1.788590609392462394e+00
2.699907173215130740e+00
-7.563789177986873780e-01
2.454584838415055370e-02
-6.897554696994062651e-01
4.431317234132158833e-01
7.931613656021405667e-01
-1.386660356376377523e+00
1.139417247559751711e+00
-1.347585275397305882e+00
1.900033912842015171e+00
-1.681840425508540626e+00
1.671627746201503228e+00
5.153709214558879759e-02
-3.818889029257447998e+00
4.519882550831920476e+00
-3.664288874325818846e+00
1.488580418483351320e+00
3.533055191676720330e+00
-2.643233479222339533e+00
-1.922043305741965691e+00
5.292780682053842334e+00
-1.214772735899928513e+01
6.632300311111146485e+00
1.021497656017999844e+01
-1.682983795986019260e+01
2.050516975402165798e+01
-1.134276961399286776e+01
-1.499385629450391555e+01
1.990376255172260755e+01
-4.510543820397904469e+00
-3.519925833849758767e+00
6.315205925200329418e+00
-6.052395823430233079e+00
5.464688480148620631e-01
-6.399671966371034415e-01
8.632328295998217271e+00
-8.237899828212892572e+00
-1.424856867387221282e+00
4.331075963317288391e+00
-9.206128386952558973e-01
-5.548775928517873934e-01
8.865697099519953550e-01
-4.086416504984825837e-02
-2.684424267376133155e+00
3.130248352292918312e+00
-6.983432872736872188e-01
5.834763095714775583e-01
-3.071234009763447403e+00
3.438172650922528550e+00
-2.340566887417867115e+00
1.450012913610269516e+00
7.942185604617393313e-01
3.752579020298186796e-01
-5.740529822603392063e+00
6.315203443413093254e+00
-2.649398357144372440e+00
-2.351753182500159467e-01
2.696189998773939944e+00
-3.966082346060136654e+00
3.572295749370365758e+00
-3.937007642814450037e+00
5.629834624381171437e+00
-4.877347242971303842e+00
1.953225760713702908e+00
2.949360441987088910e-01
-1.812531232714083229e+00
2.666019297951674805e+00
-3.549168328548519380e+00
2.905888058385247330e+00
-2.953784407674029389e-01
-3.805844527879476136e-01
-1.094841268931663336e+00
1.344012953377754949e+00
2.141067875460866965e-02
-3.324773492300938660e-01
-1.209115836464705662e+00
7.659408290363880489e-01
2.554542067361016855e+00
-2.782630005864247469e+00
-6.563002533586510534e-01
1.276528304505572420e+00
1.225533989925849054e+00
-1.856445456181968989e+00
3.223264174251249115e-01
-1.052457555351042073e-01
1.371281040932048612e+00
-1.431654360784431645e+00
4.563987817704487915e-01
2.971559725421961118e-01
-9.836835614438382835e-01
1.204739932093779275e+00
-5.913612640827464739e-01
4.422198000306711840e-01
-1.660248560414741892e+00
6.708824809785528531e-01
2.832474766628445106e+00
-3.603705804208409358e+00
2.230652123802536746e+00
-5.701236574344290542e-01
-1.594199960603661426e+00
2.385111525833924606e+00
-1.952755670508890873e+00
1.432704839572398470e+00
-9.361811108102928713e-01
3.526270757391460897e-01
2.992130132101219475e-01
-5.730094091878010776e-01
7.598294865505829110e-01
-4.415864284343665180e-01
-8.477275495854453835e-01
1.165396550253342767e+00
6.731872290033522610e-01
-1.132366108878298805e-01
-4.212748229348253659e+00
3.654393719218367309e+00
1.894878594987197351e+00
-4.046261382254335182e+00
3.590072311601409716e+00
-2.473760056440834187e+00
1.014294888962785635e-01
2.203171577056686481e-01
1.539869809038142190e+00
-1.941249755165471047e+00
1.240549685775036881e+00
-3.270068308229523990e-01
-1.028727120293125852e+00
1.865863989236797638e+00
-1.613228735811319314e+00
2.762178528934787547e+00
-4.325571372278155913e+00
4.717003980966051557e+00
-7.865709864679985230e+00
3.299009319428575449e+00
1.169548833600200766e+01
-1.361531263864862318e+01
3.412821774311981304e+00
2.342230903686905563e+00
-5.026873076368151061e+00
4.530712346047335082e+00
-8.280511530226413175e-01
-1.080972234297801648e+00
1.210908257752290940e+00
-1.390549385902447810e+00
2.025628762646455083e+00
-1.759513567760110364e+00
6.529268403634169715e-02
1.185487696998497736e-01
1.663450105977053450e+00
-1.524500054891742229e+00
-4.914562070549111095e-01
1.371055717973507004e+00
-1.450947057180683952e+00
1.063134597402143555e+00
2.049888121292192111e-01
-5.738619641773882174e-01
-7.872186007595270985e-01
1.789955392408801582e-01
3.073420254934358109e+00
-3.269701123358371930e+00
4.946071571093462182e-01
8.919804746928925443e-01
-1.122285978094893721e+00
1.028436882793906326e+00
-5.660016330768002923e-01
3.305219843728207096e-01
-4.246756993374961042e-01
3.013082496899128770e-01
2.718929092050376140e-01
-2.701252520820403014e-01
-3.890959878981115616e-01
2.809811578154138845e-01
2.651622246995715138e-01
-1.028429012873457227e+00
2.458608638723797313e+00
-2.641932768981212210e+00
1.016738003959627878e+00
-9.002400485807284802e-01
3.071819745762904841e+00
-2.830963967249820357e+00
-4.313544903526143059e-01
1.018002291973056916e+00
1.313904861763296239e+00
-1.841328015371274551e+00
3.894391969832631251e-01
1.781638469507300093e-01
6.783111768549512366e-01
-2.738122441614845859e-01
-1.905886159245987921e+00
1.871108913008566077e+00
1.478238403435525594e-01
-1.229145366526096961e+00
1.953592324768421262e+00
-1.459916877062338747e+00
-6.651154700838517453e-01
1.301342725163758374e+00
1.844377874950017260e-01
-8.428740407052520700e-03
-2.553015257524188897e+00
2.474479176933359614e+00
7.784115399547911762e-01
-1.821852540754807848e+00
-8.905828808657889617e-02
-3.575555569112170984e-01
3.643166658712262862e+00
-4.167445071035334792e+00
2.059737295668921053e+00
-8.660162464069431909e-01
3.400220159157354427e-01
-8.304418372811646354e-02
4.589196472816515215e-01
-6.445691648195650547e-02
-1.509096407177264121e+00
1.659620208368236094e+00
-1.504385490377805334e-01
-1.311011783285216947e-01
-8.366496058457354446e-01
1.104937796964730268e+00
-6.925083159907150510e-01
3.464644001178495691e-01
-1.060978969321645371e-01
-3.562994465671974198e-01
7.921551278511327343e-01
-1.373609433695856863e+00
2.544571662009871282e+00
-2.543551687902272818e+00
8.280601804533000987e-01
-6.424232701232985843e-01
2.504559890376707454e+00
-2.245769744626257225e+00
-1.669247157505313606e-01
1.275880909341055247e+00
-1.186863451659790458e+00
1.098067401591306558e+00
-8.395142219087349256e-01
5.498451209566778131e-01
-1.108525242414962531e+00
2.363022946221012277e-01
3.066172877768752691e+00
-2.797252597058060175e+00
-1.024770540949154096e+00
2.523671562127137946e+00
-2.634009624916320291e+00
1.595856015639056880e+00
8.918854278019026083e-01
-5.981701232654412781e-01
-1.676408843069550070e-01
3.041656966886916447e+00
-1.065837264580050103e+01
8.451880774744378044e+00
1.211322502889841335e+00
-7.591795756099173786e+00
1.570795509397334300e+01
-1.081443490326886447e+01
-6.734221125871649782e+00
1.345338797595084124e+01
-1.497340199512020931e+01
7.962392127154451771e+00
1.221068702482259738e+01
-1.519735597009864669e+01
-1.059661721278338575e+00
4.821814939483493490e+00
4.303415682086257021e+00
-6.379970862155221134e+00
2.466957112077633685e+00
7.340945798540636780e-01
-4.110857471785046791e+00
4.539781947522946837e+00
-2.049428351569116291e+00
9.370487561358401551e-01
-9.092741986688451794e-01
1.039901916181593000e+00
-1.624012554330518832e+00
1.330869889263199157e+00
-3.182358033093406480e-01
-4.212276461547426187e-02
6.855320574849536053e-01
2.037619613960225673e-01
-3.501078368414968445e+00
3.369777157805158740e+00
-1.816807717640358533e-01
-1.323865575770381664e+00
2.591895016453393374e+00
-1.329251201724433340e+00
-3.863506067103694264e+00
4.323614078433661412e+00
9.766098849447453212e-01
-1.883796536146695955e+00
-2.185139281762824126e+00
2.597955059819588630e+00
2.531845760079837193e-01
-1.771103349973777386e+00
2.882756327761717863e+00
-2.081488890063607489e+00
-1.169048559314223246e+00
2.015354584236311641e+00
9.442311705243866538e-02
-7.101127359698334862e-01
-2.371462179580246410e+00
1.848714574080966067e+00
6.988019927539143694e+00
-4.799935267888852053e+00
-1.301574814700572702e+01
1.345080584108745825e+01
4.772475679001736637e+00
-1.043284012402141769e+01
4.309108255836211931e+00
-8.885566256757010395e-01
-2.617560719457682206e-01
8.475301080011751198e-01
-5.775686658089334014e-01
8.975140226634568119e-01
-2.190129870441638094e+00
2.122213705702749031e+00
-6.222646803090272627e-01
6.790044570813132119e-02
-3.769786499582220007e-01
5.863939766970622802e-01
-7.177490335279016476e-01
7.984102587045728283e-01
-7.629017184043389577e-01
7.824107300704694623e-01
-1.032382066497270046e+00
9.000418730620970420e-01
-1.434102295010343253e-01
4.927763358283199224e-02
-9.498156947238436398e-01
8.747519515886309494e-01
4.097020658676478466e-01
-5.128387045850368864e-01
-5.035071200212823950e-01
1.019387063302099605e+00
-1.256014644041392625e+00
1.176748985539967540e+00
-5.431080443562161797e-01
6.595757669279599389e-01
-1.412767962508932884e+00
1.656140092820510112e+00
-1.689428813401807394e+00
7.793361916686526447e-01
2.144795464159592324e-01
-1.443833092998866530e+00
4.483842177756251601e+00
-2.976341734744459622e+00
-2.832234979104319983e+00
5.402495752229914849e+00
-5.333363305808271448e+00
2.943016707507028151e+00
-3.770615752949304511e-01
-4.593992455930132834e+00
1.265798305549505187e+01
-1.337396296956138819e+01
1.030186062121591206e+01
-2.777793144507122225e+00
-1.096843657523900895e+01
1.413767332742752636e+01
-8.431078421919176336e+00
2.984196321311520350e+00
2.975588193096360801e+00
-5.128763204609794180e+00
3.718067363610011000e+00
-2.499368218456686996e+00
2.002708320823749055e+00
-7.885182671087024309e-01
-2.056699393756003413e+00
2.453449993536579665e+00
7.712760424590830999e-01
-6.434807566742467566e-01
-3.805606588582402416e+00
3.853722680409289669e+00
3.845024331520423555e-01
-2.408302456092963340e+00
2.735209540885887414e+00
-2.361843084059771058e+00
8.436702700010411116e-01
-4.349934310656877190e-01
1.910110962357157494e+00
-1.382242306732847759e+00
-1.736053867863395883e+00
2.025103065346188558e+00
2.523332303149411482e-01
-1.414596594015007591e+00
2.290751800795822302e+00
-1.760109737152535381e+00
-1.090995926494622292e+00
1.112338442852802700e+00
2.123512377124352035e+00
-2.523282051195383513e+00
5.877031366865662632e-01
