4.826338909832976753e+00
-3.288093914903601256e+00
-6.600601896294686632e+00
-3.472765471329776421e+00
-1.504240999291109215e+00
1.693680473471460113e+00
2.370442171505010798e+00
-5.557722210410910302e-01
-3.369341603014174513e+00
-7.247840459234722310e+00
-5.840289455231488347e+00
1.828760460879555572e+00
1.176778705502407263e+01
2.585104421740489755e+01
2.790818187636102010e+01
1.626801966801765786e+01
2.473657492492994381e-01
-2.460129074153310569e+01
-3.439067746432706230e+01
-2.665992030250315992e+01
-1.664891866402798470e+01
1.978597623454923404e+00
1.166745638267192398e+01
1.005928204858091135e+01
1.090373432197410786e+01
9.634136790687916729e+00
7.592538095234987239e+00
6.064082422578679576e+00
7.046487637128933113e-01
-8.033256544141780253e+00
-1.069846632386679275e+01
-7.220510579043686761e+00
-1.870740198909540242e+00
7.625472606926225083e+00
9.481987454181334485e+00
2.587056688956586914e+00
-5.543610513889050573e+00
-1.797463160949138938e+01
-2.110415046838071973e+01
-1.322117479288955799e+01
-3.329838222734262665e+00
1.229643609576436347e+01
2.130198626848518373e+01
2.209134170905116434e+01
2.374388536914085890e+01
2.298697284484346071e+01
1.862983253333418077e+01
1.115891229715903243e+01
-1.623850354760209891e+00
-2.015210175492945055e+01
-3.079970010920028756e+01
-3.300610659384815904e+01
-3.385233149886137483e+01
-2.994214680638624770e+01
-2.121517237041829063e+01
-7.690318046467867319e+00
1.358691501653357925e+01
4.308303052660067323e+01
5.251708864421401302e+01
4.007271534191276885e+01
1.991162751693666877e+01
-1.546242917586729959e+01
-3.032199094625682534e+01
-2.137279545390735791e+01
-1.221174748492518169e+01
6.296251810497157209e+00
1.271660330347820356e+01
3.580108886409497870e+00
-3.376886383010476500e+00
-1.390458844138668937e+01
-1.615255101089683620e+01
-7.360884910893739530e+00
2.217431446458246747e+00
1.616342979957975956e+01
1.967365698858984757e+01
1.051533282690447635e+01
-1.233342296610318023e+00
-1.979955855389155062e+01
-2.613152659815813905e+01
-1.795252346971129853e+01
-7.989180772354227855e+00
8.901081900710128281e+00
1.834834565591408762e+01
1.833838951932466799e+01
2.008956816537165579e+01
1.981024054684370483e+01
1.487152127545025238e+01
5.897052736320296695e+00
-9.008710398476139858e+00
-3.059763276379650065e+01
-3.608446277215026043e+01
-2.405615296073113285e+01
-6.169397418531143096e+00
2.354391238383647789e+01
3.387607839145341870e+01
2.181120813753809529e+01
7.367709258318612342e+00
-1.760053003515914583e+01
-2.617618708055132970e+01
-1.475347289125080685e+01
-2.954196896645155945e+00
1.644036378316903324e+01
2.307521785917103685e+01
1.362960085679261191e+01
3.766639819220308993e+00
-1.217768330282280509e+01
-1.928323479734389423e+01
-1.500020001289864702e+01
-1.118141588283470611e+01
-3.664604208029496490e+00
3.394697656600980107e-01
-7.477439124446088048e-01
1.943872787453893025e-03
5.685106698461850350e-01
3.963211042135193374e+00
1.121628725538798577e+01
1.929493432975241873e+01
2.922700692882530049e+01
2.838955850657436031e+01
1.526548522938113628e+01
-3.306633301112086532e+00
-3.098457332122728403e+01
-4.161614993669535068e+01
-3.274558556836264245e+01
-2.009015493963510579e+01
3.306537542206685387e+00
1.513261158318891653e+01
1.275950394972911361e+01
1.279921826935488482e+01
9.518755784735171588e+00
6.404207809628873704e+00
5.087348660562775571e+00
-7.564474823173455986e-01
-1.013257816697971947e+01
-1.298352421716953486e+01
-9.407280505713963237e+00
-3.553839176745519968e+00
6.962999095666691396e+00
1.159488688142227097e+01
9.447437620934945102e+00
7.570580607537038098e+00
3.328347822971995384e+00
5.821811197747623901e-01
1.641881014788034721e-01
-1.913141489128738160e+00
-4.622880805044252028e+00
-6.216823996903102945e+00
-7.010493814363704779e+00
-7.054533097576564771e+00
-5.996085543324417344e+00
-4.312780005649058168e+00
-1.881265263838366453e+00
1.857938523460965552e+00
6.914914793645692725e+00
9.282803809435129949e+00
8.717664449556215445e+00
7.205407284348807728e+00
3.686913677493592889e+00
9.143768740426134745e-01
-8.866719052826804726e-01
-3.976909768680854995e+00
-7.736485053264566147e+00
-8.687987242465352367e+00
-6.744237188314005316e+00
-3.099126690691930808e+00
3.178921948116863128e+00
5.526031885210208827e+00
3.466725513376238244e+00
9.797608056259961007e-01
-3.596363522650126932e+00
-4.049165712837203834e+00
4.083115990309316157e-01
5.447783258064121448e+00
1.274019476350071223e+01
1.370938778457966123e+01
7.246697994280875577e+00
-1.194906678863408622e+00
-1.401721990489694392e+01
-1.904969767677768999e+01
-1.492958725852834689e+01
-9.525351944144277994e+00
4.365387691090480971e-01
4.879656266681491772e+00
2.487551418313427742e+00
8.521331094471171763e-01
-2.674194458353520876e+00
-1.208999753963171608e+00
6.516886036552128836e+00
1.508790829703912095e+01
2.648083755837799202e+01
2.695072516085784997e+01
1.474824431119989043e+01
-1.971602540306262918e+00
-2.713487021804452581e+01
-3.653183158205711578e+01
-2.770077297124199944e+01
-1.561550069423791420e+01
6.202635118120900515e+00
1.687548348590108915e+01
1.385857391744874967e+01
1.265458079497474486e+01
7.844803599030317542e+00
3.233319238066594714e+00
3.563276470839594201e-01
-7.041119356686095898e+00
-1.790802894431410053e+01
-1.978942905263968299e+01
-1.248921532381201160e+01
-1.221736416222605870e+00
1.713302964443427001e+01
2.385289797027727587e+01
1.733538601991213213e+01
9.193063480657283293e+00
-5.405178749803102534e+00
-1.225507831871539999e+01
-9.463564708733343878e+00
-7.846871652899770844e+00
-3.673241250265382618e+00
-7.677185058052428124e-01
-3.450951154362302264e-01
2.472296265188748343e+00
6.591520949451101785e+00
6.738718110949595719e+00
3.061158283448669692e+00
-2.764406097484426894e+00
-1.201222591722175181e+01
-1.263438413589050313e+01
-3.640019757730760031e+00
8.149770390193491920e+00
2.592166301619290891e+01
2.985863918780278681e+01
1.786902658826786450e+01
2.076035713763918267e+00
-2.288217517538825163e+01
-3.305736886778202432e+01
-2.573535516501253539e+01
-1.691154002581650673e+01
-2.078884839932869655e-01
8.692493464407055725e+00
7.447299746747818361e+00
8.920061283939846319e+00
8.989532582886347711e+00
8.400981958256508619e+00
8.384141497431574663e+00
5.260267049326710520e+00
-6.282976903145280900e-01
-3.410098277789907151e+00
-3.261713350642474474e+00
-2.823865247322091321e+00
-8.050028656710487285e-01
-7.590690639954257302e-01
-3.064729262259223042e+00
-4.992078358447874287e+00
-7.414394779706960925e+00
-7.431961994448397668e+00
-4.495404889161155104e+00
-6.431859462651723369e-01
5.002081912452082335e+00
8.037261133622871867e+00
7.962535654564454113e+00
7.652732813175623150e+00
5.922944404212244329e+00
3.079717118294295286e+00
-7.371136280955179476e-01
-6.711550709628678391e+00
-1.485415992431126142e+01
-1.509934202644552137e+01
-6.743015079380000110e+00
5.357991453863593989e+00
2.393060246223749843e+01
2.843217573625618755e+01
1.697238545390819198e+01
1.711618860167164247e+00
-2.281816138012634454e+01
-3.135163912443234580e+01
-2.107992334373858512e+01
-8.692258671467937958e+00
1.253684874631483659e+01
2.143319293547564541e+01
1.509699914634524198e+01
9.274776982606375952e+00
-1.701475770509314867e+00
-7.463713863555289763e+00
-5.890174167005825190e+00
-6.620209346421864538e+00
-6.785951710651101365e+00
-4.683721582659101657e+00
-1.111023778527285844e+00
5.448691690113129482e+00
1.530688772955110366e+01
1.570205283462082235e+01
5.887327261756825081e+00
-7.753524598810579427e+00
-2.855765237006449198e+01
-3.330957401393546036e+01
-1.976517865513873673e+01
-1.823491436775171337e+00
2.672863014749264465e+01
3.733370747055365513e+01
2.679711724668741724e+01
1.401838828132115644e+01
-8.610413048271665204e+00
-1.872252276998123222e+01
-1.319593748641489483e+01
-9.102422536519728880e+00
-4.894409409978541792e-01
3.637387685136177939e+00
1.096992552343717620e+00
1.071792360474007388e+00
1.008631200270464046e+00
5.866696413700198676e-01
7.942350917654793507e-01
-2.479861419846704496e-01
-2.377275317550332279e+00
-2.954730553996919973e+00
-2.098048696998950025e+00
-9.343143965027213005e-01
1.101651818873846667e+00
1.527393954047606472e+00
8.790294223170305732e-02
-1.592373422283756002e+00
-4.162583462392930755e+00
-3.248642517413174780e+00
1.673759377164937501e+00
8.000474902305120040e+00
1.696058626796969904e+01
1.834980198049544242e+01
1.111180713236232620e+01
1.149770787764035962e+00
-1.433930468706581252e+01
-2.134598043723793737e+01
-1.841824790567334347e+01
-1.466850900023746540e+01
-6.402580595107421502e+00
-4.598560107734389613e-01
2.071208658471426212e+00
7.591155719531538892e+00
1.438789278100088431e+01
1.580141992056943501e+01
1.191654068307557246e+01
4.589388326417537911e+00
-7.889070768866081274e+00
-1.250764013221376381e+01
-8.376792848742336872e+00
-3.250063388387286700e+00
6.155880225032626996e+00
8.679996607406831544e+00
2.910282088456709992e+00
-3.115521157268037022e+00
-1.235765492598072690e+01
-1.460610257680063206e+01
-8.306728651654104567e+00
-7.421249424555901308e-01
1.095461737237655520e+01
1.570563278047612066e+01
1.203276152852025760e+01
7.650400626359106226e+00
-4.685102066993210301e-01
-4.321974642231435126e+00
-2.715058452435366920e+00
-2.032264152639669419e+00
-1.420487772586846997e-01
3.420654126787749938e-01
-1.370635108164365512e+00
-2.301445390967810756e+00
-3.230390048755679810e+00
-2.355650305642039477e+00
8.632191117916120371e-01
4.965173154022039625e+00
1.057801122515503245e+01
8.930502072132089353e+00
-9.074420592688021703e-01
-1.422450255488007897e+01
-3.349971274697865908e+01
-3.705677551006424153e+01
-2.279854184983381060e+01
-3.195302306488828847e+00
2.763669987235392256e+01
4.206448250761050645e+01
3.719505872734479368e+01
3.129343733301335462e+01
1.710279295003915578e+01
6.166618501665478647e+00
5.288536779282351219e-01
-1.145586594737939556e+01
-2.691363592661093662e+01
-3.267603610263772396e+01
-2.892378404007348180e+01
-1.978827470644178987e+01
-1.968785786621779943e+00
7.387865866832513007e+00
7.231101685268785495e+00
8.724821012290354005e+00
7.757075349114246343e+00
7.457260009268827261e+00
8.888083967160332222e+00
7.269800204748157135e+00
3.405902374818232659e+00
-4.067852889458346000e-01
-4.766548000346507941e+00
-1.030333965878022795e+01
-1.674146339135559813e+01
-1.409335386549692970e+01
-1.378108687407059607e+00
1.685015823803901114e+01
4.349867182277308331e+01
4.840490965901517484e+01
2.888890516475145986e+01
1.907187816343521636e+00
-4.065731133141140674e+01
-5.784138736271492576e+01
-4.542104876156343352e+01
-2.991718163110937567e+01
-5.241010932891165819e-01
1.465757915189953309e+01
1.164721096145955848e+01
1.296473949484670385e+01
1.126610563979712865e+01
1.160405200528048120e+01
1.644914234101449679e+01
1.748450114546585255e+01
1.634376053399287443e+01
1.236329087243580283e+01
4.185302503122140472e+00
-6.723513045280107292e+00
-2.109773637282181369e+01
-2.708127371849309384e+01
-2.352342143805165975e+01
-1.685105009056114866e+01
-3.774767846043597164e+00
3.126837137577966441e+00
2.683762861840102154e+00
3.838294586100261530e+00
3.463641146692872042e+00
5.211082514316683678e+00
1.012973444226543762e+01
1.398489992800528547e+01
1.782025162250286954e+01
1.514156032184716771e+01
4.735036189696144149e+00
-9.572499809962152995e+00
-2.985456293532291383e+01
-3.242879530482673545e+01
-1.502164094109829762e+01
9.244121809429820757e+00
4.686752510127544014e+01
5.760887624813688035e+01
3.745341107162001748e+01
1.120138522808076331e+01
-3.188197828354183017e+01
-5.252876677898087365e+01
-4.604184180703907714e+01
-4.028239996104571929e+01
-2.490920865059053924e+01
-1.130080797388076874e+01
-2.336018498962681100e+00
1.605987341243734079e+01
4.097505087643816069e+01
4.856149706445496861e+01
3.852263989604478667e+01
2.012338759645444952e+01
-1.268068128328234678e+01
-2.704167390954683015e+01
-2.043849498775450968e+01
-1.387037501438311438e+01
8.825915042865948301e-01
6.225795450783299323e+00
-7.429768773191737230e-01
-4.905399563077628144e+00
-1.092186293388330220e+01
-1.181152053315485340e+01
-5.403049965915323050e+00
1.307540040733492281e+00
1.058390927815615790e+01
1.558884847213302116e+01
1.504548678426493780e+01
1.415391051858324190e+01
1.090581234878288264e+01
7.501512968103928536e+00
4.423203099984668540e+00
-1.155791144405698745e+00
-8.726088569917113347e+00
-1.484164621917472537e+01
-1.962860759809237621e+01
-2.442366232316426533e+01
-2.844548366996347255e+01
-2.520819407338324680e+01
-1.397963488526512776e+01
2.888259486228507811e+00
2.742773196250773182e+01
3.872643054626492898e+01
3.516427895316814300e+01
2.863937371968125944e+01
1.367506568308728276e+01
2.244959746830857306e+00
-4.276303049135969481e+00
-1.636154738505576134e+01
-3.119526469091133691e+01
-3.274244453234223329e+01
-2.062366151233319655e+01
-3.371772918756526516e-01
3.239857209644837610e+01
4.281903925375596032e+01
2.826167147448748196e+01
9.155974067688807949e+00
-2.347644342662408690e+01
-3.747864720220091783e+01
-2.904853993373905752e+01
-2.108210082431892474e+01
-5.153001389075470229e+00
3.477686928803789268e+00
1.792116398959365142e+00
4.026326511781002537e+00
6.027764193565203321e+00
9.108716454732984857e+00
1.489366053059945649e+01
1.946960266102686887e+01
2.353765314831199618e+01
2.055318364302565470e+01
9.218622231783038856e+00
-6.853541023533209930e+00
-2.983657318831979310e+01
-3.641911889556165249e+01
-2.448672601702642027e+01
-7.148244766294167718e+00
2.189730633542166416e+01
3.356263556804204740e+01
2.486454845191464003e+01
1.513707193114425209e+01
-3.207115968861166788e+00
-1.535217765145169366e+01
-1.880987751563593946e+01
-2.699865411155662898e+01
-3.607025128711411099e+01
-3.313385224322522049e+01
-1.832037085442452806e+01
5.313523346228778976e+00
4.117446761834105473e+01
5.427516523251231462e+01
4.209310179734229962e+01
2.441180149835516033e+01
-7.836529797890911198e+00
-2.303560445501826592e+01
-1.766487254400477269e+01
-1.453407644113984887e+01
-5.524478059857535150e+00
-1.343998372096450122e+00
-4.705992986230333130e+00
-3.893769647608589679e+00
-1.881458168707367928e+00
-6.796727119328875855e-01
9.728630584975999085e-01
1.763024834019003340e+00
1.573737350831704296e+00
2.002365926769057669e+00
2.835936165832383171e+00
3.245673368658576585e+00
3.467855786414374641e+00
2.030593484856387132e+00
-1.325323349403262574e+00
-5.798699995105449645e+00
-1.185724704077034808e+01
-1.098875705656246637e+01
-2.370806579071429887e+00
9.548784737428801961e+00
2.714941500309586786e+01
3.000273051309536498e+01
1.615223061977984642e+01
-2.611805065442619256e+00
-3.181715272343134160e+01
-4.109758521476382498e+01
-2.726018457422519248e+01
-9.510808842286941456e+00
2.026527880878312260e+01
3.077656707941398295e+01
1.818538573150063442e+01
4.269437785575295408e+00
-1.932977285935903566e+01
-2.491905485498019956e+01
-8.477792966450941492e+00
9.860864432345863406e+00
3.770764057143950509e+01
4.449815755363378145e+01
2.595988538126319156e+01
2.980489855407582933e+00
-3.295720539723784981e+01
-4.783676761161820679e+01
-3.734709009305447580e+01
-2.496395284334161602e+01
-1.487159153782220189e+00
1.104394958996221909e+01
9.215834675635138140e+00
1.132873428104209523e+01
1.155545113854133277e+01
1.168384275130694050e+01
1.355499551251014445e+01
1.162099176975839754e+01
6.594671722004653347e+00
2.768217875031319331e+00
-4.828197323293363930e-01
-4.786790102044592210e+00
-9.429687553963907121e+00
-1.158706296398356450e+01
-1.104683063671500953e+01
-8.660387032585102673e+00
-3.568640887332043654e+00
6.082160879847614554e-02
2.059731496123059724e+00
5.275599758195651745e+00
8.775084729371382508e+00
9.078915789119768931e+00
6.088307776355100565e+00
7.336930586847096869e-01
-7.965186392105124469e+00
-1.106551920757455143e+01
-7.949220790514515578e+00
-3.801627971404939021e+00
3.661510982071266795e+00
7.322069062913488580e+00
6.322875099972107726e+00
5.982776762033451767e+00
4.467143234465762447e+00
2.428572944601588457e+00
3.416474547291867281e-01
-3.603784241271644095e+00
-9.224559849580085569e+00
-1.011919329421051295e+01
-6.010649348783280388e+00
1.523696760673870776e-01
1.002990129543545628e+01
1.280483712377017191e+01
7.495468662546771021e+00
6.881625000714532980e-01
-1.045942140040160240e+01
-1.360379361152433297e+01
-7.291632835588816697e+00
2.083340814184122536e-01
1.220837889063999171e+01
1.589027854513881799e+01
9.569260349227851847e+00
2.123648188747528920e+00
-9.939744970556894543e+00
-1.473374317536336697e+01
-1.061210103548716432e+01
-6.181898477727892249e+00
1.786297646054868737e+00
5.591156797564582170e+00
3.941236868506951652e+00
3.217315649005265232e+00
1.326141870031535275e+00
6.501002639005639683e-01
1.972467009694577111e+00
2.447672435708806660e+00
2.802076128732922111e+00
2.736252300441162522e+00
1.870825957891966818e+00
9.207386551211789172e-01
-3.074364993963979997e-01
-1.916574470944830466e+00
-3.844323921280269118e+00
-6.233645331290037284e+00
-9.101471115931108358e+00
-8.293149241742353794e+00
-3.427958222462342608e+00
3.524485179370385968e+00
1.374416258036382033e+01
1.608802146844277559e+01
9.546645313769554164e+00
4.682584576051347924e-01
-1.414338096214262031e+01
-1.868997189187350827e+01
-1.153907526404032069e+01
-2.694804298655045116e+00
1.198530510663247028e+01
1.681267849364671108e+01
9.801634681170613206e+00
1.908455658802805877e+00
-1.108539676522077322e+01
-1.565044619715321339e+01
-9.815579841488112578e+00
-3.546969587855830497e+00
6.857892665616118322e+00
1.195958934484037961e+01
1.019098335728550353e+01
9.154493097491004150e+00
6.259193501433726325e+00
4.171281386581271455e+00
3.749682172854526652e+00
1.568759732867467616e+00
-1.604905124098610081e+00
-5.172498234963111230e+00
-9.557363270149449974e+00
-1.448584638649735545e+01
-1.996785569292467599e+01
-1.759491923256337031e+01
-6.449840932179993658e+00
9.485265320013766654e+00
3.268372210000948286e+01
3.740913945537489127e+01
2.134732056365693253e+01
-1.040288567465692982e+00
-3.669635627908177611e+01
-4.734009808400415409e+01
-2.903746150849189434e+01
-5.998554127355128607e+00
3.195577106777013654e+01
4.449955952728777930e+01
2.667183560711736590e+01
6.262607763482994194e+00
-2.754974802946703960e+01
-4.048315379630061273e+01
-2.760739843109267255e+01
-1.430935169304520471e+01
8.736138689073966290e+00
2.236559422381021278e+01
2.302472755465698384e+01
2.765942609197369961e+01
3.103591824409244282e+01
2.583400564526818854e+01
1.290903048558058330e+01
-8.569673455731400935e+00
-4.049557114830857785e+01
-5.049685358742366503e+01
-3.651519950836875239e+01
-1.579684863279239870e+01
2.005776095759127031e+01
3.481249406946968605e+01
2.478111087659698697e+01
1.444030145233873519e+01
-5.579282986956110690e+00
-1.443512382736331290e+01
-8.623611242104797014e+00
-5.821149735886456789e+00
-4.287309679136888096e-01
2.845734008738407983e+00
1.909725181917796721e+00
3.520249281216631498e+00
6.115259324763316684e+00
4.937220146534999188e+00
4.062198196174821585e-01
-6.477323178695749029e+00
-1.677830725306437998e+01
-1.891042093003631663e+01
-1.198823761606148075e+01
-2.422388128779204397e+00
1.283596259214010082e+01
2.001057249393203818e+01
1.766332212576621785e+01
1.497472415989402528e+01
8.342302780559725406e+00
2.825894018334252689e+00
-5.971547996718867823e-01
-7.378901036006659808e+00
-1.626835858395293499e+01
-1.825001133204868609e+01
-1.316802783841706592e+01
-4.392830280330271897e+00
1.040605496366773863e+01
1.566240277127237590e+01
1.016407572303377904e+01
3.399715416460002082e+00
-8.608109174023477195e+00
-1.242269203284463330e+01
-6.321393574308282304e+00
-1.364393632156168934e-02
1.007282634778084685e+01
1.289376301258664625e+01
6.703208069118191226e+00
-3.051899278877978072e-01
-1.122001282382680110e+01
-1.391574374545198189e+01
-6.685871996548692131e+00
2.104864076742800183e+00
1.583073611412810777e+01
1.953774692921999900e+01
1.134133890779760279e+01
1.222619453780913190e+00
-1.490876674225028609e+01
-2.136257413286517348e+01
-1.614128619175562562e+01
-1.019289606979959828e+01
7.116038383547678148e-01
5.508246739691350591e+00
2.488540854862122398e+00
4.815871272166437622e-01
-3.489744002240343868e+00
-1.714666927606069535e+00
7.302596568482956130e+00
1.748405105310768093e+01
3.108491361657914709e+01
3.166117212179053553e+01
1.716894185600520828e+01
-2.708424678111954087e+00
-3.265257726491391566e+01
-4.406793288491525828e+01
-3.405676360379175804e+01
-2.034477126576458517e+01
4.708618363125060213e+00
1.676245776140075705e+01
1.282603151722189061e+01
1.104038584538234247e+01
5.085202485308832898e+00
2.182793067614637206e+00
4.427136346981131787e+00
3.224675277504645443e+00
6.219509858592853213e-01
-9.769924306271828840e-01
-2.473686050875764764e+00
-3.473716391383908864e+00
-3.681617319000964894e+00
-2.397015761455977501e+00
6.899481273076347732e-01
5.475706236573095964e+00
1.233653244911915081e+01
1.425731334621129953e+01
1.071575262752997837e+01
5.463088465537010663e+00
-3.364523748616000010e+00
-1.037261566122453971e+01
-1.503985884979093690e+01
-2.158358996568223276e+01
-2.871189352660772087e+01
-2.613359878239022294e+01
-1.321257294170514207e+01
6.219329389222997939e+00
3.507902182719808337e+01
4.390645795816535468e+01
3.028640823333567056e+01
1.089509301273647424e+01
-2.206476543337262797e+01
-3.479192684330046603e+01
-2.368371866289240302e+01
-1.153879491833328785e+01
1.048139857533089447e+01
2.160137191043452276e+01
1.848892504852565466e+01
1.840393886665456336e+01
1.579669301317059116e+01
1.264804946449638301e+01
1.068889150752408135e+01
4.466583301674578621e+00
-5.292132760208372311e+00
-1.538988159249968035e+01
-2.653419480333664993e+01
-3.983307127785436563e+01
-5.487304086986267038e+01
-5.081964463115577502e+01
-2.563614616510928457e+01
1.112303433592316715e+01
6.550405482402901214e+01
8.412488368825538032e+01
6.235057806218357257e+01
3.106455674761210517e+01
-2.390586916365145242e+01
-4.749222057630299787e+01
-3.365250658221864200e+01
-2.081462250308451445e+01
5.319666653438392956e+00
1.623186076930812760e+01
6.631123196528646346e+00
1.882650299985367814e+00
-5.768652691102575503e+00
-8.048702906565980086e+00
-1.651292394091444793e+00
3.287063043638054349e+00
9.574729385791151515e+00
9.795658613836568662e+00
2.094616265457722282e+00
-7.665589345795149612e+00
-2.189235444458091706e+01
-2.508658041324383348e+01
-1.546538234320295757e+01
-2.541345196977891074e+00
1.796363040280188628e+01
2.657668029615281569e+01
2.114486793553745869e+01
1.464502508522556390e+01
1.915055490536040850e+00
-5.646281895621106273e+00
-6.265788298873394169e+00
-9.737084979408752616e+00
-1.309435149834019185e+01
-1.183967984609138568e+01
-6.486437738736947622e+00
3.200785060563372753e+00
1.835257935693897480e+01
2.245842718649775094e+01
1.450616265381552594e+01
3.438979270765977425e+00
-1.498293860912226449e+01
-2.219475895269595966e+01
-1.623957104479817914e+01
-9.562068600617333658e+00
2.689662653973257100e+00
8.868315949152940192e+00
7.138574904944320565e+00
7.094665966246219924e+00
5.630772388473487489e+00
3.698716342713482597e+00
2.234135252950039341e+00
-1.744811078590847719e+00
-7.887080672358967703e+00
-8.955349036999241008e+00
-4.798525602899680109e+00
1.357066830010788649e+00
1.131343144446981874e+01
1.299064944674418243e+01
5.274265711451524119e+00
-4.559766042977889455e+00
-1.970650060650630664e+01
-2.351291267551617636e+01
-1.409577368683240017e+01
-2.068222975480404902e+00
1.707950218086133631e+01
2.451443743785817020e+01
1.797728853245921243e+01
1.027415519778097952e+01
-3.644992741590804997e+00
-1.022972851502702163e+01
-7.474286999469561543e+00
-6.094056755080013765e+00
-2.476251498697159104e+00
-1.884927881913179282e-01
-4.534340015261703050e-01
1.385845236170002437e+00
4.275999827181209412e+00
5.414188398677829639e+00
5.162273300385991526e+00
4.054723946649811062e+00
1.517625213531630379e+00
-1.100671493624344688e+00
-3.822010871887505434e+00
-7.788297834547805110e+00
-1.277739922709478115e+01
-1.213559465913232316e+01
-5.372894979120663272e+00
4.489595354926899873e+00
1.929851981826540808e+01
2.177894666720974470e+01
1.038035163481837664e+01
-5.050118487488356678e+00
-2.914793717142738672e+01
-3.598696962913033559e+01
-2.284924483498254588e+01
-6.044926071707633852e+00
2.136245847759622762e+01
3.376772176047524709e+01
2.803756849186571998e+01
2.226633384098521518e+01
9.660267884662170346e+00
1.222067766677793044e+00
-8.548528834761749406e-01
-7.503987267513616999e+00
-1.582342608411965834e+01
-1.863912760691657056e+01
-1.652612428959524493e+01
-1.065422101489973805e+01
6.757083695068567541e-01
6.930629902133913944e+00
7.640573183748917252e+00
9.394237194038193905e+00
9.722930925715184358e+00
6.757149596983068385e+00
7.245490436535246825e-01
-9.478459965136977416e+00
-2.447402815381750685e+01
-2.788815809376757571e+01
-1.868962739376273063e+01
-5.353410792968964493e+00
1.640443249742604337e+01
2.747965343263797777e+01
2.601730653108020874e+01
2.483381849045521861e+01
1.902428848814743745e+01
1.156989766154825361e+01
3.492774260444475143e+00
-1.073991455040162535e+01
-3.050342074177472185e+01
-3.562803409865866655e+01
-2.518758624445993277e+01
-8.482957224815688591e+00
1.974781488678693719e+01
3.028634135759578427e+01
2.055771760079633736e+01
9.085223551560870803e+00
-1.165365154727762587e+01
-2.024496217244430696e+01
-1.369317974027018181e+01
-8.464351702627482155e+00
1.120713157647750702e+00
5.546008297302573276e+00
2.586258564375757629e+00
1.412197378915307056e+00
-7.116027881187614312e-01
1.652197318563813355e-01
5.361364029728659553e+00
1.078343516611699471e+01
1.774536808807529553e+01
1.809659448544108429e+01
1.065904393298964337e+01
4.120628700593804150e-01
-1.503142184148268257e+01
-2.244092746319483211e+01
-2.047235961072063759e+01
-1.755228196345521852e+01
-1.017701208066496932e+01
-4.125324367763056443e+00
-2.975776257588806928e-01
7.069966850758864219e+00
1.659593788743315557e+01
1.909238284206344716e+01
1.440239969972163792e+01
5.886497756856884145e+00
-8.841834309932860236e+00
-1.539750302580631569e+01
-1.272473889950296844e+01
-9.825603377109979775e+00
-3.095926054624277501e+00
2.785726282036141033e+00
6.914726843579891202e+00
1.452046776118653959e+01
2.447763232655584531e+01
2.425087264011598620e+01
1.333456427603428018e+01
-3.130089591766485047e+00
-2.847315266405477630e+01
-3.711915067225928766e+01
-2.691474802217719997e+01
-1.298333572483402243e+01
1.137329020467298157e+01
2.134455136601113878e+01
1.405024647403204519e+01
7.002768290220653391e+00
-6.295070984117433710e+00
-1.005604804604457669e+01
-1.576861230394540403e+00
6.276410717522607818e+00
1.785438710627484227e+01
2.007436710718423711e+01
1.058341839137967355e+01
-8.445643762416709110e-01
-1.801814346925571897e+01
-2.489371788416697129e+01
-1.935640107382651109e+01
-1.231467647717432712e+01
6.436322045910649603e-01
6.832439723205525617e+00
4.497245191342691406e+00
3.461646862762648880e+00
3.776793905621481096e-01
1.032822553983943514e+00
6.790460183014744189e+00
1.217978137110032577e+01
1.888599413732743670e+01
1.851158361903213390e+01
9.680176114828118017e+00
-2.275198843783056368e+00
-1.987055621835181896e+01
-2.635451125252038196e+01
-2.000392825074872150e+01
-1.102545448592488064e+01
5.100056236962641876e+00
1.308307855845074030e+01
1.114115379993487132e+01
1.046202873597918703e+01
7.096249321326443926e+00
2.958669286525053010e+00
-9.473127555753559914e-01
-8.781911120831843220e+00
-2.004517949621897088e+01
-2.159867926115693493e+01
-1.292667870547016662e+01
3.296776555148442367e-03
2.058256266995641326e+01
2.791906443503714641e+01
2.014495874456108382e+01
1.015030582502971868e+01
-7.512533219084419400e+00
-1.536889508112769498e+01
-1.119427903807455493e+01
-7.906661055855824571e+00
-9.118360850680219398e-01
2.504285554701641825e+00
6.877744962631515691e-01
8.840622806544985446e-01
1.061562115326650124e+00
2.518884925995341639e-01
-8.453483805509061089e-01
-3.385592656537952827e+00
-7.454078469693608433e+00
-6.356444067713542090e+00
2.555673275127688937e-01
9.124325502736231996e+00
2.198856388497366865e+01
2.372290858479748721e+01
1.286362699497572670e+01
-1.929566033880285802e+00
-2.476637476237132773e+01
-3.190455658581360510e+01
-2.088043003183777557e+01
-6.534454777018378735e+00
1.748717955335125751e+01
2.663001303717792467e+01
1.793749280569048921e+01
8.507361181087684798e+00
-8.187736652623566869e+00
-1.553869783594046972e+01
-1.089474791872630277e+01
-7.612992979645973435e+00
-1.193970851949351708e+00
2.809513255733241621e+00
2.764215317139026240e+00
5.015490241126110860e+00
7.933088387952845544e+00
6.598783434686403382e+00
1.282786534545557577e+00
-6.989112892691418111e+00
-1.941293056431284469e+01
-2.190988940358894510e+01
-1.341256198630493834e+01
-1.670497139462546299e+00
1.702481647381829077e+01
2.595885895344624217e+01
2.339979499603206392e+01
2.049963628968079732e+01
1.289678695081075688e+01
6.821188525682591930e+00
3.477636521226796340e+00
-3.776418064124289042e+00
-1.338923650848311908e+01
-2.079828279789935053e+01
-2.645829877120622697e+01
-3.144012416109192287e+01
-3.476109066661521041e+01
-3.025561398848741845e+01
-1.705015407061889832e+01
2.858540960701052125e+00
3.153925241859810313e+01
4.717690276707106989e+01
4.818555282646305216e+01
4.700318090199687049e+01
3.797643189742485959e+01
2.522022830171472663e+01
9.352658332860416479e+00
-1.654523236585206192e+01
-5.193795625764865775e+01
-6.498952278185902287e+01
-5.403156351144301084e+01
-3.418967873473357599e+01
2.892879895895885234e+00
2.168170608873981564e+01
1.911577280304475224e+01
1.951984317507418254e+01
1.406054056867059820e+01
1.148632931878302799e+01
1.434775143864884051e+01
1.132776074621005691e+01
4.765802889908060003e+00
6.540079495810148247e-01
-2.116352994171621926e+00
-4.791061832506397167e+00
-6.340875403036863034e+00
-7.698907468402896193e+00
-8.774930265382886674e+00
-8.341415335645104179e+00
-6.435164300615370259e+00
-3.426355566377870865e+00
9.746799044297826953e-01
7.088213063215754950e+00
1.500680260276889832e+01
1.480100652093444857e+01
5.604798084321397589e+00
-7.736162310030744393e+00
-2.800031581257028179e+01
-3.301763077369051302e+01
-2.077023821005811755e+01
-4.269734645762132352e+00
2.239153922843704692e+01
3.451893362635031082e+01
2.937993034917116475e+01
2.380259447648716886e+01
1.129970801741986719e+01
2.572557116948837930e+00
-3.786951153764702704e-01
-8.100070790621467509e+00
-1.783051102757735151e+01
-2.263843227709350003e+01
-2.310426788773477469e+01
-2.042679553470793508e+01
-1.298749732301743975e+01
-6.872912695853377940e+00
-2.149683443603708444e+00
5.595609664634783265e+00
1.514498306268965422e+01
2.110614039267390396e+01
2.346532605177792163e+01
2.396143985484393468e+01
2.119578801113002697e+01
1.540296899431984556e+01
6.296947229012369363e+00
-7.585057399293496871e+00
-2.655522648642777028e+01
-3.451910036567632289e+01
-3.042191173333556620e+01
-2.240099178156059523e+01
-6.188434676414294344e+00
3.321502957980239756e+00
4.793942730035560373e+00
9.111078121757316239e+00
1.264668269232273801e+01
1.484334075729809399e+01
1.656913302517321185e+01
1.522864667600565625e+01
1.072653395936278287e+01
5.899568456083665424e+00
2.966709537860164891e-01
-7.718971526477957035e+00
-1.778110704974958978e+01
-2.084030476694543665e+01
-1.623646885990830668e+01
-8.095840764099500930e+00
6.090677356104493789e+00
1.213210359945366079e+01
8.870742611771891717e+00
5.344210241546893059e+00
-2.046002938800889570e+00
-4.376644254065526596e+00
-2.976536667115101675e-01
2.970004386227190096e+00
7.792590557179277511e+00
8.930567922237626632e+00
5.229101897687104206e+00
1.073456929233543855e+00
-5.105700932220786470e+00
-8.362567818850061840e+00
-7.905131046302112274e+00
-7.434416318721250860e+00
-5.563391843607691456e+00
-2.816922113759287249e+00
5.394613358744900777e-01
5.960852283059988821e+00
1.336203983409779816e+01
1.406847433740612985e+01
7.534954842887400694e+00
-2.126492423810728560e+00
-1.724272980544417422e+01
-2.101256607216415873e+01
-1.190440377239615088e+01
5.137265112847283488e-02
1.930549529285706356e+01
2.445870152322713054e+01
1.310130195635007411e+01
-8.123012222988856834e-01
-2.302288330404338623e+01
-2.985916044876220710e+01
-1.835211638985286697e+01
-4.602066672315755724e+00
1.780837927329570647e+01
2.689810650365359024e+01
1.968126151064439711e+01
1.204283239850009046e+01
-1.960723530549772331e+00
-9.073574615552228551e+00
-6.998947212895049397e+00
-7.036745866126053350e+00
-5.592182586008194178e+00
-4.199152497108571858e+00
-4.031947446552567094e+00
-1.432423501143206712e+00
3.040962037971040477e+00
4.412051218595840041e+00
2.823087205854673876e+00
2.573974625185588283e-01
-4.422418188512397208e+00
-5.002093743963666128e+00
-9.273488893432841884e-01
3.905509821643368351e+00
1.110379829597552614e+01
1.246383961504175275e+01
6.989587998547878378e+00
-9.546105423158537939e-02
-1.105084931443980700e+01
-1.479759292205982923e+01
-1.006340467962005825e+01
-4.055538681598032547e+00
6.216103322169360901e+00
1.053105029265270254e+01
7.577839271387448505e+00
4.768483760993840193e+00
-6.137608825194471596e-01
-3.901561729384466215e+00
-4.143464868088580388e+00
-5.822849744378436831e+00
-7.673236474237508098e+00
-7.069957524207810096e+00
-4.235413257591812197e+00
5.958974863457100479e-01
8.068090527793321698e+00
1.088323399359123655e+01
8.581438831810762835e+00
5.233667824772016530e+00
-1.022497403925259007e+00
-4.378269197493966480e+00
-4.176230435722986023e+00
-4.769193544936119800e+00
-4.685192174574174473e+00
-3.586450191834370749e+00
-1.790436312997904178e+00
1.734917738902101991e+00
7.077317734024136442e+00
8.110834537874207939e+00
4.530073206581650247e+00
-6.161190592682422862e-01
-8.903827637778698900e+00
-1.047362824658802793e+01
-4.367697892646584812e+00
3.379698053378206168e+00
1.538911147285210212e+01
1.888671870018269416e+01
1.240230603966387513e+01
4.225923162519305443e+00
-9.093153532781142800e+00
-1.608258832571009123e+01
-1.526989733791777226e+01
-1.506235166000543835e+01
-1.242356047728507917e+01
-8.032250556972343247e+00
-2.519015000011833205e+00
6.990037965772368800e+00
2.038020586470076978e+01
2.375900180389152538e+01
1.640882879151252638e+01
4.977946845815353960e+00
-1.416398773913048714e+01
-2.106413656431917047e+01
-1.390583637964730812e+01
-5.354825597954092409e+00
9.755768189317354455e+00
1.482202915776874441e+01
7.609574325194990330e+00
3.312102332425741480e-01
-1.145395408959634054e+01
-1.536022809764306096e+01
-9.319735027521625526e+00
-2.887606163878482235e+00
7.404833823174342911e+00
1.281027419484588847e+01
1.181929972021530872e+01
1.152002795834345150e+01
9.485059364586884811e+00
6.942941073129264673e+00
4.556155821383137905e+00
-3.039543362159961015e-01
-7.296889209798587572e+00
-1.201761428167046830e+01
-1.452599749456458333e+01
-1.673801864566225106e+01
-1.763272469439086976e+01
-1.422934276771070117e+01
-6.179411663401544352e+00
6.007683038564477940e+00
2.336202096420203489e+01
2.873768486591717064e+01
2.083033504783926659e+01
8.822026498973180253e+00
-1.185210903566857610e+01
-2.045202594472040047e+01
-1.492868691007050685e+01
-9.135147770184284255e+00
2.283790874411966598e+00
8.328238037724080556e+00
7.125417582563108532e+00
8.360244826076591806e+00
9.119776949478637817e+00
7.605152725380327716e+00
4.602616436688394153e+00
-1.358362601922482371e+00
-1.061972700966426864e+01
-1.436766479529721252e+01
-1.226664111349972686e+01
-8.885653732738777677e+00
-2.045009792386402125e+00
1.690732238016217970e+00
1.621778349298425681e+00
2.722763725118932943e+00
3.363981222711399877e+00
4.667127408124840393e+00
7.182550260614874560e+00
9.095562307831619009e+00
1.077318996612270574e+01
9.543682687076664450e+00
4.857229457910253956e+00
-1.770876394065509896e+00
-1.123141064410280876e+01
-1.519784225114621456e+01
-1.292104262165608475e+01
-9.198439632100612329e+00
-1.800010329919736307e+00
2.556866038770051031e+00
3.140267231785026425e+00
5.098852919577560705e+00
6.761917748635626779e+00
6.161385743443307028e+00
3.553564312339553055e+00
-1.460383419918474868e+00
-9.404691043998244737e+00
-1.204843155301295532e+01
-8.943548584677051494e+00
-4.542991866124801881e+00
3.237029316690966940e+00
8.943650065519987535e+00
1.197456328437718831e+01
1.671277460821589500e+01
2.183095986404844524e+01
1.995136977413504198e+01
1.076034373254357135e+01
-3.304243456317141447e+00
-2.430260144153657009e+01
-3.379280615247496655e+01
-3.038163900332960310e+01
-2.475413339751353803e+01
-1.213298535366369713e+01
-4.062537873394512111e+00
-1.941992712358219464e+00
3.831413235154538910e+00
1.042694596548534669e+01
1.797663142941843972e+01
2.751107082449996710e+01
3.682792170670911958e+01
4.619512986852003422e+01
4.192719095465529477e+01
2.219738616658323949e+01
-6.408798657026820500e+00
-4.808502821100043434e+01
-6.590902426784603563e+01
-5.670735710607132773e+01
-4.193563583167044584e+01
-1.181992347335135740e+01
6.935497078084712719e+00
1.127894105751055420e+01
2.241623896828492590e+01
3.374242541359378578e+01
3.529044965292139580e+01
2.808020915601314016e+01
1.164685352402665508e+01
-1.657771726117846711e+01
-2.773455653815973321e+01
-2.040142677271899885e+01
-1.086971707080440552e+01
7.978420914508440376e+00
1.491192228300907807e+01
7.296838368475373926e+00
1.150340723905668439e+00
-9.014017818496942169e+00
-1.243685191357854691e+01
-6.764357956680704831e+00
-1.524129590996721406e+00
6.413759315746690781e+00
9.812028070362819321e+00
7.144374694554909588e+00
4.464200738110727151e+00
-3.636928139172831975e-01
-2.999056589241865911e+00
-2.583722365142361532e+00
-3.016045501319831956e+00
-3.087605411194079608e+00
-2.362859999964485258e+00
-1.162706852832868343e+00
1.300067330717927794e+00
5.101332677013489025e+00
5.960082725251274027e+00
3.685175707530706557e+00
4.146260225498937801e-01
-4.938851987870228832e+00
-6.872172023498817062e+00
-4.847584224768967331e+00
-2.412429607017128941e+00
1.869751339705106652e+00
3.519367390121814321e+00
1.923459992106453686e+00
4.159882786757703732e-01
-2.200971599418531266e+00
-2.823774702484989074e+00
-9.084093847405785294e-01
1.082235167876429704e+00
4.021116410490761517e+00
4.475119460085951850e+00
1.922349430777086754e+00
-1.281399481302766485e+00
-6.114936635744018467e+00
-6.493774671788701269e+00
-1.712527812712164144e+00
4.502164927540183825e+00
1.383212574444567977e+01
1.609328891811124507e+01
1.018284025719665742e+01
2.386916866066653320e+00
-1.005807531974874713e+01
-1.631961490892124189e+01
-1.514485129422831200e+01
-1.407128424865305227e+01
-1.024627073305792990e+01
-6.183221922228697487e+00
-2.572302642236453440e+00
4.189492257967770250e+00
1.350501995502789754e+01
1.752835618408956719e+01
1.609108165037835292e+01
1.255647308265764472e+01
4.944564837645287092e+00
-1.643502299122049370e-01
-2.285748825215787150e+00
-6.311962450282784687e+00
-1.071398363832156342e+01
-1.246443347898678233e+01
-1.173081870721353503e+01
-8.781217574248831426e+00
-2.818531341941228341e+00
1.851809825044610780e-01
-1.314620463866958411e-02
2.176994011921810079e-01
-5.270464511350642089e-01
2.189401438614723361e+00
9.030773533851872870e+00
1.678609609942710890e+01
2.668434976625299271e+01
2.582665016209331910e+01
1.271532167178180650e+01
-5.546273255583561657e+00
-3.264578952407173773e+01
-4.179311328722280194e+01
-3.040861715108346885e+01
-1.450100406898156891e+01
1.310447488865802690e+01
2.417317935761835201e+01
1.551532458935855274e+01
6.742399530394087570e+00
-9.542620618550031963e+00
-1.364502897315239949e+01
-2.397477667957838676e+00
8.718521530601272218e+00
2.510461491167679426e+01
2.833186570684326711e+01
1.538358235169242327e+01
-5.496868321222901921e-01
-2.475591722209284029e+01
-3.317267042012951350e+01
-2.277478432788783635e+01
-9.549818562760735929e+00
1.309388518652257538e+01
2.270957967298506475e+01
1.639711110224641999e+01
1.048411672819856655e+01
-1.001209396548226938e+00
-8.427437762666567522e+00
-9.758769789120956162e+00
-1.455512011439956943e+01
-2.021024193583932771e+01
-1.924429429020768012e+01
-1.199109745793979442e+01
6.291812799191204286e-02
1.879410731818811087e+01
2.768960880394207535e+01
2.568722681299306387e+01
2.237332395296830256e+01
1.357940059809154576e+01
6.100325387621606588e+00
9.004420752931132643e-01
-8.801380754197190015e+00
-2.143732893349683621e+01
-2.666474498960501194e+01
-2.438421171367895468e+01
-1.841426644319661676e+01
-6.115585876387489073e+00
9.236260757270617905e-01
1.948445917629077817e+00
4.866855338722922752e+00
6.930466472870594252e+00
1.111681074593546725e+01
1.835019783381225977e+01
2.507461722708537266e+01
3.216068025788042206e+01
2.937224263070930874e+01
1.519644131227672901e+01
-4.916272068560547659e+00
-3.410131038068447396e+01
-4.708636988535447188e+01
-4.159782106560401616e+01
-3.254021862520446717e+01
-1.320038259725409091e+01
-7.049115923288715724e-01
2.932426497014112954e+00
1.170279892693824486e+01
2.139858281261588857e+01
2.660771063607619169e+01
2.820854715588733086e+01
2.552152790156877060e+01
1.726475445640433648e+01
9.503326432916244570e+00
1.980051639826648557e+00
-9.532727281358543081e+00
-2.397313360905881297e+01
-2.969962870909342456e+01
-2.610699252052337727e+01
-1.806744399328905715e+01
-2.420271989676434199e+00
6.725470285444615115e+00
8.380210457465196328e+00
1.217120858088850710e+01
1.470950882553466599e+01
1.336027163056360401e+01
8.576648452745081030e+00
-1.106932528325108800e+00
-1.647846272223107533e+01
-2.091539698387806112e+01
-1.354676246925230920e+01
-3.161473487797299864e+00
1.446284834687981480e+01
2.145759802895246793e+01
1.596440022708615381e+01
1.007792785449378492e+01
-8.389100595561693741e-01
-5.680511686873841448e+00
-2.638528935046008606e+00
-8.397976635577013571e-01
2.712033293014392665e+00
8.509601899781368273e-01
-7.930748610495950146e+00
-1.781095763272194787e+01
-3.092421367060868320e+01
-3.153022506076583653e+01
-1.766109865159754477e+01
1.428156849995141586e+00
3.022793236629563296e+01
4.279312503617736496e+01
3.650649921540632903e+01
2.768279749396863210e+01
9.431473297942272183e+00
-1.764004901144216486e+00
-3.677141773414074777e+00
-1.006694002636267271e+01
-1.676926256517217340e+01
-2.047432544793660014e+01
-2.222672368563983980e+01
-2.034151513479019968e+01
-1.412030881298788287e+01
-8.095050284573094501e+00
-1.908932528953485086e+00
7.393919802803204711e+00
1.908110647851297159e+01
2.363068720158706526e+01
2.049107463254538430e+01
1.375948590919677805e+01
8.362286400382623608e-01
-6.721936243500599595e+00
-8.083283476784625776e+00
-1.114127940883389911e+01
-1.310924363943431104e+01
-1.122373541745595205e+01
-5.788690268263406935e+00
4.128611404790892614e+00
1.935481469000598409e+01
2.323966951097423816e+01
1.478867022485004412e+01
2.800819994919137024e+00
-1.702167561642603744e+01
-2.393934940051573079e+01
-1.584418639670244389e+01
-6.280356491560040055e+00
1.018489374215216081e+01
1.722277632433657857e+01
1.254566366303929037e+01
8.472016697296766097e+00
6.309211523621895967e-01
-5.378957426048399881e+00
-8.121219147827900997e+00
-1.389406186336901072e+01
-2.115586085134904337e+01
-2.023753558217106274e+01
-1.096664663184448507e+01
3.279254016814493689e+00
2.503622628330983346e+01
3.292997655762272302e+01
2.526654932594131608e+01
1.448578510479915593e+01
-4.981846268061792316e+00
-1.352362807680780321e+01
-8.882898965660643853e+00
-5.146656059183995602e+00
2.771939233247633361e+00
3.349990946523779378e+00
-5.548290639132944513e+00
-1.429355417508507919e+01
-2.611363773798964516e+01
-2.712839069733568209e+01
-1.514499735843678430e+01
6.216457130191077596e-01
2.422183996656940863e+01
3.435914394293640584e+01
2.866542544286949479e+01
2.082853433920258013e+01
5.114405846984587889e+00
-4.705093280404735623e+00
-6.749000309310186019e+00
-1.251263671392728227e+01
-1.850397439019734946e+01
-1.853857873928745548e+01
-1.312887761334372350e+01
-2.446582319408494133e+00
1.509520174715215468e+01
2.080156610585108012e+01
1.358149719136059552e+01
3.862439908480919559e+00
-1.307986043022943434e+01
-1.845318815223089004e+01
-1.014046419753675821e+01
-1.051330225377074212e+00
1.375116994778837132e+01
1.880564125733435077e+01
1.180952014658581462e+01
4.201352616502398440e+00
-8.268163821542730219e+00
-1.352741479041250550e+01
-9.652081311214820047e+00
-5.953506028872919131e+00
9.008449520864562077e-01
5.058761721927754529e+00
5.293016569505168079e+00
7.190735703193664285e+00
9.137456045214786826e+00
6.442275912890076839e+00
-7.863759594129833275e-01
-1.164155146465086688e+01
-2.735922441490084012e+01
-2.980488272024136265e+01
-1.755723051985447469e+01
-3.539474482633457875e-01
2.664740989331543730e+01
3.661025865151719927e+01
2.686574259436466861e+01
1.437676566006001622e+01
-7.944019018800578813e+00
-1.812098541175423350e+01
-1.329497663813489439e+01
-9.935060017752107342e+00
-2.262431246064332768e+00
2.457126850890347214e+00
2.279649724850827841e+00
5.411778916535602058e+00
9.815591960439883579e+00
1.050520297979999640e+01
8.019585522750341866e+00
3.154617291578212690e+00
-5.193845953419100603e+00
-1.040015052555110486e+01
-1.216381400313339078e+01
-1.462809691403854195e+01
-1.623883111920816091e+01
-1.371587955885370747e+01
-6.984557362688754267e+00
3.668385483541348968e+00
1.924837123151313278e+01
2.479018339078134403e+01
1.924979008474979736e+01
1.074197104068530528e+01
-4.648470344438091928e+00
-1.191930978840801814e+01
-9.529231087581539583e+00
-8.009915093763643412e+00
-3.534783281603015581e+00
-3.532759038879363933e-01
3.939143849513480067e-01
3.865149057249583020e+00
8.923865787764063029e+00
1.006666374865528724e+01
7.474513652227254390e+00
2.934970112026980438e+00
-4.862039290536372960e+00
-9.059387809901844335e+00
-9.188284099795790638e+00
-9.662629205823725087e+00
-8.804610314649645275e+00
-6.154785127824890623e+00
-1.926524601099980805e+00
5.046242061999787865e+00
1.496800905758117928e+01
1.686870795904135889e+01
1.005334542164714762e+01
6.347583309980225907e-03
-1.617442329224803998e+01
-2.132370841680160822e+01
-1.382214402133895348e+01
-4.361475754503466362e+00
1.156675355417146811e+01
1.824377296422535011e+01
1.369588678327883358e+01
9.211784943979671070e+00
6.223387114662073394e-01
-4.142853794040548543e+00
-3.567033701454813688e+00
-4.893737390394679920e+00
-5.969156323452497581e+00
-5.708527459459079800e+00
-4.735552818635308192e+00
-1.835199439538825139e+00
3.165486829194172458e+00
4.743381933147495566e+00
2.741036423631308949e+00
-8.794109811948974675e-03
-4.846909297505906267e+00
-5.569009280296458364e+00
-1.513166298743563232e+00
3.260328584780177064e+00
1.039115275129671545e+01
1.148205983802097663e+01
5.494452019517511054e+00
-2.223712672891156483e+00
-1.399628690386654561e+01
-1.676406711211661715e+01
-9.054634121721520046e+00
9.354005486004259851e-01
1.676140053000527175e+01
2.137731987411905976e+01
1.282297694001675303e+01
2.243638387276743806e+00
-1.495333531045556796e+01
-2.097027854969466176e+01
-1.355588212926032732e+01
-5.066504230616484250e+00
9.295166354060999225e+00
1.499208639253428466e+01
9.898693981752378690e+00
4.965041904493444846e+00
-3.754429143876419683e+00
-7.898224734946760250e+00
-5.879674560470262712e+00
-4.965207401466035897e+00
-2.831965455342444926e+00
-8.696321326943099450e-01
1.365956913730497491e-01
2.760899992021184968e+00
6.537139773543223065e+00
7.323017488049319290e+00
5.112849692425515791e+00
1.525985616325763905e+00
-4.458466433031580856e+00
-6.155526549927820668e+00
-3.005000736040528864e+00
9.308826368390262784e-01
7.383239141914545556e+00
7.747016274369787681e+00
1.009152995769880379e+00
-7.300293741454437324e+00
-1.952600080092961932e+01
-2.167607669642417889e+01
-1.214167970984749090e+01
4.512354093508610942e-01
1.995252627090392750e+01
2.720902299100121269e+01
2.009735774739609582e+01
1.104864509572434805e+01
-5.068468332014785638e+00
-1.210102352978984186e+01
-7.920773162780745835e+00
-4.579502264005688161e+00
2.194755979567722282e+00
3.788147475628948158e+00
-1.534984632617642619e+00
-6.172292714805597491e+00
-1.255286141332405947e+01
-1.320041936244371783e+01
-6.676401884257235686e+00
1.498339484720836445e+00
1.356311237639698852e+01
1.717700481351781505e+01
1.086317479965354593e+01
2.436574028248169821e+00
-1.150220760022166466e+01
-1.669062481157213540e+01
-1.147340927280762912e+01
-5.571419148720104353e+00
4.806446043733330065e+00
1.143803829747314893e+01
1.298638242234659401e+01
1.656137420110312419e+01
1.999846737511510142e+01
1.860537147103856626e+01
1.259908868870918752e+01
2.453338463178530660e+00
-1.307621662336453561e+01
-2.341472560161790639e+01
-2.804041805477290694e+01
-3.320765052845253962e+01
-3.635111455158859428e+01
-3.020589909306468002e+01
-1.429295410461704563e+01
1.013626782073576749e+01
4.538369328897902477e+01
5.808574032824628830e+01
4.579181977846043594e+01
2.663444214961347711e+01
-8.178089170044083644e+00
-2.475254487711928775e+01
-1.963672801715035732e+01
-1.660820378564493183e+01
-7.034918756348258029e+00
-3.175642330482165931e+00
-7.885446993675063077e+00
-8.286178521327379087e+00
-7.725007090256251097e+00
-6.497793452365925759e+00
-3.059971828418331707e+00
1.851283076880776979e-01
3.634016727952145143e+00
8.066849429715935216e+00
1.318642204330964596e+01
1.903135094634993507e+01
2.567336245332182543e+01
2.373711001606201165e+01
1.229565272252729535e+01
-4.237294794914799212e+00
-2.856477993063922582e+01
-3.749644997938880664e+01
-2.899047779315133511e+01
-1.652142890586371138e+01
6.074274436646376785e+00
1.713494548156768360e+01
1.425734241864738472e+01
1.308317610322308155e+01
8.054145012126896930e+00
3.476380032027764244e+00
9.036682026250557609e-01
-6.266852580619946878e+00
-1.687544759465788502e+01
-1.871408605501902400e+01
-1.164692530823203498e+01
-6.944741217631404950e-01
1.718454943838907312e+01
2.362754127647553659e+01
1.707576867780661445e+01
8.899913221966537336e+00
-5.633755104065762076e+00
-1.193128614548435529e+01
-8.069853802994105152e+00
-4.962593389414418077e+00
1.243127986761045856e+00
2.674092731184264160e+00
-2.258071226566981338e+00
-6.653805536302717982e+00
-1.274189910192729158e+01
-1.369207876057051010e+01
-8.208560868615885298e+00
-1.353043108544261353e+00
8.907469840803187822e+00
1.584529802981994706e+01
1.856604387908017983e+01
2.206358761285742887e+01
2.454667209393216964e+01
2.129849681024391117e+01
1.217275825450265891e+01
-2.134159908239579018e+00
-2.304059066160440494e+01
-3.461189359286590417e+01
-3.582804495993030258e+01
-3.568357903587831714e+01
-3.011438857245557443e+01
-2.124245827287813526e+01
-9.446476148549894702e+00
9.826768355665640442e+00
3.642119872356727228e+01
4.887735895996878810e+01
4.615820767818622272e+01
3.868449701814606101e+01
2.090578220283880739e+01
7.935692593403068429e+00
1.042065271649515568e+00
-1.189818958607096100e+01
-2.742221992672243402e+01
-3.662261672227166542e+01
-3.995260874897219594e+01
-3.909260398880385878e+01
-3.181414371631318261e+01
-2.127913989341925216e+01
-7.034687963230182639e+00
1.461722025100715605e+01
4.353038119799511918e+01
5.527078981058991758e+01
4.829902854594939754e+01
3.447273490539706842e+01
7.268235980684331743e+00
-7.773718493756273773e+00
-8.486801245937984461e+00
-1.286950052206443829e+01
-1.466879552639575124e+01
-1.881368948727630297e+01
-2.719839034178102111e+01
-3.251199604232560603e+01
-3.617842015963579172e+01
-3.089370787779447625e+01
-1.475286157798769970e+01
7.879295005133382546e+00
3.962494585439214489e+01
5.343162815743630745e+01
4.687257907555481751e+01
3.532495017344880495e+01
1.151350727696229370e+01
-3.397695044061074476e+00
-7.174235064405755757e+00
-1.629747321253068293e+01
-2.558265729854992188e+01
-2.822322639847081405e+01
-2.508565430881591141e+01
-1.533650004753086016e+01
2.765187112116598733e+00
1.235927370987626794e+01
1.289736130936436886e+01
1.419993163400539160e+01
1.231189864665236833e+01
8.908532179502007153e+00
4.638285141924153976e+00
-4.514865120139170074e+00
-1.830608643460410789e+01
-2.087675007793360749e+01
-1.155247896520666551e+01
2.090834527077818361e+00
2.412135346240183154e+01
2.931025704787549913e+01
1.528511274441516932e+01
-2.461482485348972737e+00
-3.058341736301295555e+01
-3.839033229831930072e+01
-2.227796622096657231e+01
-2.445508266387748542e+00
2.939333006521788860e+01
3.965529175353390912e+01
2.410471392369852595e+01
5.723455658724901696e+00
-2.458550474672017216e+01
-3.544019494641106149e+01
-2.254177191896383903e+01
-8.494849863197483586e+00
1.521718459367056298e+01
2.581911936829393994e+01
1.967580435153176310e+01
1.477206769639387041e+01
4.883824340542742171e+00
-1.200421023659628217e+00
-1.244094101376951977e+00
