-1.068782972752689986e+01
-8.743474885099727700e+00
-7.090158419422472491e+00
-5.826033246442204216e+00
-3.304553629587891450e+00
7.188451274746721076e-02
2.351023730482189933e+00
3.560144301738767503e+00
4.365785335809622580e+00
4.285535428215690779e+00
4.897300027016859403e+00
6.276736198746666773e+00
7.234994392461369550e+00
8.113637287772359485e+00
7.811558903729229009e+00
6.079953254628318149e+00
3.670127576875994446e+00
2.241052256035138690e-01
-3.932936257933067559e+00
-8.772218282616060847e+00
-1.479487896369638911e+01
-2.196126591243682569e+01
-2.526358310866382695e+01
-2.430311901422474818e+01
-2.144029911244223641e+01
-1.528299732934575594e+01
-8.877807377301854430e+00
-2.388658586666981165e+00
6.938741578440277280e+00
1.850315334343511253e+01
2.517852605796640475e+01
2.665414463520705723e+01
2.593131659497768027e+01
2.111356785943382519e+01
1.708430445425949884e+01
1.409284137887780908e+01
8.057755542875355559e+00
-1.516027857731838679e-02
-5.230423245920913011e+00
-7.644828847010583850e+00
-8.926244652480507469e+00
-7.858136989820105889e+00
-8.376014449619427538e+00
-1.066197764469696629e+01
-1.173433337117325692e+01
-1.243890557449516265e+01
-1.197511726621209327e+01
-9.914274844660560859e+00
-7.210315941099136872e+00
-3.531090325364441895e+00
1.440006274094501659e+00
7.676914480311469724e+00
1.535652123594106655e+01
2.458633223744486074e+01
2.905871748194734749e+01
2.823419698497448849e+01
2.520350356010373005e+01
1.821125768487359053e+01
1.097949629359172441e+01
3.733045458955317031e+00
-6.936016844107832924e+00
-2.028608731833540446e+01
-2.798727080436922066e+01
-2.970558047260143297e+01
-2.892536065386297039e+01
-2.344216576982156042e+01
-1.900650582143218870e+01
-1.591583685599996656e+01
-9.395791052650096731e+00
-6.375518809393130315e-01
4.913234428041485025e+00
7.343319451985936830e+00
8.454642363093968882e+00
6.898576271575336705e+00
7.107132867516616770e+00
9.277198080998958929e+00
1.006882955450734585e+01
1.043271838558888831e+01
1.022335113187364541e+01
9.039376942641062840e+00
7.600582564620514070e+00
5.755034194403905623e+00
2.715311382129274698e+00
-1.502681615659425596e+00
-6.678066026590830262e+00
-1.300708154544739514e+01
-1.640669567978777010e+01
-1.650581770069104692e+01
-1.540261958337819337e+01
-1.196419912450880751e+01
-8.515635405513165779e+00
-5.222081810980598426e+00
6.962599404468416964e-02
6.886305502488714758e+00
1.112905026094687599e+01
1.270295461787386238e+01
1.325580878828443332e+01
1.173061969245631708e+01
1.107753629177696020e+01
1.145561123700703021e+01
1.049444214420979726e+01
8.820342531098958716e+00
7.221500072775953960e+00
5.478111828952384244e+00
3.632772205985777880e+00
1.814587341556067379e+00
-1.056574959810917314e+00
-5.016414019307001482e+00
-9.447967987012431124e+00
-1.460538505650444741e+01
-1.702824227536400414e+01
-1.633374137830024608e+01
-1.434910111354495577e+01
-1.008430482582737397e+01
-5.396304596493878059e+00
-4.069564208334977007e-01
6.695421717398256867e+00
1.555203904830941219e+01
2.023973813479671691e+01
2.044720733570173365e+01
1.876546253482732496e+01
1.360430492649326517e+01
8.891873723416610531e+00
4.838624935110610537e+00
-1.898892762606507301e+00
-1.051517718529948198e+01
-1.575008075829402188e+01
-1.753170850316576335e+01
-1.783037999453629396e+01
-1.529413604882339683e+01
-1.386695815801576970e+01
-1.373357065128483967e+01
-1.177233402076237745e+01
-8.812312779894989845e+00
-6.744925297365892192e+00
-5.369843400577127390e+00
-4.344495503205203946e+00
-4.088491658037202825e+00
-2.677281369500765340e+00
-4.669814494491617007e-02
2.510838425442263322e+00
5.419881368616439765e+00
8.034932164134975352e+00
1.017180896278326863e+01
1.244679920577289955e+01
1.465660846158447761e+01
1.685364951941230061e+01
1.909191313104350129e+01
2.116722953035072408e+01
2.309473848998697676e+01
2.276075326046953506e+01
1.990150952617519664e+01
1.550363192857581218e+01
8.925551370078778746e+00
1.329256397346263663e+00
-7.266708475036371517e+00
-1.804769856408933748e+01
-3.082844857931694094e+01
-3.732422244328464700e+01
-3.690851525557215496e+01
-3.340535843398662053e+01
-2.451670755202643903e+01
-1.539892612080135947e+01
-6.316837641495077094e+00
7.339903814596414833e+00
2.455294671095820647e+01
3.411084249575645089e+01
3.556088623958535777e+01
3.358008263489677603e+01
2.519735495094375466e+01
1.817721345735583682e+01
1.291654420337741094e+01
2.970835962785368878e+00
-1.005379378202000140e+01
-1.821483330805259726e+01
-2.156967222333954837e+01
-2.283011879405903599e+01
-2.000440856869437667e+01
-1.941740503647167415e+01
-2.134810746395728742e+01
-2.096084743155277863e+01
-1.960099686874227132e+01
-1.770644424648675042e+01
-1.474486253905948807e+01
-1.141868649432320915e+01
-7.681433160197160603e+00
-2.002877118115422128e+00
5.628289534450991560e+00
1.455068202982821646e+01
2.513439904893760968e+01
3.119824925645360025e+01
3.213191894631693657e+01
3.115572269793205606e+01
2.653479534317968458e+01
2.170430831243573166e+01
1.690438003471417971e+01
8.889516531509435993e+00
-1.652827856123625594e+00
-8.214783219073634513e+00
-1.063448667013998161e+01
-1.158073966721089576e+01
-9.377317472037121959e+00
-8.677859852027889787e+00
-9.747148065265866634e+00
-8.843396810911446693e+00
-6.961807162950204741e+00
-6.205252765792191205e+00
-6.319509735369813086e+00
-6.980480182689372093e+00
-8.645942472142790436e+00
-9.131632634372047974e+00
-8.371127143332509846e+00
-7.814275909408697096e+00
-6.980288151281739850e+00
-6.117805593245585705e+00
-5.382179225630295605e+00
-4.300176107354435118e+00
-2.959373582787910184e+00
-1.574366359674701288e+00
-9.148413980036154691e-02
1.527138624972639080e+00
3.251736526414350514e+00
5.269256559379695837e+00
7.595064302248204058e+00
1.012318910283147488e+01
1.290260017587100272e+01
1.586290896835384068e+01
1.899575614022989001e+01
2.237786576522411153e+01
2.599485958611590775e+01
2.665561135255715186e+01
2.404460794011707137e+01
1.964620351958837929e+01
1.253671369554385961e+01
4.562989676824051877e+00
-4.209479879279910186e+00
-1.554759389839795602e+01
-2.911988455471535175e+01
-3.686164686785129163e+01
-3.824674040437866296e+01
-3.690254071146581794e+01
-3.062304764304487747e+01
-2.459166047401790678e+01
-1.907788992794664651e+01
-9.554839984419622567e+00
2.936050976596658924e+00
1.055564603505151666e+01
1.316154716085589982e+01
1.381562096038857668e+01
1.050318579343964132e+01
9.008536251388328253e+00
9.631043144288232938e+00
7.773388414403812341e+00
4.664285270289356689e+00
3.113453292727447419e+00
2.834017727711514389e+00
3.324080513333167008e+00
5.213675196736139661e+00
5.676015659402625424e+00
4.625368673665411379e+00
3.977229855347008680e+00
3.115270084088147318e+00
2.095755251437878108e+00
1.106767837481603012e+00
-3.277712272976580077e-01
-2.162151197803769520e+00
-3.946557842469260891e+00
-5.733621223999295857e+00
-7.713165888614077481e+00
-9.806365923801498852e+00
-1.019590347213656933e+01
-8.705473754753723981e+00
-6.131107780511479532e+00
-1.940378244879168879e+00
2.748583338309409374e+00
7.908982800700121274e+00
1.459165691337444493e+01
2.260008083281950775e+01
2.641021922248484799e+01
2.563516490856627783e+01
2.277532796895869183e+01
1.630758074994053430e+01
9.739104946192680856e+00
3.246366011403513774e+00
-6.267708006368517992e+00
-1.810673307766186113e+01
-2.523197337649111205e+01
-2.738309102225215241e+01
-2.745788940546303181e+01
-2.359810811717214207e+01
-2.073268479179134616e+01
-1.911067565937770141e+01
-1.466782627018826091e+01
-8.426089177121824036e+00
-4.087765422394573633e+00
-1.487267939503338576e+00
4.647893561068182633e-01
8.886013246126449605e-01
3.021774963542646297e+00
7.009226392002173789e+00
1.051848837182233787e+01
1.426056693246174412e+01
1.639663034463184133e+01
1.649477504776466574e+01
1.592471397441876491e+01
1.409758597875461916e+01
1.148521346192472237e+01
8.164974233425445149e+00
3.356559738316426067e+00
-2.870847626021011845e+00
-6.759791088491309274e+00
-8.099553917672054126e+00
-8.662597750263627105e+00
-7.453152314806380296e+00
-6.879029868583820928e+00
-7.108049291649320089e+00
-6.088963156266206767e+00
-4.336498864954972277e+00
-2.704292036753507045e+00
-1.005636499109218374e+00
8.282391859327398187e-01
2.647575169208684631e+00
5.479151668365115135e+00
9.371138798395866942e+00
1.371741494150824892e+01
1.876442873366251618e+01
2.118665518252411317e+01
2.061440685373237969e+01
1.880692473525261832e+01
1.481218911708890396e+01
1.041898302359250650e+01
5.745335951594513269e+00
-9.523443710411571006e-01
-9.327830581252175790e+00
-1.545526225255864539e+01
-1.921713863291525115e+01
-2.227641508834302542e+01
-2.361919288137404749e+01
-2.600973253063944668e+01
-2.961574905629493770e+01
-3.220076516707861458e+01
-3.435961679436943683e+01
-3.365042551824803496e+01
-2.954095618023290726e+01
-2.356807416426301671e+01
-1.492826074140436354e+01
-4.438156002544697998e+00
7.869485589958628680e+00
2.317615962156549969e+01
4.139250036188282422e+01
5.167730479466231230e+01
5.319388453808933548e+01
5.106730897129549618e+01
4.230029738334346234e+01
3.354793735095856988e+01
2.518609976450767718e+01
1.125010070685164543e+01
-6.929198294458884355e+00
-1.795195569152626902e+01
-2.154294271250986981e+01
-2.228031650000683683e+01
-1.721678222243830092e+01
-1.459335575926318818e+01
-1.484994810146076283e+01
-1.136572824994064490e+01
-5.888069356162285217e+00
-3.131717847466946925e+00
-2.740088146451146844e+00
-3.654369214909247709e+00
-6.966179298166582434e+00
-8.216956122438956456e+00
-7.256710375797873702e+00
-7.198684291854911876e+00
-7.076322767840025563e+00
-6.391332715572811907e+00
-5.408263747410923195e+00
-3.667092040945683085e+00
-1.086997869878231882e+00
1.253170418087630633e+00
3.405435197365963784e+00
5.981351717433314619e+00
8.774385092969961164e+00
1.065106368833651196e+01
1.155100219508114456e+01
1.186409347188442176e+01
1.126832375302238809e+01
1.061239090463390511e+01
9.906676603355945687e+00
8.430816324636543513e+00
6.340029795410474733e+00
4.713334939570067661e+00
3.548569309693483387e+00
2.419169276462318052e+00
1.590053391888893941e+00
2.110440972174875696e-01
-1.774127862113910936e+00
-3.726339183143508649e+00
-5.838384858870622196e+00
-7.624493251034897057e+00
-8.967784334103551913e+00
-1.023590150512728414e+01
-1.127252158571540264e+01
-1.220625008301438719e+01
-1.305900232809341688e+01
-1.362221557664008387e+01
-1.391583443386294938e+01
-1.320634757556321226e+01
-1.137208581066318480e+01
-8.753445458835475534e+00
-5.111066895876087202e+00
-7.971057250639497216e-01
4.198740324603496887e+00
1.028891509665820259e+01
1.743389578097912107e+01
2.140460307819613917e+01
2.185945192019285699e+01
2.078989199498268903e+01
1.701701845409301939e+01
1.312828615188886872e+01
9.261014910505963371e+00
3.077485626761130355e+00
-4.912448035103979649e+00
-9.713093634652047115e+00
-1.116941464684663110e+01
-1.133766315845210038e+01
-8.915148570713604670e+00
-7.445889259110501257e+00
-7.121840036040522293e+00
-5.061006903087233333e+00
-2.011227762853235124e+00
-9.945306552787247512e-02
8.291183183554250435e-01
1.284757663798932192e+00
7.767651513550706266e-01
1.294592786198597523e+00
2.913527629267778085e+00
4.244801078699827812e+00
5.724341259078243205e+00
6.400941974531354717e+00
6.038904988801784057e+00
5.398925524644631935e+00
4.177892040232551452e+00
2.573636852308904821e+00
6.363605945520681706e-01
-2.009232296926245720e+00
-5.331545093008298153e+00
-7.352574654349560035e+00
-7.953751053908998614e+00
-8.066883090093915243e+00
-7.163509851392874772e+00
-6.491877602938982861e+00
-6.135209028922231411e+00
-5.016225696182942784e+00
-3.397624088592221980e+00
-2.279252894510019001e+00
-1.615250507986209616e+00
-1.102095059553049872e+00
-9.751652322536694673e-01
-3.727756817581483473e-01
7.468429041636851506e-01
1.763758323947488549e+00
2.869060624011499971e+00
3.933878335974823059e+00
4.881815935385105831e+00
5.911742269711342423e+00
6.973167690273692543e+00
7.988748106247239633e+00
8.974041795909808883e+00
9.921280620368074565e+00
1.081450263650461885e+01
1.077922552397164324e+01
9.714868786095566477e+00
8.013784525274177284e+00
5.412761321571004203e+00
2.410889999070378931e+00
-9.850550067078467364e-01
-5.272154238165486007e+00
-1.036970451840506868e+01
-1.349704481266819300e+01
-1.446116636660702603e+01
-1.453826693314001695e+01
-1.296528573000757056e+01
-1.150693320578081646e+01
-1.025905041971370579e+01
-7.669929901676671768e+00
-4.094829308722132133e+00
-1.451600750006549756e+00
2.909438334064248233e-01
1.824123039310993510e+00
2.682131952216699311e+00
4.406229054069902062e+00
7.084906751947073644e+00
9.569587337883158185e+00
1.220377494800668927e+01
1.313892606036522182e+01
1.206230326977870426e+01
1.008483345099486428e+01
6.639351045596522560e+00
2.505508598152651256e+00
-2.262425722204496115e+00
-8.577971388180365864e+00
-1.631142095985006790e+01
-2.016951656210544286e+01
-1.978739981775944656e+01
-1.760938262305777968e+01
-1.218699923035291377e+01
-6.850290011732345974e+00
-1.785334647454693391e+00
5.940774083186790122e+00
1.565556651296383528e+01
2.094994590284731828e+01
2.159549409479253512e+01
2.019814026218935865e+01
1.506564788935257049e+01
1.070033636347942618e+01
7.321567238965112523e+00
1.218762928195925799e+00
-6.678785130317462126e+00
-1.105601168157545544e+01
-1.186742359258992963e+01
-1.101775351671548009e+01
-7.142237497277735159e+00
-4.310728895850614251e+00
-2.696407150007730014e+00
9.000742231608520605e-01
5.629485962976723101e+00
7.679479707060605342e+00
7.063504997327560986e+00
5.012055906097127256e+00
5.501338064813058315e-01
-3.267135076383254511e+00
-6.335293952933360728e+00
-1.101866870811745969e+01
-1.668821558991836440e+01
-1.920960179958268554e+01
-1.845745497165556515e+01
-1.595940977824059281e+01
-1.061161411634993712e+01
-5.439709485944378642e+00
-5.486604596266055900e-01
6.543209583772089388e+00
1.523285105220470648e+01
2.029788934066479555e+01
2.154870480316803949e+01
2.106750282774498473e+01
1.746661559403882436e+01
1.445798617898873495e+01
1.220808400688536821e+01
7.656722737122573896e+00
1.562096967190903074e+00
-2.373946456485180878e+00
-4.189392708761833894e+00
-5.148594781950941446e+00
-4.329241973825056711e+00
-4.711202452358463688e+00
-6.431870284677159155e+00
-7.231505440453539713e+00
-7.749998110435235787e+00
-8.037738863720807814e+00
-7.836795979690680092e+00
-7.561580707293566128e+00
-7.151223475851346656e+00
-5.988880923018107261e+00
-4.080819562131463130e+00
-1.655940022429236880e+00
1.434592414547636974e+00
3.258471414504596542e+00
3.637138383966028510e+00
3.610139117752357851e+00
2.647017295646335366e+00
1.821868786356654724e+00
1.226338776347059456e+00
-1.338110953584398244e-01
-2.031515253427487178e+00
-2.673165703333875598e+00
-2.019542981147981031e+00
-7.725645239892445781e-01
1.531862786879881755e+00
3.602284160278489633e+00
5.375206843107080523e+00
7.892166588525491910e+00
1.088294940648361830e+01
1.191983293603901473e+01
1.088829148448647111e+01
8.749334618251747742e+00
4.842585123277947545e+00
8.399860699128716135e-01
-3.198480607708481749e+00
-8.693677052841922048e+00
-1.531864878280198639e+01
-1.871060585509906105e+01
-1.863013408108117730e+01
-1.693191886204058960e+01
-1.243049021879469862e+01
-8.045506178123371654e+00
-3.911041705788864675e+00
2.473489942475596948e+00
1.052389075184284906e+01
1.475726001490041384e+01
1.497188308381982047e+01
1.339044444668320644e+01
8.560566091358216667e+00
4.342017025943624375e+00
9.184573520624744747e-01
-4.895708362295037475e+00
-1.230686635071685409e+01
-1.543823207965715483e+01
-1.411813643998609535e+01
-1.060151426136496866e+01
-3.336232774188100603e+00
3.427024393358851562e+00
9.510817233112851099e+00
1.838704704541752122e+01
2.918996261696194239e+01
3.425793544279414959e+01
3.327509973617773653e+01
2.928974273494761604e+01
2.024476520234579624e+01
1.150606663622988890e+01
3.293967920269018190e+00
-8.875973419680128984e+00
-2.392792004796371685e+01
-3.301746523015439294e+01
-3.586946268411681160e+01
-3.597965518283324826e+01
-3.101851267894414832e+01
-2.734167080609931588e+01
-2.524343891219816882e+01
-1.953659442127286638e+01
-1.153215669671816990e+01
-5.808877606497388157e+00
-2.143073499800600690e+00
7.839314124570229136e-01
1.889719607790155242e+00
5.234532918636885412e+00
1.099944816161583638e+01
1.627954013680174938e+01
2.196913712720581557e+01
2.536250288511969586e+01
2.588401096349670993e+01
2.544396199562058669e+01
2.319223044849986692e+01
1.995891001572213952e+01
1.585439906763105888e+01
9.682098626205313252e+00
1.575735673887441957e+00
-3.438695668617463674e+00
-5.098442856889093378e+00
-5.747571929563460635e+00
-4.060378516009380157e+00
-3.299909648325261902e+00
-3.691918457415032329e+00
-2.479780279739119742e+00
-3.635765156537291709e-01
-4.875781419970476871e-01
-2.811211576076714014e+00
-6.318177167572017083e+00
-1.179563734305628486e+01
-1.672541426639651618e+01
-2.101007512140790467e+01
-2.657382112738149615e+01
-3.288841180949352605e+01
-3.465482273106452027e+01
-3.156205403022629596e+01
-2.573656659454689688e+01
-1.570794365059490261e+01
-5.029243608028080459e+00
6.189772214949997853e+00
2.104584013761715156e+01
3.886528122602332758e+01
4.860418039334724227e+01
4.960586434407053247e+01
4.667846746521156831e+01
3.681096806943836697e+01
2.727762741062952401e+01
1.842951774043137192e+01
3.986025298555888163e+00
-1.459545908796338587e+01
-2.529734836806860798e+01
-2.779849791912431911e+01
-2.687053041099884609e+01
-1.938063396612552935e+01
-1.401562456101102683e+01
-1.120769406059106466e+01
-3.934711954178761406e+00
5.985039349163948863e+00
1.113000030409199681e+01
1.165071237991086228e+01
9.848094566830075891e+00
3.877706680024703978e+00
-1.072592998487476024e-01
-1.872516809649271696e+00
-6.045808110310202821e+00
-1.132727759919893451e+01
-1.369590553105756392e+01
-1.328484591462136066e+01
-1.109748154555129851e+01
-6.124397992415573810e+00
-1.905753417575644093e+00
1.481950566975736461e+00
6.678502061252807209e+00
1.296457228348669233e+01
1.600203943893346903e+01
1.567168027559178967e+01
1.353734265167471307e+01
8.441045069620836117e+00
3.619465188517722254e+00
-8.211327477174255041e-01
-7.516545495326639958e+00
-1.582209065955573024e+01
-2.031524653580189366e+01
-2.080525467855056476e+01
-1.944179836399472450e+01
-1.478540237889855646e+01
-1.070880139114850316e+01
-7.384358927643314807e+00
-1.626928107699701087e+00
5.772040491076234403e+00
1.052534886065108743e+01
1.262657385201118565e+01
1.359218943337278240e+01
1.233464996282928361e+01
1.220336373951272080e+01
1.334825971658390209e+01
1.317558382899503400e+01
1.239413695389412062e+01
1.096720705827625686e+01
8.574005886751148608e+00
5.703670191023126890e+00
2.245889963753966434e+00
-2.470846812781808399e+00
-8.456011572281306954e+00
-1.551277420968676246e+01
-2.381986807429739628e+01
-2.699585989384563334e+01
-2.443101528343045459e+01
-1.928594074787980261e+01
-9.754937851884085021e+00
5.036851077622703787e-01
1.128397596473937803e+01
2.602475778416171792e+01
4.401857793196167279e+01
5.305168123523046120e+01
5.241932985041244564e+01
4.746799190965781179e+01
3.488467525518598222e+01
2.268429989804025482e+01
1.127086986663317703e+01
-6.260099645795712320e+00
-2.829120655634625336e+01
-4.221560662616136028e+01
-4.773295026547637576e+01
-4.978554699287864338e+01
-4.509722816493140130e+01
-4.285276726029479732e+01
-4.350272497985315567e+01
-3.965662888992537916e+01
-3.323852366484655363e+01
-2.714927538842296784e+01
-2.073077893991133180e+01
-1.386739410824714014e+01
-7.074760983898446653e+00
3.311718448098945888e+00
1.743789736415858371e+01
3.314224704713235070e+01
5.129052605634660011e+01
6.102389175399800791e+01
6.111828953122137875e+01
5.736001332995444812e+01
4.663789927603616547e+01
3.473550878989784252e+01
2.204186424149228429e+01
2.890245510360869297e+00
-2.160022221355997019e+01
-3.573423221662781657e+01
-3.883092336351520402e+01
-3.767327589928813580e+01
-2.811344578162834651e+01
-2.081465553916797617e+01
-1.638173754598861720e+01
-5.926691557714198311e+00
8.317638398376228537e+00
1.572047226175113543e+01
1.638145778666507724e+01
1.385856365091256492e+01
5.487701486427006614e+00
-2.387502217522254333e-01
-2.962644072996595934e+00
-9.172590813659391884e+00
-1.707064622026549117e+01
-2.090251470868438233e+01
-2.085557938914556431e+01
-1.841359456419648666e+01
-1.213801571822506098e+01
-7.052079475535647290e+00
-3.277547730575308460e+00
2.930249516034543866e+00
1.054328452596122290e+01
1.547871261534411502e+01
1.777562291982192022e+01
1.867325763981613918e+01
1.712797906061199527e+01
1.653408142856940444e+01
1.699542079979217135e+01
1.591690494220838303e+01
1.399554094605899479e+01
1.180751072660433110e+01
9.085890698971480717e+00
6.011106400420138662e+00
2.643311054981716257e+00
-2.075682429701902088e+00
-8.182114124105030584e+00
-1.513734839219968720e+01
-2.320091514080847972e+01
-2.725726117345246990e+01
-2.677830639682876424e+01
-2.438211402367352676e+01
-1.861280501748386129e+01
-1.231154500459447831e+01
-5.651134955875263266e+00
4.087388485506310509e+00
1.635469285773573489e+01
2.302113954068600066e+01
2.369199084982291836e+01
2.189019623943370974e+01
1.544569918298001987e+01
9.820309681835219351e+00
5.309423954773752286e+00
-2.693110493120410620e+00
-1.305943674897101481e+01
-1.841711723489411767e+01
-1.864356400449810636e+01
-1.649026945599627325e+01
-1.004894679950324665e+01
-4.812596667033202991e+00
-1.025065265769846690e+00
5.693384963428498757e+00
1.420019480470068629e+01
1.856885357032655293e+01
1.875602811759491217e+01
1.679846333536562142e+01
1.116475065450739912e+01
6.447458662062071078e+00
2.815687605583075293e+00
-3.345286246675363895e+00
-1.109223650702490360e+01
-1.527924515482306944e+01
-1.584568452269746608e+01
-1.459727362701806719e+01
-1.019726978072229251e+01
-6.602297176010120339e+00
-3.961369030803976621e+00
8.567193522599848565e-01
7.040006028920908321e+00
1.051739192106897569e+01
1.127892958870367224e+01
1.071349191801673939e+01
7.778112182307810762e+00
5.679918776699270921e+00
4.543636134040807129e+00
1.874264091283922795e+00
-1.661498934810170747e+00
-4.127389045549272772e+00
-5.638561263848283822e+00
-6.666897808712318962e+00
-6.752400833543732439e+00
-7.688930409018027490e+00
-9.536550481866965967e+00
-1.102011865115367684e+01
-1.252507921686211567e+01
-1.290341763170520473e+01
-1.190158393036266204e+01
-1.032781210713600117e+01
-7.816129086657345404e+00
-4.692203887256706452e+00
-9.960681954739265542e-01
3.775656671199873138e+00
9.577360799089181143e+00
1.360521483382926711e+01
1.568407839112692947e+01
1.713565906284656393e+01
1.720688150783494308e+01
1.767425095830981974e+01
1.865411572593942680e+01
1.861036881536374565e+01
1.791534017103194643e+01
1.641889016568963200e+01
1.389202910853271433e+01
1.063550793751352863e+01
6.524660720834274841e+00
1.229747695512469985e+00
-5.280374934894408234e+00
-1.299428585546440651e+01
-2.202687607014685867e+01
-2.742477370110220036e+01
-2.874187319905476201e+01
-2.842859552838855919e+01
-2.509743541297947189e+01
-2.165360155810362031e+01
-1.827219051060280464e+01
-1.227404110693702854e+01
-4.235016312120281512e+00
1.052086634453108127e+00
3.509585385697112869e+00
5.064519058389342021e+00
4.498938048805503520e+00
5.333705323048677727e+00
7.774006496294163959e+00
9.041599561017452658e+00
9.899945279462402326e+00
1.091442681517730584e+01
1.180815430882401529e+01
1.283558692125802203e+01
1.405883945545445179e+01
1.444347540098547533e+01
1.397714353559860534e+01
1.319814708879125575e+01
1.186730439945774229e+01
1.035950521671892410e+01
8.727476948000498780e+00
6.596566576836533358e+00
4.052525150183989844e+00
9.915617056576401245e-01
-2.650853378855515530e+00
-6.771189481585633274e+00
-1.142078665833893503e+01
-1.464224140874249791e+01
-1.623725986307247737e+01
-1.717679222689447371e+01
-1.690053542729478053e+01
-1.654968574139164161e+01
-1.618560747547011758e+01
-1.473535128632629920e+01
-1.241807523565694993e+01
-1.007395949407320757e+01
-7.616085981434042473e+00
-4.762445659073014426e+00
-1.680388313164964842e+00
2.433938047318001896e+00
7.650998172584178469e+00
1.346010499013619643e+01
2.006685272830457478e+01
2.317713395102829921e+01
2.232608039252504639e+01
1.969663550362822235e+01
1.405231240532027037e+01
7.772176060635008987e+00
9.873435266089733986e-01
-8.604304704092362144e+00
-2.055393949645582197e+01
-2.704255046942510177e+01
-2.764958834828607337e+01
-2.581666539462141685e+01
-1.944245924123510960e+01
-1.370452854261042752e+01
-8.884190893368963060e+00
-5.702765922455010905e-01
1.017395473206028100e+01
1.711666967562194586e+01
2.023543537325544150e+01
2.179752865054577171e+01
2.022512293194280986e+01
2.031396458195028032e+01
2.229327341862457956e+01
2.243670986618350582e+01
2.176520367136860301e+01
2.043673169828364067e+01
1.801425319072091114e+01
1.510757569982015269e+01
1.162152143986950392e+01
6.480990268630846707e+00
-3.278718241471449968e-01
-8.407124869866802186e+00
-1.802990661515082138e+01
-2.449388744617228397e+01
-2.735975048604368354e+01
-2.908350334905940571e+01
-2.835984343123273987e+01
-2.784742364936982284e+01
-2.774472574151842963e+01
-2.558360437772984497e+01
-2.190954442488631315e+01
-1.786104020942075721e+01
-1.318262096297383579e+01
-7.654635881358037963e+00
-1.453480641016208441e+00
6.758431544618385800e+00
1.709159164534953490e+01
2.879827133913756398e+01
4.223191628062179603e+01
4.810629283604579598e+01
4.546230564687945019e+01
3.895899459704750001e+01
2.593820151400517560e+01
1.162939279674971793e+01
-3.681350932531592068e+00
-2.499403447578614390e+01
-5.131433352202371623e+01
-6.467883611548185741e+01
-6.406196444635521914e+01
-5.737473218613205717e+01
-3.975780548940961268e+01
-2.300734453670511925e+01
-7.739832522111426805e+00
1.617949967084173579e+01
4.635416778919612568e+01
6.293763479200182331e+01
6.533710372787209053e+01
6.140430157413741341e+01
4.592746176802710778e+01
3.312991275635866373e+01
2.368022985397383451e+01
5.979906075336407945e+00
-1.703034897160870287e+01
-2.974570743745606194e+01
-3.210811498763153082e+01
-2.956200370853663983e+01
-1.811856562691697903e+01
-9.915491502590155548e+00
-5.452957695707752350e+00
4.736438375769113307e+00
1.811792904017102401e+01
2.361247780629716075e+01
2.126886867492174460e+01
1.461125709978124831e+01
8.033350078016283646e-01
-1.123277429328044086e+01
-2.120474401456417368e+01
-3.601265439048390249e+01
-5.382573154954355488e+01
-6.117733697633117629e+01
-5.756082885580582342e+01
-4.809736235084672273e+01
-2.916033255872706320e+01
-1.039183384548553768e+01
7.869646875794253482e+00
3.364131782821447558e+01
6.501529848134991596e+01
8.112069247302319752e+01
8.095624430468325272e+01
7.316417989403016975e+01
5.211604438285601759e+01
3.211189347816463879e+01
1.379368100589873691e+01
-1.491338176832670115e+01
-5.113042037846884824e+01
-7.054861731729114638e+01
-7.238420404048216028e+01
-6.629221654378055462e+01
-4.586267787282447017e+01
-2.846900649436881992e+01
-1.491811031173193669e+01
9.009495799424371398e+00
3.973476365179752179e+01
5.601496607685933782e+01
5.757710398569204102e+01
5.211512047835596917e+01
3.413704122273638575e+01
1.975247640371185298e+01
9.634762593478901849e+00
-8.978128896104154322e+00
-3.274587942162687426e+01
-4.547150962871229041e+01
-4.713452669812243556e+01
-4.316299731086421332e+01
-2.940323158067362641e+01
-1.864257912714747789e+01
-1.135118255406932697e+01
2.425279279763488560e+00
2.004448951259893619e+01
2.999691014058313954e+01
3.236375100665208038e+01
3.082174036527991134e+01
2.244296391032446891e+01
1.657580826820416320e+01
1.354855427343033902e+01
6.184922568691173517e+00
-3.576783457640352548e+00
-9.609218670343192770e+00
-1.217574299055529252e+01
-1.287657702952419037e+01
-1.021731163704966505e+01
-9.686346709776040953e+00
-1.145765380684449042e+01
-1.153600081572509595e+01
-1.108141967538716699e+01
-9.901877572275539663e+00
-7.525612211103317684e+00
-4.836544947636392422e+00
-1.656048691774294479e+00
2.975956135311874640e+00
9.033721930836483338e+00
1.623621511355696612e+01
2.481756899994072185e+01
2.856710413990804298e+01
2.689899954221263911e+01
2.293881127370302409e+01
1.494135675582823453e+01
6.434831222277599849e+00
-2.362431584592152856e+00
-1.475989594904618762e+01
-3.006347613725620249e+01
-3.771810524675826315e+01
-3.716051511810412222e+01
-3.295666471011888632e+01
-2.226017518390088767e+01
-1.207892110626460536e+01
-2.766765816769049202e+00
1.166122755832888025e+01
2.978285247832205229e+01
3.923076755328134624e+01
3.958475881406497621e+01
3.577800429558769935e+01
2.454124878083853289e+01
1.464730492284001784e+01
6.500195333469799941e+00
-7.113799165810439362e+00
-2.439431661807452656e+01
-3.391101943409302066e+01
-3.546712174509010396e+01
-3.328984639696250269e+01
-2.441035655893738365e+01
-1.738615481023543552e+01
-1.258253116218121370e+01
-3.171553374455050367e+00
9.075423346179462669e+00
1.603160900084852969e+01
1.775027792605165544e+01
1.690071383868834687e+01
1.142509370272231628e+01
7.861070252820320015e+00
6.459742628663190267e+00
2.203928982235852541e+00
-3.538895784899410479e+00
-6.154132717500407246e+00
-5.783828432344357395e+00
-3.683246816267894630e+00
1.295777535201172892e+00
5.146833462758602984e+00
7.753440485993449371e+00
1.209448290021241412e+01
1.733822314937189901e+01
1.974395778683460989e+01
1.928320357617449332e+01
1.715255204601194805e+01
1.237051717112819205e+01
7.899728909767351759e+00
3.819976738677683503e+00
-2.209824475467155658e+00
-9.598572758714732700e+00
-1.490961371959152970e+01
-1.810563771106383868e+01
-2.043278864530758554e+01
-2.100607361028071196e+01
-2.247628221923045544e+01
-2.495964405776335227e+01
-2.637615203151094789e+01
-2.728145831641948860e+01
-2.617035364809784781e+01
-2.262622622286979635e+01
-1.771581412456266591e+01
-1.091430530667548027e+01
-2.518663677557468894e+00
7.459554439808116832e+00
1.968558461602916765e+01
3.416208269606256920e+01
4.224374883162255401e+01
4.322844778915639807e+01
4.125127481782069339e+01
3.391049064174149663e+01
2.643744779070180329e+01
1.912939554416948340e+01
7.252253274264138128e+00
-8.153588086217361308e+00
-1.745226250117482536e+01
-2.037391742251740823e+01
-2.084531349148784329e+01
-1.636374502328170522e+01
-1.381485181396192097e+01
-1.356997505429842477e+01
-1.005822845194230375e+01
-4.735898950236329341e+00
-1.817023424931488051e+00
-1.019063929985747352e+00
-1.319965063232571012e+00
-3.703403277555767481e+00
-4.270489067886470202e+00
-2.881003116165081313e+00
-2.282524476173279471e+00
-1.628586589027835929e+00
-1.156371068561546256e+00
-1.172416294232761835e+00
-9.603396318223753614e-01
-6.488794396413837262e-01
-8.010451179174609138e-01
-1.361198592239727834e+00
-2.169666300416827731e+00
-3.342259246145102392e+00
-3.008335859843431326e+00
-9.940136749656394155e-01
1.727141299158041488e+00
5.673917439880671765e+00
9.825142868228859072e+00
1.410627309194608792e+01
1.948189658541990354e+01
2.574596986935044285e+01
2.817040088025947142e+01
2.641837180305372712e+01
2.258638293406453812e+01
1.536131082626135580e+01
7.721771591757186748e+00
-2.014907076486538995e-01
-1.106641205856272059e+01
-2.429621080966603586e+01
-3.189261463637205907e+01
-3.344355448040140288e+01
-3.237857356452474988e+01
-2.654373277557285604e+01
-2.131258052245837220e+01
-1.695360073495984210e+01
-8.903917573221136195e+00
1.743543239854198124e+00
8.552642516892060343e+00
1.150617798261287206e+01
1.295679386639709207e+01
1.127971324688044774e+01
1.144776085708063285e+01
1.370581238757721287e+01
1.420419488375985395e+01
1.400762471821743738e+01
1.293948341279356207e+01
1.051935889333737961e+01
7.548981044033693522e+00
3.836272255304489232e+00
-1.524940767179125078e+00
-8.534504991165826837e+00
-1.696507434158437633e+01
-2.705639101791488343e+01
-3.191447006139820175e+01
-3.090260509889728979e+01
-2.748444559742132043e+01
-1.972901775898519006e+01
-1.159819268149383120e+01
-3.341554216570255864e+00
8.726929667098097809e+00
2.382090917471678182e+01
3.222647096223862917e+01
3.351858522380618410e+01
3.181189229763250736e+01
2.452429779964717937e+01
1.828209570789473659e+01
1.343026069029901493e+01
4.425993127850613718e+00
-7.363026181007026771e+00
-1.449555798752468405e+01
-1.696582244671593642e+01
-1.740628082264108656e+01
-1.393266679657500973e+01
-1.233826704973400190e+01
-1.288349327138863210e+01
-1.108075507971017792e+01
-8.156363960430642379e+00
-5.605134979023432606e+00
-3.032490848420443807e+00
-5.565096063072432209e-01
1.559637223765469205e+00
5.368659924402130024e+00
1.091675352027642276e+01
1.700157920634100250e+01
2.408988761966732284e+01
2.706833658583655478e+01
2.534139133810369060e+01
2.167101656625240125e+01
1.458782648794275438e+01
6.748889791535802374e+00
-1.662349942916487189e+00
-1.328660901344106371e+01
-2.761273488792511088e+01
-3.499974604832816993e+01
-3.489665902934729047e+01
-3.156338282626733971e+01
-2.239407389744929944e+01
-1.369276555130497641e+01
-5.792704938438068218e+00
6.728499574917964132e+00
2.258902446211693160e+01
3.126733358074398694e+01
3.245629146118233166e+01
3.031126970380806540e+01
2.207208529926437990e+01
1.529115415729987149e+01
1.032406609643540207e+01
1.019853823275311822e+00
-1.105854414078090642e+01
-1.825523114622010823e+01
-2.060121634695341442e+01
-2.069007608283951427e+01
-1.658527971706381976e+01
-1.436685834633850689e+01
-1.428570654577556631e+01
-1.166203555363457767e+01
-7.775040823026333925e+00
-4.841359593045313936e+00
-2.516479590834161062e+00
-6.126296230549761468e-01
4.048728400913839121e-01
3.066118747845685277e+00
7.434709850103407902e+00
1.188829140164624576e+01
1.698502774295890205e+01
1.930075357765738531e+01
1.834882722524895371e+01
1.615019523337493013e+01
1.169971989431082804e+01
6.560064211126830358e+00
8.637779841972539341e-01
-7.072714225176883751e+00
-1.695464936111345722e+01
-2.212838024825753180e+01
-2.220746599537003974e+01
-2.017737017321504922e+01
-1.424351729605697514e+01
-8.720326832687284480e+00
-3.848731925718309022e+00
4.086941674272309477e+00
1.420308191666449638e+01
1.958795933307148829e+01
2.005822475033567187e+01
1.831365953586097461e+01
1.254657245692609102e+01
7.751005468175159230e+00
4.159507040882713724e+00
-2.278367837312291311e+00
-1.052805682972611834e+01
-1.509197413044058678e+01
-1.594060626224272070e+01
-1.498922697867380016e+01
-1.082718859990029614e+01
-7.717593507913720785e+00
-5.831037874841197066e+00
-1.830002547688839742e+00
3.399837659314101312e+00
6.607772070905215678e+00
7.883183125548441694e+00
8.172384127778679286e+00
6.670427441690065962e+00
6.155463920510788611e+00
6.724139862438597959e+00
6.309758929399714944e+00
5.497611303026597618e+00
4.574845346762223208e+00
3.329078790605401572e+00
2.021300002421956066e+00
6.647804182413407093e-01
-1.461191470293177863e+00
-4.359731352474507382e+00
-7.681889005422187999e+00
-1.159524222036663410e+01
-1.312382944785449013e+01
-1.195908631150866697e+01
-9.634632224024469949e+00
-5.304591187778927797e+00
-6.027706304234717871e-01
4.368742866117618640e+00
1.118034354648447781e+01
1.951569380881787907e+01
2.363032702423548059e+01
2.318870826959813058e+01
2.071655231593665292e+01
1.465524117321122688e+01
8.758502842807978084e+00
3.217405899664887770e+00
-5.207669263842332086e+00
-1.575910089142236536e+01
-2.191689480812028279e+01
-2.347852852123633127e+01
-2.304681061742391535e+01
-1.890890268130105412e+01
-1.572000883085143030e+01
-1.370379247403191236e+01
-9.059129230934981791e+00
-2.750416386084449272e+00
1.354590526758247648e+00
3.364571901022588296e+00
4.479669298087798346e+00
3.755220659994787713e+00
4.452761590128314850e+00
6.711156450556482689e+00
8.117724580596817674e+00
9.375498189529274384e+00
1.011057130469699672e+01
1.001448248574338251e+01
9.750751939477709129e+00
9.139121947161106263e+00
7.770372783661064098e+00
5.671660315134700703e+00
2.864256058432566032e+00
-7.573369442275061925e-01
-2.972272200105023021e+00
-3.604902232650255556e+00
-3.805474114620369441e+00
-2.973589488964238026e+00
-2.404699555851005144e+00
-2.204555368636226031e+00
-1.211799888524712099e+00
2.967330958107188832e-01
6.793981277970377874e-01
-6.949971542491011067e-02
-1.354985124862363888e+00
-3.592666852655064247e+00
-5.538280966515600312e+00
-7.134020218834452365e+00
-9.352834907814182586e+00
-1.193171193289782117e+01
-1.283220963083665822e+01
-1.196498562013806399e+01
-1.010874193952438738e+01
-6.708315193030612633e+00
-3.190078977265324411e+00
4.012764438822339352e-01
5.272766039199985322e+00
1.114824527105657204e+01
1.464942615439078466e+01
1.560787827448593390e+01
1.544889247120253550e+01
1.326200678579800218e+01
1.134469207411289027e+01
9.806545783585914222e+00
6.704315545802766785e+00
2.503586700942515897e+00
-3.082107524361012985e-01
-1.750001593470528860e+00
-2.705940490471094861e+00
-2.558101494224964245e+00
-3.282226880974318917e+00
-4.978343285672773177e+00
-6.146138789779319822e+00
-7.214468772308325839e+00
-7.564212654827653814e+00
-6.959644307682716580e+00
-5.987139667646705021e+00
-4.418531196540576467e+00
-2.225257824267750539e+00
5.719786712753378577e-01
4.181690803110615029e+00
8.632048000945090394e+00
1.106647472049021808e+01
1.126458991977281698e+01
1.061908557346568927e+01
8.346976761546534007e+00
6.174357716560621157e+00
4.213176209316503495e+00
9.182990198063158971e-01
-3.356910761558113965e+00
-6.463831945057714634e+00
-8.408393183810208171e+00
-9.988002192090172926e+00
-1.066866978334597427e+01
-1.211135509745931849e+01
-1.440660480963272505e+01
-1.628232863362601535e+01
-1.810095672312726123e+01
-1.836922311062418345e+01
-1.678717390781538299e+01
-1.430429940920596188e+01
-1.044471761011094912e+01
-5.741307240181634519e+00
-2.302647674449534443e-01
6.802788329456054051e+00
1.528303272708607352e+01
2.093704815020585741e+01
2.348117950111715047e+01
2.492106212830496403e+01
2.409821898037992582e+01
2.371051931890359299e+01
2.392494593321947960e+01
2.238827893970354665e+01
1.965763117055029596e+01
1.674728154766717836e+01
1.342642012976553012e+01
9.556961922066513182e+00
5.303426395024720463e+00
-5.649425327885458925e-01
-8.130380165952916016e+00
-1.669257133854633324e+01
-2.656428201568491687e+01
-3.222350517730799879e+01
-3.308741272479436191e+01
-3.201063598695670009e+01
-2.741876451260629111e+01
-2.237036856225569181e+01
-1.705691915514463730e+01
-8.545679965526822741e+00
2.569791640583880987e+00
9.416740421857154431e+00
1.176373347089667831e+01
1.252235410385007164e+01
9.903572428516582704e+00
8.710092640911325290e+00
9.222660167439832080e+00
7.522290539787455543e+00
4.631708970042485163e+00
3.226972288655750365e+00
3.079541399011029856e+00
3.606896958582952450e+00
5.417045456394881775e+00
5.943932868698677652e+00
5.096150947269457276e+00
4.641796125047603638e+00
4.018314106208299208e+00
3.090142175879832642e+00
2.014645940265929358e+00
4.449623850782603030e-01
-1.628795631398715749e+00
-3.688950293307348360e+00
-5.777993124963480831e+00
-8.168455027572722571e+00
-1.076774662878434796e+01
-1.166446720237031798e+01
-1.068753035626984094e+01
-8.670966994789294446e+00
-5.062191901018598728e+00
-1.056124746717964413e+00
3.313125139019487797e+00
9.148957835365290947e+00
1.623545694935999251e+01
1.962024412888574787e+01
1.897861394819973313e+01
1.652768721017123354e+01
1.091024494564964442e+01
5.315236406184424389e+00
-9.567395203762321665e-02
-8.109808371478695932e+00
-1.808904863146757691e+01
-2.313427589279191210e+01
-2.294647729689521398e+01
-2.038390625269812162e+01
-1.360404946682457705e+01
-7.358341937164845525e+00
-1.873668248682066384e+00
6.826086940077481735e+00
1.777165091927047769e+01
2.343654245045037854e+01
2.359904122849621189e+01
2.118779122842219920e+01
1.422025105594017624e+01
8.123343148177845308e+00
3.136934963938512233e+00
-5.166138006857268650e+00
-1.567243369647882645e+01
-2.131695738271453422e+01
-2.196929398813558976e+01
-2.023891742469579924e+01
-1.428543184771985963e+01
-9.390349700280825829e+00
-5.774239169704342700e+00
7.877846915051336385e-01
9.206748920348283960e+00
1.370299680393307185e+01
1.423647127939581125e+01
1.281898127692362799e+01
7.962112076703140140e+00
4.147819628709244810e+00
1.551489760078613944e+00
-3.343770731718665790e+00
-9.610155910158939108e+00
-1.251153379306489910e+01
-1.201049775664380448e+01
-9.723903485401464764e+00
-4.424562842285247655e+00
2.046947436781925145e-01
4.032508044312693940e+00
9.959380129967303930e+00
1.723149448062449451e+01
2.061966193237240219e+01
1.996393923504165002e+01
1.723169353250429126e+01
1.103151357891720075e+01
5.171862218971097214e+00
-2.038652469659805178e-01
-8.215814846761400503e+00
-1.809819933475873555e+01
-2.317408829365427536e+01
-2.318880100944816292e+01
-2.080132244638987871e+01
-1.423041577502083577e+01
-8.195422705568573107e+00
-2.900969969495874601e+00
5.563887498941709531e+00
1.624205430439201692e+01
2.204175614988994170e+01
2.277569114304520781e+01
2.117821347846661695e+01
1.538901098443355941e+01
1.057805461687283000e+01
6.975514016245055515e+00
3.928350673853981956e-01
-8.104023456377934309e+00
-1.328882981061445356e+01
-1.518097651803197401e+01
-1.555294512653518701e+01
-1.308201730987141076e+01
-1.192270802996380930e+01
-1.224674825227865860e+01
-1.085671460924409359e+01
-8.626909814044726232e+00
-6.816699791259800634e+00
-5.164626196914916534e+00
-3.662049291097897008e+00
-2.552728115080238336e+00
-2.543116008513512938e-01
3.271502769090588902e+00
7.057272369830016601e+00
1.145827116869153350e+01
1.376278411387017186e+01
1.362448129257591667e+01
1.258720970110497106e+01
9.867424550822498475e+00
6.791412638526811207e+00
3.466290561456973673e+00
-1.469155102881967156e+00
-7.757651374456981053e+00
-1.142088403174904876e+01
-1.227984149310361772e+01
-1.207176867984776258e+01
-9.744698205288056414e+00
-7.975986663232300877e+00
-6.920718324660424692e+00
-4.338567843774923993e+00
-7.906231599933517540e-01
2.286340610364614001e+00
5.046231947940546192e+00
7.806451747117879592e+00
1.025828583972068486e+01
1.383045522198812272e+01
1.859013588374520864e+01
2.359088819592124864e+01
2.916049814070902002e+01
3.131201155762171240e+01
2.955938344109075899e+01
2.601951356396655513e+01
1.952888892312753200e+01
1.215769449676891512e+01
4.027358340804373604e+00
-6.949897615796547079e+00
-2.039206446574210219e+01
-2.947576902404205512e+01
-3.386132666859798945e+01
-3.657288808228106092e+01
-3.579486511960804762e+01
-3.608027981371810000e+01
-3.769565244732721254e+01
-3.680399695212843625e+01
-3.435704937448198137e+01
-3.068950120983124208e+01
-2.531369118559904052e+01
-1.866937481236810470e+01
-1.066142718850228555e+01
-5.528408562145514793e-02
1.322936040358884036e+01
2.875330698571500676e+01
4.686811101986528172e+01
5.667516659768151754e+01
5.713356290593647913e+01
5.369148760393745334e+01
4.327261162504899517e+01
3.214366152396991083e+01
2.067676623128696534e+01
3.005841601585641065e+00
-1.964289891446990666e+01
-3.295734505697908645e+01
-3.639467983767702464e+01
-3.600042795090300274e+01
-2.801295528406109980e+01
-2.234989736900091373e+01
-1.955893059589975636e+01
-1.146313037263045054e+01
-1.443878574056519648e-01
6.827891948283714818e+00
9.757567125230542260e+00
1.085466572880053526e+01
8.299202067105166947e+00
8.631356253796219846e+00
1.212073159161514369e+01
1.400247613900599397e+01
1.569224108989170041e+01
1.601952102627781116e+01
1.434596561163432504e+01
1.221409039305577870e+01
9.155114278193357435e+00
4.618399860207283325e+00
-1.316417497916141599e+00
-8.829154354278474059e+00
-1.806904823184111564e+01
-2.307633857790420606e+01
-2.336951111050268182e+01
-2.191468401641763819e+01
-1.707628970770140242e+01
-1.236457963480550681e+01
-8.018595858804184573e+00
-8.593426865117754776e-01
8.393849340954778526e+00
1.375980995773434401e+01
1.509409129301939956e+01
1.477383596493022644e+01
1.124912766394987962e+01
8.828215878387656090e+00
7.731290313197219710e+00
4.484315224985554238e+00
-6.533578026743203093e-03
-2.801370603398876113e+00
-4.045923332468411182e+00
-4.527751087810499619e+00
-3.544017483328452123e+00
-3.712877939571982200e+00
-5.130771608420701568e+00
-5.910444433979111345e+00
-6.615319455281310823e+00
-6.704628238983130650e+00
-5.918664536006270183e+00
-4.905610108950048343e+00
-3.458168881680177886e+00
-1.397055844081836806e+00
1.244389784033718804e+00
4.576238856612055095e+00
8.650673969760550364e+00
1.060714617545299632e+01
1.021034355789112702e+01
8.866010696990860751e+00
5.783979759813907329e+00
2.653117440425416973e+00
-4.195795210720297819e-01
-4.970991035939019476e+00
-1.066050972863355639e+01
-1.372010095359848059e+01
-1.399419048721375347e+01
-1.305141195137318633e+01
-9.891009185173265550e+00
-7.106241673921576130e+00
-4.826487852314091498e+00
-8.898234607743796820e-01
4.170507824577950551e+00
7.582908154984665750e+00
9.358943732917580860e+00
1.046545561733215912e+01
1.020594377635832473e+01
1.076863849844959020e+01
1.225349924008041036e+01
1.298154591712460970e+01
1.341924351512857427e+01
1.291023937125435062e+01
1.118626342441999988e+01
8.868876097734355923e+00
5.706248247129300566e+00
1.631226630861567273e+00
-3.344573808563141792e+00
-9.439746257201781177e+00
-1.670060291178229406e+01
-2.060676194151702134e+01
-2.078017966703881925e+01
-1.941501218332126655e+01
-1.525459543931199669e+01
-1.099605713665791207e+01
-6.798887022098528909e+00
-2.070962794269460838e-01
8.241778741047632195e+00
1.318114196409879035e+01
1.443417353509305379e+01
1.421138701560051665e+01
1.110814721673907179e+01
8.904644556886809781e+00
7.801305654137405732e+00
4.707106673453927748e+00
4.148139175029926240e-01
-2.546748299391103032e+00
-4.323683864113114339e+00
-5.590641149662861409e+00
-5.753992644029962911e+00
-7.097215200385082134e+00
-9.712903640024283192e+00
-1.197896370645091757e+01
-1.439498666592936260e+01
-1.509914981620595498e+01
-1.373362637815875154e+01
-1.152779452771097901e+01
-7.904417204652543383e+00
-3.522412367883611672e+00
1.550943950652608816e+00
8.176017223863334848e+00
1.624456774575336482e+01
2.089731252041337939e+01
2.181078603183777886e+01
2.124104223287007898e+01
1.786666506668501597e+01
1.474827006814505204e+01
1.206571864583019327e+01
7.138190176181551827e+00
5.907626866516372255e-01
-3.351754829517950007e+00
-4.642321611463408715e+00
-4.885728895118833570e+00
-3.005524063769577037e+00
-2.171162086912628464e+00
-2.543301145193653134e+00
-1.629755290588681405e+00
-1.058901925626611618e-01
-1.887528730874874494e-01
-1.799475959136368708e+00
-4.351930396361973763e+00
-8.394274946615468025e+00
-1.200063136656931562e+01
-1.511722405970321503e+01
-1.917215674696141292e+01
-2.376630934853355726e+01
-2.509316456369374393e+01
-2.293172621319745375e+01
-1.879657477298302126e+01
-1.163058297762157167e+01
-4.006967619771972799e+00
3.997290239890959551e+00
1.461883172725994839e+01
2.737020760498617378e+01
3.442487579124700403e+01
3.532359360307614793e+01
3.346838400422270610e+01
2.672789057176619565e+01
2.027122902744950395e+01
1.434882449037442420e+01
4.506421803583439356e+00
-8.218525051622448174e+00
-1.561003068132900751e+01
-1.746966499086842006e+01
-1.703334430519712939e+01
-1.216673380631766577e+01
-8.852142379979383691e+00
-7.387365032885552907e+00
-2.960077178377446216e+00
3.173952076628931529e+00
6.208717002592193168e+00
6.270613222880956350e+00
4.794240341205694200e+00
5.923697794494212632e-01
-2.284166620162692229e+00
-3.686969162051286553e+00
-6.637967250135336172e+00
-1.028097589414963231e+01
-1.161656049341487318e+01
-1.068921053785608599e+01
-8.321253113690810110e+00
-3.741273204780208417e+00
5.258592950568836688e-01
4.427316319954573309e+00
9.898975215924863846e+00
1.643663382903545767e+01
1.927840714454671200e+01
1.818762343191244568e+01
1.507706507137560870e+01
8.648612665202030314e+00
2.193641872691162842e+00
-4.163322535953358106e+00
-1.321637512682266902e+01
-2.431780344343773592e+01
-2.975581163682602437e+01
-2.914587454767803365e+01
-2.572304410339563674e+01
-1.740623238246679705e+01
-9.433994272382648205e+00
-2.049134478575715956e+00
9.187226408462310090e+00
2.321859154133885994e+01
3.077574529859738561e+01
3.153702028136515167e+01
2.920816787214815946e+01
2.133637274893118629e+01
1.449534307794356813e+01
8.988337963013327325e+00
-5.935621012065259716e-01
-1.290150345073002391e+01
-1.976636945131024703e+01
-2.108253052004025108e+01
-1.983312237267543310e+01
-1.390955160584463890e+01
-9.498960584455705458e+00
-6.868213663926596269e+00
-1.120445392440971855e+00
6.456229685665987539e+00
1.059395034559710602e+01
1.137828149879892337e+01
1.044046591939481061e+01
6.459081602119057131e+00
3.790298380400675349e+00
2.590736396721982082e+00
-4.372687059319322334e-01
-4.381679068824912093e+00
-6.458544598395569381e+00
-6.779710624673279007e+00
-6.040284232587471713e+00
-3.552095619745497590e+00
-1.804878501631612231e+00
-8.627050275822806258e-01
1.104244210969488993e+00
3.580472170021773870e+00
5.027927987962810263e+00
5.505040674656455302e+00
5.387898126456927450e+00
4.293037319378469441e+00
3.608214106391657072e+00
3.365839593321506840e+00
2.543795690158427103e+00
1.427312300723754479e+00
7.421842929284278023e-01
4.403409720684967055e-01
3.702947534542643249e-01
7.059134381520819623e-01
7.447888278282270846e-01
4.690443528639178239e-01
3.749681327964468625e-01
3.142553044117208927e-01
-4.412658934748678319e-01
-1.912627076001997883e+00
-3.862228089471011927e+00
-6.488853079310739957e+00
-9.242657833901553488e+00
-1.211468389721822447e+01
-1.555914096909246602e+01
-1.947245555867028344e+01
-2.099887637847570332e+01
-1.991248599860432122e+01
-1.749207688432077745e+01
-1.293395389621871061e+01
-8.014390736557823303e+00
-2.806458199078076809e+00
4.299069691198937448e+00
1.296446534493414227e+01
1.905322862624824509e+01
2.239537174909233030e+01
2.475153001276376230e+01
2.502918089285705605e+01
2.608734011046793455e+01
2.808364205162758864e+01
2.865158544195718449e+01
2.838985777471831540e+01
2.645402151377501454e+01
2.244149908669749394e+01
1.712676158853686559e+01
1.015039935357700962e+01
1.353574541873613368e+00
-9.286142568702141276e+00
-2.207077613858656662e+01
-3.710533066411836955e+01
-4.556103249177548520e+01
-4.667483101351153607e+01
-4.473962392630627249e+01
-3.728837319616011570e+01
-2.957030419719808734e+01
-2.188876247890171101e+01
-9.437637136757276224e+00
6.744604384393828589e+00
1.645724574596302858e+01
1.939333157002793229e+01
1.975480147272150688e+01
1.488762836448658966e+01
1.202918204221103515e+01
1.157624995825298164e+01
7.652722125097061401e+00
1.789763477322321883e+00
-8.387818968310253309e-01
-4.584687515021587112e-01
1.507304224294415462e+00
6.306298311988343563e+00
9.409863397989880696e+00
1.065352420300053460e+01
1.333460234474267381e+01
1.648473491428872251e+01
1.736408017916050994e+01
1.605644201890777367e+01
1.317057694445154681e+01
8.003225819032913080e+00
2.986078310863705010e+00
-1.856905511646824269e+00
-8.362982788630896280e+00
-1.605728842739398132e+01
-2.068353643721431823e+01
-2.204747078346059297e+01
-2.185055220922505370e+01
-1.894038980941139272e+01
-1.630885996048292341e+01
-1.407539894448140849e+01
-9.730304972772556127e+00
-3.870284801940940600e+00
2.282440375560461643e-01
2.586781638713913978e+00
4.386452454012770730e+00
4.813838501167299277e+00
6.473655252814086047e+00
9.502663344565027259e+00
1.192585647202364285e+01
1.431176204284736286e+01
1.518846413242554050e+01
1.418054291260777333e+01
1.237243346395987409e+01
9.274577342475664565e+00
5.230425049967101003e+00
2.832871446390682335e-01
-6.203423993845522233e+00
-1.419663284342474974e+01
-1.833875738939553912e+01
-1.823619011005952473e+01
-1.643664747916431423e+01
-1.147229776262699197e+01
-6.643058727138186015e+00
-2.148571293978248420e+00
4.942926162138846280e+00
1.396045895336314224e+01
1.843376666844901735e+01
1.812804269008995917e+01
1.567681374892942792e+01
9.369938396574623241e+00
3.736226061286596956e+00
-1.004993074149373555e+00
-8.594411167380995309e+00
-1.809924134488247915e+01
-2.298171088917468907e+01
-2.307693367976290233e+01
-2.086138640024666557e+01
-1.461764368954144899e+01
-9.126579529380707712e+00
-4.588442061384603754e+00
2.872565633240283134e+00
1.227801793920690976e+01
1.790001133260483712e+01
1.966979792340246647e+01
1.965582059308234619e+01
1.637874485680669068e+01
1.420522973962215296e+01
1.331855151876555787e+01
1.026864999518076615e+01
5.962760268251240170e+00
2.959974945044006933e+00
1.081007879171256514e+00
-2.860408246975632007e-01
-5.462468390479924274e-01
-2.112658404590120220e+00
-5.074378367022082337e+00
-7.744662513423962835e+00
-1.065077163213786626e+01
-1.219674121200223205e+01
-1.204958032815080138e+01
