-5.442385912517542579e+01
-6.073847399471133457e+01
-6.783370329330251991e+01
-7.578019671118686063e+01
-8.397173990542692934e+01
-9.259736544496844601e+01
-9.780721681715374416e+01
-9.914589812020525983e+01
-9.855644899558141958e+01
-9.490704645123039995e+01
-9.027274677397539904e+01
-8.474615445017640525e+01
-7.625466229879891955e+01
-6.516822704974281066e+01
-5.450184413422832108e+01
-4.419925555885073720e+01
-3.299935495106377203e+01
-2.160368308692829586e+01
-7.620196675427434840e+00
9.153834141775879729e+00
2.698808634036215537e+01
4.645933910833812774e+01
6.225751065191153799e+01
7.368854514879426176e+01
8.368693149472150594e+01
9.069468181362027792e+01
9.740481443523839289e+01
1.039978422747525428e+02
1.077210405413690211e+02
1.090783777453077761e+02
1.126007702213954786e+02
1.182775379838666936e+02
1.242127594638465382e+02
1.315003648850935178e+02
1.367053424564461750e+02
1.395652821323068906e+02
1.426647572406746178e+02
1.452061319985963053e+02
1.437147920732642206e+02
1.380916827043573676e+02
1.293652749136318221e+02
1.165727978446499407e+02
1.022746309531745226e+02
8.646938967037245050e+01
6.698854761479255160e+01
4.428260718148206365e+01
1.983366774815079481e+01
-6.557625522805901497e+00
-3.537509815409880076e+01
-6.634544868711071786e+01
-1.010468196857737837e+02
-1.396307761881875820e+02
-1.811532726435815732e+02
-2.260340482350158027e+02
-2.552954733448387117e+02
-2.669654884188250321e+02
-2.702886017847139328e+02
-2.597832486488088648e+02
-2.461963324807919378e+02
-2.300122770522444569e+02
-2.008876732333890232e+02
-1.607990255776412880e+02
-1.238121260837917248e+02
-8.962057536250740952e+01
-5.254177021526275837e+01
-1.585572789745407718e+01
3.173592907952469844e+01
9.113486001213514953e+01
1.541756197697673088e+02
2.235529468574461305e+02
2.712522198316888762e+02
2.936758968888123036e+02
3.060124648521938866e+02
3.000327616415838179e+02
2.900877606228233390e+02
2.770597255826686478e+02
2.463188688016901153e+02
2.005127932058566387e+02
1.630295578556818157e+02
1.337200299893889905e+02
1.027820329306544238e+02
7.580920580479563853e+01
3.487690568674656078e+01
-2.142831921734963530e+01
-7.975506037812991167e+01
-1.443099502396377147e+02
-1.902498651124712410e+02
-2.137336519214468353e+02
-2.295587150584258040e+02
-2.302765972946593536e+02
-2.272221642559198074e+02
-2.212914921581739804e+02
-2.000542071972929818e+02
-1.655813630877544824e+02
-1.409961059061857327e+02
-1.264112987847436926e+02
-1.118026240682718395e+02
-1.027893886958826357e+02
-8.228850079349160751e+01
-4.893745885885295621e+01
-1.574136186039232044e+01
2.127557624478292553e+01
4.912805719463167264e+01
6.515868983791064295e+01
7.839841861393702516e+01
8.479866735815558343e+01
8.891615597469277077e+01
9.132394384021712597e+01
8.604768041907323095e+01
7.389224946867058463e+01
6.933575754972508776e+01
7.267665828576377862e+01
7.733381145961243419e+01
8.690157083513597058e+01
9.124282475645080126e+01
8.953029333217266128e+01
8.973189823506767482e+01
8.951545859017657847e+01
8.623751285795970034e+01
8.049466900489157695e+01
7.182760541564610435e+01
5.967991474305042487e+01
4.737934137100452858e+01
3.484957368335413719e+01
1.994783114349779041e+01
3.318652131082230561e+00
-1.631446926729089952e+01
-3.932038899045080882e+01
-6.468271477920035295e+01
-9.283591019594639704e+01
-1.237217872293168455e+02
-1.573137754772323547e+02
-1.940606415240494584e+02
-2.339970735336227676e+02
-2.594486049343158811e+02
-2.687405228682775942e+02
-2.702314915229848680e+02
-2.588664831456010802e+02
-2.449536854411473996e+02
-2.289406227871037345e+02
-2.011064414922055903e+02
-1.633671394065396498e+02
-1.282244089089792851e+02
-9.534942254403006245e+01
-5.980216678494036842e+01
-2.448442176882737797e+01
2.078801078937626556e+01
7.681038762075743875e+01
1.362692046649679298e+02
2.015908164495516246e+02
2.478549276025855477e+02
2.718637071917289632e+02
2.871530866857304432e+02
2.864081136224276634e+02
2.823827012516404125e+02
2.758705853642165380e+02
2.538734393580261894e+02
2.187500067957443548e+02
1.912966226594945738e+02
1.713865748168022094e+02
1.503122412807183821e+02
1.330518361803641483e+02
1.036796903632546218e+02
6.094542385105219751e+01
1.672232014040171322e+01
-3.272252041069382500e+01
-6.975680091788569825e+01
-9.141886474786842598e+01
-1.087727047965134517e+02
-1.164897269540624620e+02
-1.220898880012740619e+02
-1.262779737586942588e+02
-1.204638048035515823e+02
-1.060311463356269570e+02
-1.003335408076217306e+02
-1.035672734605658150e+02
-1.081245717920484424e+02
-1.182697121476157349e+02
-1.214429538966396649e+02
-1.166568194645839895e+02
-1.136121420716843744e+02
-1.094144446721366819e+02
-1.027404434591222611e+02
-9.448105878473425889e+01
-8.313219093313652763e+01
-6.854250305324353576e+01
-5.366499231173933993e+01
-3.833603102362420856e+01
-2.095813858542074470e+01
-2.095611132574775937e+00
2.111172579515737624e+01
4.909243382156177660e+01
8.012115348831893868e+01
1.150417084705773760e+02
1.527465206384527505e+02
1.931381901251062061e+02
2.375343129929788972e+02
2.857428405428219094e+02
3.164035207455660270e+02
3.275735949243153868e+02
3.291847080033912221e+02
3.151457055810498105e+02
2.980973780876679484e+02
2.785656722770619922e+02
2.447289080724007420e+02
1.989387513380874566e+02
1.560291508307172705e+02
1.155736485593121756e+02
7.175854566203801710e+01
2.801479842622561378e+01
-2.783253087089401134e+01
-9.673156757201316225e+01
-1.699759101495689606e+02
-2.504702550951066939e+02
-3.076895761145001416e+02
-3.377479494760112289e+02
-3.571793411780374754e+02
-3.570335060625752703e+02
-3.529934366172054752e+02
-3.460317039712351743e+02
-3.202088195801521238e+02
-2.784298572574346053e+02
-2.460672783812006514e+02
-2.229595265140083029e+02
-1.985034545826050874e+02
-1.787721067529682557e+02
-1.443160557990764232e+02
-9.361288984904895472e+01
-4.115851207161659175e+01
1.760405728384924018e+01
6.183251843375970225e+01
8.798105564094507258e+01
1.092361971666104807e+02
1.192914056051081957e+02
1.269330586315289509e+02
1.330075428668011455e+02
1.274066138921521514e+02
1.117490835693410816e+02
1.067220734379044416e+02
1.125793928540537507e+02
1.202364549335485435e+02
1.347849991875407056e+02
1.412993794079129373e+02
1.386085733515848801e+02
1.382660649079683139e+02
1.368372613805684068e+02
1.327600265492777112e+02
1.271043111960393475e+02
1.180876683670525154e+02
1.055403177643378996e+02
9.298073684367044223e+01
8.022307822300990665e+01
6.537890017708002688e+01
4.912777911280318222e+01
2.806177635206155330e+01
1.678991019475662538e+00
-2.795275984405300562e+01
-6.183235196508537257e+01
-9.862412341365285329e+01
-1.382028622486178335e+02
-1.821351743760622526e+02
-2.301818811100401092e+02
-2.614006385155967109e+02
-2.739334505614861541e+02
-2.774926611851610119e+02
-2.661280395695498555e+02
-2.523093814591850332e+02
-2.365677397689040902e+02
-2.073070783932424206e+02
-1.668636795078929254e+02
-1.296638930320893053e+02
-9.529411353965618048e+01
-5.814625003001308556e+01
-2.156461746413817693e+01
2.629792133862709846e+01
8.634685249678871344e+01
1.500965025238944008e+02
2.203619295007677295e+02
2.685966100230908182e+02
2.911271516352543927e+02
3.034835881032458360e+02
2.972848641336654509e+02
2.871073813004973090e+02
2.738623725368256032e+02
2.426752858782716089e+02
1.962413509477084403e+02
1.583896392441228045e+02
1.289761937323744121e+02
9.801805660819431409e+01
7.121920946846213951e+01
3.033745840265321903e+01
-2.606091601341612929e+01
-8.437469077374075255e+01
-1.488804158965662907e+02
-1.946952716381992161e+02
-2.179446957834657042e+02
-2.334930750915425790e+02
-2.338718647199310396e+02
-2.303765030732388368e+02
-2.239048189371901287e+02
-2.020251258036550439e+02
-1.667973491663581740e+02
-1.414610143843361811e+02
-1.261343289867866133e+02
-1.107260349446954848e+02
-1.008837569008395292e+02
-7.945292189682291450e+01
-4.506127460379352812e+01
-1.077121051660576256e+01
2.741148637660148424e+01
5.676599749931344974e+01
7.465702971769474061e+01
9.000670002399429848e+01
9.884293031238483707e+01
1.055613388767035019e+02
1.107324968205951023e+02
1.085334207073903059e+02
9.974144757726011790e+01
9.867572736108905929e+01
1.056450208875806851e+02
1.141318647823934356e+02
1.276971537891928534e+02
1.363459334926214979e+02
1.392648241537136471e+02
1.443280214418777518e+02
1.492399942980997878e+02
1.497041678977905690e+02
1.461422225968204032e+02
1.388987282856340926e+02
1.269378547873953238e+02
1.145189503899094206e+02
1.016057983511730072e+02
8.515375802166209951e+01
6.597688614458937195e+01
4.402805129082658198e+01
1.891028104819523392e+01
-8.860500570390598796e+00
-3.943337997024394070e+01
-7.373974430668377522e+01
-1.118339141509279244e+02
-1.534522786917464146e+02
-1.988670162626387423e+02
-2.288989335342843958e+02
-2.416576137734258509e+02
-2.463909001690068408e+02
-2.376007608917032030e+02
-2.263126027773624287e+02
-2.130348164608422223e+02
-1.872907693488138534e+02
-1.511343504781906972e+02
-1.184387120291077906e+02
-8.888546276248266054e+01
-5.695604218853112855e+01
-2.588999224435056945e+01
1.550586877719629086e+01
6.809995564728981776e+01
1.238013481761521888e+02
1.852658250671268263e+02
2.283127647130930882e+02
2.497364370912996776e+02
2.628931436029856172e+02
2.606631432594431885e+02
2.551961041778893389e+02
2.472841099553277218e+02
2.244071305252749369e+02
1.888115456458024539e+02
1.610564629728527848e+02
1.410608662175098118e+02
1.201667487937971259e+02
1.033117268002638269e+02
7.485927987766136482e+01
3.358166698168413689e+01
-8.813759409089954033e+00
-5.598475993162962538e+01
-9.235988315988821284e+01
-1.151922854176693818e+02
-1.345161153022461349e+02
-1.455943861702455422e+02
-1.547893313996228528e+02
-1.627447514913696978e+02
-1.619816504028349016e+02
-1.536655871621832716e+02
-1.536003140752055174e+02
-1.620072872307968623e+02
-1.718989401769594281e+02
-1.871726252286240708e+02
-1.964958883239595480e+02
-1.989735811246746664e+02
-2.034063391633669937e+02
-2.071873494119008399e+02
-2.054417890442317685e+02
-1.986106072584961737e+02
-1.870685385054788981e+02
-1.696171934389922740e+02
-1.510474466645769098e+02
-1.312944340088008914e+02
-1.068875745576458343e+02
-7.872248435285277424e+01
-4.683597075304245294e+01
-1.076532293499896653e+01
2.898493546725553216e+01
7.257524077232798732e+01
1.211500993563521291e+02
1.747984661621177054e+02
2.331839432129954162e+02
2.966513220911727444e+02
3.387162302216017338e+02
3.567588908947049049e+02
3.635206404125601694e+02
3.513995768359867498e+02
3.356264451207669026e+02
3.168897878020279677e+02
2.807028945261573654e+02
2.298934468597243495e+02
1.836478799827005162e+02
1.415185422224034255e+02
9.585630599505019234e+01
5.113491069108394527e+01
-8.140326296617191204e+00
-8.318074779686520515e+01
-1.628010409099300375e+02
-2.506848676289735067e+02
-3.117906636934839071e+02
-3.415280708733862411e+02
-3.591313600088139992e+02
-3.542943503182788731e+02
-3.447491118474583800e+02
-3.316314627391688532e+02
-2.967457165800649932e+02
-2.433706940613117524e+02
-2.011053043091126540e+02
-1.698103002762771041e+02
-1.370469389922038488e+02
-1.099157538559128540e+02
-6.584910575114963649e+01
-3.075341025485808011e+00
6.153425414773909807e+01
1.332624366092404102e+02
1.850279076536790228e+02
2.124012076732016965e+02
2.320255325744768129e+02
2.357280513528718018e+02
2.353399459937887741e+02
2.318863619794936710e+02
2.120282822303567514e+02
1.779228572452532262e+02
1.556744066657012127e+02
1.455026029117820769e+02
1.359844279958086588e+02
1.334970169484451503e+02
1.189789308979503772e+02
9.090849697979444954e+01
6.390310268609733413e+01
3.354160459946285755e+01
9.742502227418583516e+00
-4.961180796494740974e+00
-1.847810529895714993e+01
-2.759655327550095194e+01
-3.473305676557577470e+01
-4.040832636688089963e+01
-4.046814040043297211e+01
-3.531254392892434169e+01
-3.785054795723603149e+01
-4.849677054274080490e+01
-6.118766553383188977e+01
-7.917799247571090859e+01
-9.379368574535133973e+01
-1.043150277455046506e+02
-1.177333041152773347e+02
-1.320722612112120373e+02
-1.391027498780725011e+02
-1.387802035222015604e+02
-1.335448425977786258e+02
-1.212213031470217715e+02
-1.081487277717053104e+02
-9.442193833650297563e+01
-7.493208037404988886e+01
-5.088692698012715709e+01
-2.540243126715106925e+01
1.941718954209732617e+00
3.192447357005203656e+01
6.393541280041100805e+01
1.013426199332494519e+02
1.443826474974019902e+02
1.909731921953992071e+02
2.419522941407437315e+02
2.758606352415980609e+02
2.903936430185613631e+02
2.962887582314334622e+02
2.873509867289417343e+02
2.755080280666212502e+02
2.613627782408281632e+02
2.333539918641587576e+02
1.936990619012584602e+02
1.586089991590260979e+02
1.277991613469077379e+02
9.471006362248120070e+01
6.315719314003927565e+01
2.027564320911100637e+01
-3.493726543046921762e+01
-9.309243076538265882e+01
-1.572314020951244515e+02
-2.048505819512947994e+02
-2.327786071224493014e+02
-2.538705881637912682e+02
-2.614633418899983326e+02
-2.664538287941036856e+02
-2.696264582302339363e+02
-2.595033098097325137e+02
-2.381029745903697403e+02
-2.252970247565819761e+02
-2.210959636685466307e+02
-2.170483099418823087e+02
-2.179616404186823502e+02
-2.089327904831740170e+02
-1.887975276675338137e+02
-1.688182683227706775e+02
-1.455275720402827062e+02
-1.249089835066541241e+02
-1.087090068743127915e+02
-9.154128396074438001e+01
-7.536776828687006002e+01
-5.925075321871702272e+01
-4.278088373031913960e+01
-2.820343962779647740e+01
-1.534306479453899463e+01
4.528879091169073945e+00
3.179935587125702767e+01
6.234976727452167466e+01
9.843538262815795292e+01
1.344283041440667432e+02
1.698970622801731736e+02
2.095375104350709137e+02
2.521107107087934480e+02
2.800533513279482918e+02
2.921494522100107361e+02
2.957742552732416925e+02
2.860057562470743164e+02
2.740644672865757911e+02
2.603127076267036841e+02
2.347025115440549712e+02
1.993298523586537101e+02
1.650089827223568193e+02
1.312442790612624606e+02
9.402778768148832000e+01
5.579665245015503672e+01
7.222079217415396712e+00
-5.241414852523289625e+01
-1.166283976371087476e+02
-1.876697349695293155e+02
-2.374535002126424956e+02
-2.625844669622489391e+02
-2.779775831587577954e+02
-2.754507547707564186e+02
-2.697953528073684879e+02
-2.618983307685744535e+02
-2.369771219249963110e+02
-1.977920784916366870e+02
-1.670846335171259796e+02
-1.446607259455936685e+02
-1.211283885838231384e+02
-1.019215155806709987e+02
-6.947673677387787450e+01
-2.243977251828401265e+01
2.613976036572961448e+01
8.037173657959186812e+01
1.197637548588599401e+02
1.409493060246200571e+02
1.566132584330676991e+02
1.605773645615464602e+02
1.617341173158439744e+02
1.608814082704288637e+02
1.479707339897986174e+02
1.246350888928809439e+02
1.107012584474474863e+02
1.063571257540061765e+02
1.029357222798785756e+02
1.052932992685077522e+02
9.899831020379725999e+01
8.291049219151449279e+01
6.813021263417778073e+01
5.132166076477808758e+01
3.708382331898322803e+01
2.705137228702867347e+01
1.661689680132607450e+01
7.376107506745068321e+00
-8.076477999177824607e-01
-8.256616983615261418e+00
-1.342903271155500278e+01
-1.631494743710966588e+01
-2.458647832322292359e+01
-3.860964907601891838e+01
-5.463090710152095397e+01
-7.462602665093805854e+01
-9.373288415057758982e+01
-1.115409450885019709e+02
-1.321168163194222984e+02
-1.543708537608683287e+02
-1.669650240787497069e+02
-1.692335827446498797e+02
-1.657278470509112651e+02
-1.533034832687161781e+02
-1.394304285794321743e+02
-1.243313492573708174e+02
-1.014444254490548900e+02
-7.217366965827534386e+01
-4.303350370882260734e+01
-1.366332862775105994e+01
1.826062537810813424e+01
5.128979507642595337e+01
9.119464630385036230e+01
1.384119304291252490e+02
1.889866061716926708e+02
2.443140091861643839e+02
2.806583372401098586e+02
2.952820052260241255e+02
3.003963523535095987e+02
2.890976795176621295e+02
2.741975894554099114e+02
2.563796187339587505e+02
2.229873884351434015e+02
1.763871022316278072e+02
1.351774058751645384e+02
9.910055822101166711e+01
6.051206432407227709e+01
2.380821130345470493e+01
-2.559684764899913745e+01
-8.885504467875583146e+01
-1.552580269723478068e+02
-2.282530872546172418e+02
-2.785089776211236199e+02
-3.020194687036065488e+02
-3.151361921775407495e+02
-3.091816160525774535e+02
-2.986757835726580197e+02
-2.845703773084842396e+02
-2.517323228656618426e+02
-2.028238497939321974e+02
-1.631579486127866687e+02
-1.326538675256518331e+02
-1.005686994635911731e+02
-7.297932200242966871e+01
-3.069119193539967938e+01
2.782519926121552700e+01
8.819323433327888040e+01
1.549144874476270388e+02
2.023909455922774328e+02
2.265894950003016959e+02
2.428743954937479543e+02
2.435476987639347044e+02
2.401462404193017051e+02
2.335948989548439272e+02
2.111281630670515597e+02
1.748442406774005065e+02
1.488368435916461294e+02
1.332414635881685570e+02
1.175694266319369063e+02
1.076788699272437526e+02
8.581645502452415997e+01
5.055758334837747014e+01
1.543195922788935448e+01
-2.369479673169292511e+01
-5.414455192169793207e+01
-7.323756438043017170e+01
-8.997997486898161412e+01
-1.004014343338556330e+02
-1.087707898671463482e+02
-1.156680937593088458e+02
-1.153350783421473693e+02
-1.085256397468725993e+02
-1.097218512002004047e+02
-1.192544784897002330e+02
-1.305140396960969724e+02
-1.471091681703998120e+02
-1.589746724331950531e+02
-1.652923494056012430e+02
-1.740148445147946745e+02
-1.828344286895025732e+02
-1.855512433405311867e+02
-1.824059058225110164e+02
-1.746287895113090940e+02
-1.606370947818473951e+02
-1.458043391396734592e+02
-1.301373817391223042e+02
-1.095377322314163990e+02
-8.502316678752028167e+01
-5.788462119346129953e+01
-2.768516872648123339e+01
5.592326718939458985e+00
4.178959347576824257e+01
8.293768939214197644e+01
1.291803161031159846e+02
1.794717533265736620e+02
2.343492307099890866e+02
2.711838024993766112e+02
2.876656770137366834e+02
2.948642037652586509e+02
2.862733825327124464e+02
2.747370231221859740e+02
2.608678795680697817e+02
2.323675509119957496e+02
1.916260542703689111e+02
1.553112152176111351e+02
1.230773731085332372e+02
8.824668624623745927e+01
5.472384318130895764e+01
9.150561171470837252e+00
-4.951178228969330775e+01
-1.115697981583746099e+02
-1.801886195071070915e+02
-2.285950606692585154e+02
-2.531649965164377534e+02
-2.688540458173460479e+02
-2.677640689062779416e+02
-2.631850755167102420e+02
-2.560123187195784453e+02
-2.324516553226786186e+02
-1.949614875718657743e+02
-1.665976493289120697e+02
-1.473040965549742509e+02
-1.273379739127478132e+02
-1.122501474921541842e+02
-8.458781217891797155e+01
-4.298262396611372083e+01
-5.424100768645594428e-01
4.680831362815859364e+01
8.268683388014781599e+01
1.041143489591703428e+02
1.218100981599238537e+02
1.307667842915112715e+02
1.374924206254544288e+02
1.426733051313192107e+02
1.385069570819314322e+02
1.261783677252366829e+02
1.226184673339466258e+02
1.280869582077318682e+02
1.350541077766639830e+02
1.477006081544582514e+02
1.539443002354109922e+02
1.528240195429817447e+02
1.537448866294220977e+02
1.539272227093663048e+02
1.505521567349015868e+02
1.443403326535245412e+02
1.345809744443999989e+02
1.206927053819380404e+02
1.064277972082036143e+02
9.167450818263569090e+01
7.405103727219749032e+01
5.427514443469012662e+01
3.066172847467048967e+01
2.772905500758845232e+00
-2.814065105259994226e+01
-6.263999773295016382e+01
-1.005248424340802842e+02
-1.417635921857078358e+02
-1.869957717204840435e+02
-2.362387693195049110e+02
-2.676190314933671175e+02
-2.790730819692899445e+02
-2.809283645305832238e+02
-2.669311479240171252e+02
-2.498638107098209957e+02
-2.302797123249534081e+02
-1.961386478006297125e+02
-1.498176945217126956e+02
-1.067767546129978484e+02
-6.660820672601418835e+01
-2.320919406630610382e+01
1.983145114876753112e+01
7.511241576434507294e+01
1.436157107932436929e+02
2.162939520296303897e+02
2.961477633150607289e+02
3.508454174882519396e+02
3.762755677653220800e+02
3.898844623812962595e+02
3.821844002467602195e+02
3.698114337064516235e+02
3.537754453897644566e+02
3.171646750249311708e+02
2.630482336850822662e+02
2.182267503145546925e+02
1.825079929444676452e+02
1.446787747996733913e+02
1.111403354675177866e+02
6.130461417277776093e+01
-6.453492370255306199e+00
-7.682307704276391291e+01
-1.546403560978457392e+02
-2.132243749042642662e+02
-2.483635174132427323e+02
-2.761964365602248677e+02
-2.887144612080517163e+02
-2.978901897297262167e+02
-3.047253273235007782e+02
-2.959717910924825901e+02
-2.738299747209356383e+02
-2.635272997077507853e+02
-2.652422912514368818e+02
-2.680194853378943662e+02
-2.780164882095809276e+02
-2.767194771273984770e+02
-2.626673078567039852e+02
-2.500290750662393293e+02
-2.345156502767636368e+02
-2.178578946772088045e+02
-2.016982912354723112e+02
-1.820539778046733943e+02
-1.597403684179868719e+02
-1.369323938441435757e+02
-1.132764042656603749e+02
-8.843323171211159206e+01
-6.281435624075474067e+01
-2.958745154271827005e+01
1.182754763072349391e+01
5.788176129728613262e+01
1.104398763239230590e+02
1.657677674611598775e+02
2.235749547297787956e+02
2.873428945764980540e+02
3.563017426534133847e+02
4.025247965827152825e+02
4.236624578800272616e+02
4.323245053073687245e+02
4.205934006094103097e+02
4.054072212271061630e+02
3.874257255261254045e+02
3.510363394171550340e+02
2.993992305155853728e+02
2.512507794018104335e+02
2.059692434452520899e+02
1.563314786222105397e+02
1.066447297438271704e+02
4.132291375880549111e+01
-4.083809701245640866e+01
-1.287728175239748509e+02
-2.262064469012424581e+02
-2.947466407480057455e+02
-3.295151380802295762e+02
-3.513752032961529608e+02
-3.490853578800875994e+02
-3.423628840293521876e+02
-3.324585822533234705e+02
-2.993574233142463754e+02
-2.467308341007652075e+02
-2.065286851520641562e+02
-1.785721688231745929e+02
-1.495373702396724696e+02
-1.270892061401597317e+02
-8.678436368372845777e+01
-2.672969084807973417e+01
3.481503127670924158e+01
1.035595406152600617e+02
1.525767066079035317e+02
1.773122489993795057e+02
1.946518779815612845e+02
1.964394572079145576e+02
1.940971022293374517e+02
1.886797148191357110e+02
1.670692357766905332e+02
1.313484586276879327e+02
1.080116663780479627e+02
9.733966222245202005e+01
8.767896482341170383e+01
8.552390828227322572e+01
7.166948530511962190e+01
4.458420060259925322e+01
1.906523424106612907e+01
-9.330566508533214787e+00
-3.070910267474939914e+01
-4.250239252856786010e+01
-5.260937783448751759e+01
-5.780526496163243877e+01
-6.043096453886401775e+01
-6.098760931781176708e+01
-5.533351826642038418e+01
-4.383703029345340241e+01
-3.944803536428895541e+01
-4.256989622453996702e+01
-4.708191284416336941e+01
-5.623656024612424886e+01
-6.131373598762593957e+01
-6.157111803008888273e+01
-6.400877730017565170e+01
-6.662544312368832777e+01
-6.615925066157610956e+01
-6.306408177287507755e+01
-5.742692753574267783e+01
-4.850782615301204004e+01
-3.978113691787474693e+01
-3.122775626904728341e+01
-2.047713185190397311e+01
-8.215701273315030306e+00
6.046545150076491737e+00
2.263492366629280639e+01
4.087417034943298688e+01
6.098630475214761049e+01
8.340552077312104018e+01
1.081285297706374706e+02
1.351715021735832636e+02
1.646663333440348538e+02
1.836280719984316931e+02
1.907997704167466111e+02
1.924026489084649256e+02
1.847209193640046863e+02
1.752529602482200062e+02
1.643400516171063259e+02
1.448795286003329466e+02
1.182690805908597014e+02
9.378061938342669634e+01
7.118739414748510796e+01
4.681579939217160558e+01
2.282563006462338251e+01
-8.294834466112739335e+00
-4.712872630377233918e+01
-8.826074595591207128e+01
-1.334755234945876339e+02
-1.661937983592950445e+02
-1.842334336487778330e+02
-1.967269688652795026e+02
-1.987975923674472654e+02
-1.988078489274285516e+02
-1.973005502024824693e+02
-1.856812657508221207e+02
-1.654982703507251927e+02
-1.507977660355249725e+02
-1.415207895812891650e+02
-1.317621243381378520e+02
-1.248947964239081188e+02
-1.102256655704323265e+02
-8.691730307113475362e+01
-6.297328901769456166e+01
-3.589304667431784424e+01
-1.449578059165351362e+01
-4.714700114308432166e-01
1.218575827194921324e+01
2.076941031453873521e+01
2.858304218057248747e+01
3.603141331249557311e+01
3.901210736954300984e+01
3.813663048404144718e+01
4.289614162850875090e+01
5.348326732350729174e+01
6.565867209730483012e+01
8.178849014907640935e+01
9.520568461631803814e+01
1.053922209735208071e+02
1.176027830717829517e+02
1.303199600238558844e+02
1.377312747438164990e+02
1.398243572115862889e+02
1.382268795698484496e+02
1.313977561339785609e+02
1.238874021872427136e+02
1.157416429857633773e+02
1.033027751191815184e+02
8.742701414569388874e+01
7.024407291581377422e+01
5.143675489124418476e+01
3.048084572974786255e+01
7.778751499688684845e+00
-1.904141189614365004e+01
-5.015603717767667291e+01
-8.413057652614193671e+01
-1.215653335978362435e+02
-1.466010076027751552e+02
-1.575529357849030134e+02
-1.623497549849174675e+02
-1.564220990750067699e+02
-1.486224214203344047e+02
-1.394042127266124851e+02
-1.202185167742409817e+02
-9.271902361504004375e+01
-6.886911775283518011e+01
-4.846422772072230600e+01
-2.668253086900605453e+01
-6.345651902248929055e+00
2.203389373308003840e+01
5.918646811933822960e+01
9.817578754707720634e+01
1.412381177578955942e+02
1.691292626962857355e+02
1.792301408246984806e+02
1.822477752366307300e+02
1.724908477345769313e+02
1.594962691989974530e+02
1.438851044371005230e+02
1.157247859152182770e+02
7.676270113107196380e+01
4.353653453946494523e+01
1.598527259972592063e+01
-1.290706306385690993e+01
-3.917434143070413910e+01
-7.537340921821157735e+01
-1.225071864203935377e+02
-1.711811091233315665e+02
-2.243428887385462076e+02
-2.599024674844109200e+02
-2.746760072866845803e+02
-2.812176196348320900e+02
-2.729378029312254625e+02
-2.604487075963913298e+02
-2.444623751493332122e+02
-2.136734209768030155e+02
-1.700003548163936102e+02
-1.330375127295105813e+02
-1.027548900526391833e+02
-7.072718115376305548e+01
-4.165912036663850415e+01
-7.861003626592069082e-01
5.309501880403905005e+01
1.089077315425609953e+02
1.701266373742703877e+02
2.139104426929003182e+02
2.368355147670533256e+02
2.522090837286612270e+02
2.531957431841950381e+02
2.504876479655725063e+02
2.448652234673905355e+02
2.247662567903175557e+02
1.921329719633599780e+02
1.678157457822920264e+02
1.518584296278036163e+02
1.352523991353434667e+02
1.230381753215231839e+02
9.967569445794400451e+01
6.391314708102671460e+01
2.750423287754243162e+01
-1.318595278464089127e+01
-4.424567053591054133e+01
-6.307397364052221889e+01
-7.890119001581207669e+01
-8.745569301542028029e+01
-9.413417627098101548e+01
-9.952751631513096697e+01
-9.705299054726124552e+01
-8.768857384680434564e+01
-8.611467366469355511e+01
-9.257931432136000183e+01
-1.005220600762405354e+02
-1.135753895792851722e+02
-1.213162019334771600e+02
-1.229130165571854434e+02
-1.265043782096229563e+02
-1.296947391441894695e+02
-1.281316409207628055e+02
-1.222473484143401521e+02
-1.123322516745874822e+02
-9.733069112465386752e+01
-8.158913795486475351e+01
-6.505431043971178440e+01
-4.461260916995585291e+01
-2.108480647051905166e+01
5.617252675825512576e+00
3.591107734115105643e+01
6.926678309464094241e+01
1.058549399670926761e+02
1.466213761507531501e+02
1.916311769785593526e+02
2.406403536038642983e+02
2.939342859364538754e+02
3.277894221117783218e+02
3.398611208756606743e+02
3.415410834719628497e+02
3.260177341197806982e+02
3.069383361567224711e+02
2.849129569364295094e+02
2.469580087771936689e+02
1.956029505813834817e+02
1.479941405391085709e+02
1.037222225425639692e+02
5.594796704041122837e+01
8.663878469436710361e+00
-5.199569640287631955e+01
-1.271197574736101501e+02
-2.067122092199044232e+02
-2.940741559128251197e+02
-3.541658781284756401e+02
-3.825072499224409057e+02
-3.980396190566414134e+02
-3.904724430681022795e+02
-3.777915182520597455e+02
-3.610905350262253251e+02
-3.220525158667290953e+02
-2.639917192744193812e+02
-2.160412240690300507e+02
-1.779980573563896087e+02
-1.376567083314089075e+02
-1.019762274406453457e+02
-4.859257663220894585e+01
2.426308803989540408e+01
9.995511546447764317e+01
1.837382644760372727e+02
2.431540153830702025e+02
2.732694769120966498e+02
2.932418031715627649e+02
2.933589405137213930e+02
2.886161246962357154e+02
2.801689117855691507e+02
2.517033690054924193e+02
2.059622694587264391e+02
1.728489293155308246e+02
1.524788918652706968e+02
1.319278565648931192e+02
1.184524925865794671e+02
8.988548701309257183e+01
4.446084890363641762e+01
-9.797952697561091995e-01
-5.159945762098328714e+01
-8.990911314399458831e+01
-1.124064208929284803e+02
-1.311177144160458283e+02
-1.406110914702732941e+02
-1.471805988724439374e+02
-1.515912092704824374e+02
-1.457420317149855293e+02
-1.307526125691272227e+02
-1.258551764948833522e+02
-1.314288207843472946e+02
-1.387663720283654527e+02
-1.526384659311934797e+02
-1.595342083324602811e+02
-1.583567800252360769e+02
-1.597087063127402757e+02
-1.604822315904431207e+02
-1.584839581042888312e+02
-1.546417114886967852e+02
-1.477210855744808100e+02
-1.373654691103963046e+02
-1.272457901466680568e+02
-1.172326541146492787e+02
-1.052037391221884661e+02
-9.188094888706677921e+01
-7.462597367030937789e+01
-5.297721069105343616e+01
-2.866872177628818008e+01
-9.082697916225332957e-01
2.945416815138006328e+01
6.231736276926245921e+01
9.882464354525166073e+01
1.388337849691960173e+02
1.682969292091470095e+02
1.860033100370999364e+02
1.984983707299570028e+02
2.018150296323200337e+02
2.043562045292827349e+02
2.065061052880892589e+02
2.005069259450774837e+02
1.879557822515340604e+02
1.784681961672073953e+02
1.717845780465378596e+02
1.642141306129856275e+02
1.580017873616146744e+02
1.452775799660485063e+02
1.254637217441666479e+02
1.042314772956213318e+02
7.972895564408170799e+01
5.864242476988950159e+01
4.216946440418424658e+01
2.576178477010621393e+01
1.142612808055923779e+01
-3.457574267690380676e+00
-1.923627592303353495e+01
-3.281219934470476574e+01
-4.470760057266587495e+01
-6.191297109738789572e+01
-8.459201639359963565e+01
-1.097027112440945444e+02
-1.390118046440554167e+02
-1.676421091819300102e+02
-1.952527700998612374e+02
-2.257412121512837473e+02
-2.580262736149392708e+02
-2.756038490731824595e+02
-2.772369901560826406e+02
-2.698905819033320199e+02
-2.488930369783356298e+02
-2.246447412246725435e+02
-1.974502518301498242e+02
-1.578689079139750504e+02
-1.078075306672495515e+02
-5.766948640923767755e+01
-6.976813661755326024e+00
4.822757835844495844e+01
1.056152884857556415e+02
1.741438489647442793e+02
2.545401898331786867e+02
3.406077463445769240e+02
4.345308791397985715e+02
4.957996001945825242e+02
5.197838126710216784e+02
5.271742404962550381e+02
5.061878051657669175e+02
4.788241679978145271e+02
4.462231431920483828e+02
3.867075627226314509e+02
3.043302989677944197e+02
2.307031075495815458e+02
1.653582024467444285e+02
9.531049740883078414e+01
2.801759709998169257e+01
-6.138315264741569877e+01
-1.748644760240715641e+02
-2.942133820835144320e+02
-4.253170679088401585e+02
-5.154671853932283057e+02
-5.575737620418269671e+02
-5.807964538477501719e+02
-5.695667727016991648e+02
-5.502151448661056747e+02
-5.244325875451826278e+02
-4.649312401766205767e+02
-3.765424974664735487e+02
-3.043656519110529075e+02
-2.482154618039483012e+02
-1.890056130786108781e+02
-1.375490880100726372e+02
-5.954516867006587688e+01
4.773649437568078469e+01
1.586497822942361040e+02
2.812441392271838367e+02
3.677624222030624992e+02
4.108056028273957168e+02
4.387823384746541251e+02
4.373600171928376312e+02
4.283272262595043571e+02
4.133872970407363709e+02
3.686211078009840207e+02
2.979956209644649334e+02
2.459920326512281008e+02
2.128147561734697604e+02
1.791560845319420423e+02
1.558151592768486182e+02
1.099051497356200713e+02
3.878911749432405287e+01
-3.252172455692942066e+01
-1.116926053989527077e+02
-1.700295348632350567e+02
-2.020504963057016141e+02
-2.268876302109153187e+02
-2.356808426515486019e+02
-2.393423026456695482e+02
-2.390609088251868570e+02
-2.212963890409162957e+02
-1.879889584576820312e+02
-1.696815294064018360e+02
-1.668779531030735654e+02
-1.658356130186912196e+02
-1.740910522276941208e+02
-1.699544520119521280e+02
-1.516567238367656216e+02
-1.360930737791248646e+02
-1.182511618647880312e+02
-1.027039630023253949e+02
-9.172518240422830615e+01
-7.950419846259048029e+01
-6.779291232434525227e+01
-5.778195095988588292e+01
-4.906637760803027959e+01
-4.269614308990418294e+01
-3.896321042599090845e+01
-2.784617255731089358e+01
-8.756158580021519811e+00
1.321818436331483149e+01
4.068886055965052861e+01
6.758023202654661077e+01
9.335516101644800813e+01
1.232270338859066499e+02
1.558406304110509382e+02
1.785845570640354936e+02
1.908266515166923512e+02
1.975479613705402642e+02
1.952978448483252123e+02
1.925655065168880640e+02
1.896260150884812958e+02
1.791585205897791582e+02
1.627908485439391484e+02
1.474646260836166505e+02
1.327801989202572486e+02
1.163725209413026533e+02
9.979385930323606146e+01
7.684020856106391761e+01
4.707595396363915796e+01
1.476391738920909447e+01
-2.157584779468102809e+01
-4.924274023653129007e+01
-6.659684367639310665e+01
-8.074467065861722403e+01
-8.798497552458636051e+01
-9.472193020419868503e+01
-1.014233968043035787e+02
-1.015674596645783083e+02
-9.637726587483031437e+01
-9.659477953214893375e+01
-1.022138769147444606e+02
-1.087800374593672501e+02
-1.189031730985149409e+02
-1.244809603922954011e+02
-1.249171105033131823e+02
-1.263477513338395397e+02
-1.269098473170079018e+02
-1.240849171204891519e+02
-1.182463783278255676e+02
-1.091973588874084129e+02
-9.633784004361862685e+01
-8.250014661883483313e+01
-6.759551181568581057e+01
-4.965813478556233918e+01
-2.920257913166672026e+01
-5.691270071317716450e+00
2.119360642494539348e+01
5.090670379475478313e+01
8.370039484538200725e+01
1.199334112940104689e+02
1.596481358320647814e+02
2.029474557408868236e+02
2.499784514882276767e+02
2.788864540619969716e+02
2.875366484635632105e+02
2.863339968555114297e+02
2.690033276339972872e+02
2.481922894270252016e+02
2.244466261485475513e+02
1.857622141535812261e+02
1.344766916222053226e+02
8.629402900835975743e+01
4.081901279185254339e+01
-8.206614995138989954e+00
-5.713623679252912524e+01
-1.187165947327421094e+02
-1.939550383484476868e+02
-2.736885990615060678e+02
-3.609593610707235598e+02
-4.167607664895752464e+02
-4.362867814435409173e+02
-4.401392569917588276e+02
-4.168871456094072414e+02
-3.869712085826773773e+02
-3.515385322063982585e+02
-2.899965906705820657e+02
-2.060926026752503333e+02
-1.314844969307057454e+02
-6.583974773625980959e+01
4.043154672603094468e+00
7.065283668103451475e+01
1.585482530325895425e+02
2.696947372421271893e+02
3.859650553459845241e+02
5.131632838060583026e+02
5.978557589314106053e+02
6.328541790377460075e+02
6.475731041908908310e+02
6.262067582102109782e+02
5.954926071350500933e+02
5.570952696217588027e+02
4.832835082110607914e+02
3.789313794208190984e+02
2.896379081512829998e+02
2.151679363885126577e+02
1.361830307233793178e+02
6.358400854045217443e+01
-3.740609782916692438e+01
-1.695896386435811678e+02
-3.070424766776501428e+02
-4.579561634282981117e+02
-5.634150722478459556e+02
-6.148779263772358945e+02
-6.461053167996868751e+02
-6.395380072485880874e+02
-6.233426236524549040e+02
-5.994886820308162214e+02
-5.379351414054906400e+02
-4.438127563042332326e+02
-3.697920929449114169e+02
-3.158778625071909687e+02
-2.594517255004079743e+02
-2.132107394177476749e+02
-1.376423998622309455e+02
-2.957162383681257722e+01
8.123177745464008126e+01
2.040229021170870851e+02
2.924720703779466930e+02
3.388776001544281371e+02
3.718596895688705786e+02
3.773910872040915478e+02
3.755142077134632927e+02
3.679722683890218491e+02
3.319836107809217083e+02
2.711788604308029562e+02
2.306929196515416436e+02
2.109268257035010379e+02
1.920510135816859076e+02
1.850910973049763868e+02
1.571454802344532027e+02
1.055674094736903470e+02
5.559668071337411277e+01
-4.077317575408243577e-01
-4.246567186317595599e+01
-6.591452710083105160e+01
-8.575572424494107793e+01
-9.561649077524697304e+01
-1.013180632871546294e+02
-1.038219795293900773e+02
-9.437651904397743863e+01
-7.397033019451814084e+01
-6.697876501873699340e+01
-7.406198621027894546e+01
-8.390502566318363620e+01
-1.026082325771460404e+02
-1.134955830159022980e+02
-1.151836743584147769e+02
-1.209568547048794898e+02
-1.269925673309254393e+02
-1.278684163727479159e+02
-1.245118870824238826e+02
-1.167058228335472876e+02
-1.032587501211524597e+02
-9.032909024439503298e+01
-7.785290287840055612e+01
-6.173611068533575974e+01
-4.319491614845043159e+01
-2.080769395003715516e+01
6.030539402612728139e+00
3.585544167273904748e+01
6.920448315219503854e+01
1.065032704678513795e+02
1.477188855090364825e+02
1.931726402964885096e+02
2.430230402196121133e+02
2.735418552742306701e+02
2.824657937759077413e+02
2.811051455987567920e+02
2.626792019509802572e+02
2.409602948031786411e+02
2.165698565022935327e+02
1.765048054704564890e+02
1.233356069871293528e+02
7.389597908976264762e+01
2.776282260745148633e+01
-2.171082392832344610e+01
-7.060638663722191666e+01
-1.325917832170178485e+02
-2.087244811038900139e+02
-2.891606708411040358e+02
-3.771470371687381657e+02
-4.349445488176470462e+02
-4.578055000110743435e+02
-4.658863442446957492e+02
-4.481087062869927991e+02
-4.240224253340006157e+02
-3.947616686014026186e+02
-3.405007880115495595e+02
-2.648246795058865928e+02
-1.987088675478860580e+02
-1.418727030113265357e+02
-8.135381992243631544e+01
-2.451875232302345609e+01
5.255291829745486609e+01
1.517738842903492866e+02
2.554372314737902343e+02
3.691876803413321682e+02
4.474571982958410672e+02
4.838917959455077380e+02
5.040971151749619708e+02
4.945519890325386427e+02
4.775660687869179810e+02
4.546202796427897397e+02
4.022788404401886169e+02
3.246152266771939026e+02
2.614109308088260377e+02
2.125728267091094494e+02
1.611375984658688196e+02
1.166615289646528311e+02
4.906726041776356340e+01
-4.405733882856963390e+01
-1.401576784871923849e+02
-2.462920896548944540e+02
-3.210625358326834657e+02
-3.580125400323686335e+02
-3.818230935359190994e+02
-3.800550935941359967e+02
-3.715229324863139482e+02
-3.577006034787304998e+02
-3.178707428703401092e+02
-2.554512153788197395e+02
-2.091567089295711810e+02
-1.791732104281761622e+02
-1.486689201870739225e+02
-1.270431976184807752e+02
-8.569429248419757528e+01
-2.232222146834820720e+01
4.131642005318659017e+01
1.118911032426124592e+02
1.631139380512676667e+02
1.900808442913774741e+02
2.100580385213086174e+02
2.149526533325844184e+02
2.150213163403555257e+02
2.113257790664614504e+02
1.913529282861987610e+02
1.569274487585090299e+02
1.355823597425928995e+02
1.277283200224349997e+02
1.210182776073655333e+02
1.222289743174109589e+02
1.117041084740148875e+02
8.783806232743086184e+01
6.588782138562082480e+01
4.130158334778162299e+01
2.173246535477785102e+01
9.581489155542831426e+00
-2.076017122933278891e+00
-1.064432049795572155e+01
-1.708176990300829701e+01
-2.184013107937451892e+01
-2.203555881673819883e+01
-1.777851008360485707e+01
-2.065671024377690657e+01
-3.113708204891537790e+01
-4.360896057433444639e+01
-6.101929940715471190e+01
-7.582023264467879642e+01
-8.736195804409075549e+01
-1.018317919226681596e+02
-1.175126069834665117e+02
-1.269191773833511121e+02
-1.300088113918552608e+02
-1.290696436549179964e+02
-1.221324905690619147e+02
-1.149306514997323916e+02
-1.075715697896153671e+02
-9.544363415099019221e+01
-7.965240075223137239e+01
-6.306725434966193689e+01
-4.532437979484009816e+01
-2.571570480297656758e+01
-4.817244351539763159e+00
2.042212713970729965e+01
5.020346274116555918e+01
8.261132337912584944e+01
1.183932796001892171e+02
1.426108377112888945e+02
1.536242373228106146e+02
1.590367230289689360e+02
1.545363223725366311e+02
1.483260420954334222e+02
1.408500408730228628e+02
1.241190837427769935e+02
9.966866878215968484e+01
7.893847084576546536e+01
6.175930779352793820e+01
4.349622687988334491e+01
2.685781060473307136e+01
2.837494684919170673e+00
-2.925596390349918252e+01
-6.280709812161589412e+01
-9.993307354679181742e+01
-1.256455868369419449e+02
-1.377839601929362914e+02
-1.449679490796455923e+02
-1.427421338083244677e+02
-1.382656054133410066e+02
-1.320546664649002935e+02
-1.164898412809104116e+02
-9.288617113008244530e+01
-7.459547465823169432e+01
-6.162677889985741331e+01
-4.826543708838401869e+01
-3.773720127869693641e+01
-2.004198544791953651e+01
5.613669983183684487e+00
3.167857102262426494e+01
6.048699186834765840e+01
8.114715964850667262e+01
9.178589299033743032e+01
9.924347874273848902e+01
1.002053308666547906e+02
9.924913168371926986e+01
9.678979553721582363e+01
8.751898901628293004e+01
7.225960319361627171e+01
6.182096831198171571e+01
5.631387548740475069e+01
5.095646598928480842e+01
4.839213898253748170e+01
4.078150144546639666e+01
2.748790990133213796e+01
1.453866607326369120e+01
1.118714753794354255e-01
-1.090069201093139029e+01
-1.737180324804695175e+01
-2.293782058928863421e+01
-2.604065938031536476e+01
-2.814096464536066478e+01
-2.946945807347647772e+01
-2.786691987671922988e+01
-2.358106932128389133e+01
-2.252945844955430132e+01
-2.486691585270023808e+01
-2.784995648638102494e+01
-3.295715490252595714e+01
-3.612698899153693333e+01
-3.702160871877887871e+01
-3.886889407970919308e+01
-4.073620991493741883e+01
-4.018369589926290075e+01
-3.731894017789347373e+01
-3.260907524712650485e+01
-2.543568824358436586e+01
-1.793428587788149287e+01
-1.010806749245120351e+01
-3.395087644950549599e-01
1.096499443095943072e+01
2.334937841553332660e+01
3.698886814239747878e+01
5.185978750450721719e+01
6.791290856639825790e+01
8.591662443550667660e+01
1.059233642836551184e+02
1.275472719985360328e+02
1.509919836108753373e+02
1.633592643109980145e+02
1.633317082299203662e+02
1.571257645628825230e+02
1.410183172916702006e+02
1.223530294795404814e+02
1.014469562467982513e+02
7.124942493710753411e+01
3.310588911859000660e+01
-3.575558747665867898e+00
-3.902396231958405082e+01
-7.703336104905530135e+01
-1.154218362241444993e+02
-1.617974358572187725e+02
-2.167745048113362998e+02
-2.748848335412383790e+02
-3.379514324891185311e+02
-3.774173865388060563e+02
-3.898761526625373222e+02
-3.901008066261966292e+02
-3.697360197435290843e+02
-3.440125601195114200e+02
-3.137234585005546137e+02
-2.636612281042683890e+02
-1.966043017762237923e+02
-1.352556766016340930e+02
-7.930403665937667768e+01
-1.931878389352700509e+01
3.934699682178806768e+01
1.144724769218276776e+02
2.074964757790411056e+02
3.053879787137274775e+02
4.123712912675881626e+02
4.839272280297811335e+02
5.142905420269946717e+02
5.275251322485729588e+02
5.105160264232134182e+02
4.860202681501836537e+02
4.553907599491762994e+02
3.953392756657977429e+02
3.100257471731420083e+02
2.366532472937947489e+02
1.749480931232009482e+02
1.092474926734220873e+02
4.841873943399976099e+01
-3.611581937167732548e+01
-1.466501043768711838e+02
-2.619671749985630527e+02
-3.888063021934127050e+02
-4.757195380941043368e+02
-5.154040708447969337e+02
-5.370401828080122186e+02
-5.253331541691724169e+02
-5.052005902339823251e+02
-4.783402234542750762e+02
-4.183998059901939541e+02
-3.299268309364019274e+02
-2.583376486816104602e+02
-2.035807028607549967e+02
-1.462304161448774380e+02
-9.721704498146289097e+01
-2.233360247274715604e+01
8.116282129642867460e+01
1.875588615227221965e+02
3.048724960310036067e+02
3.865069595577210748e+02
4.251464162881217135e+02
4.486141909693669731e+02
4.428891816579630927e+02
4.290593222991432185e+02
4.087729926541261420e+02
3.587270851473036259e+02
2.827382600117153970e+02
2.245041460442639618e+02
1.842331897400376306e+02
1.428887809136670910e+02
1.110733767369855940e+02
5.650928491910377716e+01
-2.341361701165256548e+01
-1.041542593726232440e+02
-1.932490104356418215e+02
-2.566771837599641799e+02
-2.884657367527437941e+02
-3.101505950460106078e+02
-3.113377215662834487e+02
-3.061122935862762802e+02
-2.957671942746742388e+02
-2.637759193982054740e+02
-2.126508269646256792e+02
-1.766109811849869686e+02
-1.560313790984250204e+02
-1.357036437525667338e+02
-1.239983002831288843e+02
-9.616135561851190516e+01
-5.016655047239054710e+01
-5.062270989401580046e+00
4.491072482389068199e+01
8.274495409360163478e+01
1.047201480018585471e+02
1.230561507178809677e+02
1.323792994577384263e+02
1.382010753306827837e+02
1.412834168038946814e+02
1.339440533460191318e+02
1.171268751402512152e+02
1.106728988853661093e+02
1.150410852455560899e+02
1.210976465685529746e+02
1.337776845349841039e+02
1.393173896176180904e+02
1.365716180099675228e+02
1.364036476573964194e+02
1.356415646434110158e+02
1.316741460867226294e+02
1.254205982313066272e+02
1.157962379543807998e+02
1.023346996877795760e+02
8.899763687681999613e+01
7.566461931620574433e+01
5.997171542078898199e+01
4.269764054845955314e+01
2.135220156967150018e+01
-4.545972924112042790e+00
-3.329952540156401142e+01
-6.567155080238408971e+01
-1.009690544299083683e+02
-1.391015582346912538e+02
-1.811146391302269762e+02
-2.269048715561017957e+02
-2.560355739268563866e+02
-2.666335497306662887e+02
-2.682629095784890865e+02
-2.550976974410361606e+02
-2.391790289343891232e+02
-2.210223967285083120e+02
-1.893501681418150326e+02
-1.464078955141344522e+02
-1.064286647476154570e+02
-6.901590259919527170e+01
-2.859020241596871870e+01
1.154988394320889533e+01
6.305590497057322352e+01
1.268304785614728729e+02
1.945243159084552929e+02
2.689120739581863404e+02
3.193178997922032636e+02
3.418643398795688881e+02
3.530492296806924628e+02
3.438751116918470530e+02
3.301747005642121167e+02
3.128992983017568008e+02
2.759821173612460257e+02
2.223428585426643167e+02
1.773067090235556122e+02
1.406788728931361447e+02
1.018731284362377920e+02
6.693270570259323904e+01
1.637292154230651420e+01
-5.134604630591250896e+01
-1.217496430169070294e+02
-1.994182445168157471e+02
-2.545700621542615636e+02
-2.827592630470080053e+02
-3.013836314247589598e+02
-3.015482361355847161e+02
-2.971858268168405175e+02
-2.893371154192314521e+02
-2.629604017793523099e+02
-2.206032226113554486e+02
-1.893880524034104553e+02
-1.693847264713369327e+02
-1.489032819178165994e+02
-1.345117096494601014e+02
-1.060214097610084281e+02
-6.182170700942037911e+01
-1.720894917006770086e+01
3.252653643610565837e+01
6.951453689842608696e+01
9.038159056384046153e+01
1.070032675710480561e+02
1.138777848732896274e+02
1.178721334881415146e+02
1.197340085623864070e+02
1.110179654621918388e+02
9.295586241852406317e+01
8.444924764510993498e+01
8.580971338041072727e+01
8.856109124711525737e+01
9.737162804079520129e+01
9.881256357410805435e+01
9.179888310147376274e+01
8.679780447672690968e+01
8.071272518949938046e+01
7.404634799363712716e+01
6.797293054206215857e+01
5.999382965253765576e+01
5.052025659467869190e+01
4.163446689705643422e+01
3.313787583261816394e+01
2.439467968956703814e+01
1.582965351125823616e+01
2.926367532097533530e+00
-1.472542541188397180e+01
-3.465681338490747265e+01
-5.809602730783824853e+01
-8.265747706990647714e+01
-1.081218712610120605e+02
-1.367346091078668451e+02
-1.679885228164000921e+02
-1.879587921751381714e+02
-1.955431359484871052e+02
-1.969460768609369268e+02
-1.882450680068012332e+02
-1.780006251339839025e+02
-1.665478613770946197e+02
-1.460784906205539073e+02
-1.182027230693760345e+02
-9.200936338900618239e+01
-6.717564431675270953e+01
-4.025562469089412332e+01
-1.333614326604051037e+01
2.119874571805890540e+01
6.392501505431824427e+01
1.094478075447288887e+02
1.595823899056200901e+02
1.947922695307124457e+02
2.126137998663874669e+02
2.235981974219438371e+02
2.220253322964878464e+02
2.179689607505699485e+02
2.120523832137202760e+02
1.940664297029837542e+02
1.658806778475133683e+02
1.436352904460940465e+02
1.272204762529057547e+02
1.099069548159941831e+02
9.555657020596625273e+01
7.178002969933524469e+01
3.761042408599167430e+01
2.276239186723874930e+00
-3.712455180277542155e+01
-6.598371533418216472e+01
-8.190644068748282791e+01
-9.391432553427246432e+01
-9.760258142949217586e+01
-9.933014363329070306e+01
-9.966187137305858812e+01
-9.142267873446307647e+01
-7.577873910605796937e+01
-6.685503175466638481e+01
-6.478225159355393714e+01
-6.338611225694052820e+01
-6.612465126718191755e+01
-6.270847011166854656e+01
-5.232336951732087726e+01
-4.287880656298481341e+01
-3.199501995591324643e+01
-2.372978126322419357e+01
-1.932651827683189438e+01
-1.513373050775652295e+01
-1.251442249810423313e+01
-1.092201014369298484e+01
-1.010969136638671984e+01
-1.160662286117320008e+01
-1.533869644677897881e+01
-1.527643699534204202e+01
-1.117489089320530304e+01
-5.936329631746064983e+00
1.976313138328046337e+00
8.638811874322852802e+00
1.372037725864633728e+01
2.044595227622653510e+01
2.792786105719970990e+01
3.213289681463112402e+01
3.302978421109920504e+01
3.188255504994169698e+01
2.763038338424278706e+01
2.334563157702666558e+01
1.909293828919875224e+01
1.239841789184092846e+01
3.858018127634273764e+00
-4.922745650328320011e+00
-1.413026069999411050e+01
-2.417074557481799957e+01
-3.471417703883376760e+01
-4.742930294734537000e+01
-6.242228063897190538e+01
-7.862872553533566133e+01
-9.645291954536853041e+01
-1.062430026460882715e+02
-1.069421426224315468e+02
-1.033929649491758340e+02
-9.280015982616951931e+01
-8.048575578496729577e+01
-6.671418198657401888e+01
-4.629331079695433715e+01
-2.020501897915481848e+01
4.235467429590741517e+00
2.716063512184620521e+01
5.154973203637705126e+01
7.568616848560313315e+01
1.053784213961362468e+02
1.410878131080475839e+02
1.785853540892297815e+02
2.192505375460575863e+02
2.439867375303290942e+02
2.504490740557029653e+02
2.486285942452892925e+02
2.329186861571961629e+02
2.133648832306342342e+02
1.905005277875361855e+02
1.542026111510195960e+02
1.062955722772109795e+02
6.217145086728119452e+01
2.163775663024177121e+01
-2.174129379167231235e+01
-6.433291327950188077e+01
-1.181406864717752683e+02
-1.841438689331653507e+02
-2.535296574443602537e+02
-3.291521618832941840e+02
-3.775313603940751932e+02
-3.944198772146575038e+02
-3.976660499561015740e+02
-3.774168766998875526e+02
-3.509945629955117283e+02
-3.193778985243395141e+02
-2.649489564284698986e+02
-1.908622513204316249e+02
-1.247086105804483793e+02
-6.622617072690879070e+01
-3.824819359239240768e+00
5.594694932026440881e+01
1.344168370835681969e+02
2.333111148384141131e+02
3.368712082885219274e+02
4.501458235850418532e+02
5.247991791516955118e+02
5.543908631007268468e+02
5.653793453224927816e+02
5.434775301718632363e+02
5.130200277711871877e+02
4.754948045606393521e+02
4.057499363660170957e+02
3.082195143064003560e+02
2.239320248317559390e+02
1.526469094727062270e+02
7.698952222713352000e+01
6.756385398802647657e+00
-8.941391569791740324e+01
-2.140509229751634166e+02
-3.438112711175095910e+02
-4.860884936211465970e+02
-5.827959804106354795e+02
-6.257346155830495036e+02
-6.476790250952360566e+02
-6.313596568822952122e+02
-6.050328309878170785e+02
-5.705814563388299803e+02
-4.981783535715598532e+02
-3.929654012450474738e+02
-3.059893564462346376e+02
-2.371501882700786723e+02
-1.646150541062908701e+02
-1.006467768781868415e+02
-6.705223417222004656e+00
1.203165612857869178e+02
2.515076276889142832e+02
3.959196179327661866e+02
4.949527662233792853e+02
5.397643536602636232e+02
5.645855227076909841e+02
5.518617868577383661e+02
5.288880810275804834e+02
4.976651398395505339e+02
4.285745059921587767e+02
3.265637401063876837e+02
2.452566440260341381e+02
1.847716356376550095e+02
1.219011306874151188e+02
6.960556560039029250e+01
-1.205743807494679665e+01
-1.263171885896497173e+02
-2.429641466365965812e+02
-3.713476403300574589e+02
-4.577096983808554000e+02
-4.935168232088079208e+02
-5.109170364136999751e+02
-4.936907487770861280e+02
-4.660185879748823936e+02
-4.297714826577073381e+02
-3.580738807104332864e+02
-2.552687504222970176e+02
-1.720149922676816630e+02
-1.085450830958847916e+02
-4.270877394926229442e+01
1.321977826590797811e+01
9.666482598671235849e+01
2.106858126383214369e+02
3.268628624170517583e+02
4.539572783563367580e+02
5.401187805270108129e+02
5.771694709351904748e+02
5.959148155237495530e+02
5.807083513604677592e+02
5.550258698814863010e+02
5.206320773775172484e+02
4.515122560731371095e+02
3.518658904527762274e+02
2.703181569254899728e+02
2.070471450244920959e+02
1.407905944266207428e+02
8.330550645649901753e+01
-1.430422004146421955e+00
-1.163804924768904385e+02
-2.342552181941911726e+02
-3.635076342612041458e+02
-4.547508501083179340e+02
-5.001976304313490118e+02
-5.292913254417096596e+02
-5.271454557691450873e+02
-5.161087746954326576e+02
-4.978990008471608917e+02
-4.477764372908167161e+02
-3.697635694505722199e+02
-3.103110930422196247e+02
-2.696281087707737356e+02
