5.655090582419836309e+00
-4.062012231377037708e+00
4.480357464667100942e+00
-1.172524588205449092e+01
7.930632802942191084e+00
1.091118001523007131e+01
-1.301736229890919816e+01
-1.987165951892145621e+00
7.062290149581094134e+00
-4.339436555544756047e+00
1.139547102440871651e+00
4.983272470596660675e+00
-4.271067726861427438e+00
-4.003145475460206271e+00
5.813173537009537206e+00
-2.740135015814599839e+00
-3.724462806819027194e-01
5.498299996954678193e+00
-4.807961520687086932e+00
-1.921228611523442931e+00
4.095794209143087450e+00
-3.179777956937912986e+00
1.128776219358770483e+00
3.599279954079111388e+00
-3.471041210766062424e+00
-2.108379587864652294e+00
3.696162289418619906e+00
-1.165410102067609532e+00
3.430073868274978177e-01
-1.303108798242235133e+00
1.215407487391720220e+00
-6.365966222978400868e-01
-3.205784851533338697e-02
2.196372531519664939e+00
-1.407774355396239407e+00
-3.818553404503683524e+00
3.921029831956818867e+00
1.671651443508093360e+00
-2.839870159677724715e+00
5.857272357262952589e-01
1.082708337635186480e+00
-3.987265218306523362e+00
2.033991215668233821e+00
2.990270205524964808e+00
-4.573831899750308239e+00
1.137034738289823466e+01
-3.293579989332275915e+00
-2.863756623221506104e+01
2.809151566616935369e+01
5.564451184997240674e+00
-1.753312510255178935e+01
1.310295523705987542e+01
-4.314478100518291726e+00
-1.151283562082482170e+01
1.421506662732729431e+01
-5.592943277781326827e+00
-8.112207950955268032e-01
6.579828047733009555e+00
-6.956120659549299923e+00
2.507408462681244288e+00
4.296262320833815762e-01
-2.517247274906426746e+00
2.733624588027980806e+00
-9.502214493886811386e-01
1.126720340264329712e-01
-5.211313673863161577e-01
5.173658835216776719e-02
1.440728438773759779e+00
-1.798723830676488555e+00
1.111574929124687472e+00
-4.925674986671476629e-01
2.454839744821221692e-02
7.004766764163632420e-01
-7.690020648448419038e-01
9.177787417296817685e-01
-5.262623521423617667e+00
2.835532433622608206e+00
1.196389902963966101e+01
-9.006163193698215608e+00
-1.128362137442767832e+01
1.737187236860351547e+01
-1.781017549822676571e+01
6.490655531968613445e+00
2.401872330290594348e+01
-2.592421342846422760e+01
-8.092863381786568056e-01
1.157603199533744665e+01
-9.655943318966953015e+00
4.920101707691044268e+00
2.965668377911911513e+00
-4.270016219367134269e+00
5.024863973178644194e+00
7.165774778738862594e-01
-2.240845602593731911e+01
1.791293245380735399e+01
1.725827556389783979e+01
-2.442434809981554977e+01
6.248587222212394821e+00
4.624820384572689846e+00
-1.156462478690373352e+01
1.027759756350524079e+01
-3.455807776980863721e-01
-3.785194855479070419e+00
2.254321295930310054e+00
-1.904498457327695959e+00
6.602449131957902617e-01
7.246061726402661662e-01
6.605372235954454219e+00
9.247925347041814348e-01
-3.603868881596698515e+01
3.449537096379548018e+01
1.466178557024702656e+01
-2.125644375802402308e+01
-2.056431573509386368e+01
2.643728177007326607e+01
1.310996705939096785e+00
-1.466442179172934779e+01
1.949641584849016240e+01
-1.356094067876217046e+01
-5.390794126560562560e+00
1.089774442657335563e+01
-3.859542242658612565e+00
4.530657662090619153e-01
1.105329985773512602e+00
-2.928826695404501690e-01
-5.173784356360046743e+00
4.394717515364757965e+00
4.363457980929702273e+00
-5.448865827584489452e+00
-1.136090998881834402e+00
3.173504977532207505e+00
-2.553034739900135186e+00
2.946356141292896247e-01
5.968379610401503221e+00
-5.194501807712326169e+00
-3.371266128391409822e+00
5.495952703668963046e+00
-2.525068823666203333e+00
-5.991081489120059222e-02
4.133231073093893926e+00
-3.186459759289013594e+00
-3.282372462126299073e+00
5.098521098434686927e+00
-2.826208011647753704e+00
9.205394706652928472e-01
1.123475909279927798e+00
-2.170455830496779814e+00
5.916571339603508006e-01
-1.766760022594622503e+00
6.576567210263854157e+00
-4.600686383610869790e+00
1.068257874068310631e+00
6.492370917690603704e+00
-2.536556520332857900e+01
2.121831891859557473e+01
5.940091790000454175e+00
-1.677826237198884129e+01
1.626785963680359615e+01
-9.044729610954632903e+00
-7.016950225598217017e+00
1.146795348809062887e+01
-5.045313698295454508e+00
1.439360809944329356e+00
6.780721278864743073e-02
-5.921707841753809376e-01
-9.663976970486451989e-01
5.811009181902141441e-01
3.922118334495570124e+00
-3.159785956870997836e+00
-5.482758000207509141e+00
5.891450863017537287e+00
4.267407750082361062e+00
-5.254644622503914064e+00
-4.295066673502629051e+00
6.109377848810098044e+00
1.264438914931058644e-01
-2.197583115670843412e+00
1.801857272335123383e-01
4.789805656570088055e-01
2.090547376722626804e-01
-5.534396044128016001e-01
4.775348192700036853e-01
-7.830359755286027124e-01
1.071203013225713097e+00
-1.415265684647336819e+00
2.852123634663692009e+00
-1.962128304206180562e+00
-2.072962515965836250e+00
2.630327903091963737e+00
2.095782645905950314e-01
-1.179122771033854766e+00
8.165181033473247751e-01
5.270520685084245649e-02
-3.101686494331506339e+00
4.264636388925612920e+00
2.242666964108262384e+00
1.580832626338432023e+00
-2.306196950470157248e+01
2.033472057651560405e+01
7.960826375746415273e+00
-1.702840205391052564e+01
1.043607127883296926e+01
-2.516357878167201356e+00
-8.638856938965561838e+00
1.195567912194636229e+01
-5.863994898376329701e+00
3.628240366997233401e+00
-1.002365548558193531e+01
5.557382067472159015e+00
1.382671404601538612e+01
-1.573450935053112865e+01
1.478010317720457323e-01
6.387035614169335851e+00
-4.992113174937898634e+00
3.200630716938206444e+00
-9.223034989828740038e-01
-4.593556138000231548e-01
7.312930395182022369e-01
-9.044311749617209850e-01
2.509234497056780810e+00
-1.700098849673913559e+00
-3.922673033606812520e+00
2.763093297674389159e+00
6.037965493930872007e+00
-7.986322269305658139e+00
2.772240332439333876e+00
1.511127536721086129e+00
6.938866401449037546e-01
4.560545620021622781e+00
-2.590154684302276422e+01
2.128513606256981916e+01
1.168945586588036356e+01
-2.142483074367961748e+01
1.142551533064794533e+01
-2.367932139534032920e+00
-7.738909482168585541e+00
9.815113832645879555e+00
-4.670440752579805732e+00
1.051324537439876305e+00
8.611269533403720366e-01
-1.197926984734980049e+00
3.372880410453811706e+00
-4.505736373383683602e-01
-1.179903521905553632e+01
1.029436338218524050e+01
6.277441506980744990e+00
-1.161215811143691212e+01
6.359800057844667620e+00
-3.842611460616951469e+00
2.096132592667619754e+00
-1.856241472266502157e+00
7.308676388865839257e+00
-3.118255649964777110e+00
-1.337458740629256937e+01
1.614767744991920040e+01
-5.729208409305771355e+00
2.618698802644411905e-01
1.482043090654693973e+00
-2.217005158089194072e+00
-7.306691300545340439e-01
-6.813513575264873445e-01
1.113617951282091312e+01
-9.056444719841573843e+00
-8.055578219269165174e+00
9.929741240398548996e+00
-2.457020431796919091e-01
-7.416132616983753145e+00
1.952651194886040287e+01
-1.536017400016053713e+01
-8.430099226021759762e+00
1.450360884210054913e+01
-2.203781302182219903e+00
-1.565019460197182077e+00
-3.462612197453101448e+00
4.601286201446790791e+00
-1.502944288897788416e+00
3.741288532117510446e-01
-1.807107773376090076e+00
1.115821830232053946e+00
1.898726246726711864e+00
-3.026809525423720171e+00
2.131774474044182188e+00
-1.707885129060898510e+00
1.972976242173252404e+00
-7.877154531908403534e-01
-4.450460428547103886e-02
2.242341949817130420e+00
-8.153762503746129653e+00
5.625591518627647503e+00
3.333309497683140776e+00
-9.282172195427969896e+00
1.650724782681111336e+01
-1.275606988688586974e+01
-2.884360544207480004e+00
8.575135048360987611e+00
-5.682041189658793456e+00
2.756363156226572020e+00
6.082462744925422049e-01
-1.738670381149610700e+00
1.354346864442108167e+00
-5.781339155698033139e-01
-1.547575920756796286e+00
9.028858295161137359e-01
2.369037082689568141e+00
-3.407204811382575471e+00
3.616613897210067208e+00
-1.572114203612747785e+00
-3.683772572340032081e+00
4.710482826205009133e+00
-1.313649430371521820e+00
-4.181160943875593394e-02
-1.063001135774430450e+00
8.057791347127323256e-01
1.371440896349913174e+00
-1.454142701097132839e+00
-6.347429887290986228e-01
1.208857895461017851e+00
-6.976112181876897855e-01
-9.860284778419294016e-02
1.464428066397662986e+00
-1.573102567043304312e+00
5.000966052344298918e-01
2.746059016618581650e-01
-4.434411603634824672e-01
7.824916503838938997e-01
-2.039725455421091294e+00
1.390496084630587825e+00
1.623012904656514044e+00
-2.398291220184167738e+00
7.672261420643502472e-01
-3.727686822707816927e-01
1.317841111697683809e+00
-1.486079082528981576e+00
7.112097532183215831e-01
-4.124711957285427388e-01
9.629768891037759904e-01
-5.168437995474193247e-01
-1.077042066156897349e+00
1.458179236937471090e+00
-9.173967873594695011e-01
3.328057929531800241e-01
6.934710526794195529e-01
-7.005731973595612505e-01
-6.865206040141756949e-01
8.111292708634347814e-01
6.812747438532218425e-01
-8.154415281023191797e-01
-7.438027946599027329e-01
1.007175862469016137e+00
3.022272500787773208e-01
-3.320523698648343291e-01
-9.184886548015273044e-01
1.379811747597663008e+00
-1.270484076487085279e+00
9.416153647079837929e-01
-1.886084213384334185e-01
4.510940104910989012e-02
-7.053426361808928791e-01
6.999500081197439494e-01
1.724499595184513789e-01
-2.780656402385977000e-01
-4.191644254738146058e-01
4.727809415502027823e-01
-2.296369332915955686e-01
-2.870852414840316946e-01
1.498736074945937968e+00
-1.348584039886000285e+00
-3.237939717802369444e-01
9.535762975281369958e-01
-4.426941815231113520e-01
5.173270424089976283e-01
-1.085216763739546231e+00
1.302894210009823750e+00
-1.467370877197222256e+00
9.557851053407766528e-01
2.313129476862617606e-01
-7.830224935475551540e-01
8.560065064873583207e-01
-5.688181977822843738e-01
1.769061511628290673e-01
2.214240211789539892e-01
-1.252877611770063293e+00
8.395860802973840187e-01
1.440823475480972338e+00
-1.721258012377248958e+00
9.201055499266130866e-02
6.735294993738190072e-01
-7.855193158335578296e-01
5.139666207983892843e-01
1.516553617218071859e-01
-5.623136296011804758e-01
5.840504214791331083e-01
-6.940477277779604215e-01
1.322116367605417731e+00
-1.010911446853664408e+00
-6.543864774560343989e-01
7.765220426583587798e-01
7.106011301576904415e-01
-1.080098719880867364e+00
6.536632156199211341e-01
-8.078378742495659348e-02
-1.052187158932486044e+00
1.039762097105322525e+00
3.781817796857018799e-01
-6.123536581614213992e-01
-5.686997880622263191e-01
8.924132525582946229e-01
9.030358446009950635e-02
1.259328262090190220e-01
-1.935750194571693950e+00
2.012555205076672848e+00
-3.965711251138689386e-01
-3.190836103584143713e-01
4.361909846667322288e-01
-1.962344782581234015e-01
-6.881531715826523232e-01
6.753876251294925748e-01
4.093871951001609721e-01
-6.486899344872433248e-01
-1.197843389562891214e-01
2.979256410446372572e-01
4.652875921656282054e-01
-3.346341716035722835e-01
-9.461529812505743431e-01
8.513591822297751355e-01
1.195285263068489034e-01
-9.388138710658516795e-01
2.848712797710552191e+00
-2.127795341778124349e+00
-2.472722225625695103e+00
2.755390157919079819e+00
2.066227535317452624e+00
-2.941500172663077173e+00
-1.351590662847215185e-01
1.116779837701992628e+00
5.100784204557193835e-01
-2.578194916435452733e+00
-1.704304307784459516e+00
-1.765930822962350710e+00
2.713746396573361253e+01
-1.857907475357373883e+01
-3.780361793056308528e+01
4.526712919393181522e+01
1.054618369265514133e+01
-1.843166716648988057e+01
-3.947762813454754394e+01
3.667697766981252272e+01
3.726519910292175553e+01
-5.068813988154467154e+01
6.289647054145032001e+00
1.501791848985424238e+01
-1.910399114218119720e+01
1.446550096194349955e+01
1.121335431305341857e+00
-5.305923339624075474e+00
-1.662296229271013948e+00
3.964177755708892192e+00
-2.880064721700573926e+00
1.006072367426098069e+00
3.401198238541703667e+00
-3.475735971017752224e+00
-2.519558167785749703e+00
2.458735409913443082e+00
4.455353085488010123e+00
-5.885999821089527906e+00
2.343417366813667524e+00
-3.168106136477232271e-01
-1.188522177320293194e+00
8.384190337237097390e-01
2.128721087372611454e+00
-2.208808635035426349e+00
-1.059072698033036275e+00
2.154085191526680099e+00
-1.821847427268767916e-01
4.613993818889908782e-01
-3.994514518362297650e+00
3.555055046334615110e+00
5.228610546265717307e-01
-2.365053578469156648e+00
3.993949628177408506e+00
-2.748906713255536705e+00
-4.326593019930753847e+00
3.275863155993250064e+00
7.300095478539543770e+00
-8.612984078384684494e+00
2.479008929671707495e+00
2.898562776138082331e+00
-7.647632581718295519e+00
7.050381484497776796e+00
-7.186812419236957794e+00
-1.104174493981811445e+00
2.395880739792502112e+01
-2.395325363053501633e+01
7.295650736661984936e-01
9.353780472842837312e+00
-6.615148436476280480e+00
4.537999169985913461e+00
-6.024951984391462290e+00
1.587632347780800757e+00
1.010534131704954497e+01
-1.211085558139449248e+01
6.992596422360397135e+00
-8.329615265565160076e-01
-8.418867232184261695e+00
9.644141154174553421e+00
-3.150726304034211278e+00
-1.113747318234147299e-01
1.323736063151740083e+00
-1.160383968080940242e+00
-1.332587613955403816e+00
-3.543072765258238332e-01
2.499255934674879498e+00
-5.205731945665870164e+00
1.868429399770096211e+01
-1.005466456832606426e+01
-2.775319591473063241e+01
3.135581869945275457e+01
-4.377866479556388413e+00
-1.085403931057235383e+01
2.207147384334903251e+01
-1.672608851637894034e+01
-8.545734736987743219e+00
1.464634663210198973e+01
-2.326140673624949251e+00
-3.828157443171203766e+00
2.563120846761173688e+00
-1.563663322104371423e+00
8.173198062819762910e+00
-1.268140056864038190e+00
-2.572754490808698336e+01
2.496827664998531304e+01
-1.330212947466868911e-02
-1.396181170320809883e+01
2.574255372990148771e+01
-1.823646262995442058e+01
-1.183401864001297454e+01
1.989929343759822444e+01
-8.092513456555224138e+00
2.892407199287567732e-01
4.687725319283027048e+00
-5.332585311260345406e+00
3.291647378790986345e+00
-3.239273314949851490e-01
-5.756813231980501655e+00
5.486452695426651260e+00
2.335430532908853607e+00
-4.018811036277293525e+00
-4.745545232973189531e-01
1.649689425243548557e+00
-2.502614794598819747e-01
-1.732534922041498504e+00
3.593521078000601499e+00
-4.526751931916551897e+00
6.482936314435753467e+00
-2.702676431562611725e+00
-3.274309778156972328e+00
7.432831909016536898e+00
-2.063287630867262124e+01
1.102952389147539058e+01
2.964328079394859117e+01
-3.423284138522861042e+01
2.737128289828740790e+00
1.032398668067429526e+01
-7.696594440523828240e+00
4.019997191905097189e+00
2.056153480520959587e+00
-3.475164255362703791e+00
-3.788354297144991278e-01
8.536313381972003844e-01
2.028438643958836884e+00
-2.887041939757704956e+00
2.085965660065403515e+00
-6.765495344502624464e-01
-7.142592340477376123e-01
2.319629015239257797e+00
-4.933881797424669813e+00
4.556154349871862408e+00
-1.604022101055731175e+00
-2.678793900784994797e-01
2.320546961968375843e+00
-2.029514292918636720e+00
-1.733026533355344512e+00
1.113564672155519686e+00
3.003360929708317251e+00
-5.426061453517148081e+00
6.715216664086398168e+00
-3.435272922733429990e+00
1.989625500601097441e+00
5.715516296818928588e+00
-2.980072188554289170e+01
2.443403007933187965e+01
1.347020066673661809e+01
-2.408280365110319821e+01
1.171253272351951757e+01
-1.204435326053470146e+00
-1.153633180040412753e+01
1.223332185114873205e+01
8.294561888628559920e-01
-4.510500325710697922e+00
-2.198570686849468991e+00
2.362351278185829795e+00
2.252308475818764144e+00
-4.433300207854482977e+00
1.028538451750958416e+01
-4.666948553849543657e+00
-1.797538649830359603e+01
1.930187916844709051e+01
2.149644506505081765e+00
-9.733785389634174834e+00
2.450347535661964393e+00
-4.933471797004408410e-01
6.806430744343503925e+00
-4.748210516231202938e+00
-7.547121452661798457e+00
9.571491209021182556e+00
-2.121466636204919709e+00
-2.098327973691845649e+00
4.049037628251552334e+00
-3.563495383912136383e+00
8.568087213188508855e-01
1.019373810438515493e+00
-2.087596542578318282e+00
2.614314631283336077e+00
-2.846094022169779691e+00
2.235549069871654027e+00
-9.601482496850151094e-01
-3.895657612244208257e-01
1.033012418844973634e+00
-1.780974714823344573e+00
4.826758102856807398e+00
-2.838375679544226315e+00
-5.414637171430060292e+00
6.975710707127276144e+00
-1.575193642600122956e+00
-1.677888312959128214e+00
-7.092457548355268759e-01
-1.575336277591943501e+00
1.514858036744952585e+01
-1.051206263206194258e+01
-1.335188546145547761e+01
1.850139789663722922e+01
-1.402241221851926944e+01
6.464085009516993274e-01
3.171965725389508961e+01
-3.099963599275046278e+01
-6.011256022867163651e+00
1.778212111339626844e+01
-4.156230339125817963e+00
-6.421916052155550725e-01
-3.814796338841270895e+00
3.381816760557609491e+00
9.072057940736630854e-01
-4.185827371182761603e+00
8.017496407909160183e+00
-7.378459232404809498e+00
1.956657015310413694e+00
1.535902188779081357e-02
3.180528830970377197e-01
-7.589851825247809769e-01
3.704133367616216255e+00
-1.224734082460753770e+00
-7.965165234818153195e+00
9.635951397926204365e+00
-4.842419954100686041e+00
1.492896566373240086e+00
1.958358685004958355e+00
-1.461182954911976140e+00
-2.665772958775439960e+00
3.440421575435226309e+00
-4.758999599367506939e+00
8.448271259402974076e-01
1.265877476623751008e+01
-1.033120187132681167e+01
-4.330424323959561228e+00
1.163908500038385441e+01
-2.351014919330819453e+01
1.184338516535924590e+01
3.157215324333739304e+01
-3.701710090728335700e+01
6.273100086499213468e+00
8.625722028982213629e+00
-1.282476705749308898e+01
9.122869826950847028e+00
5.654236484945661445e+00
-7.927578096712851519e+00
-3.351730404814607489e+00
6.032724445410857506e+00
-5.297779704720702032e-01
-2.062131158449801216e+00
2.224904516329917925e+00
-1.437435362009122919e+00
5.176893705122167511e-01
9.285818062010684493e-01
-3.469994780880468532e+00
2.367987778257337528e+00
-8.276666746282146381e-01
-3.004272877271644937e+00
1.459141809620591879e+01
-1.072933417273881496e+01
-8.530369539478630969e+00
1.405651114395799794e+01
-1.357810784633321433e+01
2.964977984441280245e+00
2.434196310028614008e+01
-2.595728694513629975e+01
1.969835501205469797e+00
8.460070724153283095e+00
-7.995025130672844149e+00
5.712182979538040328e+00
1.102710408261432740e+00
-1.205769424027975045e+00
-8.006045766194825219e+00
7.671619989840627873e+00
3.539924382773882439e+00
-6.965803623245498066e+00
1.210781077811504236e+00
-3.335270047710097718e-01
6.526388218477001679e+00
-5.287680047441373432e+00
-3.851016377728125661e+00
6.555877830220392610e+00
-4.388437812072210065e+00
1.295800872825752625e+00
3.914760776502375528e+00
-4.796872954819252577e+00
7.901356114329185498e-01
5.182801017511056152e-01
1.869220467056437407e+00
-1.268291894398549280e+00
-3.055571156051227533e+00
3.549740319804070676e+00
-5.566840567251234440e-01
-1.115840232503780172e+00
2.187838730746952898e+00
-1.839275162168513500e+00
-5.391724602978794634e-01
9.893763804486670477e-01
1.374387969531554621e+00
-1.323487852216196137e+00
-2.316712715875912210e+00
2.347750461731005878e+00
2.817009936379710755e+00
-3.886159536316991847e+00
-3.750447617138258583e+00
3.119992277168625705e+00
1.463533762638182978e+01
-9.868652084856863738e+00
-2.348087580576337885e+01
2.654150544597249706e+01
-2.182127486900903968e+00
-1.124526756439679964e+01
1.987986837476923085e+01
-1.560532747699787137e+01
-4.710927661580098125e+00
1.014628114870941289e+01
1.041688905024460432e+00
-3.088421840199352175e+00
-5.663006982375533127e+00
6.134511240866047821e+00
1.315435536089520019e+00
-4.033172406320951531e+00
4.977822438376613867e+00
-2.023895977499515997e+00
-8.024221907268895393e+00
7.426814412600847071e+00
4.257426881363156390e+00
-7.964045107840790116e+00
5.405767569574934761e+00
-1.777914709171128704e+00
-3.608515143226733279e+00
5.033975351448389368e+00
-3.253982240048283181e+00
1.396127915952756204e+00
1.217819230693050425e+00
-1.747077079598040816e+00
-3.061414270517939240e-01
5.235021417372741626e-01
1.402796960073363186e+00
-1.264091534143074291e+00
2.212234693411073150e-01
9.835882916176494906e-01
-5.163978516376527494e+00
3.180136943376429048e+00
7.648022423432151662e+00
-9.009458397386355344e+00
-2.191305464989830920e+00
4.237675794711311283e+00
7.950848588593645516e+00
-5.210596435574080587e+00
-1.335188501727642318e+01
1.552159079030324662e+01
-1.112386672231196805e+01
-2.761277383443448308e+00
3.862474787368710594e+01
-3.577857394477677389e+01
-1.039932833665873879e+01
2.352383505087664517e+01
-5.122664989122040602e+00
-3.008505747470272773e+00
3.485274555475800007e+00
-1.199072317682574385e+00
-5.819383814659902399e+00
6.184679882367807302e+00
9.504189919648253770e-01
-2.720597331298707733e+00
-1.149283392022226957e+00
2.507372224691258200e+00
-4.865401741147916681e-01
6.084911792636271688e-01
-4.147894874466340198e+00
3.418276895254273029e+00
1.680504692523681287e+00
-3.356128295191556532e+00
3.013302478357564151e+00
-1.305962619196370467e+00
-3.559741393759142447e+00
3.371935890716887929e+00
3.067766204304720912e+00
-3.902300285796587609e+00
-7.355486204122543281e-01
2.204781400139268932e+00
-2.303525187096593374e+00
4.367995391996523646e-01
5.609591968686039820e+00
-4.781863250315196545e+00
-3.333225677896028749e+00
5.856100029411931196e+00
-3.397403455138060746e+00
3.623137786045139697e-01
-9.851965879298979489e-02
-2.172643567355557526e+00
1.537603861901172309e+01
-8.806996659942804229e+00
-2.426965245999090115e+01
2.683947520015335542e+01
-6.273071523454429865e-01
-1.217457710585488684e+01
1.645414376482731811e+01
-1.195459365971254861e+01
-3.445759083638917808e+00
7.981748636689653509e+00
-1.344399545602770196e+00
-2.797436522487427024e-01
-2.980817204197398596e+00
4.383087869404180381e+00
-3.735889748329265014e+00
3.402701525979936026e+00
-3.624561905896130476e+00
1.968725070726591531e+00
-8.488963811220715527e-01
-2.138888150302369340e+00
1.156620639865640499e+01
-9.200028493890464176e+00
-8.216440396804236102e+00
1.130785534055575070e+01
1.210298452683099768e+00
-4.331433464067027117e+00
-1.788113697477957009e+00
3.462307256700106972e+00
-2.274605040188156568e+00
-3.366372729786893947e-01
5.556378964345682014e+00
-5.769334629002253578e+00
1.554925082563081595e+00
1.096937823890566710e+00
-3.126065586120341244e+00
2.753388908330911544e+00
8.656859679010753261e-03
-1.069846076192847439e+00
1.135173942251699319e+00
-3.424340892162644479e-01
-2.008109268309088424e+00
2.080037819135828858e+00
4.065544586451995679e-01
-8.370171164303096267e-01
1.077020000659765220e-01
5.798129350810099503e-01
-3.261299127398500808e+00
8.793779184514181058e-01
5.532972749949661484e+00
-7.099128915111304394e+00
1.075225891720884874e+01
-2.845530824222917587e+00
-2.188971815123610298e+01
2.242231403216971586e+01
-2.581717587100643030e+00
-1.053595405101648907e+01
2.342733194779020423e+01
-1.938051360380623933e+01
-2.779211175571839831e+00
1.121050172392317812e+01
-7.048243312116731829e+00
3.725570518787446606e+00
-1.976552358700513601e+00
-3.383268635297977944e-01
4.650218781765794951e+00
-4.753716444489151094e+00
3.038947357407417726e-02
4.937284017322809415e-01
7.610868386818843145e-01
-2.110362228308539478e+00
1.020106248514639979e+01
-4.122355897143909154e+00
-1.976623421650695889e+01
2.177787622535398881e+01
-7.692309778238387352e+00
-5.427038923015611971e+00
2.543196561427311053e+01
-2.227377385715030300e+01
-5.477529390806226139e+00
1.574799961784654201e+01
-9.653340405772247834e+00
5.331801628408046945e+00
-3.486741449337979581e+00
-1.139999886360987813e-01
4.694870381903098355e+00
-7.379940892879951697e+00
1.057610944038666290e+01
-7.687563040458988972e+00
-1.298382220790105901e+00
4.992336469981056624e+00
-5.662916336323047695e+00
3.241086389323518890e+00
4.218267641183023109e+00
-4.721037203489208522e+00
-2.122211773204765173e+00
4.163268030245570905e+00
-1.589971784484949691e+00
-4.204175301238532447e-01
1.440812607444614812e-01
-1.792036173320121328e+00
8.538879101863898313e+00
-6.285367640950911827e+00
-5.179043213045003036e+00
8.231166614401427495e+00
-7.251853510973226946e+00
1.427392324266354429e+00
1.458090717593550600e+01
-1.453961718261460589e+01
-4.698769826948655748e+00
8.288500669722226988e+00
4.892713101637992779e+00
-8.897639699577739592e+00
1.769691438357778202e+00
-3.229524469988569457e-01
8.658994993903752047e+00
-5.717975851394758280e+00
-1.098496690350845384e+01
1.389333055752364743e+01
-4.085265522258575643e+00
-1.367323055826242806e+00
4.340515167632744920e+00
-3.572511378839696938e+00
-1.733910817176711472e+00
2.780116290715754612e+00
2.285139284463197917e-01
-1.651001721192796978e+00
1.441237624495805836e+00
-7.536058774916272185e-01
1.272329192851731072e+00
6.885371195441395420e-01
-7.101258283149919137e+00
6.630452167620683568e+00
8.592476619953925976e-01
-4.089060534519428636e+00
1.974566471606745921e+00
-3.148193008952981931e-01
5.344341239914973229e+00
6.033183300190860798e-01
-2.356032080136598239e+01
2.222689449622060565e+01
1.201034169200614343e+00
-1.369279406534397658e+01
2.051100493742779918e+01
-1.529944466210955767e+01
-2.225780048570929814e+00
1.025316009421606545e+01
-9.749536701582940168e+00
7.379770716971506772e+00
-5.459079961104286838e+00
5.326794767437786904e-01
8.915673061797454224e+00
-9.782159403751613524e+00
5.178060549816802194e+00
1.180704049398954014e-01
-1.156138617670952407e+01
9.311910681332220108e+00
1.012788082496020792e+01
-1.294974997712978748e+01
-8.657362591792914230e-01
6.294387428574403920e+00
-4.132656013342044687e+00
1.832804511332965625e+00
-4.568486404470084583e-01
-1.775883250973120164e+00
6.526798806330093683e+00
-6.062741856259130202e+00
-9.210082739713754130e-02
2.066042265273526635e+00
-7.844614887293566152e-01
9.302465679914018182e-02
2.518443920536685532e+00
-3.887538279093700755e-01
-8.463452539179103340e+00
8.384802694309458460e+00
-8.666181088437678870e-01
-3.710824360113520903e+00
9.088362938019644233e+00
-6.654151069504743887e+00
-6.607826798115239875e+00
8.304441056778102848e+00
2.887270643207764387e+00
-5.338589772408541378e+00
-1.027763386437577919e+00
3.488646969412687149e+00
-1.577174717636674384e+00
1.103240898497183320e+00
-2.547910012997268936e+00
7.085948188004453918e-01
1.778267487013993620e+00
-6.236097396633773826e+00
1.517666137178786556e+01
-1.314568407203857525e+01
3.042305627316054917e+00
