1.029482591128884961e+00
-1.253413308078347388e+00
6.111207991116031080e-01
6.896847110846562323e-01
-1.494340405543333139e+00
1.896582492460122227e+00
-1.186586810813902160e+00
6.024568991647039073e-01
1.685514435207112527e+00
-6.235329412368537660e+00
6.517346414523684572e+00
-4.453664296341107942e+00
9.166037639813278126e-01
6.507303227308485205e+00
-6.522763268166478667e+00
-1.691978949409067567e+00
3.569800589214815911e+00
-8.296319139923724606e-02
-2.152073588517960712e+00
5.109580175900414467e+00
-4.044102528263636032e+00
-2.892049161501132115e+00
3.318070533757824236e+00
3.652882521656517945e+00
-5.181164511954897023e+00
7.598787638751129947e-01
9.587347187474775101e-01
1.515698594250999065e+00
-4.633254067606807913e-01
-5.860587859901944974e+00
5.924486494992305730e+00
1.201051391188399542e+00
-3.267559586994623011e+00
-2.292005713621358964e-01
3.374877834585877090e-01
2.175038958756447371e+00
-3.412289734855611822e+00
5.677239311903415242e+00
-3.218624754202497940e+00
-5.387633179935422234e+00
6.863760126410813456e+00
-1.652835226148757775e+00
-1.112908599076910310e+00
1.991378789040300523e+00
-1.542134517426367202e+00
2.354804605063131051e-01
9.693059560669260444e-01
-2.881402463095835031e+00
2.549141556093944772e+00
1.237350450548179159e-01
-8.165323146498273399e-01
5.091546948280063489e-01
6.365725020673353995e-01
-3.996908940233259599e+00
3.444764416329893830e+00
1.630347213764601566e+00
-2.800206578546962533e+00
3.037118755309221596e-01
1.027422935586496555e+00
-1.512101147043575899e+00
1.510473851983341387e+00
-4.888260851569502519e-01
3.374414257444138809e-01
-2.264101135049286562e+00
1.373405591639553336e+00
3.265294807552508338e+00
-3.601218428202971555e+00
1.887656495346412555e-02
1.904511510873816427e+00
-2.727511229705947837e+00
1.951899308355272700e+00
1.862199548889161838e-01
-2.101380387632868274e+00
3.139372914412810189e+00
-4.057785309264354545e+00
6.759338808761103046e+00
-4.990034579766565059e+00
-2.590434450239733621e+00
4.290006648622313179e+00
5.108790975074808394e-01
-1.604879023978783570e+00
-1.694556045548448076e+00
2.223295448870816315e+00
1.117667772511710123e+00
-1.157174798033369756e+00
-2.921408849022604670e+00
2.823010909888791886e+00
8.910174862928070816e-01
-3.227378610654882518e+00
5.305507291000449044e+00
-4.918533632142868761e+00
6.254263673516229360e-01
2.788456431529223734e-01
4.825333283271795892e+00
-3.119602829414502398e+00
-7.295998690068588033e+00
8.434249923266268212e+00
-8.823487768745235105e-01
-2.934655770813697995e+00
4.574082807929809924e+00
-3.472459521366066504e+00
-1.202229621742132881e+00
2.055669272948080994e+00
1.216437676025866388e+00
-2.525815404225870697e+00
6.229170703056247094e-01
-9.396633943964761704e-01
6.056429241858752199e+00
-4.619228388821630560e+00
-5.390827472961742473e+00
6.478371966155675565e+00
1.115871911444603182e+00
-4.006688771237693736e+00
3.830689168467646066e+00
-1.396747680868101416e+00
-3.805039388455615956e+00
5.043425065083438241e+00
-3.308250780582549400e+00
8.488992265169965634e-01
2.188101688076616202e+00
-2.971316771181544691e+00
4.112583484390215816e+00
-1.269747913558528563e+00
-8.289893214940015298e+00
8.231317155192792612e+00
2.130535332873700671e+00
-5.571112056168614046e+00
2.758649546018085097e+00
-1.295111112985512625e+00
-6.406283705579751686e-02
-4.909137262359162257e-01
4.862155272252318028e+00
-4.523218348996399740e+00
-3.178224106045038688e+00
3.406048955723787852e+00
6.610128770386955566e+00
-6.470965219685064440e+00
-4.533415778525604622e+00
7.275223340161415919e+00
-3.816698275179521982e+00
-7.948016749307718065e-02
6.918179130720607972e+00
-6.494928513002900416e+00
-1.906174310305358333e+00
3.916257265306652968e+00
-1.064020423383590153e+00
-1.599034558501083669e+00
6.140112658857925787e+00
-4.779289080340154428e+00
-2.562480542207191903e+00
5.268678427987202539e+00
-4.803366612105088862e+00
2.467136512181629548e+00
2.355372488255716767e+00
-3.624603831081874450e+00
1.652880643825051843e+00
-2.152702488517132806e-01
-7.078408276500607332e-01
1.363265492934197631e+00
-1.659152197740821233e+00
1.675401777877336018e+00
-1.937309333261659328e+00
1.017469714100195377e+00
1.061198962487268194e+00
-1.858407244204322462e+00
1.937776999794920130e+00
-1.001155677394056198e+00
-1.157666017078782916e+00
2.042214135488324533e+00
-1.411828328359226337e+00
1.305848336861700876e+00
-2.331156762069622523e+00
1.686867893773271287e+00
8.528850519614242787e-01
-1.628406127021097216e+00
7.137202204346790868e-01
-6.318329857284321616e-02
-6.909851942016301263e-02
6.034392902358350907e-01
-1.837668841650837992e+00
1.777495232150793747e+00
-1.317934904408758268e+00
8.727132655333160738e-01
2.242936092068232856e+00
8.424613758503285421e-02
-1.015778677718849465e+01
1.069300144212350467e+01
-2.097931503396239350e+00
-1.535816824214753629e+00
2.514057508401430052e+00
-1.174466722103461036e-01
-7.191139121829679404e+00
7.733768347672580923e+00
-1.986091541580304654e+00
-1.149503428859441900e+00
2.354421412567294869e+00
-1.682959587416761327e+00
-6.456467436245816316e-02
1.891490082997317579e+00
-5.111500293006205453e+00
4.686870243073459008e+00
9.323957012064099104e-02
-1.225258737866937286e+00
-1.089802755777469878e+00
1.606041017206386812e+00
-1.468994239722234640e+00
-3.004012155916612747e-01
4.561309757533925868e+00
-5.160946823796421334e+00
1.903230765218903997e+00
-4.357426131506355604e-01
1.167945519014706335e+00
-5.605399966221249475e-01
-1.762975150644865208e+00
2.250313537468935365e+00
-1.091760213332837459e+00
7.795935471621763257e-01
1.221267615783771521e-01
6.758469874601107374e-01
-5.565733137234267325e+00
3.887459834396801206e+00
5.299775315016971078e+00
-7.557993555358362592e+00
3.478635516685167239e+00
-4.707685978387776693e-01
-1.256496747583072615e+00
2.562991311513195036e+00
-4.515306247835315645e+00
4.082718373735824358e+00
-6.751690871934878935e-02
-3.942176027851910236e-01
-3.964712799803419951e+00
3.749960508584565311e+00
1.421878431146005761e+00
-2.545014063088476330e+00
1.258668543979916343e+00
6.236673755661719110e-01
-6.006993665086185707e+00
4.042398052675876485e+00
6.654898405795675487e+00
-8.820086041749615191e+00
3.221950859967237513e+00
3.376247406787743488e-01
-2.474472770550369738e+00
2.687155151771549733e+00
-1.620854244109187992e+00
4.770259283197219036e-01
1.566376866989515504e+00
-8.629350862116305088e-01
-1.862922620034155763e+00
3.472677964726282429e+00
-6.072423478940504715e+00
4.208335917239258706e+00
3.673252026854272767e+00
-4.975638028416038416e+00
-6.757331473255607790e-01
2.308813638278655489e+00
-2.791874862416100500e-01
-6.137619895042826235e-01
1.375116879339501219e+00
-6.834551231919928638e-01
-2.848999492989190863e+00
2.476047365477819451e+00
2.643510678655649926e+00
-3.325893738549320577e+00
-7.506000242462929073e-02
1.778396734076067576e+00
-2.615088941645407949e+00
1.813675570308740381e+00
9.769419695117020908e-01
-1.867847437701168900e+00
4.488981009721935700e-01
-3.507033111696175598e-02
1.814993974955015466e+00
-8.563311317360589037e-01
-3.810283952065327551e+00
4.090971921536552536e+00
-4.869234509797047972e-01
-1.435711687898641342e+00
2.676503083896371482e+00
-1.418812555569904932e+00
-2.084129675593329623e+00
4.054609753787668858e+00
-4.892732382032356497e+00
4.067592451065365822e+00
-2.806718950418286340e+00
4.936877626910494143e-01
4.443163240875000142e+00
-4.247814264219574198e+00
-1.296245996078515983e+00
3.197764034047999360e+00
-2.123677829997737021e+00
8.336650845836051094e-01
9.575273663716885597e-01
-1.181550414336933086e+00
6.012146003404046368e-01
3.511509536672394183e-01
-2.942384912225088023e+00
2.090866704593091541e+00
2.512949445618779976e+00
-3.607488304958116565e+00
2.761006161189088814e+00
-1.005844211576854441e+00
-4.424351104577602278e+00
2.945512933902693753e+00
6.929656834269296795e+00
-8.220584122009199746e+00
2.296972709693527293e+00
1.719712230135987063e+00
-6.150595158163801202e+00
4.852821826750783885e+00
2.828274691510347605e+00
-4.882964288348090598e+00
2.284313733605159324e+00
9.134017885909911927e-02
-2.963264088515522587e+00
3.068941738264677532e+00
-1.159334129763710974e+00
-1.929504611598557573e-01
3.062643665290309514e+00
-1.745196284995698788e+00
-5.237156819834800636e+00
5.227151864925358105e+00
7.183658862763671049e-01
-4.536663926410301251e+00
8.089746208544983830e+00
-6.869063717824810844e+00
3.705091170514127619e-01
2.040141410002118683e+00
-7.046407840587747273e-01
2.603650442694938061e-01
-8.452915428939655751e-02
9.098782009793514591e-01
-3.038764649150818009e+00
3.293174614830913338e+00
-2.141193443961749932e+00
9.445889503623854377e-01
7.268736163056098709e-01
-7.741387036498594831e-01
-4.552800920005686813e-01
1.161522577243990550e+00
-2.587832901289359278e+00
1.936967149954553546e+00
2.661265162744100632e+00
-2.170324762605980062e+00
-4.734200524698281676e+00
5.301813896043497287e+00
-5.046004540169524155e-02
-2.334980718486546092e+00
3.957001503032900658e+00
-2.201736565054306372e+00
-4.872406917454112474e+00
5.000952359042822870e+00
2.594867321144737282e+00
-4.965417447470183987e+00
1.833986322992277263e+00
-1.304957568714885108e+00
3.254903499660894095e+00
-3.889111134280517135e+00
3.746652303050440835e+00
-2.789666844594336226e+00
3.735041252181554583e-01
4.427545079033384789e-01
1.467884140266627835e+00
-6.009527574642019587e-01
-4.282431832070942690e+00
4.852443846302338493e+00
2.316705837483687969e-01
-1.091825359082753799e+00
-4.181362596346665406e+00
3.561820907730948171e+00
4.479998249837465529e+00
-5.726249071249498002e+00
-4.348698626963267699e-01
2.119027827988865464e+00
7.952861355959003342e-01
-1.450415476398274839e+00
2.988003295395146863e-01
4.246115672989350109e-01
-1.982661659966330259e+00
1.266157091885753205e+00
3.241706238269773444e+00
-2.939437852366025172e+00
-2.895035955711699582e+00
4.325849020104186593e+00
-8.173291616977065299e-01
-5.841529824573568064e-01
-1.689501738772520412e+00
1.306064185648592169e-01
6.296281087349687944e+00
-7.030934804361372414e+00
2.795230971021492206e+00
1.003185374883163172e-01
-2.979020999234173850e+00
3.122701660843417937e+00
8.591509945321820219e-01
-6.142410588397310134e-01
-4.973997381296565656e+00
5.716626697724072059e+00
-1.034426234329988370e+00
-1.194288050513391541e-01
-1.868180953144786383e+00
2.117288022229355526e+00
-2.581069167255277019e+00
-3.900398298275931097e-03
7.428496081587210753e+00
-7.923091903198009156e+00
1.350077548590831844e+00
1.261100955433488435e+00
-2.480993636068647423e-01
-6.436955155987985622e-01
7.871425496306184710e-01
-1.348688551967066607e+00
4.025694773455295916e+00
-3.005187880393794142e+00
-3.524973894604002567e+00
3.914520107585321540e+00
3.110016752749425351e+00
-4.331222140688700151e+00
-8.384076681736853942e-01
1.754269864801902612e+00
1.164312800034285722e+00
-2.611989419447402483e+00
3.575390766948078891e+00
-2.641105288999695766e+00
-1.041918446727577496e+00
1.853766916103835483e+00
1.070538907590633304e+00
-9.436282321386018079e-01
-2.612498391216715898e+00
3.096693717792248890e+00
-1.506862187067874448e+00
-1.368191802716826611e-01
3.771322411510201533e+00
-2.768756839793950597e+00
-3.610002680300199440e+00
4.247777616544630597e+00
-8.890841300797476254e-01
-3.011748564641009818e+00
9.221561941849264699e+00
-9.243231139343242475e+00
2.833261387084770266e+00
2.369839813346053259e-01
8.404990573181057023e-01
-3.462073620611051950e-01
-3.990285122290259334e+00
2.847992446333711847e+00
5.401097764690717007e+00
-5.805507694359627102e+00
-7.858168902713567050e-01
4.619665851811080692e+00
-6.897413032157371227e+00
5.582020659607741742e+00
-1.578969923753703597e+00
-1.696287603516767994e+00
5.639725464337070449e+00
-5.447375664377461568e+00
1.087730537747351622e+00
4.699117228335052965e-01
-2.713322846562967183e-01
-9.208957271535358480e-01
4.447136960071929934e+00
-4.392335252650597432e+00
-7.908244033253366556e-01
1.309548633506022242e+00
4.629871244839034894e+00
-4.454402481620839183e+00
-2.892846119591498066e+00
4.238218542248658238e+00
2.517071902527823202e-01
-2.212695338459219840e+00
2.302726360253276372e+00
-1.739865353155124916e+00
2.722627999186844061e-02
-2.284492667965094814e-02
2.023280733543477705e+00
-2.697674806215893728e+00
1.500041457477560680e+00
-1.838025079716695931e+00
3.584599547941428543e+00
-3.472817169641915669e+00
3.521273714948571332e+00
-6.595271463514024157e-01
-6.852509695180468263e+00
7.018171557576083686e+00
-7.248281158279197278e-01
-2.946119929624722023e+00
5.747831484541192637e+00
-4.180025448379421249e+00
-1.101625327666860832e+00
3.364357995185827122e+00
-5.882708159326434760e+00
2.587495796212466725e+00
9.269127066597407705e+00
-1.023286853559467247e+01
1.966762284110874504e-01
3.439703085455312337e+00
-2.271112483538479054e+00
9.485178814543138159e-03
4.511016278141121383e+00
-4.595218035304464266e+00
2.841801230381071353e-01
1.969068166636804618e+00
-1.730403221141349590e+00
1.775049980177466402e+00
-4.095414613572843976e+00
2.322906634024777262e+00
5.025677789331346901e+00
-5.334548688200206001e+00
-3.561949504764598817e-01
3.893222090952915160e+00
-7.458395464366345706e+00
6.112819214629896969e+00
1.420235861940825073e+00
-3.047593188305250056e+00
-1.739618476742179620e+00
3.005109324074263011e+00
-2.650720089314433370e-01
-2.314479961572218636e-01
-2.672743842587228080e+00
2.986234567513993632e+00
1.573908469596319026e+00
-3.606977890995702873e-01
-8.515962996074001978e+00
9.184404215294009077e+00
-1.620995446339512869e+00
-1.324067004317340812e+00
1.177679684315833697e+00
1.667741267475897349e-02
-4.393706042947525425e+00
3.075313524682756761e+00
4.844012506922536154e+00
-6.465877964723018678e+00
3.008883827624512008e+00
-2.616686795965521006e-01
-3.665352526853479898e+00
2.921842853802692375e+00
3.754446157743723145e+00
-4.991435667076201455e+00
3.733597587304409160e-01
4.648503419527483249e-01
1.717062971941879734e+00
-3.201770121013504333e+00
5.497715673230599620e+00
-4.336857081947118608e+00
-1.133782311316121172e+00
2.127705902972863772e+00
6.498757502757422921e-01
-2.096956940400411362e+00
3.890378670056047650e+00
-2.030960476484052091e+00
-3.779113465307584185e+00
5.041965607043454867e+00
-4.525386317220785770e+00
1.536259070616425193e+00
8.522466363654119803e+00
-6.605173597074456282e+00
-9.770821367406529845e+00
1.187100029302736282e+01
-1.725734393482933449e+00
-4.866674483485688540e+00
1.122709410245880512e+01
-9.364110237326793040e+00
-1.912616531226972949e+00
5.451072736025789567e+00
-1.095874725650907600e+00
-4.206806228789188307e-01
-1.586317718669027821e+00
1.331464816076553870e+00
1.762065388148021050e+00
-1.818980690278826362e+00
-2.909713608058638323e-01
1.799860586603904355e+00
-4.697317430814116790e+00
3.083569419422497848e+00
4.417837229300467961e+00
-5.900894155055496526e+00
5.068800335494976217e-01
1.049934175517775348e+00
3.053021981701498078e+00
-2.520092729769224604e+00
-5.054667285655947140e+00
4.722358583291033973e+00
4.774009352071037604e+00
-6.836984761424635515e+00
1.421611405579340959e+00
7.707342737634585994e-01
-2.754565898259292434e-02
2.276616503950137926e-02
3.068251048080513632e-01
6.054138388393101033e-01
-4.409630299418950017e+00
3.523569018593432300e+00
2.857188588043104716e+00
-4.481814511693755776e+00
1.097791320264224213e+00
2.717357582634105650e-01
1.067248939497480675e+00
-2.280341342071178223e-01
-2.775623206350648520e+00
3.370300531631826857e+00
-3.615900730091306414e+00
1.497906443444124935e+00
6.294369143130372990e+00
-5.345570262786045745e+00
-6.704140676483917538e+00
8.028769895346181684e+00
1.655247441829378996e+00
-5.287438501076604069e+00
3.331572458349814525e+00
-2.194908223545001036e+00
1.363906516532209068e+00
-9.966504807287253076e-01
2.240297285971118768e+00
-1.016357238888659698e+00
-3.525080318828177184e+00
3.979333816720256323e+00
-9.347128239733423216e-01
-8.150513311858416099e-01
2.774674853722007839e+00
-1.724652551182300986e+00
-3.405529448241167323e+00
3.953960951296100923e+00
4.043321866485687366e-01
-1.966193999652186886e+00
1.060064190615655377e+00
-1.359773111341196827e+00
6.735222698518019691e-01
-2.835504378888983545e+00
1.054023680840752775e+01
-9.064050174226427004e+00
-1.370750282644211726e+00
5.836508145497072420e+00
-6.669385456035859860e+00
4.074736779572150525e+00
3.595693975108488871e+00
-4.746289021090759341e+00
-6.181368592900096104e-01
2.116008070198923008e+00
-1.386711877724439601e+00
-7.645466831871904345e-01
6.452328146844545032e+00
-5.997806734758479585e+00
-1.584243612701992987e+00
3.143471348106382290e+00
9.060727093052967085e-01
-3.044514855819389521e+00
3.455128901124900676e+00
-2.840978023491866900e+00
2.464648809779947491e+00
-3.378250652111297603e-01
-4.648131513579935259e+00
4.923859103884110411e+00
-1.042578703060831113e+00
-1.186220693294151696e+00
3.038311839226934818e+00
-2.165221953082305806e+00
-1.945165114017478381e+00
2.818886748848029367e+00
-6.274529210512239663e-01
-8.977135121955872599e-01
1.036390006300145661e+00
-1.749107766468270597e+00
4.621667880209565205e+00
-3.216007282195706196e+00
-2.882332156626003172e+00
4.700370831996881549e+00
-2.981015080993810074e+00
1.039913903948359808e+00
1.480843128098756178e+00
-2.473279309523491065e+00
1.633786391006931016e+00
-1.472556182978185912e+00
2.931882234854707114e+00
-2.228007598407149459e+00
-1.447162342465909468e+00
1.613025658980259847e+00
1.150193674607050021e+00
-2.376364374745385977e+00
4.447429235947865322e+00
-2.609038648567609364e+00
-6.275855842661881567e+00
5.913645575003622312e+00
5.571400960609990349e+00
-7.094179822567030058e+00
-5.763841800863054310e-01
4.249846048024234157e+00
-6.002635794256298674e+00
3.863779427562135993e+00
3.082959436427254118e+00
-4.766249239296367790e+00
1.740753776973889444e+00
3.107211340060797578e-02
-1.360573148690983780e+00
8.799204998158722812e-01
1.838669228330706673e+00
-2.605804988579555559e+00
9.865789128333972702e-01
-8.772436080141740034e-01
2.565401620621588830e+00
-2.384768355297540943e+00
9.716874349471219530e-01
3.884674000455355936e-01
-2.973933641168875042e+00
2.596606347486328126e+00
1.989374870162649245e+00
-2.253792513004149622e+00
-2.350009824986528439e+00
3.018133374934500068e+00
-5.310520969090137822e-01
-1.267050385071526453e+00
3.929949791418142269e+00
-3.150644794187571929e+00
-2.414949622166045806e+00
3.032002916934157799e+00
1.968305853397839034e+00
-2.894474588720806540e+00
-4.014987955747323367e-01
1.693873288553883860e+00
-9.173017334769221209e-01
1.078883080474163370e+00
-1.785080022581487569e+00
2.432112641536747333e+00
-3.434706265705230965e+00
2.659668382905819417e+00
-7.796468573793888801e-01
-1.272815837810562511e+00
3.739740441231143464e+00
-3.753803205939735044e+00
3.277328395412983930e+00
-6.560942267723196553e-01
-6.666870492071399035e+00
6.012567716258000239e+00
3.303276135299440419e+00
-6.074462749987240784e+00
2.662202278899832741e+00
-1.030474044019517033e-01
-1.236487750099117683e-01
1.803352762210259197e+00
-8.068273568723588696e+00
6.233652682663774591e+00
5.751323003994714078e+00
-7.951117871287284089e+00
1.286669555146358057e-01
2.528651593579376300e+00
-5.778350009571020518e-01
-5.797059838340656857e-01
1.676947017162272013e+00
-1.403234479008174551e+00
-1.352630509375642998e+00
1.516416546053941605e+00
2.588393565795095608e+00
-1.921592080779869427e+00
-4.642109717709198335e+00
5.522042135095591497e+00
-7.676820058071309738e-01
-1.441458362333781995e+00
1.261748425353749870e+00
-1.064356232518489875e+00
1.666648656239693160e+00
-1.426255290590259017e+00
-1.674169497868690071e+00
3.091149594000250911e-01
7.270257524789384362e+00
-7.648773834292495799e+00
7.682416945603907088e-01
1.947330118173452584e+00
-1.459955774822652597e+00
3.224720508695383403e-01
2.144634642784817302e+00
-1.983351112776813530e+00
-2.767871637131674722e-01
1.592183209719305381e+00
-3.474558099439674308e+00
2.174789169690914736e+00
2.870737453400787231e+00
-3.431713014751290647e+00
1.496566787080159777e+00
1.416057933524869750e+00
-8.559023787244214532e+00
7.029601823732915200e+00
4.586869963212549806e+00
-6.796117065661190004e+00
1.444780304725742370e+00
2.422677954809737244e+00
-8.525046372862332689e+00
6.476277668789082398e+00
6.351820677210215038e+00
-7.440539369830981187e+00
-2.448927859628784898e+00
6.764002716803727999e+00
-8.438429598500741591e+00
5.141935016724556995e+00
4.787066009978122594e+00
-6.577691463512688408e+00
7.832110669624809951e-01
2.209293505014362502e+00
-3.477996237742789543e+00
2.744400978591913898e+00
4.446741496965300744e-01
-1.191599568941100307e+00
-2.941985811461330647e-01
9.043735211745348446e-01
-1.394653453719086222e+00
7.706110599093751734e-01
1.866123723312752780e+00
-1.566696145783720961e+00
-1.258834545820243678e+00
2.030320008934817455e+00
-3.180738580449618436e+00
3.584173053079372506e-01
8.709611228790036463e+00
-9.226656255189736200e+00
6.863001352152253709e-01
2.320390334776131880e+00
-4.102582476914307108e-02
-8.859000188643391116e-01
3.861079617032356914e-01
-8.184089478362852055e-02
4.653188239054257824e-01
3.734544316139719600e-01
-2.125453137186375407e+00
2.694251861516746338e+00
-3.731363081115266489e+00
1.715425520512925850e+00
4.366138356602564663e+00
-5.129504372413603797e+00
1.507153919036202661e+00
1.139529715108397623e+00
-4.081993579278447193e+00
3.289819286672059917e+00
6.781495655192519845e-01
-2.695632515096929360e+00
4.318094451567503711e+00
-2.210671025681440138e+00
-3.237643760396179626e+00
5.742667567458603628e+00
-7.202687157155838626e+00
4.734103657650105212e+00
1.995276009306919285e+00
-4.221374910268465008e+00
3.592590828331392316e+00
-1.393409766268992822e+00
-3.820596071169604979e+00
3.574308301514632191e+00
1.278414803296252789e+00
-3.789083223876329232e+00
6.585661335159328722e+00
-4.038661081601493841e+00
-5.092301891835157690e+00
6.501530050812611705e+00
-2.390502680607787145e+00
-1.423668684836297160e+00
8.761726986585498977e+00
-6.478149514262709019e+00
-7.413949286176109155e+00
1.040377801603033348e+01
-2.764368152171847282e+00
-5.829012040949013151e-01
5.233333480884235778e-01
2.888561427927838210e-02
-2.382116836533493931e+00
2.124903897208804793e+00
2.766469274994546534e+00
-2.224575730850863131e+00
-5.714653918966969393e+00
6.280468442752567881e+00
1.254771151195280821e+00
-2.837660899844261841e+00
-5.351211391568740927e-01
2.868472234791021869e+00
-5.842811216920599904e+00
4.837374872668263492e+00
1.034345787311687914e+00
-2.266224113128961992e+00
-9.882512124999726089e-01
2.418821702930209927e+00
-1.896446903032614761e+00
1.151152229973609220e+00
-2.007981170196002196e+00
1.532646772725110296e-02
6.963179075100090820e+00
-6.397972692756147772e+00
-1.367519568351757364e+00
4.355294203536620223e+00
-5.444988300266804693e+00
2.472248474725093459e+00
7.720606359390126627e+00
-7.957319154789516347e+00
-3.530861812321202109e+00
5.621905860566217328e+00
1.787090726510167871e+00
-4.330539547817922497e+00
2.690323662888599365e+00
-1.083462002332560292e+00
-2.985673281664081302e-01
6.340060837322664122e-01
-1.924674079980483121e+00
1.356320096907447370e-01
7.251521234925605519e+00
-6.611490074568468600e+00
-2.672375249900112770e+00
5.100056793222926821e+00
-2.385369520877098637e+00
-7.196554258992864384e-01
6.376298510206487080e+00
-6.043822298749870647e+00
-1.574361078101901512e+00
3.146754351546458661e+00
2.136517078619703192e+00
-3.166054148285101455e+00
-3.171607911323031104e-01
6.276446381684590570e-01
1.006787175820825331e+00
-3.169378351213736345e+00
6.901463429617489709e+00
-5.971927128669729967e+00
1.976437130749649107e+00
1.901055435787998293e+00
-8.295269492749650198e+00
7.459664773190752385e+00
1.353728127990265762e+00
-3.366501586341944741e+00
4.109641715457643674e-01
2.781984630737652786e+00
-8.473737720635192261e+00
7.286319508923127408e+00
8.317239398611717682e-01
-3.973539942678064207e+00
4.022772380853753660e+00
-2.056548498479272347e+00
-4.091388844954662929e+00
3.953645014051396789e+00
3.984837794456149940e+00
-5.236326517158841121e+00
-1.080675199296730948e+00
2.558079584972064779e+00
1.361897834058546364e+00
-1.784167793761554544e+00
-8.485605385561800773e-01
1.903243401023975601e+00
-3.114268267386855804e+00
1.316744878972170962e+00
4.935075796752833810e+00
-5.336911016097761085e+00
6.407957503397576637e-02
2.193362893356416432e+00
-2.157426290993077700e+00
7.494018866079048546e-01
9.712261312441069494e-01
-2.555386195848278863e+00
6.245444266711015935e+00
-3.840858280317343887e+00
-4.440394900029501990e+00
7.583839558448844720e+00
-8.415842602203426281e+00
4.737760615394909891e+00
5.167220881216545436e+00
-6.835379672407738028e+00
8.894749407104338701e-01
2.387378180617013790e+00
-3.787092421861100178e+00
3.162129517681133706e+00
-1.066019014005922028e+00
-5.782146579391989061e-01
2.824008445916370569e+00
-2.293862225283577860e+00
-1.190824199750537993e+00
2.133777242006334340e+00
-1.405628853276777335e+00
1.399359144384465514e-02
2.803810123221103012e+00
-2.773119129298484697e+00
-1.462772594577571583e-01
1.731079350016877960e+00
-1.112102264315956379e+00
1.396871504734285896e+00
-4.721327226475776406e+00
2.622545967007146928e+00
5.582115397371715915e+00
-7.465329471098787195e+00
5.036133560642351625e+00
-1.645459480293494980e+00
-5.418407681194405079e+00
4.921594211583895984e+00
4.374046412901774872e+00
-5.996406996411753454e+00
1.034925728676106438e+00
1.921429770182841335e+00
-5.023201602340154004e+00
3.342917916684625901e+00
4.175333944137510578e+00
-5.880472452476422696e+00
2.009792794605103516e+00
-1.822300608460852844e-01
-1.670578671226639889e-02
-3.789641354306090282e-01
9.290361481281049771e-01
-1.152170520084929706e+00
2.746952537585925391e+00
-1.111642980921461410e+00
-5.222158907365525238e+00
5.483650729235224119e+00
2.239759676187325077e-02
-2.526175183394348434e+00
3.305105636599239283e+00
-2.040041915106082016e+00
-2.161213552222978951e+00
2.930898049410846529e+00
4.150501667979309417e-01
-1.106058766419551587e+00
-1.663179456146728352e+00
1.380013390853655819e+00
2.214862646525706857e+00
-3.320435475134062564e+00
2.045299432931890316e+00
-1.215433077207404455e+00
8.552998713584512025e-01
-1.992162052952118623e-01
-3.459846012643313928e-01
1.177012085850113854e+00
-2.671770145080688330e+00
2.369546598821758998e+00
-8.705759029189029663e-01
