-9.702510716429708282e+01
-1.375800523774595376e+02
-1.867396206058334371e+02
-2.452037105119872251e+02
-3.067748599442862201e+02
-3.734898725447545758e+02
-4.157533875582821565e+02
-4.299731149474644099e+02
-4.315648531630728826e+02
-4.118517982885122706e+02
-3.864991719138942017e+02
-3.563332664594565813e+02
-3.056325356953104802e+02
-2.372486483926518588e+02
-1.749400835913127139e+02
-1.184031518939588921e+02
-5.773146063420039553e+01
1.466849850315356640e+00
7.774271634416703591e+01
1.726021522213319486e+02
2.724279977255680478e+02
3.816274778794180520e+02
4.569429237913167299e+02
4.926818025035899495e+02
5.124571915490824949e+02
5.035117528453523050e+02
4.877569069827212616e+02
4.665392691107474548e+02
4.173239018394244226e+02
3.441237431381635474e+02
2.834823557187073675e+02
2.351855224841803249e+02
1.838157027783109356e+02
1.381074398900031781e+02
7.011434775492529070e+01
-2.239664268284660054e+01
-1.186094536395191028e+02
-2.250987993973348864e+02
-3.009449785270977031e+02
-3.399447523404489289e+02
-3.662147791025908532e+02
-3.675143377679361834e+02
-3.627935582710206859e+02
-3.535067698921064334e+02
-3.190674342183691579e+02
-2.629428989372614751e+02
-2.228114640453092647e+02
-1.988164840178129964e+02
-1.746816795665569089e+02
-1.595506013621605064e+02
-1.254833272982429406e+02
-7.025609401938780252e+01
-1.509453023657865600e+01
4.650798625773856543e+01
9.314973830770455265e+01
1.204822636677321981e+02
1.433626105447437453e+02
1.551310503210015952e+02
1.633525463308062342e+02
1.689783789434457901e+02
1.621530692107679954e+02
1.442221297599641332e+02
1.389614244317861846e+02
1.468626051995414628e+02
1.571408930965617117e+02
1.757032214652112714e+02
1.859012191787877271e+02
1.863851098918530909e+02
1.902487476530099855e+02
1.936680120514179748e+02
1.923196631725236330e+02
1.871915005818179054e+02
1.775303753521265833e+02
1.624325428368799180e+02
1.473650165097852209e+02
1.322090920966093677e+02
1.134579236998554705e+02
9.217605759585865144e+01
6.627001822192029579e+01
3.514151053593529639e+01
4.682070001717582031e-01
-3.845717801127938884e+01
-8.152818000626841410e+01
-1.286937682638033777e+02
-1.806863566424905514e+02
-2.375548759373882888e+02
-2.763899267939137872e+02
-2.950645846524732292e+02
-3.044358216924770204e+02
-2.979788774679618086e+02
-2.891123820368277393e+02
-2.784463470224284265e+02
-2.533966629191102697e+02
-2.164828837952877336e+02
-1.838386174675015639e+02
-1.550567599921309068e+02
-1.238162272257910246e+02
-9.387937101938892681e+01
-5.213007230338135400e+01
2.429216384094827763e+00
6.034196889999702762e+01
1.247128360913150829e+02
1.708137655664057490e+02
1.952612521507731174e+02
2.120116389638450016e+02
2.137725221106432798e+02
2.127115644469079143e+02
2.096845017477786257e+02
1.920170616149033265e+02
1.619731596005425160e+02
1.410116878251988624e+02
1.291138741108206318e+02
1.172113826467627007e+02
1.104885016405121547e+02
9.277594206237675678e+01
6.281947871448315368e+01
3.281074097982511972e+01
-1.011509330059053191e+00
-2.724379726996556883e+01
-4.349257641896798532e+01
-5.789881088518611563e+01
-6.690700150080557762e+01
-7.435044039133941851e+01
-8.077122937070868147e+01
-8.101967192311573740e+01
-7.578746832389211363e+01
-7.804000580370863815e+01
-8.808556482470231686e+01
-1.000310062413301040e+02
-1.171172249806847390e+02
-1.303584516333774559e+02
-1.390379247656766779e+02
-1.502808684034998805e+02
-1.620383573043765466e+02
-1.677832234613592277e+02
-1.676423779558021465e+02
-1.631970347354181854e+02
-1.527556739267612045e+02
-1.417086976896789849e+02
-1.300959592813092343e+02
-1.137151318962175424e+02
-9.359186026833263838e+01
-7.161104832944960208e+01
-4.737376224000128389e+01
-2.058580198850601306e+01
8.434300899357504377e+00
4.207780867275507575e+01
8.051013184033944015e+01
1.223662727407462398e+02
1.682567287852183426e+02
2.001712875805294232e+02
2.162287236893349416e+02
2.253823483781739583e+02
2.224527923975544752e+02
2.175514553299566387e+02
2.111921287144660369e+02
1.936490720855867096e+02
1.668146095166725900e+02
1.441524483673532870e+02
1.254209572831071426e+02
1.052151807947441142e+02
8.670775539005551025e+01
5.919303843476595972e+01
2.185006381255341523e+01
-1.750411233757545304e+01
-6.139260458061937697e+01
-9.379990199405229134e+01
-1.123597594993661630e+02
-1.264904230278974779e+02
-1.314317210225468955e+02
-1.346864297282707810e+02
-1.368471261630735114e+02
-1.298599338755565213e+02
-1.151211484542377264e+02
-1.071976196855484744e+02
-1.061513385231046698e+02
-1.057456538271224389e+02
-1.095276340460791999e+02
-1.067006766456709101e+02
-9.642848397114897807e+01
-8.693749426126815649e+01
-7.572967541579501471e+01
-6.426036359746424864e+01
-5.352563163164981574e+01
-4.099589175712438305e+01
-2.727251764620742236e+01
-1.336448800758728517e+01
9.456837339050105928e-01
1.561297932458352555e+01
3.044588540427058376e+01
4.970692033135023280e+01
7.372297125344647384e+01
1.003176983012713208e+02
1.306413524361967688e+02
1.622817979475313166e+02
1.950508372840353388e+02
2.311428702563144384e+02
2.700521741012707366e+02
2.934952349472188189e+02
2.999090618696096726e+02
2.975357348450101540e+02
2.811761045197317230e+02
2.618827117535247453e+02
2.400699108984590566e+02
2.055091258320965721e+02
1.602475125245242396e+02
1.165758459853097406e+02
7.407433101663379205e+01
2.797359190540750973e+01
-1.891208780519054855e+01
-7.682577491701508166e+01
-1.465749682209745970e+02
-2.209114470101641245e+02
-3.022958189059494885e+02
-3.577520172688120965e+02
-3.832914448162274539e+02
-3.962658192608924423e+02
-3.870419877085230382e+02
-3.730358956898179486e+02
-3.552338538589579002e+02
-3.162034084494794683e+02
-2.591588837650325559e+02
-2.106753751823263201e+02
-1.704729946901579751e+02
-1.275320220599348318e+02
-8.816698210374545397e+01
-3.174669265560225995e+01
4.335756368505238356e+01
1.219028079660146773e+02
2.087504042271160642e+02
2.699664748394666276e+02
3.006264283190231481e+02
3.202978291709279688e+02
3.188833200829921566e+02
3.125493576798376125e+02
3.024679006812217494e+02
2.713974601547618022e+02
2.223057686445456511e+02
1.856062317526492791e+02
1.613355554563111696e+02
1.364603413926552093e+02
1.183346139520738518e+02
8.421364584603153958e+01
3.229328275731185016e+01
-2.023401538085168383e+01
-7.867453703365559647e+01
-1.216168528544278615e+02
-1.451398623508943047e+02
-1.632244649143385686e+02
-1.693065451033403974e+02
-1.718652590371955569e+02
-1.717742103122751871e+02
-1.588164811918063606e+02
-1.345171237764402292e+02
-1.210556039619280000e+02
-1.187566095745091701e+02
-1.177209585251367940e+02
-1.234116081518187400e+02
-1.199731006010244556e+02
-1.061249991758394771e+02
-9.417749597156699792e+01
-8.046752969434743363e+01
-6.838000501775324835e+01
-5.957117755472079779e+01
-4.977165863954834890e+01
-4.026837247719696222e+01
-3.189868167606360672e+01
-2.436037173440765713e+01
-1.843938717575879593e+01
-1.433853954110136186e+01
-4.738366746095131532e+00
1.079212362133061021e+01
2.854669476695877961e+01
5.043517048148984827e+01
7.202092089610202663e+01
9.291586626439523400e+01
1.169313278299317460e+02
1.430806087115327330e+02
1.594376321206852651e+02
1.652642047289244545e+02
1.654722234443715934e+02
1.567528005368164941e+02
1.468653560519564678e+02
1.360663974177423938e+02
1.175082741574335188e+02
9.265857712948273672e+01
6.854094548982791935e+01
4.480476950463027208e+01
1.892695084657676929e+01
-7.512887278915620470e+00
-4.064882038373025352e+01
-8.093577797422898357e+01
-1.241254602262159210e+02
-1.716894341990493729e+02
-2.046590673278520569e+02
-2.207494517756540517e+02
-2.299928814610767347e+02
-2.268613618157005192e+02
-2.213597421407781098e+02
-2.140763533220765567e+02
-1.950138347718348086e+02
-1.660331153093456464e+02
-1.424082430676920126e+02
-1.239931974317112378e+02
-1.044768644729830385e+02
-8.749992103092024820e+01
-6.123462712690420773e+01
-2.476146365295863561e+01
1.315377359344424590e+01
5.528623460682945279e+01
8.825452997559028745e+01
1.098454813795296161e+02
1.284187080422207714e+02
1.399434563247141057e+02
1.501868026251966626e+02
1.596885239395768679e+02
1.619176180505647551e+02
1.579432994936896364e+02
1.608268413497441713e+02
1.707138141782447462e+02
1.819023069649035449e+02
1.976043834585581465e+02
2.083577250723043051e+02
2.134262749282437142e+02
2.201215700061235907e+02
2.262677472240246459e+02
2.254464549944940757e+02
2.177748252558408240e+02
2.046610375716192323e+02
1.844148934869415655e+02
1.623715408974819354e+02
1.385168725797678633e+02
1.086497724794059820e+02
7.374978346839489518e+01
3.556319037860799881e+01
-6.351644598177230705e+00
-5.228660631226137667e+01
-1.019883164007940621e+02
-1.578255408503775925e+02
-2.199998480320970486e+02
-2.872386933222952052e+02
-3.601793940356686221e+02
-4.079383503765267847e+02
-4.273521743993717337e+02
-4.334415333413526241e+02
-4.173075379872883559e+02
-3.965034731081789232e+02
-3.718321119058984436e+02
-3.264608846750983275e+02
-2.636335174085207314e+02
-2.060916793769501680e+02
-1.533376370529524877e+02
-9.622687030808486952e+01
-4.006785051744931536e+01
3.341843120426851499e+01
1.256759508054500145e+02
2.234856026223899619e+02
3.311976469899031486e+02
4.043360984339069546e+02
4.371594261844153948e+02
4.538294984869518203e+02
4.412728750101542232e+02
4.222045185596298325e+02
3.980252816413581058e+02
3.455321456138997860e+02
2.689112572477442882e+02
2.053657835915981877e+02
1.546631291329425437e+02
1.011912697712228493e+02
5.384739044507649197e+01
-1.586516029550081619e+01
-1.101987750484700683e+02
-2.079254874246587406e+02
-3.157356337174448413e+02
-3.885802721223410572e+02
-4.197823353050399078e+02
-4.354661003651015108e+02
-4.221733478506453139e+02
-4.011052160316872346e+02
-3.737951679268538214e+02
-3.174097586171226340e+02
-2.358061237181380534e+02
-1.697370911909326310e+02
-1.192576440222123324e+02
-6.679819206191137937e+01
-2.219982164452827789e+01
4.497881355403870884e+01
1.371882679018053750e+02
2.314365535927223902e+02
3.348479769840096765e+02
4.054418921563641334e+02
4.366184555981446351e+02
4.533519600839410373e+02
4.429912019228335112e+02
4.245493244874768379e+02
3.994755558780714750e+02
3.467322020830578708e+02
2.697360711663566235e+02
2.077901215648365678e+02
1.610492218263722748e+02
1.123558062460275266e+02
7.122305460556125922e+01
8.555852282573658485e+00
-7.802453677187500602e+01
-1.664527001563066619e+02
-2.635445064381841576e+02
-3.317470791286214080e+02
-3.649972382650072973e+02
-3.859647422845916935e+02
-3.832960989075409088e+02
-3.736798617783955478e+02
-3.584438352456247685e+02
-3.188931315248236160e+02
-2.580235553646073186e+02
-2.116545481760029759e+02
-1.799944260848133126e+02
-1.473400686752216018e+02
-1.223875339778723230e+02
-7.877660417851852515e+01
-1.435479167365082986e+01
5.080822256487891053e+01
1.228744989750041157e+02
1.751062285034541617e+02
2.027304189044603504e+02
2.228543468616244354e+02
2.272938996723097489e+02
2.269585643903066341e+02
2.228866621315689258e+02
2.021580797397667766e+02
1.667213292230709101e+02
1.438220317856880115e+02
1.337965495600944905e+02
1.245118189847960650e+02
1.226492474421919638e+02
1.085842286460302546e+02
8.071669140971295064e+01
5.419627367049774591e+01
2.446779969704372348e+01
7.763677324170297211e-01
-1.434494059802493737e+01
-2.858277309196577676e+01
-3.889773963976862348e+01
-4.720408566866269240e+01
-5.400677535691222175e+01
-5.555165209702005313e+01
-5.213787698795128023e+01
-5.645701305704294981e+01
-6.895534677444220506e+01
-8.360917354674843693e+01
-1.036297293840460298e+02
-1.205830556648297147e+02
-1.337619681424423277e+02
-1.500074147106603561e+02
-1.674002198797891765e+02
-1.761247410528815749e+02
-1.759640364644729971e+02
-1.701461671574645607e+02
-1.560357921963097567e+02
-1.408498715769119656e+02
-1.247244876744675537e+02
-1.016944601199795244e+02
-7.312822680921260599e+01
-4.332972827947666161e+01
-1.185406304358361851e+01
2.256232601843443319e+01
5.903202378660024152e+01
1.018726489969487119e+02
1.513976892318326577e+02
2.048378488326586648e+02
2.632581598067231994e+02
3.007137100152499443e+02
3.143783549975282199e+02
3.172628317561614040e+02
3.018598466256906363e+02
2.825231227691983804e+02
2.599710251717743859e+02
2.202338935556201136e+02
1.659677798365116814e+02
1.168793752743065966e+02
7.262321899478668286e+01
2.518950119571281476e+01
-2.078872216748965585e+01
-8.094214113950511091e+01
-1.565017900011562233e+02
-2.360686880458840449e+02
-3.233465883369531753e+02
-3.818456185729405661e+02
-4.067787243077050903e+02
-4.180537044220081384e+02
-4.049158558326167849e+02
-3.858547472912114245e+02
-3.620083954952505678e+02
-3.143734907611478775e+02
-2.463390024889524170e+02
-1.886295246796422020e+02
-1.410578728024799489e+02
-9.067176044511199962e+01
-4.481260738048865022e+01
2.002968759292474488e+01
1.057327766813101135e+02
1.947912822319607073e+02
2.927366492906532471e+02
3.602103136927678975e+02
3.914877977315450721e+02
4.091650274225895600e+02
4.015080797380361446e+02
3.872843531359468443e+02
3.678135113087687387e+02
3.230481919784293723e+02
2.564064503639833106e+02
2.031188165143559559e+02
1.631937504068367275e+02
1.214934016501463674e+02
8.651212307817223746e+01
3.183573347751521965e+01
-4.465935048593884460e+01
-1.230661771561789806e+02
-2.095714997807216093e+02
-2.708183334582705584e+02
-3.014108017486750555e+02
-3.215955936770762378e+02
-3.212993881421913329e+02
-3.152833311623729173e+02
-3.047574145602056319e+02
-2.731716839591928760e+02
-2.231933292906907127e+02
-1.867085521100905794e+02
-1.639301338926434255e+02
-1.408978292440498308e+02
-1.253703235075319640e+02
-9.394049010172028602e+01
-4.471468513136090195e+01
4.440885578602443928e+00
5.898154419950753180e+01
1.001139463259174534e+02
1.240864458549725811e+02
1.437482909927485935e+02
1.532573739816852196e+02
1.594304978663256804e+02
1.630720428859352182e+02
1.554380438688556012e+02
1.377322167485451416e+02
1.305762395989011395e+02
1.343615119253403520e+02
1.397444672735211952e+02
1.518311934487118720e+02
1.561007541609176883e+02
1.513655922819412467e+02
1.489957376694680136e+02
1.456425604809736569e+02
1.391984550714683451e+02
1.306739910400240774e+02
1.186108370477050613e+02
1.026895291516735682e+02
8.669171191681165567e+01
7.046151582391020440e+01
5.185124500562003647e+01
3.159788269077486333e+01
6.675597271885694184e+00
-2.341684311562718435e+01
-5.675556533720803998e+01
-9.424396820427840282e+01
-1.348311469289480442e+02
-1.784071257941301667e+02
-2.263166430026650175e+02
-2.783819218917588501e+02
-3.107812562536090581e+02
-3.213337073588471640e+02
-3.211391404493278401e+02
-3.034004449288394767e+02
-2.821774131018408411e+02
-2.580564261366217238e+02
-2.178671872318303997e+02
-1.642229049314959468e+02
-1.136860686770380084e+02
-6.578148363131542453e+01
-1.400766706820636820e+01
3.780572195040469552e+01
1.032463168014179757e+02
1.833755875563978748e+02
2.684779340285302851e+02
3.617970719995511786e+02
4.240174583705518785e+02
4.502635983724138669e+02
4.614441732749946254e+02
4.460426341767524718e+02
4.245680480407635287e+02
3.982087106186594951e+02
3.462727866902606593e+02
2.725360187552718116e+02
2.090834103709950398e+02
1.556166793168115703e+02
9.876097865468209136e+01
4.615057747561178303e+01
-2.702080721317356904e+01
-1.227209621325026774e+02
-2.225848721094023119e+02
-3.324573181781386779e+02
-4.083436165833883820e+02
-4.439836082652979599e+02
-4.643935421978802651e+02
-4.564959964592047186e+02
-4.415456800906874264e+02
-4.210068666751894284e+02
-3.723775682242750804e+02
-2.995421326286266321e+02
-2.413866543962537889e+02
-1.978793599105257215e+02
-1.523878072493418188e+02
-1.142772581830573841e+02
-5.428833781397935354e+01
2.992012468160763206e+01
1.163357359342746804e+02
2.118113150762503949e+02
2.795012771582266282e+02
3.134494752295818785e+02
3.360376318470333672e+02
3.361439127577188515e+02
3.300693710371010070e+02
3.191581088852502717e+02
2.851400383593847891e+02
2.309658558377850568e+02
1.918488284949739295e+02
1.680291573244643928e+02
1.440983072184613434e+02
1.286285937215189961e+02
9.578110250261471492e+01
4.347059732336150262e+01
-8.570663839171288600e+00
-6.636046100501653200e+01
-1.090790341544630024e+02
-1.325718897657853290e+02
-1.510505083190127777e+02
-1.580402279157871988e+02
-1.610986056335440253e+02
-1.611093979969878944e+02
-1.483771953697816173e+02
-1.242319093642598062e+02
-1.114827555820233300e+02
-1.105548207090550363e+02
-1.111072078027296044e+02
-1.187824851953250658e+02
-1.175043115427235136e+02
-1.059525656980893729e+02
-9.670220518828826073e+01
-8.604104036733575356e+01
-7.532462545568880330e+01
-6.604481604124744365e+01
-5.485448998380712027e+01
-4.246976849316933311e+01
-3.095539123538754112e+01
-2.006128216464679070e+01
-9.447682227673105615e+00
4.504198492030729861e-01
1.563457374110337028e+01
3.658132538860255778e+01
6.008402697397777814e+01
8.774924150855444793e+01
1.162401793125907830e+02
1.452513570000941172e+02
1.778129254510714077e+02
2.131997022814152842e+02
2.342650131393906747e+02
2.396669484078877304e+02
2.369614385700807873e+02
2.213138538255719538e+02
2.033094390403220473e+02
1.833398898980608749e+02
1.517556222112926321e+02
1.105360468524490187e+02
7.075471747748743212e+01
3.198941247818302003e+01
-9.960493747203083004e+00
-5.256839267793692017e+01
-1.051750863774571627e+02
-1.684997160399852589e+02
-2.359643695666426595e+02
-3.098081925784183568e+02
-3.581935221354886494e+02
-3.773067463825309460e+02
-3.837925965159885209e+02
-3.683543514196317119e+02
-3.478849280366059702e+02
-3.233182522238557226e+02
-2.777833486067534068e+02
-2.143911017500421110e+02
-1.585985253502631167e+02
-1.101068676716628119e+02
-5.837011014908915740e+01
-9.422134414905723787e+00
5.656700216192179198e+01
1.411714871537671456e+02
2.297798301386046091e+02
3.270752683290794494e+02
3.926135918649358132e+02
4.208732723224779306e+02
4.343401970057142307e+02
4.210410682414287180e+02
4.010212187184916388e+02
3.755737724651518192e+02
3.238036124620268197e+02
2.493741470003199083e+02
1.871360994244843141e+02
1.369595529628914790e+02
8.403992977569112099e+01
3.673162717511291930e+01
-3.143053090555542894e+01
-1.225680019528089133e+02
-2.168886328495425460e+02
-3.206105348166771591e+02
-3.924345036118472194e+02
-4.261971730728812986e+02
-4.459089105327477114e+02
-4.392178512137182906e+02
-4.254932326196685608e+02
-4.061411289685153747e+02
-3.602449183206249472e+02
-2.913229966481157476e+02
-2.369173978097340409e+02
-1.970916788428365578e+02
-1.556360920305183981e+02
-1.216196186183921384e+02
-6.702961785874884981e+01
1.039268096359300664e+01
8.947824962808569182e+01
1.767833470671764076e+02
2.405514860755260997e+02
2.754141821075457415e+02
3.011393993912249698e+02
3.080864771952789170e+02
3.098160779459366836e+02
3.075282513951127044e+02
2.856653478300536335e+02
2.466739104131548572e+02
2.218041072556514735e+02
2.113555275881498687e+02
2.015511053702050219e+02
2.000291832913058272e+02
1.840667442917397238e+02
1.518273436038086572e+02
1.207621658630666559e+02
8.559231071366063759e+01
5.651878731664761801e+01
3.639555912927633585e+01
1.654301178868139033e+01
3.164040408352768452e-01
-1.424388068443181155e+01
-2.773132669631750957e+01
-3.608989146773978973e+01
-3.963635578100000600e+01
-5.264865681814673337e+01
-7.566573984243325413e+01
-1.019166709946604072e+02
-1.350347811866566872e+02
-1.656119086528248943e+02
-1.928758161868634318e+02
-2.245164436516042485e+02
-2.584108247712773050e+02
-2.776118237795293453e+02
-2.812875648096706414e+02
-2.758740744233910505e+02
-2.567040578704277891e+02
-2.353046633702219310e+02
-2.119690396960677390e+02
-1.767362091504348314e+02
-1.317694489382826930e+02
-8.618735226513778969e+01
-3.937938320967214878e+01
1.179383443724558767e+01
6.534422685577449386e+01
1.296039396476449213e+02
2.052061677578548995e+02
2.865446371709865048e+02
3.756510947114683745e+02
4.345429292686315534e+02
4.589245536787790911e+02
4.681967540754783954e+02
4.513369626605972940e+02
4.290223878218762366e+02
4.023437222704839655e+02
3.509903981162831315e+02
2.787916624749589118e+02
2.152398599133947812e+02
1.599029029184091826e+02
1.007140524385806089e+02
4.464051943501804232e+01
-3.151029040392069192e+01
-1.295594324858476227e+02
-2.324980119603001754e+02
-3.458043767699397790e+02
-4.243295892071237745e+02
-4.618596536441785929e+02
-4.836955188878111471e+02
-4.764745001703835783e+02
-4.624317661127075780e+02
-4.430518645066602517e+02
-3.950978988318715892e+02
-3.226522624356722417e+02
-2.648703337777039906e+02
-2.216556266380238185e+02
-1.763762400824854524e+02
-1.384452914936661614e+02
-7.823746673107163474e+01
6.601602976805326151e+00
9.384593805387132193e+01
1.904344308634990171e+02
2.593992225216412635e+02
2.947613165309252281e+02
3.190301999968511950e+02
3.210537905613965677e+02
3.171601942399286145e+02
3.087138632955634989e+02
2.774112469349143453e+02
2.262174067705882976e+02
1.904947409512158174e+02
1.704985356066565316e+02
1.507660343151606241e+02
1.399151022435407583e+02
1.120269890434202296e+02
6.501969136139337024e+01
1.870992152405106523e+01
-3.292988116854018443e+01
-7.173519502391025071e+01
-9.380655434878293875e+01
-1.121130669066218246e+02
-1.209435117248220735e+02
-1.263020751857006303e+02
-1.290109918478459861e+02
-1.208445505299412304e+02
-1.028478852335454690e+02
-9.593782249737762413e+01
-1.005920109546797505e+02
-1.072242264152458091e+02
-1.210403341349680204e+02
-1.275113903117375429e+02
-1.254417648043517488e+02
-1.263010371568700663e+02
-1.267485617983414130e+02
-1.236860160260091845e+02
-1.180541229192457138e+02
-1.088791854104086099e+02
-9.557402579596579528e+01
-8.252941394679844223e+01
-6.963233359983912862e+01
-5.420014440047310700e+01
-3.709789577416061945e+01
-1.596818682624986252e+01
9.696577988954462768e+00
3.820603776889446124e+01
7.029771325473376464e+01
1.054471357722976705e+02
1.435697586117950664e+02
1.856091138849175479e+02
2.315007900584092226e+02
2.605547041656603255e+02
2.708654529501501429e+02
2.721468495832506278e+02
2.585006344746425384e+02
2.420911247453821602e+02
2.234458025751902426e+02
1.911620150843195631e+02
1.475105451686268907e+02
1.069350778018428798e+02
6.904056075250865376e+01
2.816260660821922812e+01
-1.234782925366966921e+01
-6.429747091199473630e+01
-1.285988084054527576e+02
-1.967819236730626073e+02
-2.716558402418863238e+02
-3.214377816301382609e+02
-3.421225466267437696e+02
-3.507494391467403716e+02
-3.379947053156757875e+02
-3.202946850894090289e+02
-2.986228479209414104e+02
-2.563104004016698241e+02
-1.963821701519381975e+02
-1.449992722354402588e+02
-1.019449266557700327e+02
-5.628167603603745306e+01
-1.424356939619001139e+01
4.433028181737790163e+01
1.210400879101928240e+02
2.009310970080634320e+02
2.887497560654401241e+02
3.476370005575092250e+02
3.723812083901182746e+02
3.838213003485111017e+02
3.710005888589536198e+02
3.518106602545510668e+02
3.274546503638034096e+02
2.790298536021629161e+02
2.097955681226928846e+02
1.521558373750001465e+02
1.060536278897374274e+02
5.763012629437324819e+01
1.467318772876634370e+01
-4.726564509373485379e+01
-1.301545012384827373e+02
-2.156433744772019168e+02
-3.094712666569263888e+02
-3.734755284329505116e+02
-4.019402006446535438e+02
-4.170371991067734712e+02
-4.073390985066471899e+02
-3.907190227885082550e+02
-3.684607495576217957e+02
-3.212264111684312979e+02
-2.522496695324302323e+02
-1.962533200986597421e+02
-1.532859249088446916e+02
-1.083296246749981009e+02
-6.976297341643191885e+01
-1.165965052799884383e+01
6.808422453550670639e+01
1.498974129381061573e+02
2.398583531901588515e+02
3.031214157624093559e+02
3.341690605012741457e+02
3.538637305951700114e+02
3.517031988113991474e+02
3.433815949485015153e+02
3.301275923994031132e+02
2.945298657608445296e+02
2.394197893694601191e+02
1.976511393846981548e+02
1.693889729329006286e+02
1.402905440220898754e+02
1.183271328524793233e+02
7.925315163269429775e+01
2.110032546813356191e+01
-3.769347618182651161e+01
-1.027929042147054588e+02
-1.499986240787654026e+02
-1.749648769390616394e+02
-1.932400251905422977e+02
-1.974129189407708225e+02
-1.972933392364936651e+02
-1.938292692883241841e+02
-1.753568425084449984e+02
-1.436291854579390019e+02
-1.233951026232291355e+02
-1.149710377007052102e+02
-1.073276759228448043e+02
-1.065387423424918154e+02
-9.480455490749891112e+01
-7.067524847718118508e+01
-4.790589401299566674e+01
-2.236780585740370242e+01
-1.877862232106264351e+00
1.131921757568643017e+01
2.392400448492538700e+01
3.334140597096151026e+01
4.097385345344182639e+01
4.726346486637116584e+01
4.911730299667315336e+01
4.674349935343418849e+01
5.124673284589945155e+01
6.304076921216726248e+01
7.682092278766216964e+01
9.540420964053481612e+01
1.114691596738692994e+02
1.243986202443786055e+02
1.401589704638323042e+02
1.570865429716046435e+02
1.663066360192671880e+02
1.676035040023965053e+02
1.639507572215120774e+02
1.529634548010093624e+02
1.411202477262773414e+02
1.285526562225848295e+02
1.098905752597376164e+02
8.636534169915293546e+01
6.195298686207975436e+01
3.626351271591071423e+01
8.113010798775263765e+00
-2.166995456326375447e+01
-5.702480540958156752e+01
-9.823477975764181735e+01
-1.427530074684427177e+02
-1.915466967399358964e+02
-2.246747206611182719e+02
-2.399341724044852242e+02
-2.474436547738725665e+02
-2.414346107966613886e+02
-2.328559922642814968e+02
-2.222841092800362901e+02
-1.990334928538446206e+02
-1.651413650710989884e+02
-1.359134124654535469e+02
-1.111136874994739685e+02
-8.451842878292016792e+01
-5.974300772024542994e+01
-2.471875255785347747e+01
2.149270149567109911e+01
7.004633782579826118e+01
1.237887025659370863e+02
1.614588907802374820e+02
1.800520202925886792e+02
1.916844078032989955e+02
1.900516722737825717e+02
1.854412275953027915e+02
1.785796308058480975e+02
1.586103288928543975e+02
1.274282596972467303e+02
1.037876750145133116e+02
8.768532588209633616e+01
7.112741748494785554e+01
5.864143412849124104e+01
3.613782820362759907e+01
2.504224272637354698e+00
-3.163490071612276466e+01
-6.956754860222417847e+01
-9.619854050691084524e+01
-1.089178652700540795e+02
-1.172459658798131699e+02
-1.165877169503198587e+02
-1.132518284058131997e+02
-1.078195785901378372e+02
-9.295217303575240919e+01
-6.978544318054790097e+01
-5.335431375148320399e+01
-4.382063317310669959e+01
