1.821091415378826905e+00
2.254653273576450623e+00
-2.491420136183773337e+00
-1.121121780947797131e+00
2.038953722837240967e+00
-1.892070355053557584e+00
1.880227300307691363e-01
5.409603978457345974e+00
-4.321866928408968356e+00
-4.393262416814149418e+00
6.517698702159772317e+00
-2.680340435491322726e+00
2.712846105549970854e-01
1.314391593051916107e+00
-1.285448598396241149e+00
-1.647071486340528912e-01
9.444670356829830693e-01
-1.295753473918983989e+00
6.151173558772525807e-01
-6.166838554597764421e-02
-1.266099090927657045e+00
5.628127590993097229e+00
-4.151770197963687181e+00
-4.248977682873430695e+00
5.951773063772178851e+00
-1.645157668700014675e+00
-1.059956972729896529e+00
3.058744111991879233e+00
-2.972105732068859307e+00
1.799469192719567179e-01
5.694449605853165730e-01
1.979881555143040872e+00
-1.551270109736747393e+00
-3.226446670775473535e+00
2.828105633691850418e+00
2.963425762437792876e+00
-5.379829740184453257e+00
4.119653451131930488e+00
-3.633906788300739432e+00
4.836518112466016817e+00
-3.085082654243584077e+00
-1.132527609169860172e+00
3.622200617742259432e+00
-5.773224613484767787e+00
4.758641445339850229e+00
6.149234421721707644e-01
-2.247455705813899751e+00
-1.750845178866156981e+00
5.833486620214242135e-01
7.357328499229351060e+00
-8.146600421941373682e+00
1.594627105290067348e+00
9.979059370384618655e-01
-1.433750486989844308e-01
-2.427496262558426210e-01
9.952491731214538895e-01
-1.361164647982357756e-01
-2.990248452276487168e+00
3.427595963995761164e+00
-7.216737855636217169e-01
-1.691959569153470011e-01
-1.469167818340526566e+00
7.911373425885206423e-01
2.455489494058368027e+00
-3.361516303473259359e+00
2.392104830075719502e+00
-1.481000698083320355e+00
-4.729899487513514744e-01
5.558192432982729247e-01
2.886619978147805021e+00
-1.670737157888809721e+00
-5.227576192867333660e+00
6.871168768497500245e+00
-3.040624813462341702e+00
1.867823593400183446e+00
-3.181440519107254339e+00
3.479393363911044812e+00
-3.292735143640088236e+00
2.318337480639821813e+00
6.615114316589076893e-02
-7.807479625309521332e-01
-1.316756429009716900e+00
8.140344802839024618e-01
3.840785497916592295e+00
-3.597600369189145830e+00
-2.493744962521322162e+00
3.645033705603341279e+00
7.160900288189631091e-02
-1.349437590901489070e+00
8.796572258891282026e-01
3.858219432620815237e-01
-2.044456731698953700e+00
2.353449804056495509e+00
-4.043773432411922109e+00
1.205083601002458149e+00
8.803374443859494747e+00
-8.653411851544067446e+00
-1.237701429351724780e+00
5.621115352730842396e+00
-6.551270703145660512e+00
4.171653213276352190e+00
2.815125971837248109e+00
-4.711938066134858438e+00
2.734051518884068610e-01
1.086594072115967813e-01
5.488751537102658062e+00
-5.205275828318245424e+00
-2.745019649527471017e+00
3.697325104748950153e+00
3.336543291523354160e+00
-4.526151254591389339e+00
3.866165509943986223e-01
1.165946763747954362e+00
-2.400043463901556429e+00
1.298914229140640808e-01
7.812798554021700426e+00
-7.798209665076404562e+00
-3.192286622445701383e-01
3.363416678775696500e+00
-2.307134644923597211e+00
5.686322817690592224e-01
2.126576935611834696e+00
-2.866879597887054487e+00
2.519874313677850530e+00
-1.612050875831910979e+00
-1.344440212263190437e+00
5.588007840499876755e-01
4.757958496274450333e+00
-5.529258644488528773e+00
2.064355793958448704e+00
8.312144221748533901e-02
-1.178917111502241655e+00
1.730155845728605923e+00
-1.051114329641588130e+00
9.499116313100783859e-01
-3.535944834952641003e+00
1.651241194056137118e+00
6.125887122729336554e+00
-6.532544881030791117e+00
1.011151568864157024e+00
3.050319143392084431e+00
-8.040299206734140114e+00
6.884583769668926045e+00
1.681734597460169844e+00
-4.142763865116875444e+00
-4.497304083263422569e-01
8.454944090243958765e-01
3.794224082513219187e+00
-4.300963558572360235e+00
4.422082656574957138e-01
9.736630436350062201e-01
1.345184839834503987e-01
-2.769302358230311678e-01
-5.440077491734865989e-01
7.569868583127939976e-01
-4.081105657664836350e-01
-7.220083856577810821e-02
4.189798767218159692e-01
-1.180479098353998335e+00
2.256831208550426293e+00
-2.544664983700319016e+00
3.029045541636427252e+00
-1.974116851074447343e+00
-1.941737149509871863e+00
2.047020916105413590e+00
2.627292548987161247e+00
-2.945722533811294674e+00
-1.012119289834493729e+00
2.468701969426039255e+00
-2.266256369886890276e+00
9.410738192469101371e-01
1.787244194500519967e+00
-2.465083733465434968e+00
1.583785335821812357e+00
-4.467352692280671111e-01
-1.168898690270838259e+00
1.461496992753510860e+00
-8.986421387575551645e-01
5.683414355792333617e-02
1.504058758903096926e+00
-1.430648034003806579e+00
-2.462965829983097543e-01
1.094107577762485572e+00
-1.506597978208542354e+00
1.739749033745397799e+00
-1.231464744836772707e-01
8.477019915006118733e-01
-7.035569806906108781e+00
5.280720619364077884e+00
7.001861809860110419e+00
-8.671103472173486537e+00
-1.171428651262111931e+00
3.703833332066971185e+00
8.462732487776525314e-01
-2.813876016326025908e+00
2.358322570282836761e+00
-1.826777557229168236e+00
1.597602966900729893e+00
-6.845642125073411188e-01
-1.372573882142223756e+00
1.984142511273059739e+00
-8.164018460154539580e-01
1.119158351610415103e+00
-2.996772953933268813e+00
3.935281555642715201e+00
-3.456230931168965625e+00
3.739055771177644871e+00
-5.308974068915122579e+00
4.477138758836590959e+00
-1.966489404352801618e+00
-2.924028353691797699e-01
3.373003428584782526e+00
-3.208484560896655680e+00
-8.709010884075718550e-02
1.176806949199950880e+00
-1.609466391383622241e+00
7.904872835530857289e-02
5.184293385645220908e+00
-4.625888170860329218e+00
-1.978139726989703195e+00
4.138226230701063990e+00
-3.240998666268376294e+00
1.412605345594134532e+00
3.176139066330183169e+00
-2.901440835089005521e+00
-3.774856371342884653e+00
4.564105007023153249e+00
1.431870026696417053e+00
-2.368112438629701000e+00
-1.538094130610585308e+00
3.121847748119210397e+00
-2.773840635744599048e+00
1.396165120641873036e+00
5.169351280920853053e-02
-2.286288604436968352e+00
6.356001887931965300e+00
-6.344832809818106156e+00
2.897631443067524515e+00
-9.214856882740880550e-01
-1.497693594225342872e+00
2.761612675614443235e-01
6.433304586559672522e+00
-6.769877349409179956e+00
-5.319245823063591949e-01
2.088207954182942583e+00
2.807267891032774632e+00
-3.306371634765312706e+00
-6.005277454647235391e-01
2.402466311412209787e+00
-2.088803012585258578e+00
2.069551381156960357e+00
-2.547035881079020569e+00
2.247042551126261056e+00
-8.134282407536497228e-01
8.211958683665909753e-02
-5.138049448868807767e-01
-9.541996950576066006e-01
3.192758058362535678e+00
-5.447032776790920572e+00
9.455243703368640951e+00
-7.909806724112312892e+00
9.997215389296427723e-01
2.560022202377781664e+00
-4.160701573259031782e+00
3.718362861279407294e+00
1.121058232067864147e-01
3.216479755643983918e-01
-5.428181642062265944e+00
6.754240284660076199e+00
-4.459271243608332824e+00
2.654563117384610926e+00
-2.069266031833175923e+00
3.383771954047336550e-01
2.878362747408263811e+00
-3.201820765165302340e+00
1.995762128236387989e+00
5.016828177351427831e-01
-5.456640040833550920e+00
5.684306991754032090e+00
-1.460649576944006212e+00
-1.014597118509059204e+00
1.572073673610635547e+00
-1.612371744266436258e+00
2.561087972758810949e+00
-4.800988816620393451e-01
-5.087515119490446658e+00
6.558920387843376609e+00
-4.743252039675615706e+00
2.440753587039059092e+00
5.697073746468191979e-01
-1.921336952487314731e+00
1.992872043516672020e+00
-1.707194552899520268e+00
8.394835715890127670e-01
-8.910262581947736571e-01
1.655335153855824526e+00
-2.117377143436673492e+00
2.785232659050501880e+00
-2.401047455859421920e+00
1.244026366051538268e-01
3.678525093737815554e-01
2.764494273024046489e+00
-1.733006942441529530e+00
-5.243314279839244030e+00
5.129074591126760119e+00
2.035577057300548276e+00
-5.117805382719340379e+00
4.672551815699924838e+00
-3.420883617209208971e+00
1.914297681338381629e+00
-1.215006829444629233e-01
-2.629109983754101876e+00
3.019106580775060333e+00
-9.146893716685182696e-01
1.888100410085621905e-01
-8.894881854417477918e-01
1.035149409495993655e+00
-5.488937556334325674e-01
5.326367390314598049e-01
-6.928536960476485707e-01
7.715939282682233724e-01
-1.844962539090698517e+00
1.063706144903718620e+00
3.329241890019068340e+00
-3.266295934896042752e+00
-3.570774355982401005e+00
3.665420754309249851e+00
5.483749196440141027e+00
-5.908042007797797091e+00
-4.385717480347274488e+00
6.064883177793382707e+00
2.182528454014077468e+00
-3.604999043869321351e+00
-2.419985864451316360e+00
3.802530188808832090e+00
-6.030592740939599850e-01
-5.753879999475585150e-01
1.942057746696776166e-01
3.445466195848079227e-01
-1.856536595880793339e+00
1.778680437484356780e+00
1.252751080811414397e+00
-8.027449557983519224e-01
-4.231586970577320805e+00
4.369984426814636613e+00
2.497944432351610899e-01
-2.368163955154344968e+00
2.808721654648142163e+00
-2.222010767054740654e+00
-3.240011183429875041e-01
3.761536207647671604e-01
2.892617601153181006e+00
-2.881262621555016334e+00
-6.049188083644808644e-01
1.818927384004655590e+00
-6.699414221395162405e-01
5.486968237035702578e-02
-5.124299172515240919e-01
-3.917407495105593718e-01
2.936801935622280535e+00
-3.758268341430532455e+00
2.769748593054889518e+00
-2.324777050913958032e+00
2.728188536195081504e+00
-2.230860082440396130e+00
5.836464348290033577e-01
-6.173962657674637172e-02
4.095611277856333055e-01
-1.593745611320085409e-01
9.302271914882657144e-01
5.309251114301890562e-01
-6.716544696126461211e+00
5.810466769519716301e+00
3.452635673238829916e+00
-5.188282000228780610e+00
2.606244509907140738e-02
2.799319526821710369e+00
-4.401870776552996745e+00
3.768252871096991363e+00
-2.479602006302703554e-01
-4.968805110615149290e-01
-1.528436160214212025e+00
1.823829240203684865e+00
-1.107452901431638104e+00
-3.589049345713531403e-01
3.122519391562017965e+00
-3.583783260894200851e+00
1.899224786350109939e+00
-1.069747790628797990e+00
7.921956288435350046e-01
-1.247096227298435167e+00
1.779242250778147350e+00
-2.281474836112369342e+00
4.537072556462870665e+00
-2.851577811290743281e+00
-4.135959222577432648e+00
5.286367392596558190e+00
-1.985172918045796653e-01
-1.367090946748522606e+00
-5.065054560128223748e-01
8.230236540279110002e-01
-5.433386950563665607e-01
-3.872394857595704565e-01
4.173656017188773326e+00
-3.333790135610684935e+00
-4.818457320234029950e+00
4.534803133444667012e+00
6.053458106622152002e+00
-7.981245171030850294e+00
1.897075276147628387e-01
1.714330284805550164e+00
3.210825521246058134e+00
-3.694178522092956829e+00
-1.094596475962979154e+00
2.034818818826235276e+00
1.197374484857979704e+00
-1.507328116025914433e+00
-2.814587717315520932e-01
1.839038360507731173e+00
-4.679347594441768621e+00
3.828902142430794076e+00
1.818578454002269140e+00
-2.873072201740769938e+00
-1.115449010198924285e+00
1.851160640800749491e+00
6.777478249544505173e-01
-1.847270349146659552e+00
1.384729051124266475e+00
-1.513889307348423197e+00
2.647658082162110738e+00
-2.101742570798201815e+00
2.350183548726606508e-01
1.116293298739263529e+00
-2.625359545500355551e+00
2.348190092679148133e+00
-1.097189346247419151e-01
-6.091220412125565309e-01
-1.023180522698105832e-01
5.575248751314602069e-01
-5.621422199831425104e-01
7.903498169321200306e-01
-1.368841404891484537e+00
9.721954618534753845e-01
-3.848592370001673868e-01
-8.325571468763736105e-01
4.004452582402038274e+00
-3.794848607806012630e+00
-1.688085504834287542e+00
2.334967743844688304e+00
4.344429583410797768e+00
-2.934771797630127743e+00
-7.108127569053058536e+00
9.886719002260548450e+00
-7.046370564976498052e+00
3.114055490171077079e+00
2.535108178082141173e+00
-4.248498785262821542e+00
3.136993676325104730e+00
-1.499024014055942322e+00
-2.232936601861922998e+00
1.962038935579456078e+00
3.544469803525666762e+00
-4.084187784692441703e+00
-1.081751722156647277e+00
2.413074491865930149e+00
6.556126088281030162e-01
-9.241501656932669118e-01
-2.085368442837760572e+00
2.841917867562637312e+00
-7.731665996255800977e-01
7.166713529345684064e-01
-3.010892153705280627e+00
3.154470470811357341e+00
-1.155831269745640988e+00
-2.098497287439447245e-01
5.535226384930864718e-01
-1.629963483712993710e+00
3.580218775834931311e+00
-4.037027948461491711e+00
3.314713661359361296e+00
-2.106568524690797251e+00
6.476306123681317972e-01
6.825996957427280520e-01
-1.832560538901458314e+00
1.977867452961236339e+00
-2.528644192739890606e+00
1.058660862366470390e+00
4.384645823676510012e+00
-4.097925289932625503e+00
-2.992646919186560339e+00
4.196901294069650845e+00
5.112651815444999581e-01
-2.661961052972197095e+00
1.882770658225101368e+00
-1.959721646867390810e+00
3.924340523658786495e+00
-3.099012356602671936e+00
-1.326226443827299928e+00
2.405818379712097332e+00
4.055648973577823391e-01
-6.072306484346278177e-01
-2.038299745111757044e+00
2.694163989589542840e+00
-1.533893695680784486e+00
8.736950263490890212e-01
-4.120921539804974221e-01
5.882452074309729717e-01
-1.049434547588196320e+00
9.610131521148790323e-01
-2.253485841082903285e+00
4.594039739126401511e-01
6.892261490263591028e+00
-6.478949416590888966e+00
-2.993690015552160411e+00
5.354907816807771503e+00
2.832960837169582469e-01
-1.882855491836596062e+00
-2.420854831899623250e+00
1.540521603668177697e+00
6.218451343321462765e+00
-6.691905312201875233e+00
-3.236870961821658454e-02
2.660188797276728856e+00
-2.674446860056079345e+00
1.244073353395197534e+00
3.786718983049176757e+00
-3.539491505606465527e+00
-4.150888960137191219e+00
4.113457746483947020e+00
4.640425056381648261e+00
-6.717670604510365351e+00
2.788463010146264853e+00
-9.445269659595176837e-01
-5.704073734710217725e-01
-1.089415247695834088e+00
6.794539025143841116e+00
-7.241512580661936482e+00
3.867741610758061555e+00
-6.024199276299905259e-01
-4.613177622509090803e+00
4.089289636099523229e+00
3.224912626378616309e+00
-5.091982939961431143e+00
1.205810211020402090e+00
-5.210707659497589850e-01
2.410320396893247175e+00
-3.614279614879520874e+00
5.111601877528812565e+00
-3.788859182775346390e+00
1.662573228073147558e-01
1.878285441509552900e+00
-4.219469129281956832e+00
2.787432516535283789e+00
3.454666970748147659e+00
-4.105859053693583505e+00
-7.388862383231753483e-02
3.072876191760944842e+00
-5.188970922507422756e+00
5.051472600468965624e+00
-4.263555183037004426e+00
1.285274411326385868e+00
4.819684287968814651e+00
-5.710384451588364385e+00
2.384708569436312597e+00
6.740941460240970073e-01
-4.180645629649155204e+00
4.709917708270188186e+00
-2.643199854408062599e+00
1.061124777294857546e+00
3.654278745085485780e-01
-7.189174358557863798e-01
1.228789355070938338e-01
1.565190217866235523e-01
-1.703703901892095751e-01
-3.229330201786568821e-01
3.346758652574749471e-01
-1.323342328740859219e+00
4.995140111710581365e+00
-4.024990322991012448e+00
-2.794420813735117637e+00
4.416381794051025267e+00
1.929397240778167877e-01
-7.101764771568087609e-01
-3.644274666185375100e+00
3.749343509073750802e+00
-2.986430858055810766e-02
-2.078941399717556315e+00
3.657677028524528140e+00
-3.124025407165076818e+00
-3.365787037810742399e-01
6.837071791618460903e-01
2.349701017182772134e+00
-3.106333472393856265e+00
1.577035821516864722e+00
-7.368641513783702468e-01
1.007425446133913827e+00
-5.742493430084978367e-01
-1.572478044898187655e+00
1.414198094546706530e+00
2.269770238971817733e+00
-1.944848570430915080e+00
-2.485083855123721541e+00
3.407485999894967144e+00
-2.693285134583081941e+00
7.645737966481264136e-02
6.892519749405514595e+00
-6.756834041857338491e+00
-2.201330953825250791e+00
3.776757019180969177e+00
3.316150389216754313e+00
-4.702350002344127589e+00
-1.432872879633509733e+00
1.864064225285037679e+00
5.308269025336015190e+00
-4.870077354578382867e+00
-2.923225923579336083e+00
5.899931818123009819e+00
-6.173143364198766747e+00
3.248309164862856591e+00
4.372295022249192087e+00
-6.065105808310529589e+00
1.051891870393792283e+00
6.441031443229772169e-03
3.807068491653244457e+00
-4.119983341762712747e+00
-1.135136158462488609e-01
5.308566288035309055e-01
3.466739855901952883e+00
-3.798536686354466951e+00
9.091909718073529767e-01
8.337998796569090487e-01
-2.499257153963585054e+00
2.077787044123919902e+00
1.312784237931320819e+00
-1.342100300696704274e+00
-2.025242794002337199e+00
3.150239237185772812e+00
-2.665713171828346439e+00
1.593045383626519262e+00
7.595686972505190093e-01
-1.234226843729079759e+00
-9.454994313028566300e-01
7.103069290268211322e-01
2.734190470846537657e+00
-3.263887360831659645e+00
1.824685778000231240e-01
6.766142146814506375e-02
2.801967016117135056e+00
-3.331712786642933022e+00
1.711783558767499214e+00
-6.928864929703627551e-01
-3.828915771408465396e-01
7.818788751971371687e-01
1.155381921389527777e+00
2.884742194162229212e-01
-6.739690213256241513e+00
7.028485494644479914e+00
-2.917990819942999359e-01
-1.964971874060123636e+00
-1.089136535123174099e+00
4.793107092816858983e-01
3.831546450520308511e+00
-5.442164363457320242e+00
4.812346694360194910e+00
-3.394099629586368572e+00
1.755217652363864511e+00
7.809331623051229965e-02
-2.558926614619052575e+00
2.532512970790225193e+00
-1.349814792656488738e+00
-6.501805894718754031e-01
5.377159170943926370e+00
-4.266834179476616029e+00
-2.700968499649363697e+00
5.338566918541277850e+00
-4.891972879265487961e+00
2.660718343648213580e+00
1.499956010718743737e+00
-3.245048057446254131e+00
3.117731143416540451e+00
-2.022493085495181475e+00
5.742323597702024829e-01
5.690683225206196738e-01
-3.262684880958090616e+00
2.118810845452420821e+00
4.878813635823616934e+00
-5.241997250028438415e+00
-2.201266894066073121e+00
3.326092254412098104e+00
1.971126697106335035e+00
-4.077623198050127407e+00
3.290183951700790477e+00
-3.055544116672592292e+00
2.420965168036638637e+00
-2.824953094470110226e+00
6.040280616191383345e+00
-4.668006406826812338e+00
-2.046906389015475281e+00
3.339800340877634888e+00
-4.507095695936098600e-01
-2.157407752348258434e+00
6.595065477721995251e+00
-6.103547429235838706e+00
-1.207135549464019242e+00
1.637662897639187376e+00
5.643200413000509563e+00
-7.179176261653740454e+00
3.046195984176570004e+00
-8.534130676618345568e-01
1.401793738897957331e+00
-9.982243603092102457e-01
-3.125108887758820675e+00
1.666942281159960348e+00
8.600652582707455807e+00
-8.063771671767861804e+00
-4.579380710019225198e+00
7.939377816254804543e+00
-2.353098281435368477e+00
-3.383427650959183741e-01
4.156512557972679711e-01
-4.893597968904372930e-01
3.199051394389381686e-01
-2.971655403040798227e-01
1.272837219185917412e+00
-7.242349043661534536e-01
-2.592927354090731829e+00
2.322620660551792504e+00
2.331994534516557582e+00
-2.990428235264326329e+00
-3.535100852364817525e-01
1.753422932373810639e+00
-1.347962725009275164e+00
1.086093398862788773e+00
-7.947883553809074186e-01
4.180703036225761338e-01
-1.095942260179737060e+00
3.011102371435635527e-01
4.313053282200228544e+00
-3.322696380577914610e+00
-5.291545656361336114e+00
5.644899585243687845e+00
2.456765965315742761e+00
-5.453887484432123678e+00
4.249125962288974989e+00
-2.834152370239996888e+00
2.180242637439703257e-01
4.122230484295014152e-02
3.319294765212979836e+00
-3.097726593775185222e+00
-1.915173556642245423e+00
2.141552809296768611e+00
2.527493949198506229e+00
-3.932669247703768800e+00
2.799676585752119529e+00
-9.521030074274846600e-01
-1.111887848810669599e+00
2.206376998948756274e+00
-4.049831769939005177e+00
1.794370623093786588e+00
4.456129668279550593e+00
-6.630782323708881876e+00
7.067872237030647042e+00
-3.931675212997127300e+00
-4.764251201929344148e+00
6.149387888095248833e+00
7.971649070976762896e-01
-2.371830110091983634e+00
-2.434023859854819616e+00
3.111408051781600292e+00
1.566620710035900643e+00
-1.717116206871892592e+00
-2.999275529823893560e+00
3.627257890830891895e+00
-1.825846284710202383e+00
-8.555939666900820306e-01
7.026122520308220487e+00
-6.318991162610209322e+00
-2.945276146103139592e+00
4.268740393484147688e+00
2.401399113569717692e+00
-4.934550523255462728e+00
3.281576148480123578e+00
-1.935816441744650396e+00
2.375647979941339027e+00
6.765027751619467900e-02
-6.353540405914820610e+00
7.412899820050748545e+00
-4.112602719632239889e+00
1.633640204441800803e+00
1.239950927049497498e+00
-9.419783740522554849e-01
-3.091348648278325228e+00
4.159528473248267133e+00
-1.751326104441703890e+00
1.260459570677591401e+00
-3.357574077128385071e+00
2.814363850839163739e+00
-4.085506957862095057e-02
-1.170100772556335489e+00
2.771473474332815101e+00
-1.065318642252924386e+00
-6.020562939602651653e+00
6.112631834220144889e+00
1.696875357910254678e+00
-3.632152416050205890e+00
-2.241134744409409851e-01
1.730674267236547603e+00
-1.039018489899739439e+00
5.728756391982556817e-01
-8.176582215275299270e-02
-5.481792813583834523e-01
-3.533469127282025668e-01
-9.975667875443369192e-01
7.407701528089103427e+00
-6.173433836846665024e+00
-4.753768727546686890e+00
6.617248714716798652e+00
9.541036913006690767e-01
-2.801602690738267398e+00
3.326608704114336623e-01
2.155535580662551354e+00
-6.351035283905916984e+00
5.412551052859457812e+00
8.176308218029071373e-01
-3.439736605186198393e+00
2.808115522865656022e+00
-1.998645030146962931e+00
1.189059123034456045e+00
-1.279526680528085270e-01
-1.033471153826964084e+00
1.906742052757876449e+00
-2.311035158230381192e+00
1.915840344481793078e+00
-2.562434933427132577e+00
3.362698611395129600e-01
6.892943614159752208e+00
-6.881943594696863009e+00
-8.489224469149747598e-01
3.102832849407746174e+00
-7.656121665496194995e-01
-1.208282122620404131e+00
4.081581487009796838e+00
-4.177921482950258003e+00
1.071640216495561848e-01
-5.010709094495058302e-01
5.593234246183879321e+00
-6.471463555314646676e+00
5.094978387975983125e+00
-1.981346706383360967e+00
-5.299210704130853600e+00
5.240393726892335735e+00
3.494805348430532366e+00
-5.450570507805520215e+00
-1.923148532471927741e-01
1.554374774181082053e+00
2.671651864906921414e+00
-2.866365809011742538e+00
-2.862762613326073513e+00
2.736458163394352106e+00
4.765107007694115104e+00
-5.548294320400202650e+00
-7.175927356192304263e-01
2.671420905442817961e+00
-9.731588250015494879e-01
-2.475570977608228529e-01
1.765123869107413146e+00
-1.203879400365930330e+00
-1.645537378161056496e+00
2.772690646525559188e+00
-1.906679059194273940e+00
1.698249772435396210e+00
-2.854064035982176506e+00
2.029521280206318057e+00
9.456169728747582104e-01
-1.892000909534801156e+00
1.359043272169632388e+00
-5.100720162724857731e-01
-1.513833370244913601e+00
1.668717894871851071e+00
1.458335284962819056e+00
-1.051485000308441498e+00
-4.294139988093458093e+00
4.214290400513848844e+00
1.423942257254611210e+00
-3.448160167019460598e+00
2.456975816900272225e+00
-1.060926475157990989e+00
-6.800258739076341374e-01
1.632593460673078090e+00
-2.284738961225913023e+00
1.889142121743554892e+00
-1.890009952933471293e-01
-1.952738740863131928e-01
-2.081875219791362586e-01
2.961674447488398254e-01
-1.903391815850787872e+00
7.722928957621277846e-02
6.717092993490634711e+00
-6.905070249678190386e+00
1.128755642234272383e+00
1.839303608260532297e+00
-4.233780386510085592e+00
2.836158404248440679e+00
4.745685341880097496e+00
-4.710061408095334912e+00
-4.152653891862222224e+00
5.789639879934323830e+00
-2.868966169222084694e-01
-2.484524797206841384e+00
1.616760717025902627e+00
-1.731623045442727715e+00
6.096932436665740696e+00
-3.750239308511090108e+00
-8.999565339406906617e+00
9.368406936406335817e+00
4.927749610509492229e+00
-7.941042715809951247e+00
-1.512955886035349806e+00
3.463043218863947281e+00
2.607759241906189907e+00
-4.097725061892521836e+00
1.067885984058145388e+00
1.222006026589074340e-01
3.955392016589288628e-01
-8.312258219093892064e-01
8.404575693960292249e-01
-1.175850742177033226e+00
2.651456572618302143e+00
-2.281282003154773363e+00
-9.754487383536936118e-01
1.202487298638193591e+00
2.776078780704796856e+00
-2.879802328672372180e+00
-2.020395953402921663e+00
2.652552916538624572e+00
2.040446265234555412e+00
-2.611993428169588682e+00
-1.684996324370949150e+00
2.025330289477552892e+00
1.112971393493094929e+00
-2.488684930831948972e+00
4.026867728894842458e+00
-2.390908826118941288e+00
-4.587707992105658050e+00
4.652010233139293405e+00
3.596030850166189730e+00
-5.180741862039812240e+00
-4.040549453437642935e-01
1.599089254228266643e+00
1.228032576609475290e+00
-2.745259566525576567e+00
3.182223741404329065e+00
-2.588732136494232616e+00
1.753484270695774949e+00
4.437991105042031481e-02
-3.303665107639408127e+00
3.831994337551405838e+00
-2.272090527293252116e+00
8.454121905371551060e-01
1.749688451495311270e+00
-1.603060666774395182e+00
-2.561807244511141057e+00
2.109481950240827075e+00
3.131556517574459075e+00
-5.031186120687808128e+00
4.007236819233919611e+00
-2.834532421735053820e+00
1.318984622130299877e+00
-2.345400879868207722e-01
1.384568768275927786e-01
9.746320091966320653e-01
-3.726395786075596739e+00
4.233986917548284268e+00
-1.884819723513420309e+00
1.376866611804669294e+00
-3.836797819245385543e+00
3.291713522194889219e+00
1.604633076339339937e+00
-2.072697969826648556e+00
-2.855983620963731706e+00
3.171681825961329970e+00
9.560336384922025754e-01
-2.562288158154602868e+00
2.803974942253906644e+00
-1.473965482107697511e+00
-2.608843324608245862e+00
2.947978957608113237e+00
1.066236070506354050e+00
-1.557016793314100811e+00
-1.176097114527766330e+00
2.583873362512877137e+00
-3.264602425314801604e+00
2.606707188935115660e+00
-5.924952616378982295e-01
-3.467000148527957792e-01
4.550056865197576461e-01
-1.635507305727304794e-01
-3.605726638481790425e-01
5.863899146208073621e-01
-1.483709174654041174e+00
9.472271589818164195e-01
2.643020327365154021e+00
-1.923492391805865953e+00
-4.045423080513743663e+00
4.782258477872212588e+00
-9.114311514424009442e-01
-1.481989764137245480e+00
3.396593977188529401e+00
-2.835703948841609368e+00
-3.542155289420737541e-01
1.508250676159397452e+00
-1.016177651105197199e+00
3.449737627602522672e-01
5.147740880028680577e-01
-6.065590685895272394e-01
4.603531569360386211e-01
4.946981654019577124e-01
-3.000628805287789191e+00
3.703334095270625070e+00
-1.074094761404368326e+00
1.914893993160461161e+00
-7.303950087780807010e+00
6.936055823803489062e+00
-1.881555326004088258e+00
