-5.143652164519150460e+01
-5.157215109032758704e+01
-3.829590462559895769e+01
-1.604907923486305421e+01
2.793504133664748679e+01
9.499916039372241983e+01
1.118321494985775075e+02
7.503354287063761774e+01
2.136250756685484475e+01
-6.785594598998140725e+01
-1.095639542083026754e+02
-9.570003094223937978e+01
-8.185194976445737325e+01
-4.668547678601785833e+01
-1.784549209509179946e+01
-1.244536153615255936e+00
3.406434314847926714e+01
8.111492400330328678e+01
9.379029360958799089e+01
7.178643240904111167e+01
3.195619990813304412e+01
-3.740620513684088877e+01
-6.582186385105444515e+01
-4.799527083822453477e+01
-2.790523284318731712e+01
1.218910994242646595e+01
3.008040392602487856e+01
1.943956491632240713e+01
1.503619619031165300e+01
5.806480501341797940e+00
7.067470836813509738e-01
3.818745819333584368e+00
2.041070649653344393e+00
-1.641446690063622649e+00
-7.428303721514586400e+00
-1.712795517147068836e+01
-2.832078253318983840e+01
-4.170785572000912822e+01
-4.017293485630187178e+01
-2.175797965436964887e+01
4.739327247798208020e+00
4.430304811498714201e+01
6.175465416982033418e+01
5.393599096810219606e+01
4.210273999745337647e+01
1.699498807001950951e+01
1.548998634002813457e+00
-1.333650775054551207e+00
-1.053677077041595211e+01
-2.033616955688410854e+01
-3.030434371040086461e+01
-4.230047637878026734e+01
-5.210715404474135681e+01
-5.996729678549476006e+01
-5.216407163245355605e+01
-2.632567507943235086e+01
1.110438743079497215e+01
6.465522086707294136e+01
8.859663366982516663e+01
7.910483003953051195e+01
6.225648869348555792e+01
2.592513785219547984e+01
1.904429688760768791e+00
-6.304441755302812922e+00
-2.444101897232093634e+01
-4.479007881310106853e+01
-5.362488012779915891e+01
-5.219720942233742278e+01
-4.108620215647520268e+01
-1.685692098217680268e+01
-4.790730987162361565e-01
7.627790265088561839e+00
2.086602076524531668e+01
3.464692592319474329e+01
3.859126176291926669e+01
3.275681034847096385e+01
1.856642753209142072e+01
-6.925376937446224623e+00
-1.918475447214194318e+01
-1.696420575878856241e+01
-1.487858336871783571e+01
-6.968697830556626727e+00
-2.318642722772941589e+00
-2.510257021490929663e+00
1.677825376722419826e+00
8.016494732748833840e+00
9.152557023735433006e+00
5.573801805302776025e+00
-8.252527210018850701e-01
-1.173823994426665251e+01
-1.485247382859723864e+01
-9.312229507082848912e+00
-2.446306381937021435e+00
8.857679489164912212e+00
1.175229962375914816e+01
4.672154010019908377e+00
-3.698382153095321367e+00
-1.682177100775428613e+01
-1.664702367445013209e+01
-9.248780360819495172e-01
1.888671654440872771e+01
4.779948340090909653e+01
5.363411308611724593e+01
3.282350635782965043e+01
4.933953043944550920e+00
-3.885832676752639969e+01
-5.760598438690404777e+01
-4.679787693723633879e+01
-3.355258160197519146e+01
-6.999123021495337937e+00
9.656198994311115058e+00
1.281916853939539358e+01
2.276630160159896477e+01
3.352002535535633854e+01
3.041782309102523740e+01
1.406825565624564511e+01
-1.331540163415845512e+01
-5.554950776967823600e+01
-6.641504787219209049e+01
-4.268188676704021844e+01
-9.879570382910655368e+00
4.400612243382474986e+01
6.699487151330983181e+01
5.356990996796174187e+01
3.874396427398181686e+01
8.934489545690869505e+00
-7.864578841659557895e+00
-6.942815376084467971e+00
-1.298560229677200439e+01
-1.861324026542109067e+01
-1.980421233569973793e+01
-1.864907354605616518e+01
-1.119930123779235132e+01
3.227668636313773654e+00
1.155926803324127050e+01
1.385153140029059138e+01
1.715655127758510901e+01
1.859363317912826119e+01
8.498314407354069289e+00
-1.378478770274656640e+01
-4.602227662949409392e+01
-9.120372132003666366e+01
-9.856984213672438955e+01
-6.400411487018320145e+01
-1.444891459956933488e+01
6.378273777303700598e+01
1.073578340672190308e+02
1.101892301338676816e+02
1.144703576568986136e+02
1.039223325983461734e+02
7.685104092921993413e+01
3.536290302576552591e+01
-3.352381673664120854e+01
-1.311684147882760101e+02
-1.687015789614021060e+02
-1.412986482222642053e+02
-9.347611386740015860e+01
-2.178223426832444520e+00
4.604826840051878634e+01
4.316900953947930475e+01
5.057414048329462020e+01
4.676420918156782136e+01
4.350689321277931754e+01
4.661641783433136510e+01
3.319822367919171313e+01
6.526411401284298641e+00
-8.570225341558131760e+00
-1.382855365152854787e+01
-1.924865788125345745e+01
-1.972952286919877096e+01
-2.090691743834763017e+01
-2.333893663601496726e+01
-2.030414214676560647e+01
-1.277649920035363351e+01
-5.470658553138131985e+00
2.433882822767174492e+00
1.286972429358139181e+01
2.513537906279082179e+01
2.881668553274176503e+01
2.302190987857871463e+01
1.224351694105223665e+01
-6.520555114700914423e+00
-1.377438201014373576e+01
-8.003219896328351624e+00
-1.278135054459099695e+00
1.135738985949272895e+01
1.125936385600002509e+01
-3.983499223702426928e+00
-2.141761615381555828e+01
-4.609092013084262618e+01
-4.975174673768538725e+01
-2.884550243916790535e+01
-9.642597279944533639e-01
4.180754319743216030e+01
5.749551792251694593e+01
4.151847761817362681e+01
2.071439345872075677e+01
-1.618664605599839135e+01
-3.467408001213034652e+01
-3.029965262858572217e+01
-2.913083678599441129e+01
-2.214388872726820523e+01
-6.907417629763371814e+00
1.486193851074787986e+01
4.948732867081865550e+01
9.773821937689854167e+01
1.025352662510865542e+02
6.013822620242606831e+01
-1.329620882836808571e+00
-9.709548737524116291e+01
-1.347010834233418279e+02
-1.055909713867373796e+02
-6.709174693886103569e+01
5.031191990930858893e+00
4.209243068025715928e+01
3.514381390205469557e+01
3.746968592868402936e+01
3.128361934153199186e+01
2.768075212870907720e+01
3.220612512594082233e+01
2.520405744954989657e+01
1.011050137099760882e+01
1.789324434376611483e+00
-1.532850328958938801e+00
-4.609506934298723380e+00
-4.610475369834011516e+00
-1.320300371622638025e+01
-3.138992681269037632e+01
-5.148994769081529199e+01
-7.642959075895680598e+01
-7.417519935661830743e+01
-4.098831319030264098e+01
5.712928674911384341e+00
7.512618081291179806e+01
1.060546676438610376e+02
9.272712041916706482e+01
7.248662336903805681e+01
2.912839997971507344e+01
3.976494916381492217e-01
-8.844528771620725038e+00
-3.055134656454079689e+01
-5.538835634400221153e+01
-6.457777419093002891e+01
-5.960981961223573933e+01
-4.219665388145926244e+01
-7.663458685263605297e+00
1.156016404703307998e+01
1.425317565272505327e+01
2.038430140067966434e+01
2.242345673505953130e+01
2.374303423835057458e+01
2.594526475342762950e+01
2.144404354681571334e+01
1.097269216965263361e+01
2.642139232727708009e+00
-4.350493551597844011e+00
-1.372589032246373009e+01
-2.401417660653916286e+01
-2.485063122504493549e+01
-1.541154052599371482e+01
4.620491173762464321e-01
2.582192309302197941e+01
3.468715068325444406e+01
2.508358298895186422e+01
1.224882998613010265e+01
-1.052798632574099891e+01
-2.345760961322551452e+01
-2.414361122451893138e+01
-2.771634094363590606e+01
-2.911958130553388813e+01
-2.285516467382135986e+01
-9.610818398850764055e+00
1.213185405127176253e+01
4.391302691189333274e+01
5.362076037170018594e+01
3.922276910339945033e+01
1.756890914664397840e+01
-1.970962953999385192e+01
-3.399427460938914436e+01
-2.144610092184111139e+01
-7.671079927852393787e+00
1.734122914979383978e+01
2.047597289035343238e+01
-2.978038050833457184e+00
-2.900738113244705829e+01
-6.666329746372470311e+01
-7.402909021155103630e+01
-4.542772916805364503e+01
-8.279601907008268924e+00
4.918181227184673077e+01
8.014445323252645892e+01
7.906399018116884747e+01
7.844683618528388536e+01
6.587626670642083582e+01
4.587437318475875969e+01
2.069561620651172973e+01
-2.240245867592081197e+01
-8.274731721626113767e+01
-1.079215137568474603e+02
-9.561962743775286810e+01
-7.094266730041708513e+01
-2.041308859642472839e+01
9.687643764440402094e+00
1.534170477851279379e+01
3.045393214176002772e+01
4.384982398802188897e+01
5.044877840873149921e+01
5.268812381872832162e+01
4.421161101067166754e+01
2.381473738921224736e+01
8.177443600201005580e+00
-3.342653912682212791e+00
-2.035207270971550741e+01
-3.957875518530548220e+01
-4.639090411760039956e+01
-4.014272417624332689e+01
-2.541135678600977954e+01
1.958563471772949649e+00
1.661219654496296627e+01
1.705441383110758125e+01
1.935182734938395299e+01
1.737862121039939822e+01
1.348604831266233539e+01
8.864063153878054990e+00
-2.594179633817742747e+00
-2.046030453424464213e+01
-2.478701306343589650e+01
-1.493645337230989334e+01
-3.786740953029762435e-01
2.389496548664680375e+01
3.199887009656516312e+01
2.149595288522018066e+01
8.985293191229441589e+00
-1.225109812807224685e+01
-1.980170501631320690e+01
-1.064332393973905688e+01
-1.035412240695360975e+00
1.505533133751855246e+01
1.395528773729838967e+01
-7.756851436637254515e+00
-3.385515223611259472e+01
-7.098923161296600881e+01
-7.810190757642240555e+01
-5.036178500118407442e+01
-1.290168305101264146e+01
4.566726688259300460e+01
8.116239058543379770e+01
8.869791865254441632e+01
9.928387319976242509e+01
1.014458930049120227e+02
8.182178769342598912e+01
4.097282694006807446e+01
-2.449691678285534024e+01
-1.188959428760075809e+02
-1.579637545977200546e+02
-1.364121118596072506e+02
-9.890869576822628062e+01
-2.357844307783042836e+01
2.071784068794200095e+01
2.707173882536566012e+01
4.732620208066362011e+01
6.455199097121538898e+01
7.239857874485710454e+01
7.479335851375772393e+01
6.139086483105700154e+01
3.080458077961734631e+01
1.015513157768934960e+01
-1.280371184320051814e+00
-1.847761764251208305e+01
-3.584042416317687696e+01
-5.218780895353252447e+01
-6.844398364877578445e+01
-8.101822217694422079e+01
-8.947906570556483530e+01
-7.613259355530260564e+01
-3.794593873806485362e+01
1.763410315979884047e+01
9.655792423273265968e+01
1.322602137924695853e+02
1.193319430696868864e+02
9.519128262560182918e+01
4.219126963874329306e+01
6.507240173105911296e+00
-6.916763879126834880e+00
-3.554027290058284194e+01
-6.824801055513009373e+01
-8.122451677852927787e+01
-7.596781362391855907e+01
-5.527189068889486379e+01
-1.308156137455462442e+01
1.290983449743198896e+01
2.142265698484750303e+01
3.630637110591218430e+01
4.898269966769655781e+01
4.383130413007147297e+01
2.098841199581750416e+01
-1.891602010093098585e+01
-8.051923896373276079e+01
-9.907101475591949225e+01
-7.036816725073316547e+01
-2.984824755283428033e+01
3.920268736238717366e+01
8.133582456993131871e+01
9.062101839464102682e+01
1.078412220365723044e+02
1.190145238853246781e+02
1.006413588193852178e+02
5.350496950113866035e+01
-2.273431183917417542e+01
-1.349050686614361609e+02
-1.805824687272269955e+02
-1.531776657376740332e+02
-1.082510371473756976e+02
-1.932349389453618826e+01
3.169028846715909253e+01
3.616592884008698405e+01
5.601067324037624928e+01
7.089964564650055934e+01
7.493509064395935582e+01
7.290083212116088873e+01
5.146068807651108301e+01
9.379662758182075066e+00
-1.267633813629571193e+01
-1.474975388575355595e+01
-1.823447359727133588e+01
-1.399725553828989888e+01
-2.185869865397233625e+01
-4.465795281037376441e+01
-6.572936863077859471e+01
-9.012100143464061830e+01
-8.441837767014357041e+01
-4.351313108165054899e+01
1.303065341145986444e+01
9.526110114306983689e+01
1.307246520411703443e+02
1.124369840747598914e+02
8.392695992161458207e+01
2.581361352455981262e+01
-9.642346798317657175e+00
-1.621643776945058946e+01
-3.562591055733169298e+01
-5.483484906028449046e+01
-6.427364310474123954e+01
-6.694764974115325629e+01
-5.716106197451730964e+01
-3.275547401927200042e+01
-1.415945221853306180e+01
-7.839610916592536505e-01
1.961834096781872461e+01
4.300830168145142096e+01
5.628936438854120894e+01
5.927517784975172077e+01
5.531152528541719704e+01
4.077404186961432231e+01
2.470758170694804434e+01
6.906758044974562694e+00
-2.055334875177199905e+01
-5.623311130210199593e+01
-6.974749236089056126e+01
-5.938210154832427889e+01
-3.884863297216558919e+01
1.570151818917440989e-02
2.116238712670703137e+01
2.176590755347693218e+01
2.637729510607892891e+01
2.616753224647086284e+01
2.224453309059224182e+01
1.644922789502794203e+01
1.116521592083218106e+00
-2.358772711690157564e+01
-3.105023124173109039e+01
-2.050423179669989793e+01
-4.931915346792919763e+00
2.224667266648129171e+01
3.140595015380908350e+01
1.963998811461931737e+01
6.618431001355533638e+00
-1.530571489659070572e+01
-2.297621950250539058e+01
-1.298261703504200426e+01
-2.648132505459637187e+00
1.433824190497094264e+01
1.734369636996281017e+01
3.137479531840262403e+00
-1.323612077175310375e+01
-3.757323167072237879e+01
-4.361588284454992248e+01
-2.789217492386392649e+01
-7.774955604893609262e+00
2.403262125323417919e+01
4.230934977101644279e+01
4.390333937625888439e+01
4.713200499061053961e+01
4.533832749366131765e+01
3.533013056024213228e+01
1.797948149583512389e+01
-1.082866976260172187e+01
-5.222290324519949678e+01
-6.935329468978051182e+01
-6.018561826012945204e+01
-4.364512705158047368e+01
-1.022647446130297588e+01
9.591346311240172895e+00
1.287288513734748285e+01
2.242444234533480696e+01
3.080003357532378772e+01
3.184179948111041014e+01
2.693671782109057844e+01
1.312706842386623585e+01
-1.117179745284348158e+01
-2.237413622629964394e+01
-1.972254546343427251e+01
-1.620385291611445666e+01
-6.174380346747035730e+00
3.636019179018343817e-01
1.988298905432146935e+00
8.127505900409452977e+00
1.639236129721925295e+01
1.635095230862794935e+01
8.148373662859583533e+00
-5.005108653960930631e+00
-2.573480038874518172e+01
-2.848256326188473864e+01
-1.120704875580708659e+01
1.163046237504077141e+01
4.676000829317533913e+01
5.584928763393214268e+01
3.482517055620448332e+01
7.628454388433477895e+00
-3.605129241256351236e+01
-5.514885937953824424e+01
-4.478405656103980448e+01
-3.330590416279024879e+01
-9.794896578685625244e+00
4.576621179548608254e+00
6.123016832003279397e+00
1.412166762610244675e+01
2.301325572196036262e+01
2.409032611054049156e+01
1.852824878224557281e+01
6.076399054804633160e+00
-1.532088836085779704e+01
-2.485717010443383046e+01
-2.157951384504673342e+01
-1.737218085642904342e+01
-7.168401827231773105e+00
3.931897268776425758e+00
1.500102074348743919e+01
3.270898505292461067e+01
5.601459137169575797e+01
5.606451456624265006e+01
3.112484490439244311e+01
-5.742305275637155759e+00
-6.232938544405209313e+01
-8.212939637462562814e+01
-6.018304172214070746e+01
-3.027629298918689926e+01
2.244672373732978343e+01
4.525948896992844084e+01
3.195078699866033745e+01
2.028588676961349435e+01
-3.509268671842821430e+00
-1.334851754985603378e+01
-4.086238460926145066e+00
5.222301094919423736e-01
7.656135616544577083e+00
1.000976956335985157e+01
4.493439743867119418e+00
3.333897215166893302e-01
-5.003588112717729963e+00
-7.665177622553731140e+00
-6.251618604474674434e+00
-4.733653229445285326e+00
-1.756712612903714943e+00
3.465861360514074230e-01
1.058359626403483578e+00
2.717331449462068171e+00
4.676325931160005389e+00
3.780592640030346008e+00
-3.095728889994682834e-02
-5.790068425915903205e+00
-1.434733819270051391e+01
-1.701693244456090071e+01
-1.312091560485266939e+01
-7.564327583708911007e+00
1.933891503141792922e+00
1.019369857231800225e+01
1.663703432481561251e+01
2.572378214499184779e+01
3.623402547255361128e+01
3.375092721378732108e+01
1.732023880826879747e+01
-7.192300537105920100e+00
-4.383059439157715076e+01
-5.418099657908365430e+01
-3.499307962323531029e+01
-8.186795003843400309e+00
3.643348202370746236e+01
5.316865704872685683e+01
3.712556811909471577e+01
1.881822426667731207e+01
-1.376360953410815746e+01
-3.358302027414997326e+01
-3.636561355203330237e+01
-4.507191075240230305e+01
-5.258969665705333085e+01
-4.676266668079115618e+01
-2.853243299845764369e+01
2.103043520253820020e+00
4.834680841182671429e+01
7.228307906962309914e+01
7.179318835136071186e+01
6.807527807017660848e+01
5.160599517704877570e+01
3.298415856777216959e+01
1.372284892967986991e+01
-1.940940076835465078e+01
-6.437417634420984314e+01
-8.357792585083402059e+01
-7.563345417566682727e+01
-5.736296283450383982e+01
-1.905921327146365485e+01
5.584846247367599048e+00
1.397873169786917202e+01
3.083550369379137379e+01
4.820920504599013867e+01
5.080660495242896957e+01
3.934037648626998873e+01
1.488482222177244019e+01
-2.670188402241040393e+01
-4.335750779623437268e+01
-3.278036302505822164e+01
-1.906864756958765028e+01
8.227738259717156666e+00
2.081697972168646160e+01
1.508765432248952187e+01
1.322460513703603624e+01
7.989828199087700256e+00
3.676969956723986854e+00
2.661855395214511422e+00
-2.874725921480343338e+00
-1.151017576333090631e+01
-1.319218721163884922e+01
-8.160548007209925458e+00
-1.456487258911705607e-01
1.321925560468309335e+01
1.846046464200715320e+01
1.448265999090838285e+01
9.713322032506315651e+00
7.215329348717741675e-01
-7.987483924484890530e+00
-1.559125711792311542e+01
-2.712868868716809345e+01
-4.154240441095096514e+01
-4.093522982162046731e+01
-2.423869139409454121e+01
8.338117588982686401e-01
3.917072417542664198e+01
5.459943087599290834e+01
4.406839736012707931e+01
2.917493533949221529e+01
4.716313495223091179e-01
-1.593107473488985271e+01
-1.681100803375814579e+01
-2.268148127100335643e+01
-2.692070369917144390e+01
-2.092815656927499646e+01
-5.652543621008870645e+00
2.015797697685140122e+01
5.881025557829568129e+01
6.737903190417800658e+01
4.306941386638348490e+01
8.573344692298297431e+00
-4.731200584295090295e+01
-7.237938113027055920e+01
-6.140248679563840994e+01
-4.889209817603188668e+01
-2.127863669943652170e+01
-2.872928135313761899e+00
2.113868542902109127e+00
1.664705827680162287e+01
3.448802273470649027e+01
4.125298772045650253e+01
3.815678151413381158e+01
2.724699628910724769e+01
5.102238136795838486e+00
-8.166534491793868256e+00
-1.180989062118186261e+01
-1.861409141021982094e+01
-2.397934618147079178e+01
-2.067610065293066057e+01
-8.891876522152376339e+00
1.158343581826239799e+01
4.290569638220670612e+01
5.143544969897011043e+01
3.499005388905338521e+01
1.174507730473182932e+01
-2.701809203389728964e+01
-4.901561560761913938e+01
-5.089485740781486101e+01
-5.554171000508662814e+01
-5.473757280698122685e+01
-4.410585056377515656e+01
-2.477937445096841884e+01
7.979811145508416637e+00
5.562002188416801118e+01
8.000133677654740438e+01
7.930198098039704746e+01
7.345342733279002800e+01
5.282762880171279818e+01
3.186580444851961147e+01
1.207488668885076599e+01
-2.181426618979479315e+01
-6.690260547828484050e+01
-8.678950488324305468e+01
-8.029204097250375582e+01
-6.298084123446679428e+01
-2.543165085205717091e+01
-3.209832852572929163e-01
1.004587029815578170e+01
2.972180032699423435e+01
5.112788419867807477e+01
5.646646696917530761e+01
4.622955527269032672e+01
2.304109536404544301e+01
-1.789328214779416371e+01
-3.688761310490131251e+01
-3.183208215083006110e+01
-2.628186449937222591e+01
-1.053751687029602735e+01
1.961421352887538383e+00
8.847789973575522993e+00
2.454899311721106869e+01
4.587321572424625060e+01
4.769965682335908497e+01
2.956359172457986872e+01
1.150721499359099731e+00
-4.400616100751717141e+01
-6.139627673603914104e+01
-4.742878438444478917e+01
-2.900853974283207037e+01
5.341336645024460594e+00
2.252622660491255502e+01
1.829732722357019981e+01
1.810182151170860720e+01
1.337289875752945179e+01
7.921976995089624829e+00
4.203917296195920805e+00
-6.551180951177089540e+00
-2.317000242875736404e+01
-2.789042818675772395e+01
-2.056409458126645617e+01
-8.927896997301559168e+00
1.134684002153680282e+01
2.324654908427797295e+01
2.532358877934290575e+01
2.940685760120707215e+01
3.131109215957720338e+01
2.577688963223113561e+01
1.313009753743705588e+01
-7.552511764233942770e+00
-3.784914917387737887e+01
-4.849583636745614257e+01
-3.762468799583250245e+01
-2.078184397260795890e+01
9.640663038323568301e+00
2.370870471971441518e+01
1.840176188171369631e+01
1.455154314974610763e+01
4.525982067710929257e+00
-2.086606521473891807e+00
-2.942847567340745041e+00
-8.865539131007059481e+00
-1.729147983328783056e+01
-1.889783123524812325e+01
-1.419364896039782664e+01
-5.695698515902267722e+00
8.781793149520707331e+00
1.904479690246641255e+01
2.456068274416437092e+01
3.213775492635785724e+01
3.941174637736260422e+01
3.563371341074515186e+01
2.023566307172292511e+01
-3.597548791965140325e+00
-3.898841130930538412e+01
-5.607117782708572662e+01
-5.268460700446959777e+01
-4.600703592601491465e+01
-2.833329039097533908e+01
-1.348460393898423426e+01
-3.212252467528527333e+00
1.572076347559988641e+01
4.015246618571825366e+01
5.128651612141312199e+01
4.902033398879799364e+01
4.006552628029484708e+01
1.963217431817829706e+01
5.508741449987858196e+00
-1.326160784511153601e+00
-1.372489683478096367e+01
-2.767872985946655362e+01
-3.575740718042847988e+01
-3.847290501265682394e+01
-3.634925933446594826e+01
-2.746206931953872754e+01
-1.697065428857816016e+01
-4.479187821886815080e+00
1.444864122369608417e+01
3.913534064567875248e+01
4.794870931630471489e+01
3.953935430668419571e+01
2.394259727403018800e+01
-4.682304728753638123e+00
-1.847046832700505448e+01
-1.512968973420778696e+01
-1.318647559074351783e+01
-5.686481764556766016e+00
-2.208925197685949637e+00
-4.869122553492858607e+00
-3.433663287556251387e+00
-4.249672827645152307e-01
2.453923779019183904e+00
6.364670298903993384e+00
1.026889388291926153e+01
1.412811021659937616e+01
1.065958148089582025e+01
-1.146337347538320950e+00
-1.785828242795280829e+01
-4.174518512840988649e+01
-4.543029855778637938e+01
-2.647287818889816080e+01
3.735710331802768319e-02
4.152048927330505279e+01
5.631770590094742346e+01
4.024897655132471641e+01
1.958305729318160360e+01
-1.671395956517408266e+01
-3.313633072260112300e+01
-2.514010966239170486e+01
-1.899380061718443358e+01
-5.349537539122106722e+00
4.287511438222350257e+00
6.899020386907960933e+00
1.568130640960520594e+01
2.747132952001259198e+01
2.707267788791370933e+01
1.468300687159195483e+01
-4.912374399595412555e+00
-3.551984910181565169e+01
-4.418187152215106295e+01
-2.832448032126383808e+01
-6.983080032937602155e+00
2.842825903675715793e+01
4.043710928469172217e+01
2.485770667897995878e+01
6.802221480767902229e+00
-2.365667745958232615e+01
-3.363146292315499153e+01
-1.854152654517585930e+01
-2.333423470379027087e+00
2.391650006149848906e+01
3.282572812390152706e+01
2.015325338286730883e+01
6.365686235237055790e+00
-1.612585478055815003e+01
-2.486661288019263694e+01
-1.632285978574384799e+01
-7.561273614089963679e+00
7.631605628019076271e+00
1.437030825208361406e+01
1.003772231112307090e+01
6.939655119805298256e+00
9.570773292565057933e-01
-5.031428860523132762e+00
-9.744496133539785276e+00
-1.798511231964064550e+01
-2.889820576447322154e+01
-3.032097395382370308e+01
-2.180323187738335733e+01
-8.489904617613557747e+00
1.280005150604594277e+01
2.861196073552010333e+01
3.795151315499513345e+01
5.009603508454802068e+01
6.180249175886729773e+01
5.413832675929741356e+01
2.586391019736309360e+01
-1.675239925607773017e+01
-7.923661142289093107e+01
-9.968388393745127019e+01
-7.317119768151961523e+01
-3.428492760355803171e+01
3.334734571301505923e+01
6.112741922795851224e+01
4.184894680055617044e+01
2.230555941276457688e+01
-1.530103571278360697e+01
-2.848149366641791858e+01
-1.020813832391714193e+01
4.590287859398687331e+00
2.743617474885673602e+01
3.351962311056782085e+01
1.737604992243325697e+01
1.478758047186592428e-01
-2.554029732230489103e+01
-3.458973530227356719e+01
-2.293936544471838346e+01
-8.782018105471420810e+00
1.503269050359171999e+01
2.500761906480700958e+01
1.788170905988751613e+01
1.099452408768476630e+01
-1.996599998693180167e+00
-1.021931204139948868e+01
-1.145411427453390374e+01
-1.618912175847992430e+01
-2.147754786326603949e+01
-2.011559210735567049e+01
-1.252339550940771673e+01
2.339003418875643669e-01
1.996495313906947899e+01
2.830392069866743654e+01
2.407356719929828870e+01
1.769217710174896396e+01
4.487959120168726557e+00
-3.607293466119213310e+00
-5.159271352965708601e+00
-9.828626803066253359e+00
-1.465693681826027017e+01
-1.270531719337904164e+01
-4.218361180580058267e+00
9.845335239133250482e+00
3.133168122249747967e+01
3.700496164538720478e+01
2.524590950974047487e+01
8.839229299226360581e+00
-1.826082845621393602e+01
-3.619145897392947830e+01
-4.284161132001070627e+01
-5.289575367101643621e+01
-6.136328999536162598e+01
-5.516362365639005105e+01
-3.412939002171138014e+01
-3.517719153341696270e-01
4.995119064419226618e+01
7.909118684084471340e+01
8.476650899231539427e+01
8.864235221856290536e+01
8.122953341962012530e+01
6.081621029143384050e+01
2.779049565467495952e+01
-2.525472552522730751e+01
-9.977760321277506250e+01
-1.272332129746964000e+02
-1.034593413802237052e+02
-6.312393294295670643e+01
1.175435142143239098e+01
4.957819022990661040e+01
4.369225696319722374e+01
4.397274734070101943e+01
3.248497783642832104e+01
1.784983379926613978e+01
4.421804473652890977e+00
-2.651742482717920169e+01
-7.281585836975010295e+01
-8.464554542013715377e+01
-6.070485424308562017e+01
-2.364428052972917982e+01
3.903455378239629425e+01
7.744075631166691664e+01
8.726829882064070887e+01
1.031491741857022362e+02
1.127610199200138510e+02
9.507985464527872921e+01
5.043814912803008355e+01
-2.132886554745837415e+01
-1.265175368042252728e+02
-1.701539096814460947e+02
-1.460841512303905461e+02
-1.058389410177073273e+02
-2.483975205832669531e+01
2.274794640077363539e+01
2.912472571320520132e+01
5.089343044830602025e+01
6.974174305880821123e+01
7.583716743942044047e+01
7.325516165026934345e+01
5.220264277371577322e+01
1.039326384223366162e+01
-1.322246143089210335e+01
-1.850107185087031780e+01
-2.686827187834314046e+01
-2.961800299525354774e+01
-3.326610571537597849e+01
-3.952626828231938561e+01
-3.840828228072442130e+01
-3.128996145359360881e+01
-2.167056007789722116e+01
-7.970298468314103602e+00
1.095790882063394633e+01
3.508738918893023140e+01
4.823532703425063772e+01
4.911548639575882902e+01
4.571758226598358021e+01
3.358610827968050927e+01
2.028639401507782836e+01
6.239857064450163193e+00
-1.628801329702002931e+01
-4.593409099069020840e+01
-5.778548933500102436e+01
-5.065241816365121252e+01
-3.563224289035806436e+01
-6.132021097763638018e+00
1.060405959983879853e+01
1.247119365028722093e+01
1.838444759181114563e+01
2.174520427938817235e+01
2.255179086350494089e+01
2.225393448813753494e+01
1.559149675625621612e+01
2.545864345801849282e+00
-4.929343619380735397e+00
-7.024358836529602357e+00
