1.566656231681452311e+02
1.071961387499356420e+02
5.635859294279417497e+01
5.524893534045960841e+00
-6.898148696979684757e+01
-1.619257797933909444e+02
-2.112010143450546593e+02
-2.140125991033233106e+02
-1.964889498961067318e+02
-1.420492280358057826e+02
-9.314996229335064015e+01
-5.191128804397898477e+01
1.726919100161266840e+01
1.056905671353367353e+02
1.574216205607685310e+02
1.716401811233902492e+02
1.691708384264167080e+02
1.355860694122119128e+02
1.128539350651486615e+02
1.028741585370895706e+02
7.235163049160391324e+01
3.006096526037301331e+01
2.130101520717627039e+00
-1.300685102645540248e+01
-2.187758636338955398e+01
-1.830841710604406458e+01
-2.631167508036388725e+01
-4.674251393545363698e+01
-6.254778767548343410e+01
-7.891703531670255245e+01
-8.650458578700310852e+01
-8.256015519707754891e+01
-7.513420749086277795e+01
-6.110186949682078961e+01
-4.143211146810206458e+01
-1.657598995672632114e+01
1.686579717487581576e+01
5.885761289883858893e+01
8.215805763638682890e+01
8.487636462019767691e+01
8.009755833957716220e+01
6.044086753827096459e+01
4.267268805259708131e+01
2.789576734797563162e+01
1.342227441990740289e+00
-3.351167270990866598e+01
-5.432033448040331081e+01
-6.089620733343068082e+01
-6.158762665342877085e+01
-5.071382301514484681e+01
-4.511549616496329662e+01
-4.562120049088138529e+01
-3.901978777004500643e+01
-2.889043210152013330e+01
-2.268545245911328934e+01
-1.954252418282286285e+01
-1.835912280417496945e+01
-2.078672406175248000e+01
-1.906108514029745393e+01
-1.297572735230988528e+01
-7.726647035733178903e+00
-1.627184123046610864e+00
6.291714358280273700e+00
1.564255004258672344e+01
2.720446392124376445e+01
4.118628507859654775e+01
5.571657686270542342e+01
7.092271915888777301e+01
8.795450289016103795e+01
1.064871542580287382e+02
1.103352348839443380e+02
9.797617088871319879e+01
7.679000911443587540e+01
4.210924884863586470e+01
3.620322528658863170e+00
-3.833995837557750264e+01
-9.286897524606499132e+01
-1.582064209813950981e+02
-1.874640577166246374e+02
-1.773501122866165076e+02
-1.489875807332588238e+02
-8.942911320504109085e+01
-2.840611106475812875e+01
3.262687721764332593e+01
1.199775031789790773e+02
2.277729967995997242e+02
2.836718011604878598e+02
2.841968387035462911e+02
2.598867504124356742e+02
1.913228451097843958e+02
1.276038402954555693e+02
7.112175292386204717e+01
-1.957424945670815220e+01
-1.344960280398925079e+02
-2.068914869325001860e+02
-2.357198535085972821e+02
-2.461661200332983697e+02
-2.210298937968332780e+02
-2.102264344517402890e+02
-2.161060869455718603e+02
-1.990691183153114991e+02
-1.696017111347084949e+02
-1.399756868532648468e+02
-1.064258855990091632e+02
-7.005142685379536260e+01
-3.274555040756440860e+01
2.321022939498700310e+01
9.842456145256907973e+01
1.830064890939689235e+02
2.811721716610672956e+02
3.327990547579411214e+02
3.313545050587480887e+02
3.084719162953182945e+02
2.469969963954600018e+02
1.794507467286200892e+02
1.079770568103289321e+02
1.038010754529688384e+00
-1.350492065324015698e+02
-2.109711823285165337e+02
-2.226870470894159268e+02
-2.087669483185207184e+02
-1.455122960247556705e+02
-9.336136597668316028e+01
-5.566119932126418490e+01
1.819654591038197111e+01
1.156351050525384068e+02
1.593479417777042784e+02
1.482584268011508470e+02
1.106406019006097665e+02
2.650950205648718949e+01
-4.605267922183140428e+01
-1.045775394951680539e+02
-1.952298353449030799e+02
-3.059671425708277752e+02
-3.579256618035857969e+02
-3.489661699100129226e+02
-3.082400914355602595e+02
-2.148341401471241454e+02
-1.266022164250082511e+02
-4.565720497502196906e+01
7.519273150935489980e+01
2.243204440981735956e+02
3.148462103568089105e+02
3.443472532720483628e+02
3.464057598549067052e+02
2.981715377137441578e+02
2.629668762314394712e+02
2.435936766140850693e+02
1.886649325812047095e+02
1.112150196450398312e+02
5.274711877222538448e+01
1.066988207929826515e+01
-2.624564304164214334e+01
-4.838220416507802923e+01
-9.380660687319077340e+01
-1.642236550452454367e+02
-2.329366682091172152e+02
-3.084143301551383161e+02
-3.358779309341458656e+02
-3.071027029461016582e+02
-2.539180492210189470e+02
-1.599205963037095728e+02
-5.000077591410720856e+01
7.407748623859443171e+01
2.397180901576046494e+02
4.425026654342672146e+02
5.441846151611989626e+02
5.356261745627040227e+02
4.799244196175170600e+02
3.393484927077540760e+02
2.016956028601217952e+02
7.177694232347670322e+01
-1.273109306328009040e+02
-3.778276548555346608e+02
-5.173703929121097644e+02
-5.404730727902599483e+02
-5.127149625601408616e+02
-3.913204620793848107e+02
-2.911033904956275933e+02
-2.176443543774710747e+02
-7.669520985950052250e+01
1.079977141970356058e+02
2.156999271585444546e+02
2.466428198938614571e+02
2.423736450700053808e+02
1.723141090701129770e+02
1.315999155030059740e+02
1.242581447996309976e+02
7.683532860852480439e+01
9.368928293850656175e+00
-2.972124801313447406e+01
-4.445899828766928863e+01
-4.419087809860259597e+01
-1.765896561335621939e+01
-1.233437100724352042e+01
-2.949160661927946592e+01
-3.617119355455579210e+01
-4.251641764702893056e+01
-4.815522417443245473e+01
-4.964010123557371656e+01
-5.432026085161790974e+01
-6.134808179995636124e+01
-6.228719019139766999e+01
-5.769038958777788650e+01
-5.092208827528818915e+01
-4.023649209534161031e+01
-2.327543124477669778e+01
2.295705145392367141e-01
3.059107857818197829e+01
6.873671515916713304e+01
1.123428258800850443e+02
1.617993851978961573e+02
2.193441425044009350e+02
2.848201865374742283e+02
3.089064998464628502e+02
2.870830595807143482e+02
2.426107387208158173e+02
1.614525198810362099e+02
7.297994571123217611e+01
-2.146727121790223336e+01
-1.492003046263643569e+02
-3.046663231309389630e+02
-3.894829812986946536e+02
-3.979622627774612056e+02
-3.733414412723619762e+02
-2.889520883980211465e+02
-2.094614322483523097e+02
-1.381924683663689848e+02
-1.952169843834223428e+01
1.334534404235281215e+02
2.235352632778161706e+02
2.487117969205579016e+02
2.466692301002804584e+02
1.922498452271140934e+02
1.568733145124841712e+02
1.440299928476699165e+02
9.657022326640628762e+01
2.949494687898084067e+01
-1.652763375364334308e+01
-4.463932621815372670e+01
-6.411710137254881658e+01
-6.560067755267721168e+01
-8.779693512813584277e+01
-1.321004514685537288e+02
-1.716371531645711741e+02
-2.148720446371447963e+02
-2.294822981714378329e+02
-2.094883940916961080e+02
-1.761367518798013805e+02
-1.195192075413718982e+02
-5.139973526083640820e+01
2.697216981992023221e+01
1.305259735556499265e+02
2.572389717916963150e+02
3.241051835401140693e+02
3.255608182480190749e+02
2.999594829747570657e+02
2.246799929898005530e+02
1.519558463848523502e+02
8.477318900696963055e+01
-2.272798330268702927e+01
-1.599417940358428325e+02
-2.361828499082592714e+02
-2.488050530277901942e+02
-2.339835866268812197e+02
-1.679863839524321634e+02
-1.156675868138104875e+02
-8.020148339007054972e+01
-8.801951663818121219e+00
8.503878238356193719e+01
1.378331985068235781e+02
1.500242881983729148e+02
1.427213587399213566e+02
9.990603444986398074e+01
7.237134324923567874e+01
6.215618743930547652e+01
3.030324872485660137e+01
-1.251199807534148434e+01
-3.844500767747916115e+01
-4.938403456828321936e+01
-5.126085445284466147e+01
-3.745494404017202328e+01
-3.442038619706181635e+01
-4.285635578625820585e+01
-4.403554335668870579e+01
-4.355113550742704120e+01
-4.359663814530442494e+01
-4.236255348461480708e+01
-4.270192795820661757e+01
-4.474949559219861328e+01
-4.223644411634182916e+01
-3.531207280208320753e+01
-2.712249825101670098e+01
-1.632302521822574448e+01
-1.153334179752409483e+01
-1.376385546357288803e+01
-1.792219366520076562e+01
-2.641845545801626116e+01
-3.513686113891926510e+01
-4.364519574256161150e+01
-5.608885102292813940e+01
-7.160343142562631158e+01
-6.343038444926575892e+01
-2.946629568911091468e+01
1.826611922695990842e+01
8.728082723009555366e+01
1.611547723362455145e+02
2.392045230054767728e+02
3.363782273466332526e+02
4.495598462547383747e+02
4.948456407196934492e+02
4.659871313969697439e+02
4.006193847814723199e+02
2.753544290903766978e+02
1.427763134405208802e+02
5.236726922159109954e+00
-1.843912522434758898e+02
-4.159308650536495975e+02
-5.534699196826273919e+02
-5.903366502782414500e+02
-5.846309998361507496e+02
-4.999046527261568826e+02
-4.280602202630057604e+02
-3.737735096998023323e+02
-2.594436736588217514e+02
-1.038736027441323841e+02
2.914298943347191084e-01
5.436162060485609260e+01
9.022323360346753418e+01
8.503187121538579163e+01
1.135646395403708624e+02
1.795014175105634138e+02
2.265672443486666339e+02
2.710101503777117955e+02
2.954029477463374747e+02
2.915895164595599454e+02
2.790268353273605157e+02
2.509209176042872969e+02
2.029180327806994057e+02
1.357822914421304574e+02
4.501029381946023733e+01
-7.096047475738905064e+01
-1.416835230835089590e+02
-1.620279575486839292e+02
-1.671915601191158771e+02
-1.381660220174713629e+02
-1.175009494487650130e+02
-1.083802145260209784e+02
-7.322706147709763513e+01
-2.106032466896279587e+01
7.084944122419156720e+00
1.224387607945514489e+01
7.994522801516010801e+00
-1.560999785237342863e+01
-2.509959074911576948e+01
-1.884270772049872988e+01
-2.172432109283892387e+01
-2.643666794628036953e+01
-2.617573909762395701e+01
-2.298437190463202739e+01
-1.489994839659021331e+01
-6.392665766568328412e-01
9.633914183780316165e+00
1.606228114943857577e+01
2.475324632866976771e+01
3.362253391325239704e+01
4.180037194304721027e+01
4.972963290502708844e+01
5.632464550579270224e+01
6.138619206507507187e+01
6.715822892333494565e+01
7.347369519641598856e+01
7.898695174839814115e+01
8.408500365263606113e+01
8.442927380399412129e+01
7.940845435669518793e+01
7.127149372670618277e+01
5.870104040700471870e+01
4.367172694079560813e+01
2.623871548937460929e+01
4.178625389970832771e+00
-2.221218739235843387e+01
-4.934024362518718476e+01
-7.728828385846345839e+01
-1.076998791394064341e+02
-1.397689449617551816e+02
-1.763447146078235050e+02
-2.177259420335836069e+02
-2.619080661719611953e+02
-3.096179446032237479e+02
-3.206874127174019691e+02
-2.908474438707751801e+02
-2.394757963956180618e+02
-1.548890931909306516e+02
-5.973812537520458221e+01
4.506539480725159308e+01
1.815061744209472749e+02
3.455057091190027450e+02
4.394398468958113426e+02
4.570638307924323840e+02
4.422736181707012975e+02
3.684317233586370435e+02
2.984360093116831649e+02
2.356043015648762662e+02
1.251638320483994704e+02
-2.019864395820130909e+01
-1.096935903438946980e+02
-1.419642672677189807e+02
-1.520514406076154899e+02
-1.167166825531620873e+02
-1.035453664833921437e+02
-1.160152883074772916e+02
-1.007082171254756986e+02
-7.201387641780972615e+01
-6.032282328710164165e+01
-6.213372508694926211e+01
-7.279807955047047585e+01
-9.903411909295810744e+01
-1.093421128311137522e+02
-1.028453151731624047e+02
-1.006195333616236240e+02
-9.580004313025033014e+01
-8.631158835169995314e+01
-7.390177686778119437e+01
-5.450911743043119628e+01
-2.781389716509029952e+01
-3.087817038166633665e-01
2.858008643441679908e+01
6.249558791655702095e+01
1.003319651809481456e+02
1.234765755189033456e+02
1.304320251707833336e+02
1.292558758305498827e+02
1.146473978415895658e+02
9.867874026143806532e+01
8.176248928696638529e+01
5.306403764758987052e+01
1.484872064292114757e+01
-1.367114555829487088e+01
-3.224869252877301307e+01
-4.872509871991371710e+01
-5.826888737900039672e+01
-7.524272952141434700e+01
-1.005593864193646283e+02
-1.230519645894323730e+02
-1.459014793280430808e+02
-1.458257906406790028e+02
-1.191497155253937592e+02
-7.898485867433781493e+01
-1.819494415428737000e+01
5.264611765189932413e+01
1.330081585774162534e+02
2.348156279171788867e+02
3.563533525576989405e+02
4.105055741413758028e+02
3.906503461796571059e+02
3.371253226986780760e+02
2.257704249416342464e+02
1.104677130394898654e+02
-5.996343205875484195e+00
-1.719260032082832481e+02
-3.766888426011946649e+02
-4.877226412912569344e+02
-4.987510904564506404e+02
-4.658728872259801506e+02
-3.535787620847288508e+02
-2.518673420690970488e+02
-1.652103938877340568e+02
-1.776055328329351468e+01
1.721064912217488256e+02
2.783829280650524538e+02
2.987056664073211323e+02
2.808336740646214480e+02
1.921149619166232583e+02
1.259860557442148803e+02
8.674094233332145620e+01
-2.566162404369674022e-01
-1.155110869781284180e+02
-1.729674489746033714e+02
-1.734044990715167671e+02
-1.444936094679473513e+02
-6.447171848210884093e+01
-2.953186968704966553e+00
3.750450760235965930e+01
1.102214578603944233e+02
2.006852510823094349e+02
2.421035884093737138e+02
2.341757272482182657e+02
1.985827087199363064e+02
1.179661333112498340e+02
4.514093810855268885e+01
-1.828382214077321066e+01
-1.137970233046668795e+02
-2.307229434465697580e+02
-2.884923571602404309e+02
-2.842968192889372858e+02
-2.491471763246017019e+02
-1.615239506157862763e+02
-7.943119785018622281e+01
-5.142748848966810726e+00
1.091585428464508851e+02
2.518038303769617983e+02
3.262612680968595100e+02
3.292589328090126060e+02
2.989006071530790791e+02
2.096056060483412011e+02
1.303681547114396437e+02
6.424699644601155057e+01
-4.543291425364287761e+01
-1.845683116130997519e+02
-2.647019816763198037e+02
-2.844553258437924228e+02
-2.764794586639174554e+02
-2.178671210619627061e+02
-1.751754949815065174e+02
-1.512935541852294534e+02
-9.332162681347276134e+01
-1.509357172991609630e+01
3.355600609609336971e+01
5.432557046966483938e+01
6.162278408755679493e+01
4.327264033947422206e+01
4.232330946531507010e+01
6.038486687824787680e+01
6.579559539920856537e+01
6.773988210830556511e+01
7.156214027099034070e+01
7.423613459139922099e+01
7.959082729220951080e+01
8.821722627445798537e+01
8.872331107985847609e+01
8.120927369184495603e+01
7.164570049925418971e+01
5.753333815575155086e+01
4.483917978665370896e+01
3.443277430545091278e+01
2.153265330289328716e+01
7.702766100796734960e+00
-9.014953457450268104e+00
-2.923240846779342306e+01
-5.076012233753529301e+01
-7.419947424690251125e+01
-8.882622061669496816e+01
-9.329296942344836907e+01
-9.310483668694338633e+01
-8.507699832594992984e+01
-7.507432604449269320e+01
-6.336759061468240617e+01
-4.410555954923963640e+01
-1.834036142195849806e+01
-7.609361666785861011e-01
8.150891034335280949e+00
1.483211108978291293e+01
1.549838820093106229e+01
2.042701401915122261e+01
3.030244142251028805e+01
3.682011874238507687e+01
4.222673237332625007e+01
4.412626365784097260e+01
4.125354909668320857e+01
3.625194288442079937e+01
2.810266537000176612e+01
1.607973795148985729e+01
2.112765041767791230e-01
-2.019022180722423343e+01
-4.543015914610964501e+01
-6.079231388334224562e+01
-6.512781746423978291e+01
-6.575452757175283125e+01
-5.865312810829340862e+01
-5.267563388469071128e+01
-4.844238136538598383e+01
-3.804611656886824278e+01
-2.332691778696187512e+01
-6.432048490125607643e+00
1.355932387005845285e+01
3.654717055628821498e+01
6.235891989226983156e+01
9.438626342789619628e+01
1.328941664711279032e+02
1.762586156435000078e+02
2.254077969968102479e+02
2.422907461017851460e+02
2.230764660835340862e+02
1.864297909339721286e+02
1.214474182678197849e+02
4.981250131324868136e+01
-2.739793947429196308e+01
-1.308451884980651982e+02
-2.564560055634799483e+02
-3.274751947422727767e+02
-3.394299382136767917e+02
-3.262513126913175370e+02
-2.671456255936496405e+02
-2.123877695231157645e+02
-1.646131910341717628e+02
-8.054386107861022026e+01
2.961437783151770020e+01
9.534967052026715351e+01
1.156118442071258698e+02
1.173060510794615681e+02
8.233808375402887236e+01
6.331129282094983068e+01
6.282541788567503716e+01
3.924499432787668241e+01
3.702428667611379343e+00
-5.434864920348633888e+00
1.056254480519411487e+01
4.109422351143297902e+01
9.562759020103824525e+01
1.411000492192245019e+02
1.764736358311513982e+02
2.262702726483661024e+02
2.835757119053552060e+02
3.035476169426107731e+02
2.844633021951365208e+02
2.426479269379930770e+02
1.658924704592653825e+02
8.653868854459946647e+01
5.456166139980158647e+00
-1.044214604149176324e+02
-2.368663582418651572e+02
-3.226419324809012323e+02
-3.586281056368191003e+02
-3.737232662709515694e+02
-3.493988384623155525e+02
-3.335122794561804085e+02
-3.283914485782214001e+02
-2.940169485755878895e+02
-2.401801464384321037e+02
-1.916006031676338068e+02
-1.452792979986097066e+02
-9.564194937279069109e+01
-4.779440846107695506e+01
2.364207223838052130e+01
1.200705832591694673e+02
2.251507297273938377e+02
3.448906435422211416e+02
4.131912628901837365e+02
4.221527632125847731e+02
4.074879966882336362e+02
3.500874351856299995e+02
2.844553041900642256e+02
2.129068514582796183e+02
1.010652508871940682e+02
-4.447997435970756896e+01
-1.341079035492535638e+02
-1.643797916079567187e+02
-1.740655819530212227e+02
-1.397318053416506132e+02
-1.229926694002854362e+02
-1.275512503727339890e+02
-1.026924137974780393e+02
-6.152731191555427870e+01
-3.974700923958135235e+01
-3.443576877454910345e+01
-3.743149304488562024e+01
-5.685396528528816873e+01
-5.887383225252027330e+01
-4.221445427009352613e+01
-3.025457686669081170e+01
-1.554891176536344055e+01
-3.026485846344129094e+00
4.547125362719551589e+00
1.492053526827237597e+01
2.627275268897236060e+01
3.565133477579171739e+01
4.376190453883176446e+01
5.047940133811975016e+01
5.528077145095632972e+01
5.452679541632294757e+01
4.754191795461671433e+01
3.554505726006890853e+01
1.723066853800667531e+01
-5.175942769911578978e+00
-3.187919998786873421e+01
-6.536281138593972173e+01
-1.054343511923411256e+02
-1.255402843982818268e+02
-1.235443378575199773e+02
-1.120251987484871421e+02
-8.359585304544110329e+01
-5.457328401518376637e+01
-2.585697981675446400e+01
1.723496564436659639e+01
7.145982288759229561e+01
1.063247349702153173e+02
1.209219461046835846e+02
1.276999987934117087e+02
1.187129254397704585e+02
1.156701862180240141e+02
1.197275109888431928e+02
1.132565476970322464e+02
1.008310343191024003e+02
8.808654674235611992e+01
7.331597725513827868e+01
5.684084044971528726e+01
3.951310875245011545e+01
1.337066204839238459e+01
-2.190841112649036404e+01
-6.190508916584428079e+01
-1.085441708207395379e+02
-1.387209381974725773e+02
-1.499291965325489002e+02
-1.546023730884687666e+02
-1.461931212511346416e+02
-1.371342142128462456e+02
-1.283464265952745507e+02
-1.078311555095296654e+02
-7.806765654784166486e+01
-5.383911953826022767e+01
-3.475512404364863528e+01
-1.522010358323580093e+01
1.300360150546359117e+00
2.671290761982854534e+01
6.185540470010739966e+01
9.807001435070284856e+01
1.381266339461036807e+02
1.597170464370908007e+02
1.597327779211361758e+02
1.506997712746280342e+02
1.259991836339063269e+02
9.649733531584931256e+01
6.291125446417117928e+01
1.379343170768538940e+01
-4.887940349515034910e+01
-8.547407978595664702e+01
-9.396444018153711397e+01
-9.209461612918184414e+01
-6.931808771375359868e+01
-5.189434465412145414e+01
-4.139949030374573624e+01
-1.564802106771815637e+01
1.985791769971085685e+01
3.601789776577713553e+01
3.285427010855043761e+01
2.051579784896826908e+01
-8.362765020378732927e+00
-3.112392972901945498e+01
-4.678602432942061995e+01
-7.290750154991542331e+01
-1.047138410644587907e+02
-1.181401865303741943e+02
-1.128705631068711313e+02
-9.699112048737016778e+01
-6.417848074588245311e+01
-3.292135178777347448e+01
-3.771906764770600606e+00
3.804475526262517349e+01
8.883495467505618137e+01
1.223291084189495450e+02
1.378390603014283897e+02
1.454031994911635479e+02
1.381176015258371592e+02
1.353189820389899864e+02
1.378466384757527692e+02
1.300719594139475532e+02
1.159758678637411435e+02
1.019833845807948904e+02
8.667740080945014824e+01
6.955619192396918038e+01
5.174674468969353569e+01
2.521717016257810329e+01
-1.042254722905098419e+01
-5.046861667569738330e+01
-9.686230312632913808e+01
-1.321776657078023050e+02
-1.544256138164289780e+02
-1.733768233786352937e+02
-1.840997798013471822e+02
-1.957055487305320582e+02
-2.089708169508274125e+02
-2.150145940840152434e+02
-2.156966655622918552e+02
-2.030524028023782819e+02
-1.748652106273662241e+02
-1.358764010334303691e+02
-8.315940377777383219e+01
-1.879132808076785466e+01
5.745405491454234692e+01
1.496327872870607507e+02
2.578428935941467444e+02
3.199564900023131599e+02
3.307836490658427238e+02
3.200865489360743936e+02
2.705316783372766736e+02
2.196336006985417271e+02
1.694844337457041377e+02
8.599610555092807829e+01
-2.341259174243885965e+01
-9.209838828914776343e+01
-1.184439037896368490e+02
-1.295349651438217506e+02
-1.081867185292906726e+02
-1.024785096018963628e+02
-1.150876799340637149e+02
-1.074494578512865530e+02
-8.982836165351275781e+01
-7.655143625560302212e+01
-6.424423873590791345e+01
-5.299896026991997644e+01
-4.539481226977869710e+01
-2.309289471238211888e+01
1.445277668143815042e+01
5.634752564100232064e+01
1.068110749994309288e+02
1.337013070853212753e+02
1.330830266326231595e+02
1.233629582623160559e+02
9.536203794166173964e+01
6.511510494371343327e+01
3.402392678287680639e+01
-1.402259112833156962e+01
-7.580400361776560203e+01
-1.118361450597774365e+02
-1.206765993432303503e+02
-1.191086719881150202e+02
-9.680449065424687660e+01
-8.093114753482558399e+01
-7.303998302301545209e+01
-5.074474357906779431e+01
-1.977764192487922301e+01
5.560513412204786121e-01
1.121319904295821956e+01
1.753479753069160907e+01
1.493297791903457217e+01
2.045251328353722542e+01
3.477465727623059166e+01
4.563054398004373979e+01
5.671989169176838175e+01
6.317008023131953109e+01
6.317666716037562225e+01
6.164003373165679989e+01
5.683772066845291704e+01
4.843372197767968856e+01
3.670378290262974019e+01
2.019195653207859209e+01
-1.267915392262649821e+00
-1.461371346026549922e+01
-1.899175143715826408e+01
-2.084961889025612791e+01
-1.670473382554336439e+01
-1.457176960310728653e+01
-1.506025435847117144e+01
-1.119923009315227702e+01
-4.708603488711811558e+00
-4.947467303810569206e+00
-1.193112974365167034e+01
-2.238122606765035982e+01
-3.867558500378866171e+01
-5.364094772899499475e+01
-6.697546519691303502e+01
-8.428555210417850674e+01
-1.040717229538890507e+02
-1.116406776657270683e+02
-1.061848412217077851e+02
-9.359301362935561031e+01
-6.981684460316162699e+01
-4.478962847519916579e+01
-1.884095266189422091e+01
1.661179987904589694e+01
5.966167284114421676e+01
9.234021283318841711e+01
1.141045839114880067e+02
1.323225072496954340e+02
1.423106542334943470e+02
1.569624779927548559e+02
1.769774740162156661e+02
1.919225933321899902e+02
2.045271077317925403e+02
1.991927954338283371e+02
1.729739522531569662e+02
1.349388405563788353e+02
8.008741092483668922e+01
1.456036933687359358e+01
-6.145162532609662520e+01
-1.557967266978061502e+02
-2.676801068033416868e+02
-3.310392620176618266e+02
-3.408154486251585240e+02
-3.280464380760303698e+02
-2.744591776896641591e+02
-2.207747031371202979e+02
-1.692434663624752318e+02
-8.341108832846040855e+01
2.859995169926171954e+01
9.553891002608418148e+01
1.155698391330994355e+02
1.174324542555528126e+02
8.266163178302988968e+01
6.256264232105331047e+01
5.986894756989541833e+01
3.323965777178993619e+01
-6.467712644049897541e+00
-1.532922009253136508e+01
5.888577304854406336e+00
4.374104672584894615e+01
1.092375731550457800e+02
1.662170995557363256e+02
2.134268832276150647e+02
2.782899739664720187e+02
3.532693290445770913e+02
3.805032567822600527e+02
3.573783389657642715e+02
3.059621200294325831e+02
2.104449942933760269e+02
1.114447487048475409e+02
1.020041729573675582e+01
-1.276879551468530707e+02
-2.943789362231039490e+02
-4.006096961362990214e+02
-4.423203426213297575e+02
-4.568904480386283922e+02
-4.204321103308444663e+02
-3.944443626129422000e+02
-3.819403487626537412e+02
-3.314293712836813484e+02
-2.554960238610584327e+02
-1.922943177207803842e+02
-1.386122519378126583e+02
-8.429838219698167734e+01
-3.776597090514523103e+01
3.726551049042095087e+01
1.427297322651042180e+02
2.541023284163994731e+02
3.797600247316225932e+02
4.489050364506355777e+02
4.522316556570752937e+02
4.292995443163914615e+02
3.593831679949827844e+02
2.775916473309475805e+02
1.863960962253363220e+02
4.957188555124707818e+01
-1.262972839759884351e+02
-2.329830295917807632e+02
-2.656462071814484602e+02
-2.719908645056699470e+02
-2.234809329768918076e+02
-1.930881319452003595e+02
-1.852181037728283286e+02
-1.390222183258678967e+02
-6.992300470163425530e+01
-1.999008101207574484e+01
1.452999456428100622e+01
4.343686073685360327e+01
5.736004989228647588e+01
9.663283259772136091e+01
1.629862502236141779e+02
2.289621133822849686e+02
3.036133158987997831e+02
3.349837824501765908e+02
3.152599020460305610e+02
2.755158391661395285e+02
2.003242659969522776e+02
1.129303029675768926e+02
1.529208348341580148e+01
-1.181416529554457640e+02
-2.830680769467765572e+02
-3.798821463780597583e+02
-4.029603908285696434e+02
-3.971740938385904087e+02
-3.357740766770438086e+02
-2.835703178369900570e+02
-2.443161453779808596e+02
-1.624707526352057698e+02
-5.142188169250972862e+01
2.063175728723827262e+01
5.445451834907247957e+01
7.375541591717893652e+01
6.164915798002418512e+01
7.250930559986065305e+01
1.089934923436444478e+02
1.299075045143917464e+02
1.470147571227875574e+02
1.586098411470239284e+02
1.597838554460378759e+02
1.594586703788345403e+02
1.558152686000501603e+02
1.392568063855429159e+02
1.100368960562854141e+02
7.090255346278208037e+01
1.950332736800086053e+01
-1.534380606153985482e+01
-3.123036160321738919e+01
-4.387219733363016871e+01
-4.553150580295549332e+01
-5.247960600246555884e+01
-6.627941001566745172e+01
-7.226000261372661271e+01
-7.401466101247164886e+01
-7.526883439913572715e+01
-7.440860153273284538e+01
-7.202173036359128844e+01
-6.845940493720001996e+01
-5.792978761874204707e+01
-4.012777455751288613e+01
-1.794182189121204019e+01
1.011458767789096491e+01
2.804109670296107026e+01
3.424171725157056301e+01
3.754134093884660217e+01
3.351459495944915545e+01
3.097478855112711571e+01
3.070919692640035592e+01
2.449373826715637747e+01
1.420154530413280902e+01
8.696540313606956119e+00
7.686832850561259534e+00
8.157472975962718920e+00
1.220623408368138563e+01
1.258366547149574721e+01
8.880169460306811757e+00
6.398051760611036087e+00
3.510799553970950893e+00
1.051613659135622436e+00
-3.516936228350838189e-01
-2.275092257140632679e+00
-4.363647864161316114e+00
-5.831753282567500918e+00
-6.809665215348567280e+00
-7.363859484864351934e+00
-7.338593450504482973e+00
-7.633153678333367331e+00
-8.275933847364392193e+00
