-7.825766008410012375e+01
-3.735861248595754347e+01
1.719991498011845721e+01
8.663265203463832620e+01
1.598378591818308792e+02
2.404124807033101092e+02
2.946783539695322247e+02
3.181596175493452847e+02
3.293667829699182334e+02
3.183632392633849690e+02
3.020973477799435045e+02
2.816371181875268235e+02
2.394943087321134954e+02
1.787788704665699129e+02
1.281164920374751262e+02
8.736692503626591133e+01
4.444043262807633710e+01
6.191915322304748059e+00
-4.920594532159042700e+01
-1.234907608571276825e+02
-2.003685132768812309e+02
-2.849654280454041668e+02
-3.395950728449332701e+02
-3.588076045951438005e+02
-3.640992957592542894e+02
-3.442304540505626846e+02
-3.172538213204583712e+02
-2.844012981789384185e+02
-2.264199697446441633e+02
-1.465817159320220924e+02
-7.841538107198175567e+01
-2.188989193591526927e+01
3.740874868636868200e+01
9.141867533724575878e+01
1.653605992825978319e+02
2.612805273232253285e+02
3.602281891905136035e+02
4.681294114627751242e+02
5.385583472796586193e+02
5.648901135808307572e+02
5.733021368238725017e+02
5.499497171423253121e+02
5.173121167968844247e+02
4.768512568727239227e+02
4.047128679950951096e+02
3.049492446434334738e+02
2.184759443243450789e+02
1.451861330143588873e+02
6.749997397364958829e+01
-4.780129459547760362e+00
-1.025863095661348723e+02
-2.284520204093441578e+02
-3.592316600386506025e+02
-5.022205639426406378e+02
-6.005928879238782656e+02
-6.462789821674215318e+02
-6.713807269882095170e+02
-6.589825869389967465e+02
-6.366606342982604474e+02
-6.062467583390847494e+02
-5.385650933979891306e+02
-4.386207756723032958e+02
-3.565377998515168088e+02
-2.922236649777075286e+02
-2.242028361806001442e+02
-1.645138669067088983e+02
-7.533003919690250427e+01
4.640942202434634822e+01
1.723311427553948931e+02
3.113257961312241946e+02
4.072999415809533161e+02
4.517258262762055097e+02
4.775464533008793637e+02
4.679505913108981190e+02
4.489261990652786380e+02
4.224162472108472457e+02
3.601385715761203983e+02
2.668126100009437778e+02
1.940729933810583248e+02
1.420757730298118418e+02
8.845983956026474004e+01
4.572529744409356312e+01
-2.449573074549773111e+01
-1.252936633862258731e+02
-2.275938478713575535e+02
-3.403623714896680781e+02
-4.137295594341683227e+02
-4.396557813490834405e+02
-4.481681034954988263e+02
-4.241842458470164843e+02
-3.898803029653671501e+02
-3.469968094733718544e+02
-2.706863218530713766e+02
-1.649157694565227814e+02
-7.706993552238543543e+01
-7.393183565491691311e+00
6.490275874701811176e+01
1.283332234476548592e+02
2.178289854552259897e+02
3.362602005288662212e+02
4.570791282910830660e+02
5.884681255155772988e+02
6.736752671929871212e+02
7.042047970885517998e+02
7.127206204647908407e+02
6.821835841959883737e+02
6.392883859359347980e+02
5.858438699044045279e+02
4.929444718319891194e+02
3.653568875671091405e+02
2.544910927721458904e+02
1.603257871340525469e+02
6.054615622434465649e+01
-3.250497457035872628e+01
-1.574032976394289847e+02
-3.173454850685646420e+02
-4.833657113065156636e+02
-6.645674412444215022e+02
-7.866524071225595662e+02
-8.391802974848852728e+02
-8.637879030229387354e+02
-8.383671098664133297e+02
-7.992531981328355641e+02
-7.487858932715836318e+02
-6.486707464428652656e+02
-5.054841012107762026e+02
-3.842962653644910915e+02
-2.849127465784548576e+02
-1.794780985609853587e+02
-8.358424744751820867e+01
5.204455519530235108e+01
2.314167033998369050e+02
4.176710074739153242e+02
6.224156285425709711e+02
7.635627383988384054e+02
8.291195761672041726e+02
8.662626355214293881e+02
8.504970099351230601e+02
8.209053463277831497e+02
7.802326722729393396e+02
6.866668374266669161e+02
5.473147508140353921e+02
4.359192963688102509e+02
3.525123623462189926e+02
2.653716870267226113e+02
1.922793973502098765e+02
7.797789063834019885e+01
-8.198294314960726581e+01
-2.459494641450854999e+02
-4.268670337012345612e+02
-5.552043276632657580e+02
-6.196986025256499033e+02
-6.625916842826775337e+02
-6.628836537540039444e+02
-6.513135023372229853e+02
-6.304089840425881448e+02
-5.656861258956920437e+02
-4.627006287733324257e+02
-3.879957431538681476e+02
-3.420248676646275499e+02
-2.956505620671033512e+02
-2.650688660829808327e+02
-2.014517619191873621e+02
-1.008513889336197309e+02
-5.495104506174275372e-01
1.108307370549818671e+02
1.934578966319971016e+02
2.394359473696462146e+02
2.758566200485705053e+02
2.903463808599759091e+02
2.974761313306052557e+02
2.989310329035067753e+02
2.761213716336737320e+02
2.316161684939136762e+02
2.088814059297734502e+02
2.087150255214670267e+02
2.114348527750557309e+02
2.277906815874031281e+02
2.271147199294221650e+02
2.068924697985757462e+02
1.911000304103665997e+02
1.726561515950568548e+02
1.540143655364658741e+02
1.380038210995549264e+02
1.183005702878318175e+02
9.623029187368977944e+01
7.580466164377942562e+01
5.654747045971865305e+01
3.773587325677699766e+01
2.021106966680515882e+01
-7.369899963724620306e+00
-4.591965333084880285e+01
-8.936786494926049329e+01
-1.407558786799671395e+02
-1.938054521546929152e+02
-2.479427602537949724e+02
-3.088880590503319468e+02
-3.752802485858584873e+02
-4.161112769916332468e+02
-4.289926418263570440e+02
-4.275616227384437025e+02
-4.030920136321625478e+02
-3.747934399276189765e+02
-3.433849301917771299e+02
-2.914071865394025735e+02
-2.224645995364973032e+02
-1.564906597476094987e+02
-9.272448546468757513e+01
-2.364166804209885697e+01
4.620440743008862228e+01
1.336379500723737692e+02
2.399411238700861873e+02
3.532574059541030920e+02
4.776113428212676695e+02
5.584621269624554998e+02
5.892215570942103113e+02
5.985455290088548281e+02
5.704997600730753220e+02
5.338905431019361458e+02
4.903367734254458128e+02
4.109993431820122964e+02
3.011870783100811764e+02
2.047179742589793534e+02
1.211083905811560584e+02
3.218395522297473832e+01
-5.165641224474681081e+01
-1.644725230398511542e+02
-3.089637952532015106e+02
-4.599965191659580910e+02
-6.256066566590402545e+02
-7.385497876189903081e+02
-7.895557684363008093e+02
-8.161924307819327851e+02
-7.985313818859488038e+02
-7.697079884309370073e+02
-7.318872976733928226e+02
-6.504030553432932038e+02
-5.313073740019797242e+02
-4.328674354924240220e+02
-3.549000329880489630e+02
-2.726085821650947878e+02
-1.999723056186173551e+02
-9.282780863311563735e+01
5.236760857148490800e+01
2.025494021201091925e+02
3.680898923878957021e+02
4.901539477764673052e+02
5.594818323460641523e+02
6.114187036156408794e+02
6.282815795371683407e+02
6.366080141271310140e+02
6.385410591060013985e+02
6.047482414275191331e+02
5.400691921625990517e+02
4.999396726167836960e+02
4.846898850911543377e+02
4.702090246483956548e+02
4.699890619708441477e+02
4.432150385283901528e+02
3.866271576675045480e+02
3.313615862579525242e+02
2.679264732702412175e+02
2.128334750301282838e+02
1.709597197865074918e+02
1.275280768546512462e+02
8.799788233708869711e+01
4.981388650268750240e+01
1.190259717964844732e+01
-1.948065925630841377e+01
-4.477047992137292454e+01
-8.818151849207880844e+01
-1.507473792521671498e+02
-2.209679294806892926e+02
-3.050668450253606352e+02
-3.873543695338775024e+02
-4.665841517067943869e+02
-5.557639503516849118e+02
-6.514034571883753415e+02
-7.081355180781962417e+02
-7.228941931538745393e+02
-7.144981501552150576e+02
-6.702390933600947847e+02
-6.192579963700794679e+02
-5.624484562328993889e+02
-4.737700093521798408e+02
-3.586482412204598518e+02
-2.445869593982678509e+02
-1.302421865031621451e+02
-5.455354088825444592e+00
1.236148180040937490e+02
2.808783616664983356e+02
4.681975442750139109e+02
6.690524162826696966e+02
8.892337588689204040e+02
1.035448000722675488e+03
1.096842898552443103e+03
1.121654841571629049e+03
1.082735045389654715e+03
1.030256411196231738e+03
9.669419230162492340e+02
8.431319732531239879e+02
6.681044971183893040e+02
5.154402176446767498e+02
3.841884660725359595e+02
2.440721235776798039e+02
1.125160262424599580e+02
-6.803317174900399777e+01
-3.021051543378012525e+02
-5.473613092549633166e+02
-8.173828081224596644e+02
-1.005247291650761326e+03
-1.096017289472218636e+03
-1.150054861999756213e+03
-1.135661673393074125e+03
-1.105031082360086884e+03
-1.061715467211882242e+03
-9.508628411924901229e+02
-7.820476453470607794e+02
-6.488235275906594097e+02
-5.510452364172793978e+02
-4.488642953383419467e+02
-3.648004495621099750e+02
-2.282781693318199814e+02
-3.368320260573403857e+01
1.659436912841094625e+02
3.871220832506525085e+02
5.444045486490762187e+02
6.237853483174725397e+02
6.776393638472497969e+02
6.801414661470973897e+02
6.686484618427648456e+02
6.463358399358360202e+02
5.710351912108827719e+02
4.495165658821420607e+02
3.641799203489337629e+02
3.156758932863048130e+02
2.678822460030723960e+02
2.408959545587771061e+02
1.744626852539233255e+02
6.373147499071536970e+01
-4.517145633779963987e+01
-1.662559966969459708e+02
-2.506888725144338821e+02
-2.887077835696189823e+02
-3.135409065120473997e+02
-3.099759308118139529e+02
-2.957305704905245989e+02
-2.728317139091697072e+02
-2.184950613969683673e+02
-1.358056149043499090e+02
-7.816101205212417824e+01
-4.651390600875192405e+01
-1.660326724883069716e+01
-1.607721208819135050e+00
3.618735370218628589e+01
9.991488354223545798e+01
1.601498401369707096e+02
2.256318855337553089e+02
2.708736898312823769e+02
2.901197883990855075e+02
3.017014966868469514e+02
2.974699814623817815e+02
2.854149407631014128e+02
2.665927157662903824e+02
2.294764022286803140e+02
1.753501292589904494e+02
1.343358737132501801e+02
1.070790978519099923e+02
7.954381417835820400e+01
5.916878257737784708e+01
2.498025470106515655e+01
-2.484876628185345027e+01
-7.388398128706894852e+01
-1.270216708465597009e+02
-1.677512391743960052e+02
-1.926360881919273993e+02
-2.130097107781105308e+02
-2.236687949753986970e+02
-2.304346616619525889e+02
-2.339625169276923486e+02
-2.265480554153806452e+02
-2.091668453952122775e+02
-2.004353767556819435e+02
-2.006935391983130614e+02
-2.013929702080385482e+02
-2.071188091691476814e+02
-2.047449453323661714e+02
-1.931511514441997974e+02
-1.825635841406817121e+02
-1.699218867421701020e+02
-1.566588944063864517e+02
-1.439959826830316842e+02
-1.290006629456800908e+02
-1.123291514403986326e+02
-9.542103944558442663e+01
-7.803169790110170823e+01
-6.005293635923680284e+01
-4.176842890004954256e+01
-1.796887367681077308e+01
1.176176766097608528e+01
4.472613405321455105e+01
8.233324912490139980e+01
1.216687578894049580e+02
1.624981870527645924e+02
2.074892172847818301e+02
2.560293615600807584e+02
2.892161150192185346e+02
3.054926199181990683e+02
3.133263501571473171e+02
3.073661705945679614e+02
2.991439915135665615e+02
2.891003851559823943e+02
2.666422245643507267e+02
2.339216795022271356e+02
2.034850457481288686e+02
1.748975857520258614e+02
1.433439385328999833e+02
1.117016965662307086e+02
6.949023095310870701e+01
1.590010041064141078e+01
-4.164650515849048418e+01
-1.056571742181310043e+02
-1.517365345268905230e+02
-1.767572571857252797e+02
-1.940899324894573681e+02
-1.965939000932039562e+02
-1.967240839921197448e+02
-1.952996750837652371e+02
-1.796507716389080258e+02
-1.521085209411909887e+02
-1.331332924990304889e+02
-1.226414251255257142e+02
-1.121017322282330326e+02
-1.064395552205465094e+02
-9.006819389544727983e+01
-6.179351581446012176e+01
-3.330290420277700036e+01
-9.691327003897705072e-01
2.192983171625683525e+01
3.286986250606712190e+01
4.077484051281247446e+01
4.156297829879909500e+01
4.025653528994821784e+01
3.743362169266774941e+01
2.687429771247971289e+01
9.490214615412599031e+00
-6.293912022134895423e-01
-3.233913339982501967e+00
-4.634541348615863754e+00
-1.340682211540183744e+00
-3.319000105457692307e+00
-1.136482494276984134e+01
-1.767924310224490725e+01
-2.455053193831865244e+01
-3.087746108055779715e+01
-3.569891308244778116e+01
-4.119218698140986135e+01
-4.682934501569020114e+01
-5.145696539413320636e+01
-5.522225789280758335e+01
-5.818851388164346616e+01
-6.009811506153297245e+01
-6.481260124583184279e+01
-7.260705804855781764e+01
-8.141926973384943267e+01
-9.226608038458547867e+01
-1.029345621370018904e+02
-1.132105916708514997e+02
-1.250497001176100866e+02
-1.379565792585216002e+02
-1.401612058154005069e+02
-1.307087203946219915e+02
-1.147702795357494381e+02
-8.900652336314345803e+01
-6.062733401300188518e+01
-2.987809159727682484e+01
9.870827837012132733e+00
5.729141440165320631e+01
1.047636098607203792e+02
1.525955453614395196e+02
2.037196957696505990e+02
2.564133334413198781e+02
3.171317899868120094e+02
3.863944175836582531e+02
4.596891418613251972e+02
5.385807267013800583e+02
5.854363599821247135e+02
5.960320679395007346e+02
5.892050705991446193e+02
5.539923546621280366e+02
5.110482609077357097e+02
4.613401753884681398e+02
3.845703746925907467e+02
2.844954219480349593e+02
1.899481469600310106e+02
1.003850570880436521e+02
3.943563843150212023e+00
-9.264013894860957521e+01
-2.122907258758312992e+02
-3.568812440095865668e+02
-5.097835700433204806e+02
-6.764803101096595128e+02
-7.886744815787749303e+02
-8.378811424401183103e+02
-8.602887035591314770e+02
-8.358616664828673493e+02
-8.002807470793674156e+02
-7.555607703174093785e+02
-6.656767166769031974e+02
-5.371648051230127976e+02
-4.257942654509932936e+02
-3.310125109629170765e+02
-2.295236072973294199e+02
-1.345715769301146736e+02
-2.967298281881806332e+00
1.687466597988426713e+02
3.486576876777043026e+02
5.469683508004393389e+02
6.833134709211005884e+02
7.464398419763224410e+02
7.817080541919279995e+02
7.652770312572451985e+02
7.363684138034838043e+02
6.976386683040503840e+02
6.078393722583666658e+02
4.741540474346045926e+02
3.670340848811774208e+02
2.863704539393130517e+02
2.021292906977475070e+02
1.312656261746642485e+02
2.063244114665516449e+01
-1.340073381948972440e+02
-2.927188424660288888e+02
-4.679483779470782565e+02
-5.878975389808841783e+02
-6.412583205321545847e+02
-6.709647054480144561e+02
-6.554027984312134549e+02
-6.269799079821814303e+02
-5.882375705680134388e+02
-5.033007447503887875e+02
-3.780299200284846961e+02
-2.798347218899181712e+02
-2.090416690067058028e+02
-1.362631433574182154e+02
-7.785431214685850421e+01
1.595973633933875746e+01
1.492096425509944311e+02
2.840484707879063535e+02
4.321006293998528918e+02
5.335962934168934453e+02
5.785734830225669612e+02
6.036615039628176191e+02
5.907042352470874675e+02
5.656064471213658180e+02
5.305044138235737137e+02
4.558710579246679231e+02
3.463227048873113745e+02
2.598775109983768061e+02
1.969491856471740903e+02
1.319367201189009506e+02
7.894102076735971707e+01
-4.529328612580904689e+00
-1.219739005406791108e+02
-2.409723025921250610e+02
-3.714635806199927970e+02
-4.609694229522791602e+02
-5.008161521051106888e+02
-5.229661273827845207e+02
-5.114870727295130450e+02
-4.893218939706665083e+02
-4.583194131032641963e+02
-3.924579060074570407e+02
-2.958213626469445217e+02
-2.191288890403834557e+02
-1.627101380746712493e+02
-1.042071982131916599e+02
-5.593326284503960011e+01
1.933742136971283543e+01
1.246754303943368001e+02
2.317201580882714609e+02
3.491878360394408674e+02
4.305918232197265638e+02
4.682977544179858000e+02
4.905631369444825509e+02
4.832929276101821188e+02
4.669053937113818620e+02
4.430450521456654087e+02
3.886389347111932011e+02
3.073337866436760351e+02
2.439287564935478372e+02
1.987131942811909084e+02
1.519735016232310443e+02
1.145900137661727030e+02
5.366993118051036049e+01
-3.348803248846211034e+01
-1.218184191986390204e+02
-2.190155149010711568e+02
-2.891513606442800324e+02
-3.260036402520758543e+02
-3.521231989484797396e+02
-3.565501231360991596e+02
-3.543670940081275376e+02
-3.469203885421821951e+02
-3.166680079446936702e+02
-2.663022404374108874e+02
-2.316954154955075751e+02
-2.132126941498021893e+02
-1.949455054807369834e+02
-1.856590997790960387e+02
-1.593312776120488934e+02
-1.138333443810525694e+02
-6.915634200273407828e+01
-1.924176212976061962e+01
1.827735534970197406e+01
3.952710872549652521e+01
5.724772346769741915e+01
6.586962876524741262e+01
7.106180018552572619e+01
7.362967687219156687e+01
6.563836769385015657e+01
4.806577257814692672e+01
4.158186320582798601e+01
4.668140416761056599e+01
5.385458889012468831e+01
6.825251652171949956e+01
7.557112480066953708e+01
7.462893652882981144e+01
7.674190789808274360e+01
7.862226551986591971e+01
7.874127782121202301e+01
7.818890649498926848e+01
7.529918237603385478e+01
6.994185885136833747e+01
6.557744809572869826e+01
6.207030358600001563e+01
5.762424352180241982e+01
5.294251761109321563e+01
4.459854497446412580e+01
3.213021740638006918e+01
1.766339027543638807e+01
2.237123457389069703e-01
-1.875814003571126065e+01
-3.911506394470963954e+01
-6.241452943944436527e+01
-8.836575293016653632e+01
-1.080921333424281414e+02
-1.209465031157318577e+02
-1.309351168155137657e+02
-1.355958905852180578e+02
-1.404438415348662375e+02
-1.457373588284921766e+02
-1.465331572603709276e+02
-1.439047896644403295e+02
-1.435503608704198371e+02
-1.452927984318412484e+02
-1.470470320353932152e+02
-1.501464955473059035e+02
-1.498579371675836853e+02
-1.458611590771954525e+02
-1.415629518164883791e+02
-1.358639085784253666e+02
-1.237852901615865733e+02
-1.051292773003438299e+02
-8.138795358047394757e+01
-5.115379716660252996e+01
-1.802285461086854923e+01
1.802770275112393605e+01
6.011091402732488120e+01
1.076154373250160603e+02
1.582381584243616715e+02
2.122683364433154907e+02
2.705267801323880690e+02
3.325882629967622961e+02
4.008494456960600587e+02
4.755582354348222793e+02
5.552789074799509308e+02
6.406583373323838941e+02
6.908014135885745191e+02
7.014760210374738563e+02
6.923788680831369220e+02
6.516727005244881639e+02
6.026014871413502760e+02
5.461414741701993307e+02
4.599069399825952473e+02
3.481313653951348783e+02
2.408670183795234436e+02
1.373821592313695135e+02
2.549647994463852996e+01
-8.782961473329683599e+01
-2.268938487353726998e+02
-3.936805787717480030e+02
-5.707440695542724143e+02
-7.639214026462750553e+02
-8.938898126202979029e+02
-9.510072138812773801e+02
-9.769256402862901041e+02
-9.484329929785624245e+02
-9.074050760042795218e+02
-8.561632678941754193e+02
-7.527160734661674724e+02
-6.047534679704866676e+02
-4.763079492389426264e+02
-3.666746066033735474e+02
-2.492302590188725446e+02
-1.391624402309323614e+02
1.329674072050069356e+01
2.121145119103529453e+02
4.205830831181039002e+02
6.504596907398050689e+02
8.101444950740732338e+02
8.867918433422986482e+02
9.322079692258884052e+02
9.192245785741272357e+02
8.924799555685702899e+02
8.550267556535213771e+02
7.598987388182023324e+02
6.152844344858272052e+02
5.015937172423805350e+02
4.187288176537604727e+02
3.324183465224695055e+02
2.620295124581269874e+02
1.469604562662205751e+02
-1.760659470495138379e+01
-1.860950070817148685e+02
-3.726834410772075330e+02
-5.091978282935500602e+02
-5.841341097900822206e+02
-6.400237633634307031e+02
-6.561968156341915801e+02
-6.617381000408921636e+02
-6.592634996208630582e+02
-6.154339562095029805e+02
-5.355240781311383671e+02
-4.865653032490297392e+02
-4.692264357992800683e+02
-4.539985884070780457e+02
-4.572865413264597692e+02
-4.304036074368714253e+02
-3.694411553846529159e+02
-3.118409822454102596e+02
-2.463143493760471472e+02
-1.934762169807154919e+02
-1.593416156306420532e+02
-1.259309078175006107e+02
-1.000920598952521772e+02
-7.838661954369248974e+01
-5.959545331196159168e+01
-5.173291820722891998e+01
-5.427834358376320978e+01
-3.756979203788323218e+01
-4.509944329318538170e-01
4.291022640966686907e+01
1.000661218327265800e+02
1.515757922851171315e+02
1.958212335786402605e+02
2.487266249858397487e+02
3.058979195817348682e+02
3.497664410169268763e+02
3.804138026124469434e+02
4.029752602264751431e+02
4.128916634544006570e+02
4.239958672918044158e+02
4.365568767770573686e+02
4.396473875245411023e+02
4.359697095883020665e+02
4.318044641865267295e+02
4.262840341703752074e+02
4.180699013342489820e+02
4.084169588324115807e+02
3.904419039361458204e+02
3.637362550435590833e+02
3.325979739701314770e+02
2.953618239636070939e+02
2.614263756786328372e+02
2.319970985370952690e+02
2.013096016662803152e+02
1.720199775370831219e+02
1.395552392620105593e+02
1.033967225261555569e+02
6.812608140262604195e+01
3.275748201138021898e+01
-1.100015110567101395e+01
-6.330011016724295558e+01
-1.208447640614934784e+02
-1.857550575051964756e+02
-2.520973427746346829e+02
-3.195517949379431002e+02
-3.928756282959620307e+02
-4.708078817322196983e+02
-5.241679868692694981e+02
-5.505539834173141571e+02
-5.627754041237252522e+02
-5.525308119999244809e+02
-5.377750163679030493e+02
-5.191071485845488951e+02
-4.800199766420369087e+02
-4.238147753985667805e+02
-3.698606582374260938e+02
-3.174275377356896684e+02
-2.590204704152973250e+02
-1.990410532271939132e+02
-1.211793439691386425e+02
-2.412923158961929460e+01
8.065629831530769422e+01
1.971195960541508612e+02
2.797083131687901414e+02
3.228269534061979016e+02
3.508976107771246689e+02
3.506359815376819142e+02
3.458579428925247043e+02
3.380371759418259785e+02
3.032795041885842693e+02
2.460408349990344732e+02
2.036697601699803784e+02
1.759118239546934319e+02
1.473111634380755390e+02
1.268218047435736509e+02
8.574017114358474601e+01
2.186782372233603056e+01
-4.338790660728078308e+01
-1.167235988766268804e+02
-1.663240475885634453e+02
-1.868250781360263773e+02
-1.981373520728832318e+02
-1.906273252483235012e+02
-1.778147563711549708e+02
-1.609398021877071869e+02
-1.244928857228476886e+02
-7.093721691901049553e+01
-3.146534904730571114e+01
-6.395787218335412305e+00
1.798835894772279431e+01
3.404717229514098165e+01
6.441565191942531499e+01
1.109025212254817774e+02
1.560839567467038762e+02
2.052010825697780660e+02
2.361855809349009974e+02
2.449468296903818327e+02
2.456668322905219100e+02
2.315180800152917584e+02
2.112251825088027886e+02
1.855854454160099465e+02
1.439634794545639238e+02
8.785453897660123346e+01
3.998415185819855822e+01
5.952287509171449997e-01
-4.057362767460387687e+01
-7.799145540108870023e+01
-1.280731957855321639e+02
-1.922235370952601841e+02
-2.578593859663589001e+02
-3.288405169537956567e+02
-3.746717198836819875e+02
-3.909475297025573468e+02
-3.948179143360912917e+02
-3.771520271970742328e+02
-3.526793375123951932e+02
-3.223203005162426393e+02
-2.703646012284140170e+02
-1.994351837679115249e+02
-1.365746778225580726e+02
-8.169447179775126244e+01
-2.311155079433971693e+01
3.271469312854738121e+01
1.062606062622951839e+02
1.992337575408257351e+02
2.963557558431870689e+02
4.024791599867771765e+02
4.722712158858539055e+02
4.996226925845395499e+02
5.094287296210573004e+02
4.882642322913403632e+02
4.588479787373531735e+02
4.225695950938854253e+02
3.558575890139273952e+02
2.628386719171140271e+02
1.822745218123953634e+02
1.139551050531339911e+02
4.141835036607562870e+01
-2.607839092268337211e+01
-1.181211976384452669e+02
-2.371067845098895361e+02
-3.610024785222852870e+02
-4.967873711765744815e+02
-5.842256258204524784e+02
-6.150223812472565896e+02
-6.226434981150962358e+02
-5.892135390269568234e+02
-5.445040388218189946e+02
-4.903979631377974897e+02
-3.957482860622747012e+02
-2.659585684418714777e+02
-1.531070537568772920e+02
-5.697860447291806452e+01
4.462868536042563505e+01
1.392540179660791466e+02
2.664776395438007626e+02
4.295095579706708691e+02
5.988002810515629335e+02
7.836773889598954383e+02
9.076032631987544619e+02
9.598716704843534444e+02
9.833421434706816626e+02
9.552624071549367955e+02
9.131115795522292728e+02
8.593107712847361199e+02
7.544184548234386511e+02
6.052308042283827945e+02
4.785448149559839521e+02
3.741508198729580386e+02
2.634911085865282985e+02
1.625715220994473782e+02
2.078602689223015432e+01
-1.659724784546449143e+02
-3.598505421399210604e+02
-5.727649043995386364e+02
-7.267372058160892720e+02
-8.100996494937930947e+02
-8.683389086662405134e+02
-8.781393469541021659e+02
-8.760125942557441476e+02
-8.646521720832297433e+02
-8.046156262255470892e+02
-7.025568773903466990e+02
-6.296556511968359473e+02
-5.860845404364698652e+02
-5.411259246593893977e+02
-5.120051815745332533e+02
-4.457141930577388393e+02
-3.380053702422582091e+02
-2.290135159509534333e+02
-1.063583367004074205e+02
-1.112284865359179165e+01
4.845322984932165156e+01
1.008460928903809446e+02
1.333234903959593680e+02
1.606070741695015442e+02
1.845657926895302978e+02
1.862606432238474099e+02
1.683553337007049890e+02
1.763246934105142714e+02
2.111378370968884610e+02
2.522669101773145712e+02
3.110405952543942476e+02
3.556535415386014165e+02
3.835747813418071246e+02
4.198853736260189748e+02
4.573156860415676874e+02
4.752403565702392143e+02
4.743149923907628249e+02
4.589400347754772156e+02
4.238176681796143725e+02
3.865443557083387986e+02
3.471753263635167741e+02
2.921860673179609762e+02
2.249122300930275742e+02
1.502976826279527529e+02
6.695946712087622643e+01
-2.549863821562059130e+01
-1.263648042774720182e+02
-2.427227823324918177e+02
-3.750705835040079137e+02
-5.195997205364839147e+02
-6.781581281723841812e+02
-7.847501642660080279e+02
-8.325904686448578786e+02
-8.541907415925708165e+02
-8.305852355395878703e+02
-7.990881392952945816e+02
-7.615385257932086915e+02
-6.821689187523975306e+02
-5.679495916561005515e+02
-4.677823410508672737e+02
-3.807194776398317231e+02
-2.871731159428879891e+02
-1.986356480239055884e+02
-7.605921759077776301e+01
8.356354652438471931e+01
2.518059789974462035e+02
4.378907498839110986e+02
5.743601408284092713e+02
6.516885884486717941e+02
7.084918370739795819e+02
7.247983911374640229e+02
7.332027400557593637e+02
7.360721117262148709e+02
6.990433168657546048e+02
6.281611471010795640e+02
5.830425437037177971e+02
5.637334386320306976e+02
5.448783519051601161e+02
5.409082521076422836e+02
5.071469260306732281e+02
4.401101729468672374e+02
3.735816284702398207e+02
2.971731673791074968e+02
2.335562568851545393e+02
1.884638046931587496e+02
1.435474775714139355e+02
1.060751502078081216e+02
7.054372665634194561e+01
3.564456056402765682e+01
1.073129618715756628e+01
-5.190237268068816689e+00
-4.167334147412731227e+01
-9.976128848469284094e+01
-1.657055748507325745e+02
-2.470284502713612369e+02
-3.240540584475138530e+02
-3.952356197492335355e+02
-4.766106851962522342e+02
-5.637701583354692048e+02
-6.191057405447595556e+02
-6.406628576110260838e+02
-6.429553829474812119e+02
-6.156016918168930943e+02
-5.839876052563142821e+02
-5.487897886617583936e+02
-4.879789360322425296e+02
-4.063226066769149725e+02
-3.245935975114175562e+02
-2.414958994145370639e+02
-1.497894275271906110e+02
-5.404076091292515827e+01
6.451402226297823006e+01
2.072940146888101367e+02
3.615811008727054059e+02
5.319331764375622242e+02
6.503935734749361472e+02
7.090617819998050209e+02
7.433769995147898726e+02
7.336129324088557269e+02
7.162232228103840725e+02
6.932951570403527057e+02
6.287990013024428890e+02
5.295430276603424318e+02
4.493532456833453352e+02
3.876342207465113461e+02
3.223213388649222111e+02
2.662279102464271432e+02
1.774544526559519966e+02
5.277433428642719093e+01
-7.682881228777559102e+01
-2.211793063605845191e+02
-3.302097361876161017e+02
-3.958199435678002374e+02
-4.488653478380116439e+02
-4.742983785478519962e+02
-4.940801532919006718e+02
-5.101786385894030786e+02
-4.979914375526242338e+02
-4.615816594478825436e+02
-4.490478425987060973e+02
-4.608419281311969939e+02
-4.760285952333448449e+02
-5.064005649449154589e+02
-5.169196657553225123e+02
-5.048486471107831335e+02
-4.971548119535411843e+02
-4.857588103710654650e+02
-4.674067033393877750e+02
-4.446004022934753834e+02
-4.129240166643159569e+02
-3.720647879812817109e+02
-3.299776644961006014e+02
-2.861784755652549279e+02
-2.364399881629120728e+02
-1.822697974145219177e+02
-1.154353726646674545e+02
-3.474015249093530144e+01
5.493308600190269431e+01
1.560060033506577781e+02
2.651937972197563340e+02
3.822237842427196597e+02
5.109303504695328684e+02
6.507418908251572702e+02
7.461849755279586134e+02
7.922875414003200376e+02
8.148136463607243059e+02
7.979798399186595361e+02
7.747471009046605559e+02
7.465104983272789241e+02
6.825569603911133072e+02
5.890480735145781637e+02
5.043843975267169526e+02
4.274746405806239409e+02
3.433438791492584983e+02
2.608921540499345042e+02
1.486117144948225643e+02
4.081216354632420718e+00
-1.501317323683895211e+02
-3.215211262254589428e+02
-4.434792969713639081e+02
-5.072001452403310964e+02
-5.496442918574045962e+02
-5.512393309393604568e+02
-5.454359730773591082e+02
-5.344856358811316568e+02
-4.839820051072843512e+02
-4.001581128335368476e+02
-3.397398182530821487e+02
-3.025653956977084817e+02
-2.648175859890644119e+02
-2.401642849489856246e+02
-1.855820598449449506e+02
-9.774390836445303421e+01
-8.968112563545776794e+00
9.076573572391569655e+01
1.641093658711133685e+02
2.040135893628931285e+02
2.354438158406401840e+02
2.469253438714172546e+02
2.527185601759425424e+02
2.544313188604253924e+02
2.345035336654301545e+02
1.955202896133677939e+02
1.769493160006301764e+02
1.794716669646804519e+02
1.854223890814167532e+02
2.045705346332611612e+02
2.089449371735177010e+02
1.963102457068647482e+02
1.885253528468453510e+02
1.791622121083961190e+02
1.697443185261141991e+02
1.627961003210421040e+02
1.529279535165308062e+02
1.411568911151806276e+02
1.315989086732421072e+02
1.238607788754040087e+02
1.168932194823515260e+02
1.115662443337737244e+02
9.816648588914669915e+01
7.587767117057664734e+01
5.001097761049511092e+01
1.796067939756694187e+01
-1.500274687546122010e+01
-4.836944747594679939e+01
-8.698056570049972436e+01
-1.296838752947664943e+02
-1.636446948366330219e+02
-1.882204060456908792e+02
-2.086806972489478653e+02
-2.215453264303749279e+02
-2.353851951674315615e+02
-2.505474500813393774e+02
-2.596778795581118970e+02
-2.644635571984402986e+02
-2.721126301665923961e+02
-2.822806184051630112e+02
-2.925542394397581347e+02
-3.045898101058552925e+02
-3.120916782749154095e+02
-3.146631351932357461e+02
-3.167320069412750172e+02
-3.168365782108026565e+02
-3.111024025768282968e+02
-2.995218121364991930e+02
-2.827867195998172747e+02
-2.598090378402479246e+02
-2.337735728852206591e+02
-2.045814612776834736e+02
-1.695992640213492280e+02
-1.293435680490123616e+02
-8.499428775061903707e+01
-3.622365264357167547e+01
1.731906545572368827e+01
7.550189899940943405e+01
1.399641877542567556e+02
2.109129452592635801e+02
2.875419711813424897e+02
3.703404990225070605e+02
4.287510817736881563e+02
4.596906156470699329e+02
4.779249809461874179e+02
4.746596023374212336e+02
4.673964297235359027e+02
4.569246113355290504e+02
4.265337329912987343e+02
3.794627104947165890e+02
3.381508736271730413e+02
3.021002918337407550e+02
2.623168795737647088e+02
2.240393816276616121e+02
1.692041483212964579e+02
9.639182683069094537e+01
1.866245022773968287e+01
-6.827932048777944374e+01
-1.335618673466694020e+02
-1.728561785399015776e+02
-2.039205358297894293e+02
-2.176446760809629950e+02
-2.289873357891576120e+02
-2.390786005404227126e+02
-2.322241582973998675e+02
-2.112334697768348519e+02
-2.034795607281722596e+02
-2.090283398903752641e+02
-2.162964380416828476e+02
-2.319429656262364858e+02
-2.355359559635454616e+02
-2.255213961834081147e+02
-2.174275051546669886e+02
-2.065366632827681030e+02
-1.926531418284106394e+02
-1.773540167480660728e+02
-1.572418486236771571e+02
-1.325944334381582337e+02
-1.070146110429782738e+02
-8.015042730068505250e+01
-5.045232142783267193e+01
-1.858428725680132487e+01
2.133743505626517845e+01
6.999097863031860811e+01
1.241525494738426545e+02
1.854983154950442668e+02
2.512423081586957210e+02
3.211798983767411073e+02
3.981984030770020695e+02
4.817732951452815655e+02
5.331202490410187238e+02
5.487491406325424350e+02
5.465569370216596781e+02
5.154830037075363407e+02
4.785923256447568406e+02
4.368145383170952414e+02
3.686189924900730261e+02
2.782860766815030615e+02
1.926092657520935632e+02
1.107860456158357607e+02
2.232409866341506444e+01
-6.659548892430865408e+01
-1.780384617046067888e+02
-3.137332834114274647e+02
-4.579422070043154918e+02
-6.159414286274009100e+02
-7.211301426795613452e+02
-7.653235840752179229e+02
-7.837800260351165207e+02
-7.570061125821656560e+02
-7.199080120153288362e+02
-6.744827112687390809e+02
-5.856108306190088797e+02
-4.597191299149554311e+02
-3.508854529743387047e+02
-2.585741127202883263e+02
-1.602787533347424471e+02
-6.885444107908692501e+01
5.758863150980513979e+01
2.223735497414050712e+02
3.945244524588151194e+02
5.839168326586969897e+02
7.120798723963677048e+02
7.680256133008814459e+02
7.959627287266524718e+02
7.725996220639027570e+02
7.362377857436323438e+02
6.894411779395830990e+02
5.919057701036632579e+02
4.506264892517355634e+02
3.342547963572062031e+02
2.426496989399301754e+02
1.465189079607235669e+02
6.236157742015865324e+01
-6.167778242048081694e+01
-2.297565919152359584e+02
-4.029652606887761976e+02
-5.934685918089874122e+02
-7.221314267762884356e+02
-7.770141952072460754e+02
-8.042882041130695825e+02
-7.802399425182376262e+02
-7.417340904868501639e+02
-6.914532878652468071e+02
-5.893817726117865732e+02
-4.421890592583963553e+02
-3.221891257030585507e+02
-2.295187602974404513e+02
-1.328654433807431303e+02
-4.969204048065370927e+01
7.390902766689838188e+01
2.423111419658584680e+02
4.147785369823781139e+02
6.039429777294053565e+02
7.326590987373733697e+02
7.889557279175656959e+02
8.183904964771048753e+02
7.977487891021689848e+02
7.623247070743358336e+02
7.147500306506917696e+02
6.162198317932369491e+02
4.730812831977972905e+02
3.570177157620520347e+02
2.682547466981885691e+02
1.755676078022443960e+02
9.628698629859331959e+01
-2.279410783601717227e+01
-1.860236073789672275e+02
-3.531149856339252437e+02
-5.365411345041150071e+02
-6.606162230126057011e+02
-7.135536471699577987e+02
-7.401060312426560586e+02
-7.174835995107240478e+02
-6.802480277520493246e+02
-6.309805027802368613e+02
-5.316242728059993397e+02
-3.883885911746941133e+02
-2.717821384265830034e+02
-1.820386755994631471e+02
-8.842081247684194523e+01
-7.977937226143479776e+00
1.115972823168747823e+02
2.745834110467024516e+02
4.413651926026333285e+02
6.242054248879566103e+02
7.508047183499876382e+02
8.097904753549040606e+02
8.441742420304110510e+02
8.321641821560027665e+02
8.065310456849622369e+02
7.697710965727981147e+02
6.856353633385659805e+02
5.600138714970970568e+02
4.607240878754374194e+02
3.880442982690034910e+02
3.123689738026128566e+02
2.501191971709412769e+02
1.511082190663089762e+02
1.123720774435937741e+01
-1.314188629028921298e+02
-2.886124059487213458e+02
-4.095529814916151850e+02
-4.852149948807681312e+02
-5.481574421491801559e+02
-5.828660104750352957e+02
-6.101150308027614528e+02
-6.319197975611607490e+02
-6.237667268776285709e+02
-5.894004190735513475e+02
-5.805773029293637819e+02
-5.979712855658540320e+02
-6.185955119555849251e+02
-6.551703782478726907e+02
-6.704783187970798508e+02
-6.615211105734725834e+02
-6.570958227255312067e+02
-6.485934446576385426e+02
-6.294351624589492076e+02
-6.019802457621005942e+02
-5.629711070662840484e+02
-5.111750857725088508e+02
-4.568233820777832648e+02
-3.994600880008522950e+02
-3.328812059972407837e+02
-2.590036880181435208e+02
-1.710973723615950064e+02
-6.780016059677220142e+01
4.651291760794638463e+01
1.739695985376048384e+02
3.127918737861199929e+02
4.628446792507272107e+02
6.270252305086405613e+02
8.051534368540220612e+02
9.288965639657265001e+02
9.919254484319894800e+02
1.026355121413678035e+03
1.012689795685082345e+03
9.911172189214200898e+02
9.633795706595589081e+02
8.917915029912651335e+02
7.838529464641389950e+02
6.876187728190438975e+02
6.018133267774904880e+02
5.075610795348310376e+02
4.160272997392019647e+02
2.880055428270628681e+02
1.204704419313351025e+02
-5.841144664234789730e+01
-2.579593989551316326e+02
-4.032526846903667206e+02
-4.841265087704744587e+02
-5.428348652040959905e+02
-5.573254858858249463e+02
-5.646353890820225843e+02
-5.673943264992800550e+02
-5.271816678618057495e+02
-4.509257519087136643e+02
-4.035531565015101592e+02
-3.850332670702558744e+02
-3.680156184450421506e+02
-3.682134218341518590e+02
-3.367371244730802573e+02
-2.698365613906322551e+02
-2.044322184888018228e+02
-1.291833125750353872e+02
-6.894518534816022282e+01
-3.000059237110579602e+01
7.714984499450940447e+00
3.622745506511214586e+01
6.155308213097821834e+01
8.510705595666989609e+01
9.662890535980257312e+01
9.719180373707432352e+01
1.190290497816246926e+02
1.632551519851313344e+02
2.148516344867798011e+02
2.820066596010170201e+02
3.432211433928139286e+02
3.967871812442672308e+02
4.601887398783802610e+02
5.285924970961300460e+02
5.700490759520305346e+02
5.833430819024521270e+02
5.800326962222549128e+02
5.514227843785746472e+02
5.199837348457640473e+02
4.862582189922013072e+02
4.312255776302584422e+02
3.591457468102782968e+02
2.861365578077391092e+02
2.109718147394580683e+02
1.284057928590215170e+02
4.192000592030739625e+01
-6.360319526593623607e+01
-1.892633366725829376e+02
-3.249906418281499896e+02
-4.744596195404320724e+02
-5.826401640272973737e+02
-6.431872734417515858e+02
-6.848031864755976130e+02
-6.915436301632324785e+02
-6.929885123376335514e+02
-6.908548571481375120e+02
-6.559825288036132633e+02
-5.939199970592712816e+02
-5.480989048462811297e+02
-5.180469106673838269e+02
-4.860167146002366394e+02
-4.623602003429010665e+02
-4.132785628771490565e+02
-3.361928377947051558e+02
-2.561231860090555301e+02
-1.651617666351406797e+02
-9.416941405571608925e+01
-4.871799067720130694e+01
-8.398048232186997808e+00
1.741340274396242194e+01
4.094583147547599111e+01
6.358336632429800517e+01
7.074321918664013253e+01
6.471567810422993716e+01
7.743018924974866479e+01
1.094492893436400323e+02
1.466715344223713089e+02
1.970353557736904122e+02
2.378981984924683388e+02
2.675240815542198902e+02
3.036723151310592357e+02
3.411894051551988696e+02
3.678549035803878837e+02
3.843775464008732570e+02
3.927625565467037632e+02
3.899527760029034198e+02
3.870772011094848608e+02
3.841332970348417462e+02
3.728477463415941884e+02
3.553511926052320291e+02
3.335564548663504638e+02
3.065528687001500998e+02
2.747135402126555732e+02
2.381924977265263124e+02
1.933130810003898148e+02
1.398475468196091924e+02
7.957220210217731449e+01
1.151491177651233855e+01
-3.861835496579943339e+01
-6.824788911360523969e+01
-9.029022568663292247e+01
-9.743173141829893780e+01
-1.042237468005627079e+02
-1.115003189948342737e+02
-1.054530437204193305e+02
-8.888493515750150209e+01
-8.093655960724255749e+01
-8.133859320269397131e+01
-8.255764826894511543e+01
-8.916707198329066841e+01
-8.607721824497259888e+01
-7.221594023084873015e+01
-5.874237550916710404e+01
-4.216784596328385248e+01
-3.273408971162086800e+01
-3.258904245223725837e+01
-3.433455280559260814e+01
-4.114889595217920970e+01
-4.966186613258210514e+01
-5.936112016314557849e+01
-7.480821745476220030e+01
-9.538054464935207477e+01
-1.095215472955534608e+02
-1.169436186999632383e+02
-1.228831609957970414e+02
-1.244421585680666738e+02
-1.295957166961286475e+02
-1.389687046722012553e+02
-1.462108697729847222e+02
-1.531305403114413082e+02
-1.535666009993676369e+02
-1.461622314033637338e+02
-1.350840631252495712e+02
-1.183406741713485104e+02
-9.796317841458368036e+01
-7.413217508023389257e+01
-4.395929047238674769e+01
-7.728821732297936009e+00
2.767992711739740841e+01
6.219927633899309427e+01
9.909227232384047568e+01
1.367118431542521080e+02
1.800035502958585880e+02
2.294500078032941985e+02
2.813072565340556253e+02
3.367778048317825323e+02
3.677910254475665965e+02
3.711145354451401204e+02
3.608041343943459083e+02
3.286379676296972434e+02
2.899351441538943845e+02
2.453805589405858711e+02
1.798094498678696311e+02
9.597391433580799003e+01
1.566449206400470295e+01
-6.153205336371755152e+01
-1.446640698673089105e+02
-2.286546261714544244e+02
-3.308246910725374050e+02
-4.526207971605927014e+02
-5.815063237000797471e+02
-7.216449334107578579e+02
-8.133248049521349685e+02
-8.493214528705813109e+02
-8.608015510173910343e+02
-8.302810735423341839e+02
-7.894007322408571099e+02
-7.398628989911863982e+02
-6.499703556201129686e+02
-5.255097814772476568e+02
-4.144873321152318795e+02
-3.163244632574292723e+02
-2.110483825207977873e+02
-1.100165148932381811e+02
2.419132556238815113e+01
1.945830239623651039e+02
3.736316344603039852e+02
5.702019934397549150e+02
7.131738385366953707e+02
7.926931377151403240e+02
8.488059528880023663e+02
8.604560104064886445e+02
8.625523401142763760e+02
8.574681555297694331e+02
8.086610930598151299e+02
7.225549261090098980e+02
6.612515462240667148e+02
6.246573146707702335e+02
5.863825307948642376e+02
5.613871543518530416e+02
5.028081255149614890e+02
4.069410866316854936e+02
3.090236441390902655e+02
1.981021777338492598e+02
1.113473773603963508e+02
5.606011067024635963e+01
6.633345866613311159e+00
-2.547349886864295598e+01
-5.384047800988283683e+01
-8.018268341046515957e+01
-8.731849825283966027e+01
-7.774283486269406751e+01
-9.210181340046203502e+01
-1.312575357961186171e+02
-1.769646342662117320e+02
-2.393623438331776754e+02
-2.899960191386168162e+02
-3.266370567431321774e+02
-3.717447266678628353e+02
-4.188379272965058249e+02
-4.492170536018175540e+02
-4.634635385810182697e+02
-4.656651504433428954e+02
-4.510264864878570847e+02
-4.354747038420930494e+02
-4.190885595459324691e+02
-3.896388364172154297e+02
-3.501624091883396659e+02
-3.053267077433378063e+02
-2.539146355315732535e+02
-1.955047906206470145e+02
-1.308096567052553212e+02
-5.333988090633275903e+01
3.734043158093963655e+01
1.376724121554004796e+02
2.493273633886610980e+02
3.295351199203775536e+02
3.738674347073617810e+02
4.038024404603314110e+02
4.070951168226984578e+02
4.077550093463065650e+02
4.070956905923575846e+02
3.821221642529142741e+02
3.373937531731878607e+02
3.050077666257478199e+02
2.844732745476213154e+02
2.630031080746260272e+02
2.482216528802361495e+02
2.147711565715864310e+02
1.607775522679620792e+02
1.048988572244153659e+02
4.121862941825128956e+01
-1.220889512009697953e+01
-5.174794959251748594e+01
-9.031323165641396145e+01
-1.223641656258019736e+02
-1.541611464741391728e+02
-1.866469606548115223e+02
-2.117123396850696224e+02
-2.305629344389612356e+02
-2.633461604577485673e+02
-3.105902528142852361e+02
-3.632904978350291003e+02
-4.265328504880498599e+02
-4.864358563119641872e+02
-5.419677210066515727e+02
-6.042497704648067156e+02
-6.701752111532663321e+02
-7.073755251944106703e+02
-7.138217538385774787e+02
-7.024694753753919940e+02
-6.642651417000622587e+02
-6.204127175546742592e+02
-5.714749791867699287e+02
-4.986587289364986191e+02
-4.058867651986722080e+02
-3.121679194646024484e+02
-2.164460714151589968e+02
-1.117755480729257158e+02
-2.355982552830480969e+00
1.286368385336455447e+02
2.825379454196300912e+02
4.478680520976582784e+02
6.287369598030870748e+02
7.592939951117684814e+02
8.319437746350690759e+02
8.807884880874655664e+02
8.867088603245135801e+02
8.852227337496010477e+02
8.783059644581328484e+02
8.309275949056662967e+02
7.497003611072404965e+02
6.865586210769737363e+02
6.408759751184915103e+02
5.913684404648611235e+02
5.503719701429022280e+02
4.773393260298782934e+02
3.691285387256900776e+02
2.556507631987637694e+02
1.273772385747644194e+02
2.851427977171062622e+01
-3.356986769597759235e+01
-8.678891866691607504e+01
-1.178417645030444305e+02
-1.456068807438066415e+02
-1.719388250893568113e+02
-1.753909833051161229e+02
-1.595015438016462497e+02
-1.677947136849884373e+02
-2.008329349167324835e+02
-2.396423412989825579e+02
-2.949722482775948720e+02
-3.354538692802103697e+02
-3.586882932545528888e+02
-3.890341621508193839e+02
-4.193187085196243515e+02
-4.359721265110339914e+02
-4.402347739900474721e+02
-4.332430013554176753e+02
-4.116817184054207814e+02
-3.889268504428737288e+02
-3.648405664855980604e+02
-3.297826008093465475e+02
-2.862846588028778001e+02
-2.346639135046533511e+02
-1.736842225873078576e+02
-1.047045608561864753e+02
-2.736529728142835083e+01
6.158683837645975245e+01
1.623671697683515163e+02
2.739053265247159743e+02
3.971437913294033137e+02
4.824984305657339405e+02
5.251124186519684827e+02
5.491259668292477727e+02
5.403771857969618395e+02
5.273650384861488192e+02
5.114995714257543682e+02
4.657956104735011991e+02
3.956289482368403583e+02
3.370711714688438860e+02
2.893903414998309245e+02
2.383303912916573779e+02
1.923803337199114765e+02
1.226227169099532972e+02
2.688673603363214681e+01
-7.377126060169634059e+01
-1.861496515453372069e+02
-2.710963424528642918e+02
-3.226472835546610440e+02
-3.643025896887864974e+02
-3.844010139389890242e+02
-4.008456637867232644e+02
-4.151515072627332756e+02
-4.078401971977279459e+02
-3.822604528855596300e+02
-3.747047985695206194e+02
-3.854201890287463925e+02
-3.988097295801394466e+02
-4.237514943459036090e+02
-4.335648189914331283e+02
-4.261996403656621055e+02
-4.221050744544268127e+02
-4.151349447350090145e+02
-4.028832491862115148e+02
-3.872434557885365507e+02
-3.648206711696749949e+02
-3.353871863834590954e+02
-3.049468678770767838e+02
-2.731218654465981786e+02
-2.367235085650540327e+02
-1.968831056672603381e+02
-1.473721472293023851e+02
-8.728219204505705875e+01
-2.029599986011501045e+01
5.542199443985897034e+01
1.373944059431469782e+02
2.254210242564952011e+02
3.224052644714679445e+02
4.279207392557390790e+02
5.057844645269533430e+02
5.528347710342336541e+02
5.858677337802970442e+02
5.946315336354934971e+02
6.007609001307477001e+02
6.052055940391177273e+02
5.879324383277001971e+02
5.530231188676153806e+02
5.253940815442119856e+02
5.043575995024641543e+02
4.802861420941185315e+02
4.589791873516578562e+02
4.200165250997675912e+02
3.618694817651592643e+02
2.992144607026835956e+02
2.272243728111439225e+02
1.691488472821180267e+02
1.286778223363433824e+02
9.121579106248753988e+01
6.366985803189474780e+01
3.581908465467138569e+01
6.623025487830559221e+00
-1.262572277643599250e+01
-2.390984894929892945e+01
-4.964689065435890569e+01
-9.015273963678198754e+01
-1.358188561038001865e+02
-1.922209834463671712e+02
-2.432278699043885126e+02
-2.876762054822387427e+02
-3.381728436019697028e+02
-3.910798230263881123e+02
-4.270326856865547143e+02
-4.454490480646775836e+02
-4.527847634629055165e+02
-4.437685536826007251e+02
-4.324705456935140546e+02
-4.191182119135651760e+02
-3.919227624565460815e+02
-3.535079986755112031e+02
-3.130370312011476699e+02
-2.696504056851329096e+02
-2.204440979320526424e+02
-1.673221222814781299e+02
-1.013094273647822092e+02
-2.171332247713795027e+01
6.566873191748658201e+01
1.630670891103287374e+02
2.342651567338615166e+02
2.752114623736750900e+02
3.046920655447861463e+02
3.122652703837673016e+02
3.176498050643655233e+02
3.220076486782007237e+02
3.060978090266044660e+02
2.736579240137218676e+02
2.530487306183487703e+02
2.439729625065151595e+02
2.349518401606071620e+02
2.327680906665895577e+02
2.153461443338881622e+02
1.810459683876724455e+02
1.462517654298812317e+02
1.058292323168696782e+02
6.996942271443555228e+01
4.131723920324402854e+01
1.124947644218360843e+01
-1.698817824481127303e+01
-4.561978337525888350e+01
-7.532231566515754650e+01
-1.020722039942868236e+02
-1.263164684707193857e+02
-1.616875055219421995e+02
-2.087450502579877991e+02
-2.611885468735438280e+02
-3.225363649808128343e+02
-3.838814736706999042e+02
-4.445706597857925999e+02
-5.119984891507383509e+02
-5.842148725022284452e+02
-6.266570596340851580e+02
-6.367011239294472489e+02
-6.291945298009685530e+02
-5.943763437274526495e+02
-5.538836757296575115e+02
-5.084241920179517251e+02
-4.383501740283376193e+02
-3.476681580059708949e+02
-2.584129312551917792e+02
-1.696543686916230342e+02
-7.303503139007618472e+01
2.646555847502110481e+01
1.476428372151839596e+02
2.919804764625700386e+02
4.463633282761850865e+02
6.153351044475994058e+02
7.345717001969334206e+02
7.964299307106082324e+02
8.345912795842350533e+02
8.303144268878401135e+02
8.178354850895296977e+02
7.990936342522984432e+02
7.400199199715136729e+02
6.469627400819661034e+02
5.713764379571339305e+02
5.127028257741131938e+02
4.497091125205639059e+02
3.946285072436627388e+02
3.074567206036712150e+02
1.850665805383814302e+02
5.701825826159156918e+01
-8.609699623763395948e+01
-1.896465358625211195e+02
-2.452183239830205537e+02
-2.855090436000304521e+02
-2.941820341279166655e+02
-2.961661848345942758e+02
-2.935022903027975758e+02
-2.589313120444338097e+02
-1.970583039229379096e+02
-1.587903460096542858e+02
-1.444350923273866556e+02
-1.320030070757242697e+02
-1.339093943965788185e+02
-1.126578154530039626e+02
-6.531047352574876186e+01
-2.051852395591715350e+01
3.039992370993845583e+01
6.216340538326119258e+01
6.921297502509237631e+01
6.979004992211112324e+01
5.590376085458488831e+01
3.561111999472278455e+01
1.004929162290470757e+01
-3.213589066599019617e+01
-8.957025769674963556e+01
-1.328635045629140734e+02
-1.613419167620920405e+02
-1.885574836391481313e+02
-2.072067778708219521e+02
-2.376731038190309562e+02
-2.816626926203785501e+02
-3.230982836366776496e+02
-3.666844979977862522e+02
-3.899211762778062962e+02
-3.887405741479075232e+02
-3.770847599147979281e+02
-3.479686635052995598e+02
-3.106250185061339835e+02
-2.657472641618025477e+02
-2.022534591826427004e+02
-1.216690557874765091e+02
-4.659916955233287439e+01
2.283860108822888080e+01
9.689704840620278503e+01
1.701482092379868618e+02
2.591858699797533632e+02
3.654952199567640037e+02
4.765492140967695036e+02
5.963142545948428506e+02
6.710897975699905373e+02
6.941620695487617922e+02
6.936717280624139903e+02
6.537930554137335548e+02
6.026600958228571017e+02
5.417340452627797731e+02
4.425179796078214736e+02
3.100822751250159399e+02
1.882412541581172718e+02
7.646371138690730618e+01
-4.367629843532273526e+01
-1.618448782346504231e+02
-3.121682155316897820e+02
-4.974624586030049045e+02
-6.926812174504692621e+02
-9.059576421996046065e+02
-1.048672648939777446e+03
-1.109441281158675338e+03
-1.135966800484322903e+03
-1.102161766475979448e+03
-1.053551187179778935e+03
-9.928107788591660210e+02
-8.734890485332214212e+02
-7.039111826477839031e+02
-5.578757105908211997e+02
-4.348094558455907759e+02
-3.036888259401239907e+02
-1.820944370167719057e+02
-1.325658558841389834e+01
2.073771012404276064e+02
4.376909439670538973e+02
6.910748392005261849e+02
8.728747427512785180e+02
9.693705185287466293e+02
1.035007458287144800e+03
1.041607842458966161e+03
1.034364796525567044e+03
1.016513028783292157e+03
9.398832042323800806e+02
8.127531766359302310e+02
7.199155423912114884e+02
6.614452197952817869e+02
6.009892723199666307e+02
5.590336355918476556e+02
4.721029612135784532e+02
3.351453304737483450e+02
1.960959674003656801e+02
4.013021509453010083e+01
-7.851819649396456668e+01
-1.494971721401319371e+02
-2.092715811534302475e+02
-2.411472709957260179e+02
-2.656676847556007033e+02
-2.851869476367768925e+02
-2.742547351936382825e+02
-2.365933828672158938e+02
-2.301664704385549101e+02
-2.560267278788949170e+02
-2.881924773441572256e+02
-3.410334516720466240e+02
-3.735778002739043586e+02
-3.825582100782257839e+02
-4.000572869548917652e+02
-4.166726433690451472e+02
-4.207221298452911924e+02
-4.144972215054865501e+02
-3.966320929242061766e+02
-3.645809573619487196e+02
-3.323720935738331832e+02
-2.997194794832579419e+02
-2.574001522710393601e+02
-2.081227794342017319e+02
-1.476298754312167034e+02
-7.442568376612561565e+01
7.759958233772001890e+00
1.004668402374812075e+02
2.041569187548348907e+02
3.187776438971960715e+02
4.456244901947163157e+02
5.850013498700955097e+02
6.785385614476047067e+02
7.207626370134792069e+02
7.394741904102193075e+02
7.180406158912877572e+02
6.905382531968868989e+02
6.585413436859048488e+02
5.900395804839238281e+02
4.914372716876305276e+02
4.041041039637897825e+02
3.270368963631288466e+02
2.440010327824807916e+02
1.646618489141015402e+02
5.547890085231352231e+01
-8.609149799253472679e+01
-2.358195134708763305e+02
-4.016332660266531889e+02
-5.217877247927257258e+02
-5.877638871805725103e+02
-6.345340140587627502e+02
-6.438698599408777454e+02
-6.460034372526680500e+02
-6.430764805889633635e+02
-6.034941050131388920e+02
-5.328744002182489794e+02
-4.850219947045310391e+02
-4.599079766847762016e+02
-4.347535912007865022e+02
-4.225609965964873709e+02
-3.828378105381748355e+02
-3.124355178462684535e+02
-2.419009775970019973e+02
-1.618131750839253584e+02
-9.823940163430748385e+01
-5.692044087202276614e+01
-1.863166126992125271e+01
8.446953914953242659e+00
3.248931847633431147e+01
5.480443011735025038e+01
6.387193352034814353e+01
6.117101322041575173e+01
7.740518840049567473e+01
1.134044876188781643e+02
1.551316309238437725e+02
2.103027415219499403e+02
2.578725171486835848e+02
2.961729125002363503e+02
3.420222103201115260e+02
3.906469804020110246e+02
4.200052893528123832e+02
4.297506413397115921e+02
4.267927334712722427e+02
4.052376429927517734e+02
3.816510043351820514e+02
3.563003023822504929e+02
3.156282417936237152e+02
2.627713451346242550e+02
2.069737303547446174e+02
1.471820615429046768e+02
8.079819889531219701e+01
9.693391688703458797e+00
-7.565157294611353223e+01
-1.759271300426771347e+02
-2.851121160279601554e+02
-4.055668442310039836e+02
-4.880738414162535719e+02
-5.272546505274962101e+02
-5.480883045851812767e+02
-5.363699067407345638e+02
-5.192202987175068074e+02
-4.980946382617340191e+02
-4.466231523449850442e+02
-3.698818403241382384e+02
-3.055726962785673777e+02
-2.531354598338839992e+02
-1.973050368203931271e+02
-1.470084158460255139e+02
-7.254714422948572405e+01
2.835555288651352868e+01
1.338885232845125870e+02
2.510319983076039136e+02
3.369499159586846417e+02
3.851957212720170673e+02
4.211125837817323827e+02
4.319279212679305715e+02
4.374791164817090703e+02
4.393416195972842502e+02
4.160345325097641194e+02
3.712268420196288048e+02
3.442181302789088022e+02
3.351881272898330053e+02
3.272297230799649128e+02
3.299067089225533778e+02
3.141365775155243796e+02
2.776422113325499481e+02
2.425806443802046886e+02
2.022092626885487334e+02
1.693917004792591854e+02
1.477220127305945425e+02
1.261856024316947469e+02
1.089996459471853285e+02
9.374194934070324337e+01
7.964152646633985455e+01
7.176379158557716664e+01
6.970441133096349517e+01
5.552226612744726708e+01
2.852662109603843987e+01
-2.790685110816761405e+00
-4.300483129296014084e+01
-8.032689649658556164e+01
-1.138006187146493318e+02
-1.530892891441409347e+02
-1.955430676955442095e+02
-2.284925774592389871e+02
-2.517912896318873379e+02
-2.695177671527728194e+02
-2.783296163410945496e+02
-2.877945436040038203e+02
-2.981293466692779361e+02
-3.015965351581216964e+02
-3.000555684264459728e+02
-2.988086035853432918e+02
-2.972996954752250076e+02
-2.941247973181416455e+02
-2.903963533616140467e+02
-2.807417520121252323e+02
-2.648227067911589643e+02
-2.461177079482397119e+02
-2.233347557774019094e+02
-2.005644342918978396e+02
-1.784518976282374467e+02
-1.540373184818734273e+02
-1.284729299042934372e+02
-1.000915463230266056e+02
-6.857746708450476092e+01
-3.572862941080718002e+01
-1.135007913653100609e+00
3.942024779828959424e+01
8.611481296301440125e+01
1.372517685613762524e+02
1.939604628066875023e+02
2.534449012470386151e+02
3.155931803155684179e+02
3.827947138119869237e+02
4.544986407465673324e+02
4.976497502341159702e+02
5.091970916780505831e+02
5.042772312723276968e+02
4.734030316670778689e+02
4.361904737093219637e+02
3.933568587372779461e+02
3.264721085930649451e+02
2.391187803496971185e+02
1.543015262823349190e+02
7.129051967932092282e+01
-1.903562941138469000e+01
-1.114090242754155895e+02
-2.248480432256341714e+02
-3.609000905199258113e+02
-5.060868605523709789e+02
-6.650003560388288406e+02
-7.719641749014849665e+02
-8.191244607429126745e+02
-8.408107422261145985e+02
-8.178508343202790911e+02
-7.851601032964223350e+02
-7.446741475499850367e+02
-6.615669035066559900e+02
-5.422776666657880469e+02
-4.394408629787548080e+02
-3.524589020776312509e+02
-2.595440872946720106e+02
-1.731855101470331704e+02
-5.241427378603031428e+01
1.060077383288623594e+02
2.718630275852210616e+02
4.548149884986300435e+02
5.885034734902999389e+02
6.632751173982819637e+02
7.175268251902831480e+02
7.315200866534288480e+02
7.368014066393935764e+02
7.356957068084807361e+02
6.945406560527958391e+02
6.191455686701655168e+02
5.691644930314773774e+02
5.447076897360947214e+02
5.202243550053708532e+02
5.101616264982910707e+02
4.699864932243287967e+02
3.961868410407682290e+02
3.224824042291479032e+02
2.385035058843490390e+02
1.698018625435522608e+02
1.223981485488885994e+02
7.660464362896864543e+01
4.052491686528183834e+01
6.971130460908913307e+00
-2.542492696656701767e+01
-4.570363414073306529e+01
-5.516235287827237244e+01
-8.546704743895878664e+01
-1.376032545441375703e+02
-1.969663361425608628e+02
-2.715645364424398736e+02
-3.399966371730955075e+02
-4.005724401719189132e+02
-4.705590421199369189e+02
-5.451300947478997614e+02
-5.926962403817150289e+02
-6.120230506501902710e+02
-6.144812441206544236e+02
-5.914469257960798814e+02
-5.651043174933938644e+02
-5.359537622944233135e+02
-4.851597017321248586e+02
-4.168999232341876109e+02
-3.471207406615041577e+02
-2.745814687472635569e+02
-1.940409685408641849e+02
-1.089210321840279363e+02
-4.215721960026389326e+00
1.211964297986013577e+02
2.573680152448674789e+02
4.079700386733305777e+02
5.118053430514142974e+02
5.619275065741089747e+02
5.899385421446196460e+02
5.781181741704189108e+02
5.596405476017121146e+02
5.363661379067312964e+02
4.757247226927045176e+02
3.839229149006932289e+02
3.088318700875727245e+02
2.498608397573989350e+02
1.874858845134681928e+02
1.330850876824046338e+02
4.924060103470145577e+01
-6.691799024459876932e+01
-1.877805401011680715e+02
-3.221233105884904262e+02
-4.116966760994467336e+02
-4.478912006074748433e+02
-4.645988348911523076e+02
-4.444488571031346851e+02
-4.148185377982550790e+02
-3.777374014815038663e+02
-3.037539923460867612e+02
-1.978810482682096108e+02
-1.127376867562509801e+02
-4.842429235893742145e+01
1.769399005635188260e+01
7.288710955227546151e+01
1.563990119339446778e+02
2.713585553560769199e+02
3.880682774038313028e+02
5.156874479822641888e+02
6.022882167799606350e+02
6.395562042421568094e+02
6.586204646925814359e+02
6.437865324563348395e+02
6.182545465798913256e+02
5.838180270585877452e+02
5.145562961390897954e+02
4.146153578649294218e+02
3.330451403160965356e+02
2.700646774876727250e+02
2.041707920285688260e+02
1.472358220347423128e+02
6.302801026489200353e+01
-5.143747436147665297e+01
-1.686679204689836808e+02
-2.971612196622747319e+02
-3.967934661478404905e+02
-4.607003985604657714e+02
-5.140224666495820429e+02
-5.445592011000895809e+02
-5.693067452192657356e+02
-5.897982658762904293e+02
-5.864266365161525982e+02
-5.622582791067277412e+02
-5.571890493156494131e+02
-5.716404789161405233e+02
-5.879949326400302425e+02
-6.160206509273755273e+02
-6.267924427352737666e+02
-6.179776407081402567e+02
-6.118382732319594197e+02
-6.016644205957568374e+02
-5.832329445869936535e+02
-5.584247002691129182e+02
-5.242531108249039562e+02
-4.799892356038926096e+02
-4.330125901448381001e+02
-3.829151016119543556e+02
-3.253486175707480470e+02
-2.616709990442761864e+02
-1.860394855403413317e+02
-9.738765407701927757e+01
6.921755046476825157e-01
1.100162647834939520e+02
2.287443639670769073e+02
3.567634913473132769e+02
4.966994740900086640e+02
6.483250801649942332e+02
7.595736895119782730e+02
8.256883752238857141e+02
8.710936375961964586e+02
8.809630962144606201e+02
8.860507607649433339e+02
8.877042172570065759e+02
8.571852499679746415e+02
8.002560899262837211e+02
7.534311646628021890e+02
7.157495022506080886e+02
6.729308416836192919e+02
6.334731776030971560e+02
5.675867946571572702e+02
4.729988995827127951e+02
3.711375840221510884e+02
2.549401040424889970e+02
1.629634838420933818e+02
1.010594154914386422e+02
4.573764379228626353e+01
8.417131114114315693e+00
-2.849713750025965453e+01
-6.662900104162886805e+01
-8.693996400888138965e+01
-9.281076560227026562e+01
-1.203617315802691792e+02
-1.699688441114111015e+02
-2.262343014209564274e+02
-2.980833898361930210e+02
-3.592124702400708998e+02
-4.076990416326690365e+02
-4.639218896145897588e+02
-5.219083674601025677e+02
-5.601637181554681320e+02
-5.787016691723252961e+02
-5.832612494362690541e+02
-5.681319325321586575e+02
-5.503747562316998483e+02
-5.301007172590240089e+02
-4.936330124080352562e+02
-4.441541262888738970e+02
-3.893737821449667535e+02
-3.280661716441554177e+02
-2.583567156396895257e+02
-1.816641291566350844e+02
-8.921642927789325483e+01
1.966280537531325123e+01
1.397482578572204943e+02
2.732852094126567977e+02
3.691610379683549468e+02
4.219593871158535876e+02
4.575230529454721591e+02
4.611771048426545008e+02
4.614099011783987407e+02
4.597900299952727323e+02
4.288868281107973530e+02
3.740940777107775830e+02
3.342798905344314448e+02
3.088926667966734954e+02
2.823568277049649282e+02
2.639143312398684884e+02
2.229635420118548552e+02
1.572275909955761222e+02
8.925691339802696689e+01
1.190825289133142384e+01
-4.926536626057063728e+01
-8.948179776584528611e+01
-1.260881850578562364e+02
-1.512976306071658712e+02
-1.748158210031803037e+02
-1.978506313140398447e+02
-2.085294538463096217e+02
-2.086856465942843215e+02
-2.253715820586047585e+02
-2.591399262704896387e+02
-2.979954042475841902e+02
-3.486974225459201762e+02
-3.922436303275531486e+02
-4.271911237224525735e+02
-4.685473920335628577e+02
-5.120105427900708719e+02
-5.353593983299049341e+02
-5.379999490939949283e+02
-5.272511198518145648e+02
-4.970913155824223963e+02
-4.637714063551729851e+02
-4.275571612392032534e+02
-3.749040480053419060e+02
-3.088546859107491969e+02
-2.395924125777309825e+02
-1.661105153484527364e+02
-8.526627038710070394e+01
8.391844066148310688e-01
1.023039241765267207e+02
2.198975934119260671e+02
3.471341115242562410e+02
4.865230452649745416e+02
5.876074571892756921e+02
6.448395594561059170e+02
6.838974077299326382e+02
6.902103858116130368e+02
6.915288938932261544e+02
6.893527605017187625e+02
6.566674886122697217e+02
5.986681086508908720e+02
5.541936018190953064e+02
5.226896848450288644e+02
4.884133724002086296e+02
4.605705400061181649e+02
4.086168800799684391e+02
3.302137250281181196e+02
2.478195702745134952e+02
1.542608843819201923e+02
8.096147520442674761e+01
3.326185712288435781e+01
-8.988100416332583720e+00
-3.632481541652597912e+01
-6.190760198246486823e+01
-8.710476659095566276e+01
-9.680702806956551854e+01
-9.349851612034636616e+01
-1.085445368747430450e+02
-1.424115804994731036e+02
-1.814060117764081781e+02
-2.333040024684933371e+02
-2.756398743804538753e+02
-3.067133789298856072e+02
-3.440554655396155681e+02
-3.825517056279094845e+02
-4.075420440072625183e+02
-4.194439193590920922e+02
-4.214219852977064988e+02
-4.096892020972623527e+02
-3.967123840025438994e+02
-3.825225177381516914e+02
-3.574971766149868699e+02
-3.239892551075535039e+02
-2.857818706275680256e+02
-2.419064275712423182e+02
-1.919320942570775799e+02
-1.364323910360378989e+02
-7.020006103565768285e+01
7.139294076419760771e+00
9.273938536360344642e+01
1.879562513544519788e+02
2.548684716662082224e+02
2.895642998234250172e+02
3.109846699882334065e+02
3.082646938766262110e+02
3.027580286576955473e+02
2.956034847102400249e+02
2.663612580691741414e+02
2.190718929014721823e+02
1.821201169940968612e+02
1.550462761399532496e+02
1.265330870595394117e+02
1.033079535152322990e+02
6.288986138934188830e+01
3.603360053644011796e+00
-5.804858834979481230e+01
-1.273246303367441357e+02
-1.742888857260370798e+02
-1.943032939446146656e+02
-2.053515343599904384e+02
-1.984772906457467911e+02
-1.872324783214799027e+02
-1.727392385645116519e+02
-1.401102271917504254e+02
-9.184557342290635518e+01
-5.580990849836893375e+01
-3.216949992033215722e+01
-8.870336461836222597e+00
7.295895596354982082e+00
3.684555607475353867e+01
8.139324156144751043e+01
1.252674590407097526e+02
1.732232272224195810e+02
2.041782584048364413e+02
2.143491934585277079e+02
2.171126932739850872e+02
2.059880489470672273e+02
1.895402859508311622e+02
1.685361209945065752e+02
1.327544978764228460e+02
8.368702488216180768e+01
4.262408596590938004e+01
9.773701697099715702e+00
-2.440643642906054112e+01
-5.473431195977701691e+01
-9.664376444638560315e+01
-1.514372422807313683e+02
-2.072936244315425824e+02
-2.678334271074449475e+02
-3.069305692730529813e+02
-3.207020594988615585e+02
-3.240708187612593747e+02
-3.091903146468143859e+02
-2.884411679392253518e+02
-2.626333729672671780e+02
-2.184037127011143866e+02
-1.579533956153853467e+02
-1.048438418157339953e+02
-5.904141625347573807e+01
-1.031828696063957373e+01
3.568171371329424346e+01
9.669277435818173672e+01
1.741942997892679443e+02
2.549048538533830879e+02
3.430201103632090849e+02
4.009247803677597517e+02
4.234794803466475059e+02
4.314609977765138638e+02
4.137098150348042509e+02
3.889355977470677885e+02
3.582958871531466229e+02
3.022791269290563605e+02
2.242762748681769267e+02
1.566916331077845825e+02
9.937026130376145261e+01
3.850933137524559413e+01
-1.814724942887205827e+01
-9.527968430329501359e+01
-1.948938078656721586e+02
-2.985918367060805281e+02
-4.121964405120683068e+02
-4.857990123523997568e+02
-5.125106044389576709e+02
-5.200889412163135148e+02
-4.937189010043192638e+02
-4.580378976992246294e+02
-4.146080292289030353e+02
-3.376324223677966643e+02
-2.315817808049624773e+02
-1.396738908433559914e+02
-6.173677325565217444e+01
2.066245663063273597e+01
9.718079134568073130e+01
2.006490504908394428e+02
3.337302759464385531e+02
4.719069963245839290e+02
6.229154077394148317e+02
7.247982035024833749e+02
7.688298107733908182e+02
7.898448062394833187e+02
7.694145366663575487e+02
7.377492478235561748e+02
6.968259796033313478e+02
6.147735972088427161e+02
4.970724952570149071e+02
3.980360126803541334e+02
3.175239388710953108e+02
2.322931942956866749e+02
1.553711453527321851e+02
4.567981055742770025e+01
-1.001106969966818525e+02
-2.512370573639571774e+02
-4.173646857516782802e+02
-5.393631046767150110e+02
-6.081752521822792232e+02
-6.587616922834364459e+02
-6.734000160436502256e+02
-6.793215314129142826e+02
-6.786195667761891173e+02
-6.415763095036168124e+02
-5.731563159080905052e+02
-5.281530365789880079e+02
-5.067913430498408616e+02
-4.853396854117398220e+02
-4.770944252115639870e+02
-4.414684439355842756e+02
-3.752154596034502561e+02
-3.091756909901973813e+02
-2.338894972812423134e+02
-1.712225158295394181e+02
-1.265388772113307425e+02
-8.255668968507356453e+01
-4.625975796069244694e+01
-1.192460706184392194e+01
2.165968364308684357e+01
4.527952267112154061e+01
5.996269590545751527e+01
9.367022257042951594e+01
1.473354728998486110e+02
2.079939070361676272e+02
2.827403247658743908e+02
3.528247281154474990e+02
4.167668795174928391e+02
4.897737645412422580e+02
5.676290050381260244e+02
6.150836108227960040e+02
6.303056601925351288e+02
6.268218285247338599e+02
5.948900366480290813e+02
5.583197229930448202e+02
5.177185480291874455e+02
4.524074935132326800e+02
3.668406227862769242e+02
2.803975750271696938e+02
1.918360436262840665e+02
9.438636831182805054e+01
-7.711351634290914525e+00
-1.320304627053629076e+02
-2.799191769115367379e+02
-4.395120037489193692e+02
-6.150949566172785126e+02
-7.329975687133780866e+02
-7.848122383787225544e+02
-8.084452837076562446e+02
-7.825185719127850916e+02
-7.469493330313691786e+02
-7.039085492019356707e+02
-6.141159098434316093e+02
-4.849892019225965214e+02
-3.741522951503995955e+02
-2.808395986463314102e+02
-1.814655548884310861e+02
-8.968410706935139842e+01
3.964859974869472836e+01
2.100485147226127367e+02
3.883024828658186607e+02
5.850424838454221117e+02
7.191018736933447144e+02
7.790274420403234217e+02
8.108723119271589894e+02
7.905473746867248792e+02
7.574110982910619896e+02
7.141777903108063583e+02
6.193121440151739989e+02
4.800281432087688245e+02
3.676970166639830495e+02
2.822439096147902546e+02
1.932102846017540685e+02
1.177865843081185631e+02
2.226026361252280594e+00
-1.577535833454857084e+02
-3.217218825047086170e+02
-5.022574549805341917e+02
-6.261977732545874460e+02
-6.820328365832750706e+02
-7.134238979590610370e+02
-6.983398436972719310e+02
-6.698451917219676943e+02
-6.305060513209659803e+02
-5.437288791664860810e+02
-4.154795328716738254e+02
-3.143314679185166938e+02
-2.405905140469477317e+02
-1.643489239066539369e+02
-1.022281027078116153e+02
-3.539965392046749315e+00
1.358352488950646375e+02
2.773971311941288604e+02
4.329977683343491321e+02
5.405007167455109993e+02
5.896508960306299514e+02
6.183682618306836503e+02
6.078084562558045718e+02
5.851128617339662696e+02
5.525013631457065912e+02
4.792106448591235335e+02
3.700929723105342077e+02
2.851615093715392959e+02
2.248266690943121091e+02
1.626660302093530674e+02
1.132649924418125096e+02
3.261861082032761772e+01
-8.288290564090414136e+01
-1.996752939125599369e+02
-3.280453351961080557e+02
-4.158888051203211376e+02
-4.544528015406510235e+02
-4.757812944923964551e+02
-4.640262392202360502e+02
-4.416567381152094640e+02
-4.105401504535940944e+02
-3.449688981388633238e+02
-2.489407403052167069e+02
-1.733412883205422759e+02
-1.185571980681688018e+02
-6.210198887046622929e+01
-1.635090831852878779e+01
5.590973824426498595e+01
1.577473657764283246e+02
2.607436537906798435e+02
3.736008506271365377e+02
4.481163925258954919e+02
4.764549688230191578e+02
4.876514749436851730e+02
4.670939160388486471e+02
4.361480765285061807e+02
3.964701649618630768e+02
3.240265442565966509e+02
2.226139665186615275e+02
1.382706592412270084e+02
7.122991056131003518e+01
1.237307827031525420e+00
-6.055970076804610613e+01
-1.481026591088908333e+02
-2.642028636272028734e+02
-3.830865334275821965e+02
-5.127199205995982538e+02
-5.980355620887088435e+02
-6.308024045261170158e+02
-6.427483112057240078e+02
-6.173516969178151612e+02
-5.805388600489044393e+02
-5.340841345929650288e+02
-4.499492462549130778e+02
-3.327785712763026140e+02
-2.325106124506164065e+02
-1.491447372303437646e+02
-6.102975949168595804e+01
1.983012092167550122e+01
1.308709362568618815e+02
2.751779262974357039e+02
4.246069871498023645e+02
5.879782450349645160e+02
6.958764818819154243e+02
7.384279689027331415e+02
7.547586562008650617e+02
7.241829376344416005e+02
6.803918851679912905e+02
6.255855359609533934e+02
5.240805473755463026e+02
3.819654717304364908e+02
2.604358237982124251e+02
1.593466739944367703e+02
5.243801385819156735e+01
-4.561597259403576032e+01
-1.810592252153125230e+02
-3.576613122360486727e+02
-5.407912037260277884e+02
-7.413414843455415166e+02
-8.778169493509592485e+02
-9.384928194999235984e+02
-9.697212319063887662e+02
-9.472087203832396654e+02
-9.101715370815026063e+02
-8.612642509066635057e+02
-7.587762678179217346e+02
-6.098201326189358724e+02
-4.868224811044936473e+02
-3.897072817695628828e+02
-2.873712703076220691e+02
-1.972294795285313853e+02
-6.476634659082125722e+01
1.144324149786512095e+02
2.994117910829807556e+02
5.029771917868811784e+02
6.501988274475676235e+02
7.293729447773280299e+02
7.851964514727490041e+02
7.951486327769080162e+02
7.932714172913947550e+02
7.822341173449966618e+02
7.245373371816015151e+02
6.263644258962057165e+02
5.579163342002171930e+02
5.195408973687536900e+02
4.807097454897513558e+02
4.584712595331442913e+02
4.009824093060736345e+02
3.040757736012387795e+02
2.071991080097721749e+02
9.826606212269966534e+01
1.322203867337131555e+01
-4.024361154102970772e+01
-8.795210161361015366e+01
-1.186405818534232139e+02
-1.441967901591475538e+02
-1.663159932351824182e+02
-1.687891597607251413e+02
-1.537339537249748673e+02
-1.626676875911736602e+02
-1.965991065006057283e+02
-2.365783797190157713e+02
-2.929830874049557110e+02
-3.370886566934052553e+02
-3.665836140812280064e+02
-4.042536341222175338e+02
-4.435391346553139442e+02
-4.631492844863921050e+02
-4.634418590999892444e+02
-4.496566337819671730e+02
-4.162581652432158990e+02
-3.807072535343136792e+02
-3.431315672363272142e+02
-2.898612654663144212e+02
-2.242093392669304706e+02
-1.524629628230108551e+02
-7.332705631407623059e+01
1.425516969111568244e+01
1.092136882998493377e+02
2.194288943438924662e+02
3.454579089946195722e+02
4.827878220080196456e+02
6.334349421805197835e+02
7.341106314016072929e+02
7.782091572911691628e+02
7.970810747945228059e+02
7.725112627750927459e+02
7.400771596546920819e+02
7.015494673235837126e+02
6.226988247663563243e+02
5.101617931981389802e+02
4.111573429392290677e+02
3.248029001706757413e+02
2.321198359825056343e+02
1.442126118673690485e+02
2.346246219006369671e+01
-1.330381001595518171e+02
-2.978749546497807614e+02
-4.799346753522861491e+02
-6.093034830863565503e+02
-6.762909843894939286e+02
-7.204011935201698407e+02
-7.209550740580618822e+02
-7.121668511233447134e+02
-6.964087271859979182e+02
-6.378476668119398028e+02
-5.428021756115285825e+02
-4.722651646420777638e+02
-4.261678955107170736e+02
-3.786183893027426848e+02
-3.443258660420850674e+02
-2.773202619999746616e+02
-1.739870053519807698e+02
-6.893497119040713983e+01
4.856380761964064874e+01
1.374401960115457371e+02
1.900357331563849925e+02
2.335938120453496936e+02
2.555146886262390353e+02
2.717158146491856314e+02
2.839454435555477403e+02
2.727922555129875377e+02
2.411443045043859286e+02
2.321471759727878634e+02
2.465200359518897528e+02
2.649906396537192563e+02
2.982307761126222658e+02
3.155929499477503555e+02
3.146317216893473869e+02
3.192676025528047035e+02
3.224551167287031603e+02
3.158050517927158012e+02
3.010384712716820559e+02
2.769452295460124560e+02
2.417031019909506711e+02
2.055646185500359593e+02
1.682852508957974749e+02
1.231470572222246460e+02
7.211351323441273564e+01
1.176682038862380253e+01
-5.902219813778459923e+01
-1.374063329330650731e+02
-2.246057003881195158e+02
-3.208035745102405940e+02
-4.259673222312351299e+02
-5.412136265375215771e+02
-6.667463945349313690e+02
-7.464135806263693667e+02
-7.748636576389899346e+02
-7.787253445780340826e+02
-7.419329330990866538e+02
-6.971795462649669162e+02
-6.458969869611418062e+02
-5.572260599878501353e+02
-4.372460811099508646e+02
-3.258395234041856838e+02
-2.219813766329617692e+02
-1.098966170080190210e+02
1.147026463430844245e+00
1.435857980061705632e+02
3.199484757981786629e+02
5.069142078884222542e+02
7.122044768120614435e+02
8.510978949266657310e+02
9.128471144183957904e+02
9.430528212717814540e+02
9.168500878092761468e+02
8.779032478526453360e+02
8.288327976067204190e+02
7.252746969227271165e+02
5.752713815545959051e+02
4.488927615609164832e+02
3.456040879170840299e+02
2.360849203650843151e+02
1.370533373500565801e+02
-5.386740778784819383e+00
-1.955039313812234525e+02
-3.932627956840007073e+02
-6.113384661890040661e+02
-7.632725462047758356e+02
-8.363517807910936881e+02
-8.806149219649034876e+02
-8.702728654956916898e+02
-8.462083821777949879e+02
-8.113840599430574230e+02
-7.219380393694091254e+02
-5.853361570774417260e+02
-4.795438234355564191e+02
-4.046668476781691197e+02
-3.271714495660459079e+02
-2.658973768434120188e+02
-1.625892400165163849e+02
-1.258640133603918088e+01
1.400910243083478690e+02
3.090578187182820784e+02
4.341692095771535378e+02
5.048557485498727146e+02
5.594422857661051012e+02
5.795870621732760810e+02
5.900857460231233063e+02
5.933026303184818744e+02
5.601419265390753708e+02
4.950744963701713459e+02
4.587868104982482578e+02
4.520158360567062914e+02
4.478507033270720967e+02
4.611842563469054426e+02
4.482630291466925883e+02
4.055563582063137460e+02
3.668539348239149263e+02
3.220220520043954480e+02
2.827223864052894555e+02
2.536992574874555544e+02
2.220325644897841642e+02
1.919059585148694396e+02
1.642125252518511047e+02
1.380213744923514128e+02
1.167575333245796116e+02
1.006857966546588443e+02
6.799658210739488595e+01
1.751472368056661466e+01
-3.995711034306040688e+01
-1.100877633249001804e+02
-1.793689175599652117e+02
-2.466646360463676615e+02
-3.234548624912809487e+02
-4.067418860435710712e+02
-4.655894223372229703e+02
-4.982740341525671965e+02
-5.172371315099011326e+02
-5.139535877244463791e+02
-5.089514880445380527e+02
-5.028951243624561016e+02
-4.778945790819331023e+02
-4.378580883855019010e+02
-4.004427799178820351e+02
-3.647033476212813525e+02
-3.244550959555825784e+02
-2.836590465627834305e+02
-2.267182919572132960e+02
-1.525067731376770155e+02
-7.178563145811385482e+01
1.917609871546522982e+01
8.804683334567729958e+01
1.306572922412608477e+02
1.650726485294425174e+02
1.818695026202668146e+02
1.973836290759265353e+02
2.128017649632550388e+02
2.115018858356820033e+02
1.966024508824586974e+02
1.954713757252591222e+02
2.080924393496864298e+02
2.231172948434718535e+02
2.471951819053917063e+02
2.596784999803659844e+02
2.590476121865823416e+02
2.609379217747510893e+02
2.606014574316349126e+02
2.531961271219413447e+02
2.398351108918525938e+02
2.192795537923936422e+02
1.904590679470103112e+02
1.596889329506246042e+02
1.267121283119959401e+02
8.739056556323130565e+01
4.287540270418131882e+01
-9.332573382531077044e+00
-7.000759810714946241e+01
-1.372980812567277553e+02
-2.121036722021105447e+02
-2.944089725752312461e+02
-3.842413050112692758e+02
-4.825182981052500395e+02
-5.893870488225114741e+02
-6.585864127110910431e+02
-6.856974233985379215e+02
-6.926442622766523982e+02
-6.661829593540926453e+02
-6.332715446132134502e+02
-5.950829971654627570e+02
-5.261696149479545284e+02
-4.315398673743798668e+02
-3.441711718215804012e+02
-2.632243234163548209e+02
-1.756422413509085629e+02
-8.909063457489567384e+01
2.323680344037143897e+01
1.634314679016516720e+02
3.122141463463503896e+02
4.759660493718817520e+02
5.942736826620320016e+02
6.592418564825981093e+02
7.040673421693260252e+02
7.109975729994969242e+02
7.106224999470456396e+02
7.049222486531807590e+02
6.625442561859946409e+02
5.891617511925746840e+02
5.358044003229958889e+02
5.022497027547419748e+02
4.670826149343213842e+02
4.425587600945581812e+02
3.898024497288320731e+02
3.057797407719019702e+02
2.195859882489261850e+02
1.221356388066720484e+02
4.618806848297521128e+01
-2.038006505350709041e+00
-4.469502132556345941e+01
-7.173763857400622612e+01
-9.556613850398338172e+01
-1.176606253166413723e+02
-1.227203362725565228e+02
-1.130336050121555189e+02
-1.235833759839756851e+02
-1.550482263354072359e+02
-1.918144030458416012e+02
-2.425879901492851900e+02
-2.827257873094970364e+02
-3.103044808912798089e+02
-3.447030673862665253e+02
-3.803015875041777463e+02
-4.014917179441807207e+02
-4.088135212031526180e+02
-4.055162860210703002e+02
-3.876021537682383382e+02
-3.684987619658397762e+02
-3.482451601198488902e+02
-3.165642653412447771e+02
-2.760062252954598421e+02
-2.302252284987483222e+02
-1.781684941956791590e+02
-1.195999394480334814e+02
-5.503799557182072277e+01
2.083580432192341192e+01
1.083879243218622577e+02
2.047712926330111145e+02
3.113710967363190321e+02
3.849348869751786992e+02
4.210182259666688083e+02
4.410854202023315906e+02
4.327322366710848200e+02
4.203710822353011167e+02
4.052615660754613600e+02
3.640339029632661436e+02
3.012838347180735354e+02
2.491950184825320491e+02
2.071984841965397095e+02
1.624455216133608246e+02
1.225355892604474946e+02
6.188042580461740982e+01
-2.145284573056214583e+01
-1.087501114645706082e+02
-2.060214393281630691e+02
-2.739564025149513213e+02
-3.067716578291622227e+02
-3.274269378471247478e+02
-3.242277243229724490e+02
-3.156543963898854486e+02
-3.031189738383877739e+02
-2.667932541287848380e+02
-2.100917607729522558e+02
-1.685185596080674486e+02
-1.421740261027561019e+02
