2.881646895110421269e-01
3.941738157405783038e-01
-7.095795116228191812e-01
3.944989926078932285e-01
-4.417712304441628879e-01
1.366129459049422179e+00
-8.379688557823449235e-01
-1.258242855857143239e+00
1.979629061117995859e+00
-1.451297703191836597e+00
9.213180200681160281e-01
-3.183094134709011369e-01
-2.887110387040274784e-01
5.089291321787839939e-01
-1.408375542106620637e+00
3.032838543869236680e+00
-3.378145282801154448e+00
3.226586743678088176e+00
-2.055973032730465277e+00
-1.166049543771503716e+00
1.526311757882758524e+00
1.964866710564620922e+00
-1.889986180580122799e+00
-2.189338956171742900e+00
3.092648060903889551e+00
-1.094058643557841881e+00
-1.302211861348515076e-01
8.171272189809004605e-01
-8.270193229565863113e-01
3.414121662625920761e-01
8.778226957449884738e-02
-6.161266424891497229e-01
4.419225984189193990e-01
1.818504087848910877e-01
-8.534237856058835003e-01
1.985634646887134869e+00
-2.123792426759686602e+00
4.266763290648349916e-01
-3.960483119184661227e-01
3.320554539531438643e+00
-2.351105557128709389e+00
-2.813115624023437178e+00
4.335418423196617965e+00
-2.973145145254711075e+00
1.197500228321036975e+00
1.387879930146367347e+00
-2.179208550688075618e+00
1.218625470143172240e+00
-7.810396042669306427e-01
9.032758366772013492e-01
-9.234675142871906495e-01
2.500303056268345925e-01
-2.191964764863081339e-01
2.292356409667604566e+00
-1.146763362324356050e+00
-4.702800743871408784e+00
5.221549905381787759e+00
4.430659494910678120e-01
-1.610499521935103706e+00
-1.848439674560308665e+00
2.594224960850707973e+00
-1.384876256337450151e+00
2.481898677007354781e-02
2.664880257469907754e+00
-2.408405778950692078e+00
-1.757269166133914595e+00
2.147038001173916300e+00
1.474176976643977177e+00
-2.286099708735270575e+00
8.659998217663532616e-01
5.348516297996079860e-01
-2.441423650648136601e+00
2.557463977989372861e+00
-8.762183850922242723e-01
1.356870248971085713e-01
-2.603078765048866816e-01
4.085541514682080599e-01
-3.795840057112275234e-01
5.602793490502362417e-01
-1.320049072623986852e+00
1.099611902520592377e+00
3.967865375714244025e-01
-7.510849346898624823e-01
-4.660852390571705861e-01
5.420049106412152540e-01
1.131491267747016360e+00
-8.013657764265428307e-01
-1.572356130089455295e+00
2.199576780346601534e+00
-2.096484239529761151e+00
9.813322456048955145e-01
2.675751450750575522e+00
-2.175913742406240026e+00
-3.287794494392455746e+00
4.134007200252781011e+00
-5.845538649104831119e-01
-1.383301265288577442e+00
2.016801556464606904e+00
-2.282973196231234958e+00
1.767243848387215266e+00
-1.637153170611658437e+00
3.118360257119347168e+00
-2.000140291760168054e+00
-2.841048667121103488e+00
3.239595175395850735e+00
9.673644496108528834e-01
-2.395485716023639355e+00
1.395207416221559527e+00
-5.653328298119899564e-01
-2.353932038981659536e-01
4.618158142146762124e-01
1.134187048273160581e-01
-4.720133324580614853e-01
-2.808999128274892176e-01
-7.270845706009367859e-01
4.281947666713480594e+00
-4.568368275325277672e+00
1.450845793997158406e+00
-1.032206987634948503e-01
7.289838511725282855e-01
-6.623458865211030444e-01
-8.733803764106842227e-01
7.611381409898820838e-01
1.994429595064005856e+00
-1.554449163443466064e+00
-2.647091624902581319e+00
3.852167635281899205e+00
-1.583406090156104673e+00
1.269021397556970632e+00
-3.126296327128997632e+00
2.840331204610510252e+00
-1.526662423327673768e+00
-4.702867008774619939e-01
4.704800239304165466e+00
-4.270911076244477300e+00
-1.435599636709400162e+00
3.121074777583097593e+00
-7.708941444347022776e-01
-4.045651420228535064e-03
-6.655955206399007951e-01
8.666369432154602537e-01
-1.022102454287635354e+00
6.525702800373591739e-01
1.120372873111364020e+00
-9.920096127221154081e-01
-2.029140723965281001e+00
1.649171052066087606e+00
2.504180904214558190e+00
-3.873388657679357472e+00
2.225730267607091584e+00
-1.693724626334249361e+00
2.708299166282161607e+00
-1.957882726084283265e+00
3.670098389733533750e-03
1.210134710557494886e+00
-3.728798966963497108e+00
2.456419382069867208e+00
4.714775573368758188e+00
-4.407253731143303099e+00
-3.735079359909574848e+00
6.483942653738534290e+00
-4.400511342779090285e+00
2.419042261564663843e+00
-8.096128411400063118e-01
-7.183050571128167805e-01
2.581834789354692461e+00
-2.836949549370017643e+00
1.654868403783424036e+00
-1.040292181044755182e+00
5.371140365649806903e-02
-2.362012110672190857e-01
3.067564111486527079e+00
-1.673407841994394740e+00
-4.212120429550941125e+00
6.151336877947852777e+00
-4.790725680970869149e+00
2.798005536237182511e+00
-5.366916558512996316e-01
-1.289623561154993547e+00
3.397375705423630876e+00
-3.252137276897244522e+00
1.110502916084025848e+00
-1.546298862520684991e-01
-9.715817479609062390e-01
3.737208127184238338e-02
4.614333895503207827e+00
-4.120872704354592742e+00
-2.446800394708148918e+00
4.138668064201163510e+00
-4.084481026048943919e-01
-3.929272365582268667e-01
-2.241201824267161857e+00
2.241470178510838629e+00
1.950563999511731872e-01
-1.303418285776079211e+00
1.908878174433526809e+00
-1.128464666691451512e+00
-1.740560960015484548e+00
2.065783546591361652e+00
5.106267567669261487e-01
-1.103220230644339939e+00
-5.515542952829974865e-01
8.653347362161327716e-01
2.407474204323073463e-01
-2.772982984017374752e-01
-2.997447424040370345e-01
1.100526281041610543e+00
-2.872366952926066475e+00
2.781771222708483648e+00
1.836054125378320245e-01
-4.676108946430679314e-01
-3.158908607961099957e+00
2.595817097036750898e+00
2.402084924664810828e+00
-3.854647005758751188e+00
2.578233339054387674e+00
-8.158883503726556130e-01
-2.056152847217076918e+00
2.784283530598044010e+00
-7.633905590208238667e-01
4.629522689116704059e-01
-2.949020055514709249e+00
2.383589103753987359e+00
1.977525866921068243e+00
-2.714257474138712656e+00
-3.543378539724479914e-01
1.585327933472159279e+00
-3.923907049149039095e-01
4.778320587467738689e-01
-3.076634042236853439e+00
2.356673020804530339e+00
2.431464454526240715e+00
-3.129872183961090126e+00
3.365270290330772962e-01
1.220150312536236292e+00
-3.265424406791671341e+00
2.247139698132005758e+00
3.965847387660536683e+00
-3.892869021964502352e+00
-4.277469365847560212e+00
5.291181651375534756e+00
2.234975034659447246e+00
-3.616539038886101398e+00
-2.189318544750937345e+00
2.756856642909636168e+00
1.938927714392382651e+00
-3.399219119789452570e+00
2.707271287138262927e+00
-1.043450174943435949e+00
-2.665876834785754212e+00
2.903097643384515703e+00
8.773455576111192089e-01
-1.772690356215837593e+00
-5.402840435873800251e-01
9.786406954785670242e-01
7.500618056050423199e-01
-1.097968575217753706e+00
-3.087330640397772386e-01
4.610361807253356980e-01
1.208236042019096734e+00
-1.171480110032698807e+00
-9.341412741158587885e-01
9.801797277652696261e-01
5.597697516894710734e-01
-1.719106027264405867e+00
3.246020088521516023e+00
-2.671845020455909214e+00
-1.087563222019756193e-01
1.254900881250775369e+00
-1.112244635331164799e+00
8.281497132993483890e-01
8.454437566718930874e-04
1.730182757672343863e-01
-1.853063390576377589e+00
2.191836029154143883e+00
-9.249251694076099373e-02
4.011628735958655545e-01
-4.454819175264285391e+00
3.895472002994273542e+00
1.533366263416271913e+00
-3.411075140798901728e+00
2.181369164713535813e+00
-9.377555416388850817e-01
-2.825384886718765864e-01
1.119862476939630369e+00
-1.506897164448256055e+00
1.372706248355321845e+00
-1.980348862163979540e+00
8.700793181730019921e-01
3.911232254268773190e+00
-3.167739583943223636e+00
-4.156616513462274121e+00
5.578746818035566157e+00
-1.152307504844559904e+00
-8.854201662086487179e-01
5.808832253179911920e-01
-6.561774200909531451e-01
1.188267827949698319e+00
-1.180879511182264530e+00
6.786130862040227196e-01
-2.467948829398879662e-01
-2.152531858907845430e-01
6.513030174759704138e-01
-4.516700468796617240e-01
1.061882279523203465e+00
-3.533633140509391701e+00
3.156466677134512899e+00
8.500159420074685501e-01
-1.450256266891285284e+00
-1.497141902225126664e+00
2.285488069802165789e+00
-1.281043231256765225e+00
4.212947873929482889e-01
8.158816344214929739e-01
-8.827121222834266590e-01
-8.751996380729616387e-01
8.048637078959430813e-01
1.727177206110033891e+00
-1.835591057109524860e+00
-9.187458566577727526e-01
1.702609623565825236e+00
1.340257951229588684e-01
-6.598825635826097158e-02
-2.710409851882143784e+00
2.676854959482754204e+00
7.099579776510028806e-01
-1.484066138907804255e+00
-5.002563890885123321e-01
7.497065371716264970e-01
2.807891920176012746e-01
-1.211136651396832464e+00
2.882043861611882640e+00
-2.616245143353797875e+00
-4.721599734229126044e-01
6.698865869957487673e-01
2.406100361996038384e+00
-2.602906459891667357e+00
6.792393990782109592e-01
1.095881011030838126e+00
-3.882206007086217436e+00
3.555669388399413933e+00
5.104001873128793942e-01
-1.425199486586638198e+00
-9.670569271330157202e-01
1.604867563011570741e+00
-4.043483365640497262e-01
-9.575608339817039127e-02
-3.632398620208134865e-01
-4.212763164788021347e-03
1.012698742381227701e+00
-1.287488904157508385e+00
1.898338568654412972e+00
-6.820635842016171679e-01
-3.377563879172899686e+00
3.667963734487111882e+00
1.503792702554580529e-01
-1.340677461174898610e+00
-8.081286657106362403e-02
4.478771901480259610e-01
1.185057203855825469e-01
-5.837104228543660289e-01
9.116847916356856096e-01
-1.114816417568845308e+00
1.249645274843597775e+00
-1.003021458111350794e+00
7.736064363335652949e-01
-2.183521880894199185e-01
-1.582110763045618818e+00
1.425291290051814652e+00
1.977196629421178908e+00
-1.693690852612228737e+00
-3.098686278692667884e+00
3.570222267561394158e+00
1.132862301242520964e-01
-2.129552306840665210e+00
2.420934735492194179e+00
-2.523363658494369943e+00
3.201721224397485521e+00
-2.161654254661180552e+00
-7.678816598526965187e-01
1.503462662755457924e+00
-1.083482215938020410e+00
-2.728622314536699456e-01
3.922290250285530355e+00
-3.601400337591261103e+00
-1.369246724062515685e+00
2.447713707588019094e+00
1.682361122848674562e-01
-1.240140276878130665e+00
1.305812380754810320e+00
-5.170561069541727006e-01
-1.298085838781753987e+00
1.968386609192559256e+00
-1.260785723217614507e+00
9.687162619659859253e-01
-1.633193398519589001e+00
6.599309635159640308e-01
1.905678414334045723e+00
-3.255835835241888798e+00
3.522903461204236919e+00
-3.228175775479362741e+00
2.845172246421105999e+00
-1.749696390074459318e+00
-4.087977079246888357e-01
9.529737930401275259e-01
-1.855777418443689541e-01
-1.043056910107827417e-01
9.774860330836290245e-01
-3.511062102626932857e-02
-3.813349089576262507e+00
3.766914230139763120e+00
6.182313184227103964e-01
-2.110077049007502925e+00
4.172167671625899854e-01
-3.609170445562173701e-01
1.961088076830245663e+00
-2.272577020545619497e+00
1.899448143962136015e+00
-8.997886643700143683e-01
-1.547394436691228892e+00
1.754565523913488523e+00
9.544199168392636379e-01
-9.420696563153292402e-01
-1.868576711770365550e+00
2.805012333805851465e+00
-2.115611664720067342e+00
1.262945133212777460e+00
-3.699903687132672925e-01
-4.402411323019688738e-01
1.316487675837026305e+00
-1.532814411189332260e+00
1.277251516030879497e+00
-1.107670702641514460e+00
1.459365815368723340e-01
-3.978319444333840438e-01
3.349068151016199923e+00
-2.250400537469722906e+00
-3.706682156323853228e+00
5.127591152001728325e+00
-1.922158154278759579e+00
6.046770593925600012e-01
-1.134778911128371925e+00
7.339186152747273484e-01
-3.230851886312656740e-01
-8.337486163103152714e-01
4.323767581892423273e+00
-3.504133382141838116e+00
-2.431523330686331530e+00
3.785013614058831521e+00
-3.777360776681610854e-01
-1.135942671221111810e+00
-7.797699091125875892e-02
-5.770327505669412549e-01
4.161718710782715824e+00
-3.910379335439443160e+00
-4.538052111224795127e-01
2.104435075165383306e+00
-1.071561586165588720e+00
8.068870486853754187e-01
-1.165126607226744104e+00
1.200854712231104404e+00
-1.414889550850356947e+00
7.431306136491271364e-01
1.572533547880671900e+00
-2.043814192491898218e+00
-7.083578128642105121e-01
1.278936233282461921e-01
5.158427800648314410e+00
-5.001472482179322832e+00
-3.350370545102050457e-01
2.472484970902523838e+00
-3.252119228249862104e+00
1.373817124506272691e+00
5.041396850996434864e+00
-5.237417109695841511e+00
-1.374737093735809434e+00
2.816198093819577863e+00
2.477261258204932481e-02
-2.313955327595545786e+00
4.959135726052816828e+00
-4.729272155472075134e+00
1.595228095460402562e+00
-4.903530820368606769e-02
1.706882092827904929e-03
8.270456526103794892e-02
-4.120461636877029155e-01
3.900437603412746368e-01
4.236760511656007533e-01
-2.483749775304073537e-01
-1.360851251751133306e+00
1.279806022704707225e+00
4.988651525720163016e-01
-1.160284569085604733e+00
1.129646045896633089e+00
-6.584392982564784003e-01
-6.013805875490627617e-01
4.776788285783254429e-01
7.689773898356022652e-01
-1.614917192668013923e+00
2.163020775772219295e+00
-1.647539982596504915e+00
1.211150659872827884e+00
5.872414057920444241e-01
-5.170235501610152440e+00
5.137219667283545732e+00
4.987100400128530175e-02
-1.498739953911068179e+00
-6.786268777355419779e-01
1.476829679866367595e+00
-1.237176292813710887e+00
8.194530833880389054e-01
4.894758620858274401e-01
-5.537118388952395609e-01
-1.929160125145859439e+00
1.157438422620729046e+00
3.891789756083199325e+00
-4.413598190384833586e+00
1.658395618948838024e-01
1.511912970465668415e+00
-4.708936090559205923e-01
5.742393630534518012e-01
-1.777321132728909348e+00
2.138265127666015619e+00
-2.183200938759890963e+00
1.522606606341916136e+00
6.145071419364445120e-01
-7.772372355204912875e-01
-1.842098874760327742e+00
1.655585833856427991e+00
1.730644291738233864e+00
-2.631043488205025760e+00
7.987422571699658302e-01
-1.490271345897207222e-01
1.132505030197737961e+00
-5.139722147891583326e-01
-1.676906006627068013e+00
2.572661074043276042e+00
-3.006072011297094004e+00
2.460240232752235912e+00
4.640072248882477490e-01
6.757210293788040723e-02
-5.057150275916725946e+00
5.312320326945792814e+00
-1.036613170813894813e+00
-1.154349977508835057e+00
1.803167203596044654e+00
-1.562301535981989176e+00
1.011825759592525631e-01
2.916779117374307395e-01
8.512829186361371425e-01
-6.937467916961193026e-01
-1.558670753586012259e+00
1.755747535166641393e+00
1.134220774308012381e+00
-7.650516467444365976e-01
-3.480419816921939802e+00
4.395156623886728120e+00
-1.682526590984312787e+00
7.364079796899889452e-01
-1.859457724914230781e+00
1.333432448146640636e+00
4.200301037806753457e-01
-1.628335495292094315e+00
3.437627851265819601e+00
-2.922336856116992454e+00
-1.473066482313997838e+00
1.674146823424556674e+00
3.790108757069603040e+00
-3.450921103367672327e+00
-2.820340459679810508e+00
5.202207768984499658e+00
-4.398167971522468633e+00
3.079648834886751896e+00
-9.940990568554770590e-01
1.841857309707086443e-01
-6.303959851404261627e-01
8.140812677155179200e-01
-1.844002221882885817e-01
1.073629044006023658e-01
-2.049910445352108201e+00
7.952588209731541458e-01
5.038231190505088719e+00
-5.595093779154179714e+00
3.290620476546026740e-01
1.112150501964113802e+00
1.253540548455264192e+00
-1.959320417624122568e+00
1.127495864691983263e+00
-4.166229154547133051e-01
3.150007343027774742e-02
6.541627761519647200e-01
-1.409765801327824031e+00
1.531640089436234753e+00
-2.319783230236533100e+00
7.268988541779470847e-01
4.206088170572212626e+00
-4.668921939035470814e+00
1.356451614729307309e+00
5.720913824505743372e-01
-2.892314662534718472e+00
1.623861709221143146e+00
4.517226466076448510e+00
-5.184829102021453195e+00
9.475122042778449938e-02
1.883787092392098961e+00
-2.924840579864298462e-01
1.484006240436367419e-01
-2.539247086438101153e+00
1.959322207276180006e+00
2.665869597597036567e+00
-3.418805691462297069e+00
-6.681501395678228761e-01
9.741116526063525738e-01
2.960583081653760829e+00
-3.542191969545439800e+00
1.089743371447351894e+00
5.491452335327778878e-01
-1.827035891962915271e+00
2.223893224262206481e+00
-9.765433292717607960e-01
1.286449236711343147e+00
-4.079460460833582935e+00
3.625912394975328468e+00
3.400169250926727837e-01
-1.898033892510306853e+00
9.354604680326077393e-01
-7.814285922978562171e-01
1.541704555035374735e+00
-1.282978686117907996e+00
5.938585185448310710e-01
4.755337900769570636e-01
-2.903644551993558753e+00
2.780192734251526687e+00
8.455612139412612693e-01
-1.289305566315591900e+00
-2.463137231206617095e+00
2.665721150203304912e+00
1.607528879767452956e+00
-2.061113820317297396e+00
-1.538946653430097733e+00
2.226307755884320727e+00
-9.229255524259959431e-01
-6.086750231302417991e-01
3.881286791988322271e+00
-3.409368008819155360e+00
-2.184174197709991105e+00
2.877512327282609750e+00
2.402114312132048290e+00
-3.035003200953428237e+00
-1.830113305368087584e+00
2.911719087064662315e+00
7.840520028359960758e-01
-9.458710518033910386e-01
-3.299693555189568972e+00
3.594538012027900464e+00
8.513057369363763449e-02
-1.399623339321199644e+00
1.054630516375606231e+00
-1.418566335256355726e-01
-2.047654975209867612e+00
2.032864263955687090e+00
6.299129386541220121e-01
-1.267020168045608131e+00
-3.009333974812904988e-01
3.176899946212278225e-01
6.199776570613153570e-01
-1.534714050732946866e+00
3.485418602493214557e+00
-2.628489540865830865e+00
-1.493943513459237815e+00
2.836259102928577747e+00
-9.974705245937265374e-01
4.563634588469775433e-01
-2.332440870365819041e+00
1.464842361338753340e+00
3.269208076268059759e+00
-3.807626700019651089e+00
-4.530969688946122620e-01
1.306624542115373711e+00
1.095091416451652311e+00
-1.740778109033283227e+00
1.615310730864813582e+00
-1.466951692156591158e-01
-3.475123181909710368e+00
3.851884596449213216e+00
-1.195122794029925162e+00
1.426630879841598309e-01
5.433416930024408398e-01
5.262785015668676181e-01
-4.441766226558725883e+00
4.035160907617871828e+00
4.834773876027729234e-01
-3.024375359290494725e+00
3.617271845706044431e+00
-3.471478677668345281e+00
3.898115177915780993e+00
-2.087339839934042818e+00
-3.128016959946155140e+00
3.685783571961539273e+00
4.722680378815236057e-01
-2.102290037213181417e+00
1.277641345896245895e+00
-5.886307655540757855e-01
7.921601679117002970e-01
1.749128988095694781e-01
-3.307245134917253804e+00
3.188666599117574663e+00
5.294925949639199825e-01
-1.518717827418378130e+00
3.361663794580098674e-01
3.467405360920485236e-01
-2.000749452509226423e+00
8.841756458555758424e-01
4.537231180620883819e+00
-4.657862459064363136e+00
-1.267551574348749321e+00
2.766389415387256356e+00
3.349521475600391041e-01
-1.225587162742544978e+00
-3.159365255851317444e-01
8.852348244043204417e-01
5.009080101464975510e-01
1.602575444078677136e-02
-3.510124126804788247e+00
2.766143376486359440e+00
1.507045968449244766e+00
-3.961278887688117756e+00
6.530202105726756301e+00
-4.889394526832864685e+00
-1.986797847420365581e+00
3.485987349603736796e+00
5.393061125738496386e-02
-1.613744223075068707e+00
2.177181598188791423e+00
-1.259056730571189053e+00
-2.015436845546584976e+00
2.248918008497518439e+00
9.360871042351246452e-01
-1.651046233924058360e+00
5.828480000751745660e-02
5.719919803482864662e-01
-8.278873476391718222e-01
2.463901000986191692e-01
1.849658221833052396e+00
-1.913758913387556104e+00
-6.266866633008855159e-01
9.701072625204848476e-01
1.335789740293323202e+00
-1.669334766669697157e+00
-5.634372711300872361e-01
9.887767735844894545e-01
1.238951314847260843e+00
-7.741847854716262800e-01
-2.943214882072950900e+00
3.882613421413989130e+00
-1.558915875274989205e+00
1.084625144923975437e+00
-2.944208898867325175e+00
2.471178752571709492e+00
-1.526708579163262858e-01
-1.343860037306800148e+00
3.363685978587424241e+00
-2.617758598127166714e+00
-2.121563783701401640e+00
2.480813930140722601e+00
2.262923936057398500e+00
-3.332287506989684456e+00
-9.274609379642018148e-02
8.098552709597381938e-01
2.748823607320753482e+00
-2.052338387798893216e+00
-4.217400662287988489e+00
4.656948732985212835e+00
6.546974840689439024e-01
-2.847659173471969840e+00
2.862814972794014423e+00
-1.911843529675626652e+00
-9.352996926129643063e-01
9.774246766829538524e-01
2.368144947536573230e+00
-2.952583469469958644e+00
3.395600507543543589e-01
2.674822777427570686e-01
1.210741708328855859e+00
-9.454092884801436059e-01
1.916981634302877824e-01
1.601331328250066743e+00
-6.342573172099739587e+00
5.641126011749436842e+00
1.480584903656449347e+00
-3.127461101648705721e+00
-4.993963385155018031e-01
1.867787547686262428e+00
-1.571083413575596666e+00
4.561510774621037045e-01
1.519730236341434448e+00
-2.446234802798053831e+00
2.447916124781350788e+00
-2.104973536279460600e+00
1.535536246722237763e+00
-6.855591148041180194e-01
-1.703469966567383032e-01
1.098847792526407297e+00
-2.408900195711315639e+00
2.436812227407532561e+00
-1.386412092572225419e+00
6.469682328546797478e-01
3.481187023919418144e-01
-3.722039034012176728e-01
-1.435936078124345761e+00
9.132383548652620586e-01
2.273438980753509142e+00
-2.666178151749739822e+00
1.406182003812137982e+00
2.550386804716155420e-01
-4.649556213235293889e+00
3.831129561185350418e+00
4.627393595252796032e+00
-4.779452202681085282e+00
-4.625187272633732860e+00
6.564167947043253015e+00
-9.760532619601938187e-01
-1.291223474194953535e+00
4.113581158688629502e-01
-2.883603205658136770e-01
5.520592534305490684e-01
-1.058671546388547879e+00
2.315501798753188734e+00
-2.078840121571146948e+00
2.662945977128861053e-02
6.353043931651711773e-01
5.700773955855142905e-01
-4.359686424966576213e-01
-1.555983825336384241e+00
1.426099462311717359e+00
5.107678894315861307e-01
-1.390803301433703121e+00
2.421792727517569688e+00
-1.237422756983917571e+00
-3.132070538893835909e+00
3.613939170617895158e+00
2.020644856799351796e-01
-1.509554653377019440e+00
-1.470421322348255955e-01
-7.222208662711490645e-02
2.426535250636288055e+00
-2.989803673752075674e+00
1.775368927032813016e+00
-1.126971644944389839e+00
9.951858164107280080e-01
-5.977656000395850100e-01
3.671074833349866062e-01
3.479953085195774953e-01
-2.258442117125570636e+00
2.279523949584409515e+00
4.341566704170248814e-01
-6.247634856624382227e-01
-2.457921478070644206e+00
2.415565520133357236e+00
1.148127737521428049e+00
-2.511148464631709487e+00
1.054850024675482167e+00
-1.472082266386338656e+00
4.211902006343703597e+00
-4.350921224655153630e+00
2.418898634966576644e+00
-9.225460059408354674e-01
-1.225813428059430166e+00
9.813300630322563389e-01
2.466426499032317476e+00
-2.449677845321528658e+00
-8.450791761019702530e-01
2.331652949585244716e+00
-2.824928961620163825e+00
1.949253246011202423e+00
7.793790581659096883e-01
-1.313900657909287339e+00
-2.030978514512297162e-01
7.857868950221841287e-01
-8.467045253203391297e-01
6.870119655047950136e-02
1.146129556624753132e+00
-1.798617223984253055e+00
3.294129482435240064e+00
-1.876205949341536616e+00
-3.459572924658262050e+00
4.341921421442282991e+00
-4.499113427982300850e-01
-9.912507001810447749e-01
-4.695820909286535505e-01
1.490755653006983483e-01
2.108323600526487596e+00
-2.510430169629109809e+00
1.984943571169865528e+00
-9.059572586831741159e-01
-2.644574338426323390e+00
1.921183724809360394e+00
5.020174568111248625e+00
-5.001375839754778063e+00
-2.446125668866869773e+00
4.443893160242188500e+00
-2.029252976836738220e+00
-4.072755839239172726e-01
3.519025872823641876e+00
-3.841886712814027049e+00
1.690586942680321503e+00
-2.932490694146283952e-02
-1.180079824393938548e+00
1.778639694861604781e+00
-2.054145067118180012e+00
1.616987899510400561e+00
-4.625096540805676559e-01
-2.467420289593192928e-01
4.198566762521496187e-01
-6.748130634046081155e-01
1.069915211240054953e+00
-8.334683872075244748e-01
5.930671017466720985e-01
3.005626389645714713e-01
-2.671939042560859789e+00
2.444199623087311313e+00
8.208151832187368102e-01
-1.906960893715031080e+00
1.686748056094574677e-01
-2.145986794667684161e-01
3.119549506517757198e+00
-2.791945134494112413e+00
-1.264248565328922158e+00
1.808474943572236704e+00
1.170149354561393906e-01
-1.878463309939953918e+00
5.486820612982490353e+00
-4.338340261559722855e+00
-2.961759589063471587e+00
3.961603509002643797e+00
1.132096349860947759e+00
-3.001660295895345776e+00
2.891124620870479056e+00
-1.012740876308043436e+00
-2.997207348812225280e+00
3.890433992309909161e+00
-2.618056936908386145e+00
5.705587468643325000e-01
2.879914362355052937e+00
-3.546255870163423474e+00
1.632596473358829403e+00
-5.967410606650350724e-01
-1.767866380659460224e-01
1.656450674498914089e-01
1.773648745418134887e+00
-1.143398498036983346e+00
-3.333457340502468114e+00
3.457196502317747111e+00
1.485988037322641730e+00
-2.482075324200578414e+00
-4.172752736886138347e-01
1.352506409379721664e+00
-1.036983147632952296e+00
1.612095797218964510e-01
2.345051490087989965e+00
-2.159845153377947025e+00
-1.572394180570181543e+00
1.722097320913805962e+00
1.744147717652952068e+00
-3.116606437417376529e+00
2.274542886443185363e+00
-1.522368322085434711e+00
1.796020442174415921e+00
6.239624425055963208e-02
-4.165824451561891628e+00
5.633305708528637545e+00
-5.440022778865886366e+00
3.901430782340863601e+00
-3.785898095698624344e-01
-4.761762229851737027e-01
-1.359932485652125989e+00
1.868924380868788537e+00
-9.894654641931025507e-01
2.684775055589893045e-01
-5.121039837125063166e-01
-5.951070823728719095e-01
3.711887584257456574e+00
-3.649489660088252485e+00
1.201227020571010051e+00
7.602254222788489280e-01
-3.671760489791292770e+00
2.967707844423341790e+00
2.121211257890859514e+00
-3.248566094608563048e+00
3.610920262264885050e-01
6.536977078758507975e-01
3.332012780599910018e-01
-8.124770746805608512e-01
1.667876204673942597e-01
-1.035177927013593235e+00
3.385227605244736537e+00
-3.943120495295780792e+00
3.765022948524798796e+00
-1.885049958376738610e+00
-2.276144479428377387e+00
3.432129501527696025e+00
-1.541210389185508456e+00
6.025215923800779638e-01
-1.150133445898818163e+00
6.255471256385340961e-01
1.833587665307815362e+00
-1.663252418149527623e+00
-1.309715165484940602e+00
1.814556499303992210e+00
-9.120750813547717772e-01
-8.277483932374546383e-01
4.477426589228170606e+00
-4.312478160125737148e+00
1.859668364787518957e-01
1.706738543485532889e+00
-1.229007136121158972e+00
1.354962708038710772e+00
-2.684993505258138846e+00
2.575311105106567577e+00
-9.161469111867570625e-02
9.307253305567803059e-02
-3.476185662430087309e+00
3.318886228889369683e+00
4.330986290732050659e-01
-1.831857569325276547e+00
1.526001197197223824e+00
-7.143343491579594584e-01
-1.472071743682114242e+00
1.593483324008084123e+00
1.548779678325285181e+00
-1.367109593320013250e+00
-3.383219267589695711e+00
3.570677695672178409e+00
1.307266776864569602e+00
-2.386570810512373519e+00
4.098840682352578035e-02
1.389150839524603720e+00
-2.267475634329629397e+00
2.103596258477316461e+00
-9.688800557485911513e-01
1.969390411022358123e-01
2.337497514614745586e-01
-4.669762238756794415e-01
7.910254991292240412e-01
-7.900970219848737486e-01
-4.263747652270040156e-01
6.217951271514851608e-02
3.056759671506428688e+00
-2.352094989679322623e+00
-2.202761357038349743e+00
3.711700313299471254e+00
-3.688247237387398680e+00
2.003938004086212477e+00
3.313711019742450858e+00
-2.994205157684020957e+00
-4.031244870886828480e+00
5.156620499500282229e+00
-4.402039120866698685e-01
-1.794240090597785775e+00
1.626505507016798191e+00
-1.746411381419490816e+00
2.107405864926190198e+00
-2.019173077616989609e+00
1.987649236871650738e+00
-1.151844514723486368e+00
-9.738565664885042716e-01
1.307166056828730216e+00
2.870077854609470736e-01
-6.732863962702240190e-01
-1.421421339161979824e-01
5.712596560418263802e-01
-4.297476786613442234e-01
6.251585009956717176e-01
-1.322922119654929229e+00
1.133595491409954414e+00
-4.480805118435534085e-01
-3.255301451172453175e-01
1.819036987190437493e+00
-1.593302244026166159e+00
-8.838589703615492565e-01
1.493502541790633575e+00
4.177088444947389401e-01
-1.656116035156683930e-01
-2.548989479053441087e+00
3.004949889938383301e+00
-1.621104780906097442e+00
4.267181758916268608e-01
1.087169620076035681e+00
-1.190910046667694289e+00
-4.342535437605417603e-01
7.909106951371703831e-01
7.146997826113373753e-01
-7.779083484048686659e-01
-1.431463354945391453e+00
9.290116065904674425e-01
2.461242621440893785e+00
-3.553902324479851327e+00
2.612611165710114314e+00
-1.639410499300326229e+00
5.758441167160626151e-01
3.197028119908296162e-01
-6.478354644264988638e-01
1.447858849394705327e+00
-3.177825601234340880e+00
3.086232806420775798e+00
-1.278076560982586818e+00
1.872507060726584238e-01
2.274203090701715224e-01
-2.904195306449742775e-01
6.745835361988090639e-01
-1.977249172830780610e-01
-2.098479421987962557e+00
1.412364718010452602e+00
2.105779612341065032e+00
-3.354804458892612917e+00
3.752593156903124338e+00
-1.935130887377376263e+00
-3.205381750161208299e+00
3.910483359145645821e+00
8.119190720139002337e-02
-1.488783013905960795e+00
6.317771953609285784e-02
1.881811118250997228e-01
1.339952577129881917e+00
-1.139904607704370187e+00
-1.268054819723825943e+00
1.402511403354689712e+00
3.411025654951231889e-01
-1.169249136705877712e+00
2.576811059744004595e+00
-1.454344179432315975e+00
-4.101169887781573209e+00
3.949856635094646684e+00
3.075117408229094629e+00
-4.062223163726519815e+00
-7.165949077532354217e-01
2.783736621622340035e+00
-2.991925769315853856e+00
1.773264976495400269e+00
1.023886664045854378e+00
-2.183115124825891318e+00
1.883306430160649025e+00
-1.450708196212343815e+00
1.067099909838745919e+00
-5.655509341972265736e-01
-3.678098759088034297e-01
4.374429600829532472e-01
6.668488488061515840e-01
-8.357301528638968469e-01
-6.258720888472273369e-01
6.287576041160272133e-01
2.055098599420592809e+00
-1.445422155987085899e+00
-3.209028869679141582e+00
3.752526188473681579e+00
-5.668170591604467790e-01
-1.379143610642877826e+00
2.562781585317583932e+00
-2.446107224523166757e+00
1.212940897085668546e+00
-4.506772590831019665e-01
-2.249202574763077278e-01
-6.755044449898735259e-02
1.156990968610655424e+00
-1.619466635395609977e+00
1.941311035183977740e+00
-1.031453210277511134e+00
-1.014465335382909839e+00
2.193304736383816067e+00
-2.902036154165776427e+00
2.825805507449870468e+00
-1.367431756920558517e+00
1.144686554832140102e+00
-2.919966550850594977e+00
2.035515255679239743e+00
1.375076155027527891e+00
-3.044220294214391664e+00
3.676872940187041472e+00
-3.001246634125216861e+00
5.807940392532162655e-01
1.472688646115810074e-01
1.185758514447572187e+00
-1.053091717381500869e+00
-7.742644252205095334e-01
1.284306292686549389e+00
-1.130109984822282310e-01
-2.378423183397837537e-01
-1.194817432464387874e+00
3.967330003782781334e-01
3.585607774254573332e+00
-4.005573203297093876e+00
2.965262476688531601e-01
5.746199182795093119e-01
1.723989002584366048e+00
-1.948559675233921595e+00
7.951435630613346017e-02
6.877818932277404151e-01
-6.637773419552902565e-01
5.115952701376834666e-01
8.919135459371388408e-02
4.657166636852408392e-01
-1.623243638820667467e+00
2.594977119279836320e+00
-4.494234037794319292e+00
3.430964026834421698e+00
9.167795172490844635e-01
-2.445799645975883507e+00
1.504820088521001242e+00
-8.179628973674956116e-01
9.200012165813836740e-02
-1.967896363997362896e-01
9.445804124509021849e-01
-1.230225810150329169e+00
1.805261592760794676e+00
-1.048176701851242454e+00
-2.071606030243412722e+00
2.390978407768417302e+00
1.323643757457676706e+00
-1.109646316560181312e+00
-3.689258739992647751e+00
4.316350961556506327e+00
-1.441872203443695266e+00
-5.333337734064602653e-01
2.915863984459410752e+00
-2.472438671153153411e+00
-1.987279075451826804e+00
2.330112782995089837e+00
2.205257961986623716e+00
-2.861615976040536413e+00
-4.315115641560021142e-01
1.517864224003691698e+00
-9.490435179822616085e-01
2.261535700845138663e-01
1.343495561594491461e+00
-9.633360746755681436e-01
-1.520085126016531341e+00
2.250272057374498313e+00
-1.544417944423102318e+00
7.760137593110936205e-01
4.046222162921183640e-01
-7.099538073752927891e-01
-1.599256928092048502e-01
-1.372080235170424212e-01
1.508116902044317031e+00
-2.161462576230897437e+00
2.424930625102887483e+00
-1.942624181287649687e+00
8.051960516086638098e-01
-2.870312715373705692e-01
-5.933628191135659202e-01
2.993250883926183992e-01
3.079158928083554958e+00
-1.844373081876450104e+00
-5.481635368000508990e+00
6.270819238387915107e+00
-5.202086449873040142e-01
-1.730167759954832185e+00
1.330778789136975782e+00
-4.090812621208504973e-01
-2.032705023704579617e+00
1.878716487414914038e+00
1.851146888824104053e+00
-2.278611012681856618e+00
-1.671108925777016863e+00
1.950827474473814327e+00
2.351324146535649362e+00
-2.646853904765098520e+00
-1.326592032590102388e+00
2.673800631597154975e+00
-1.181872427152343974e+00
6.198320301390451981e-01
-1.757529003401975931e+00
9.866698919033867199e-01
2.278515942700972907e+00
-2.748742157575489120e+00
6.316007764757658460e-01
3.075868804649369848e-01
-1.052535639278817214e+00
4.617124378098338422e-01
2.782230427347187174e+00
-2.222323075499272438e+00
-3.007542865687780509e+00
4.159783817103653192e+00
-7.955607325576664612e-01
6.875720692535634837e-02
-2.162978520105421687e+00
2.493499275574299734e+00
-1.216402761481845340e+00
3.672213797710519034e-01
1.616023758786593045e-01
-3.405750984193904318e-01
1.778128228650170117e-01
-2.949221729673117548e-02
2.546192345000178325e-02
1.311200791639133001e-01
-8.591365015800482841e-01
8.087946324942115739e-01
4.627524855607413889e-01
-2.967078848507726657e-02
-1.868992123901590308e+00
3.000986885730854592e+00
-3.779374239069004826e+00
3.314450166832014766e+00
-1.712962953854835435e+00
5.573396080917505380e-01
1.629875101670582582e-01
-5.567514205656373116e-01
1.049624978405252040e+00
-9.112493078999603924e-01
-6.923315876755835596e-01
4.344150606480711718e-01
2.610193677149333702e+00
-2.409734592750466753e+00
-1.268807628091867423e+00
2.335638459091414987e+00
-1.457539621546068531e+00
5.358229953743380847e-01
1.607907178782842506e+00
-1.076302631852110281e+00
-3.196526553117873704e+00
3.520866365867906911e+00
7.270323529816353769e-01
-1.664256109371287984e+00
-7.121325615895706118e-01
1.121389324512136909e+00
-5.562859716978778568e-01
-8.604585994552461647e-01
4.306444272008577379e+00
-3.974155191260884123e+00
-6.013788565951432297e-01
2.195125950119602543e+00
-5.409683494928921865e-01
4.510839861702402587e-01
-2.131566192248035119e+00
2.428416553704435987e+00
-1.481959729512098534e+00
1.031733766437310518e+00
-2.594211323904150324e-01
4.536901598810596514e-01
-3.053886156065822810e+00
1.891096983808652432e+00
3.905021201752795434e+00
-5.204662768436957521e+00
1.841602328979427439e+00
-5.111821502806555007e-01
1.762798020525820020e+00
-1.650975925358604934e+00
-1.152347904320835781e+00
7.850613955465011173e-01
4.214685287673559877e+00
-4.064756607432181035e+00
-1.648079344810049252e+00
3.138131627439970650e+00
-1.335200376561838542e+00
-3.530814584910779708e-01
3.371306492927142351e+00
-2.893491295289033260e+00
-2.126484356917971219e+00
2.711280295193245760e+00
1.524267204872319148e+00
-2.814889059210133659e+00
9.463136107350875736e-01
-5.686807276076970563e-01
1.708110664328256201e+00
-1.750818259551745193e+00
1.261311549817978328e+00
-2.569648890534119712e-01
-1.950787673091689767e+00
2.037256918768317160e+00
4.774135798282703735e-01
-1.014389814674242496e+00
-8.397645451320585597e-01
8.789583818880052357e-01
1.030724188970125965e+00
-1.557051883511872070e+00
9.766161815588729755e-01
-5.540886962691744522e-01
-4.905285594781112479e-01
2.765128345256623876e-01
2.572002398778364896e+00
-2.017196902463064045e+00
-3.316045949034277296e+00
3.564451216638756748e+00
1.547020809769470429e+00
-2.765796228320857253e+00
1.185416825626503634e+00
9.049646994444153769e-01
-4.351180136649925423e+00
4.315536493768346915e+00
-1.184776776659647091e+00
-1.008306373152388691e+00
2.458003694193118704e+00
-2.740342947883691593e+00
2.650364869677233504e+00
-1.600759007625912389e+00
-1.509086640232521370e+00
1.528826824203016965e+00
2.352935576066710333e+00
-2.737818184662629051e+00
-7.333757674010210614e-01
1.789717602537789665e+00
-5.482886901991101958e-02
-2.164148563303589790e-01
-1.515973247764075049e+00
1.242517102010933128e+00
9.652480589953260637e-01
-1.732564364008783109e+00
1.831710423068883209e+00
-8.165946079548391801e-01
-2.169055634246283226e+00
2.655180836605494754e+00
4.810827537683267652e-01
-5.022620735665278557e-01
-4.012100087522460612e+00
3.821030836484685000e+00
1.776052118934897228e+00
-2.801598357777188131e+00
-9.564232883733203572e-02
1.876680417936382961e+00
-3.781512489465557181e+00
2.980547306994422829e+00
1.459332908602920975e+00
-2.290810119484782970e+00
-1.113493144248191680e+00
1.584398701815380894e+00
1.405628293176963473e+00
-2.039166669060323400e+00
-4.017353815876636425e-01
5.564731727465128674e-01
2.246484955388191818e+00
-2.124205204024666838e+00
-9.488655946585717871e-01
2.299694543401970659e+00
-2.368310285826544348e+00
2.278665124647192286e+00
-7.277030286646199997e-01
1.157184216953390798e+00
-5.769067395060932135e+00
4.370665815238883312e+00
4.162426337172542290e+00
-5.874631499052595629e+00
1.318826988678783785e+00
1.444039220628310582e+00
-2.793179411879495255e+00
2.861573303428052828e+00
-2.154407742249873525e+00
9.754848217625762263e-01
8.466787819066678988e-01
-1.145235648029641062e+00
7.156672656977284275e-01
5.597568414179459051e-01
-3.248819374609364541e+00
3.254032836852781330e+00
-9.859420106846692455e-01
-7.776036907415796451e-01
2.568012497563402885e+00
-2.952840434143746862e+00
1.376469952584474132e+00
-1.240674446091714067e+00
3.431114495532512354e+00
-3.097036490784856433e+00
-8.291685861132398472e-01
1.473166085226983446e+00
2.555891406851516390e+00
-2.328817519937835812e+00
-3.495723358104032563e+00
4.064070619765836057e+00
1.231221580023114326e+00
-2.331771760161523765e+00
-3.541874769910964282e-01
1.605060267795642925e+00
-2.637051363989940000e+00
1.680786642750829785e+00
2.735070626995601550e+00
-2.813553439141816881e+00
-2.501769554960383335e+00
2.996621979532657853e+00
1.522438841868577475e+00
-3.183152811605062471e+00
1.809295961572406686e+00
-1.199688404370929051e+00
2.175828527854149819e+00
-1.096597779117636673e+00
-2.333193746099536003e+00
3.135400112651005600e+00
-2.025266058806860059e+00
5.769436205220372926e-01
2.128044919188404549e+00
-2.416964693533866004e+00
-7.098825658078199430e-01
7.655295680074315490e-01
3.240392010655102073e+00
-3.425959552524834972e+00
-6.330899885453105114e-01
1.590218854483292477e+00
1.459655162588128219e-01
-1.054129687590235065e+00
2.028886951042584652e+00
-1.209141541579407120e+00
-2.142132731218574726e+00
2.770347633628091000e+00
6.665813377922158445e-03
-3.607896098021220466e-01
-2.377386822853064352e+00
2.315311277771076703e+00
7.558094830808784748e-01
-1.885149428841958130e+00
9.607724462929608800e-01
-7.132613821262191456e-01
1.483019742202008384e+00
-1.184347534671346125e+00
-2.178095207742941075e-01
5.397700945066692402e-01
-6.066720990189908846e-01
-1.013130254910841188e-01
2.993860936111575555e+00
-2.217739233573408075e+00
-3.083993147571594928e+00
4.007171855433089291e+00
-5.260402772289812789e-01
-1.005621341618826881e+00
4.917593234739444097e-01
-5.082087777658870209e-01
1.303121972979174092e+00
-9.900995247199118054e-01
1.530864748278692455e-01
5.724477327350754319e-01
-2.689103146813440759e+00
1.466543540892409014e+00
4.128806265051684576e+00
-4.917070685232993732e+00
8.576808413566163747e-01
8.963000985551801136e-01
-4.863318417261946469e-01
4.359612391348239857e-01
-4.781480816554742330e-01
6.637026272903181479e-01
-1.421860432703089927e+00
9.666822550808703562e-01
1.043155879511453943e+00
-1.880670748654432733e+00
6.290726192669587880e-01
-1.145200774641758068e+00
4.779929505222299646e+00
-4.260555762292908000e+00
-1.337322580615570855e+00
2.761669508019792829e+00
6.246228933733262156e-01
-8.265665833760118542e-01
-2.060514710375052072e+00
2.829235768541375151e+00
-2.701766618567649658e+00
1.003656179350727040e+00
3.722078929272264691e+00
-4.096259531130359122e+00
-9.889560813801967498e-01
1.481098563483119079e+00
3.191298272394007096e+00
-4.299174996275849203e+00
1.452815557895106746e+00
-6.266544071292327045e-01
2.146640185919044708e+00
-1.692349708597083779e+00
-2.509314347579075788e-01
1.806412501829306683e+00
-3.691479624087957934e+00
3.480996201420227809e+00
-7.307913298128971835e-01
-3.777491094387400716e-01
-1.165615123142120346e+00
4.141910516678590226e-01
3.980463122275012644e+00
-3.997461952577766375e+00
-1.161556096643654445e+00
2.126949191191140009e+00
1.079213871529517643e+00
-2.117901283792859690e+00
1.627910861147557675e+00
-7.077244032824282494e-01
-1.562070636360331610e+00
1.566960506147633270e+00
1.462153897683257542e+00
-1.346316260620163963e+00
-1.815568674773272662e+00
3.127306658160933672e+00
-3.150540640671149362e+00
2.168550894263666873e+00
-2.947610636514195748e-01
-7.137259813177763146e-01
1.410948247247560516e+00
-9.574655766913306998e-01
-9.268948711563186338e-01
1.389891306040958119e+00
-4.421914777936113983e-01
1.039131850610052060e-01
-3.871323933388824412e-01
5.621322962002799351e-01
-6.442187613635413923e-01
1.016539159355233535e+00
-1.046362510478274999e+00
1.844179490543158106e+00
-3.953058357920821386e+00
3.462878135268249391e+00
-1.263731858676578002e+00
-7.957418125254593910e-01
4.478256096026484556e+00
-3.968476572104994382e+00
-2.311265480979010967e+00
2.902256963241588661e+00
3.156888174876528730e+00
-4.135089703721272159e+00
-2.309403336539126439e-01
1.681322105998585448e+00
-2.116129101981671923e-01
-2.262454229216819823e-01
-5.106456757483319731e-01
6.965397837949292015e-01
-1.522300867272050051e-01
4.948948058016304774e-01
-1.044981619240953785e+00
1.740790414956030929e+00
-3.869864878378684203e+00
2.436640531096849305e+00
2.669709836788192181e+00
-4.681144870769323063e+00
4.360186925023039173e+00
-3.087469601353721949e+00
5.366313286349968514e-01
4.484109236711771862e-01
3.096939398350074812e-01
-3.258713898212757254e-01
-8.909830681177300926e-01
8.645280845551274185e-01
7.974054272241020147e-01
-5.828710097301718074e-01
-1.154591075840360581e+00
2.409333419325188963e+00
-3.421203901532941849e+00
3.087512649679599264e+00
-1.966410200182742596e+00
1.925492018933400717e-01
2.294592814012920368e+00
-3.369912835833602127e+00
3.420002052982867635e+00
-2.697266275358750853e+00
9.390434365440356590e-01
2.235327200589797836e-01
3.508065172439668311e-01
9.651392697304500556e-01
-5.544770614353176086e+00
5.279094099250886352e+00
2.978808202420375473e-01
-2.445355619317497897e+00
7.287851336239328237e-01
-8.022357526282029028e-01
3.235978870842072475e+00
-3.244851361193151540e+00
8.634983784893095482e-01
8.423859731483152036e-02
-2.599180264458381129e-01
-3.143620584202255763e-01
2.172595662188459009e+00
-1.787039739686554496e+00
-2.656931714624841678e-01
1.799273532782505791e+00
-3.803514333744875575e+00
3.002457765822392322e+00
5.259814995578180330e-01
-2.079367696139589938e+00
2.474340207501448674e+00
-1.567307687305149244e+00
-1.061971608152231683e+00
1.600870480252237993e+00
-3.291938829145868439e-02
-7.278434648082389158e-01
5.944519958979660457e-01
-9.387372065805408283e-01
1.345349244664538091e+00
-1.671762095517480562e+00
2.977302531791329976e+00
-1.754953625092220859e+00
-2.436685529404249984e+00
3.583213098527070262e+00
-2.041172319866162876e+00
9.649711866990273723e-01
2.634381930394018023e-01
-4.376933354326786318e-01
-1.435241175577212536e+00
8.166648755978992424e-01
3.041406364222830394e+00
-3.413943297048704917e+00
3.258032334917168038e-01
1.099797909074399005e+00
-1.129030057764262907e+00
1.059567896089197214e+00
-5.951980221696271389e-01
7.879708481030641698e-01
-1.772468229488127323e+00
1.785266538763126132e+00
-1.126289612577199062e+00
3.411844818219872399e-01
7.471190116053034735e-01
-7.945621877484790874e-01
5.093257042647212351e-01
2.156698072193997673e-01
-2.650458475637115008e+00
1.729929746418395142e+00
3.015237023776220937e+00
-4.188217049325439589e+00
2.169190939618708569e+00
-6.101290549928783946e-01
-7.363645856916877230e-01
1.376865127979647774e+00
-1.162370363755710345e+00
1.453203048801412267e+00
-2.277080484607871380e+00
2.590406957798692567e+00
-2.135443039134156340e+00
1.787546035066827077e+00
-2.337793299635662514e+00
9.237230728427576754e-01
2.355192994612198998e+00
-3.598272420242635050e+00
4.241968333907786715e+00
-2.722456504836441304e+00
-2.660353181915727561e+00
2.978101549878276799e+00
3.085088736612823013e+00
-3.627749365750327915e+00
-1.968024283190193957e+00
3.405181559927380697e+00
-6.276904475944364847e-01
-2.633351062463988312e-01
-6.658732107558292812e-01
1.086056832649908044e+00
-1.163537269017416165e+00
1.348192543079223871e+00
-6.045250720936785616e-01
1.204140279549409165e+00
-4.731234034911795838e+00
3.465893275485926406e+00
2.713256757732435354e+00
-4.885314429850435403e+00
4.275738802027515995e+00
-2.212181140448128858e+00
-2.001488777957387555e+00
3.092955063253030712e+00
-9.382606097607784079e-01
1.305129711329622022e-01
-1.105934739694992786e+00
1.060305739085113608e+00
1.273341618923527596e+00
-1.069472796298562400e+00
-3.688429038321169973e+00
2.881995467908512687e+00
5.079388709647148836e+00
-6.165583552811738421e+00
-1.981554747055715993e-01
2.044716406666033492e+00
6.902845096704993688e-01
-1.398981610998991432e+00
3.379993958195055548e-01
2.286240185721529206e-01
-1.114277560212881824e+00
8.168855229980509502e-01
2.093991101380049180e+00
-1.445709898725425990e+00
-3.869267194525129128e+00
4.261571386652076576e+00
3.859289542841621845e-01
-2.355799448261610696e+00
1.760371827058494931e+00
-1.658978245348801783e+00
1.803122855911317268e+00
-1.864066641176862271e+00
2.525377649445919914e+00
-1.741665973118903032e+00
-1.145897718989892233e+00
1.669253235954521575e+00
5.088229604613646595e-01
-6.523126856715032451e-01
-8.365013401548959671e-01
1.642832691042325877e+00
-2.952956303504170155e+00
1.951507109157222475e+00
2.453192473577530563e+00
-2.858728691107870201e+00
-1.181951433292711684e+00
2.219010737830825253e+00
1.204795865098117202e-01
-9.359397596230794036e-01
-8.770399873591030460e-01
1.059295444100161604e-01
4.203445990179775826e+00
-4.226404940749807437e+00
2.134861640077339029e-01
2.022659290649155395e+00
-2.810872357474730965e+00
2.707491300680105351e+00
-1.800195408711421585e+00
7.758259861508021160e-01
-2.593626705473213168e-01
-7.216359882379537183e-01
3.612080522958629913e+00
-3.101444326608600477e+00
-2.077695490997348848e+00
2.311931828671377254e+00
2.736993588105803621e+00
-4.339619255602889858e+00
2.513427958699968379e+00
-1.608691215425919419e+00
1.746024329105087425e+00
-1.072125933413505372e+00
4.785082269539886468e-02
1.027749017143767096e+00
-2.924602631898517657e+00
2.577992222420947499e+00
2.036894186593680711e-01
-1.100357890774927183e+00
5.062707995645228110e-01
5.860174489312465484e-02
-9.265998912647104291e-01
4.862448809401990202e-01
7.179029102998301104e-01
-1.866961347195865928e+00
3.879579043871166810e+00
-3.288062418404970710e+00
-1.402561212508177668e-01
1.316101016161557613e+00
-6.842224454746256290e-01
1.275580134523671139e-01
9.136459871294947410e-01
-3.530992587395225257e-01
-1.471959447799878307e+00
2.291893938258135588e+00
-3.302506708186415452e+00
1.782152236093128561e+00
2.737972081596384832e+00
-3.933946061078511747e+00
2.502060075205371437e+00
-1.184235638389415701e+00
-1.044281646220342585e+00
6.913775306354024153e-01
2.637540818892778915e+00
-3.135407513366430532e+00
1.258677961805211076e+00
3.203579496356053768e-01
-1.997684114850028170e+00
2.362887172545377279e+00
-1.170700333571730978e+00
7.681234647506088864e-01
-1.636841024848894488e+00
1.060781512019801642e+00
9.398371300990786548e-01
-1.510337788205025067e+00
1.774332531101069144e+00
-6.685027717497546984e-01
-3.300704628399739882e+00
2.811962210068942092e+00
2.776631803357146211e+00
-4.166088184612624090e+00
1.297925297625377228e+00
7.298846738747069574e-02
4.189775190180084485e-01
3.224275163486116091e-01
-2.082914219620097818e+00
2.627577921347658219e+00
-3.376000644587452193e+00
1.735027146323592007e+00
3.727755955447143776e+00
-4.211959730429869708e+00
-9.969983283203354141e-01
2.131389334650510836e+00
8.881948394856000739e-01
-1.727303793003527321e+00
6.691173332301409982e-01
2.879357010086405211e-01
-9.506831945836515807e-01
1.277613153370259047e+00
-2.232805230415222386e+00
1.297743783076013457e+00
2.216896730642946345e+00
-2.473334638322490342e+00
-4.119381964247614825e-02
1.551622147762302895e+00
-3.089790972867164420e+00
2.301009317678665234e+00
1.382342541313005047e+00
-2.318123132517932117e+00
2.020800636626758351e-01
3.340219897725732467e-01
1.179346456843599400e+00
-1.029205232826089000e+00
-9.242243862654464515e-01
1.230550231079261314e+00
-6.987901811343806280e-01
-3.359133835388906641e-01
3.190149023015016905e+00
-2.545313246279665709e+00
-2.300647928718832613e+00
3.313107792504701443e+00
-2.998844879361461935e-01
-9.852360379759264042e-01
3.386219627472841776e-02
-6.418329314878634673e-01
2.999442658740186118e+00
-3.432674372346062430e+00
2.458758998650275807e+00
-1.123766183915853034e+00
-1.011351677975468544e+00
1.650045448315175634e+00
-4.610546113761896936e-01
4.666571112953045719e-01
-2.012571467554487015e+00
2.156986417153420543e+00
-6.031185680128239301e-01
2.258827220278742942e-01
-1.257852393210468378e+00
1.065101551405420066e+00
4.607920997387332518e-02
-7.267000248216796132e-01
2.057398977168474197e+00
-1.491744273229587581e+00
-2.467803184725756438e+00
2.190100357165650991e+00
3.509844074112065115e+00
-4.172388209361126421e+00
-6.909763275571354502e-01
2.007907031125168551e+00
7.599122650155243353e-02
-6.769239483397694324e-01
4.853112390353838124e-01
5.410242513955307864e-01
-2.942023212065643989e+00
3.175280370273231068e+00
-1.061910114092146973e+00
1.173959112396988774e-01
-7.693300966298304289e-01
3.360783454264509862e-01
1.873222290647838184e+00
-2.089521405277580790e+00
-5.465886148439677017e-01
5.249761168749764728e-01
2.634274599284935015e+00
-2.720555761379295667e+00
6.741330159558852619e-01
1.116982842667745501e+00
-4.554548277064099260e+00
3.539601395194384992e+00
3.382285465511330358e+00
-4.329308582963478536e+00
-1.207146648169755476e+00
2.644535528721361217e+00
-5.625568130670777212e-02
-9.447253391145880030e-01
7.872838329422202630e-01
-5.398031265553114855e-01
-6.712343562957510112e-01
5.933887206883038667e-02
3.132780784485543091e+00
-3.322874265790402237e+00
-3.487769679666441469e-02
1.279390212055439902e+00
7.613362464557060783e-01
8.724949293861261612e-02
-5.206400588172741983e+00
5.554630315400130414e+00
1.085742310878068384e-01
-1.267477833640039186e+00
-3.540365850717535512e+00
3.220467368228657534e+00
3.148435283165307741e+00
-4.353665987546307292e+00
7.854597510564542695e-01
6.894592074949659199e-01
-1.699290267598064563e+00
3.935210253305915229e-01
5.239676040373153043e+00
-4.849219071239114776e+00
-2.872963465330373722e+00
4.393754866203564369e+00
8.105524719365557740e-01
-2.066781408437766032e+00
-6.990671829858342567e-01
1.499806283538110518e+00
-6.897364795704775675e-01
1.824091375793665259e-01
1.087430288047091853e+00
-7.029760491162075908e-01
-3.214086771914271612e+00
2.457521246651157565e+00
4.744480749844485423e+00
-5.215281706984746357e+00
-1.792215400576254725e+00
3.596609634257743160e+00
-3.267184032458676501e-01
-8.638707225792445765e-01
6.125892526317828768e-01
6.922801413012194538e-02
-2.050138856887594674e+00
1.771330552311872530e+00
1.411012921328546721e+00
-1.790613373581646073e+00
-6.348475353450172554e-01
1.420111691226063177e+00
-9.009948439326380676e-01
-3.181100374102154016e-02
9.804859493998783204e-01
-1.734142059953713400e+00
3.204908434820036955e+00
-2.150821958850315241e+00
-1.128036544249199302e+00
2.516452556271228769e+00
-3.766669596544007348e+00
2.029714004110655168e+00
4.347672964627967040e+00
-4.856163744903318147e+00
-1.331628654205846640e+00
2.898765256857984696e+00
8.030063796900607231e-01
-1.467977714093555930e+00
-1.561878761134939619e+00
1.606901320796267463e+00
1.403526627268617322e+00
-2.477112168380667612e+00
1.954366937331589948e+00
-1.305567131446743412e+00
4.195440945577921799e-02
3.551471968189396922e-01
1.246189600722002577e+00
-5.250038948607539391e-01
-4.122218707030389950e+00
4.078125595403425230e+00
2.223172637378656447e+00
-2.880703455139306701e+00
-3.030854950551769011e+00
3.580567327610439499e+00
5.615539241371094725e-01
-2.783424115546627498e+00
4.932560563821892785e+00
-3.560130543385962465e+00
-2.962366244233923140e+00
3.605224655327249117e+00
2.389577140297044711e+00
-3.647279333625250253e+00
1.063413603575642519e-01
1.226700602360749626e+00
-4.179692906394659180e-01
1.156198965140085022e-01
-3.542338888209218273e-01
3.007429491983957259e-01
-1.223866638827982439e-01
7.024755228863616141e-02
8.456632543834204929e-01
-4.078700226263339279e-01
-3.198722528897216311e+00
2.157932731155309369e+00
4.816463361739474536e+00
-5.805467295317312093e+00
6.543594563615726667e-01
1.360390657060681185e+00
-3.024327332144420843e-01
-3.591562840706084836e-02
-5.327567411692464283e-01
5.133967697122950868e-01
3.955510613903787109e-01
-3.850047206337161576e-01
-6.627054890563073286e-01
7.294595521183456777e-01
-6.916745400560789236e-02
-6.460173585615666125e-01
1.592458493470013448e+00
-1.769686553012938646e+00
1.081114866613032355e+00
-6.376995927677794329e-01
9.295528636867523842e-01
-2.952226837355229061e-01
-1.787848341167905142e+00
1.869296400280610948e+00
-1.552044855603155193e-01
-4.928487943499239021e-01
1.013426481156166403e+00
9.800389913322088420e-02
-3.373056856613071197e+00
3.772951313097247628e+00
-1.687693789697806146e+00
1.623204754713918618e-01
1.390546174051557671e+00
-1.650352485064561225e+00
-2.709645966998481259e-01
2.234005581656486050e-01
3.200484969165193316e+00
-2.660145764043065242e+00
-3.087618986939554055e+00
3.914629898866815338e+00
8.033119527673937554e-01
-1.615907675709126856e+00
-1.230686057273003176e+00
2.438389036365680163e+00
-2.677154651988272516e+00
1.708076713266216018e+00
8.132892879160736888e-01
-1.810441387844947014e+00
6.897007223293513123e-01
-8.298327673808758576e-01
3.343201343860439323e+00
-2.759111987542494759e+00
-1.793306509750606015e+00
2.641861833763352152e+00
6.112887734032621534e-01
-1.255988000452942233e+00
-7.883125611990318138e-01
1.485435081061702967e+00
-8.055867876306535003e-01
5.799034151763561296e-01
-7.850217923322582170e-01
6.307478222755199537e-01
-4.841672937979911717e-01
-1.201077101812232234e-01
1.632892914338118562e+00
-1.661471294316583247e+00
1.975067069692788557e-01
1.865810893474962595e-01
6.761373168475540152e-02
-8.787251485064628831e-01
2.281077309647389306e+00
-2.611748860701324837e+00
2.176080849550595442e+00
-9.576760290252861463e-01
-2.619817239558256405e-01
1.676815320383884922e+00
-5.118041555171592982e+00
4.259368552732842872e+00
2.417322980245228514e+00
-3.059248619092868715e+00
-2.784204796357478529e+00
4.447736487276959139e+00
-1.909267539028043803e+00
6.248960329035418981e-01
-1.231156453648521776e+00
5.069970350859372976e-01
2.470545836478713397e+00
-2.464937521883207250e+00
-1.054208949590502931e+00
1.773586290102646013e+00
1.349793059669271988e-01
-5.992966535085049173e-01
9.450469263787979468e-01
3.442102317081023877e-01
-5.073484967672113655e+00
4.488124609334505521e+00
2.574611058040551015e+00
-4.197498871525227493e+00
-1.347153192155685630e-01
8.095716292892429777e-01
1.840451723667290596e+00
-2.949568151049600129e+00
3.625234150763509522e+00
-2.392188058175380938e+00
-1.816878755202123497e+00
2.476231005837755905e+00
1.197249361985485372e+00
-1.449434037502601802e+00
-1.910800000873617455e+00
2.785173471873300777e+00
-1.646236633953228834e+00
5.416354758964345706e-01
1.083625046702776151e+00
-1.231526324624032220e+00
-4.761994151666472663e-01
6.067889190882049810e-01
1.115721303397226860e+00
-1.610665837546960466e+00
3.531260046305983447e-01
-4.400701207644065471e-01
2.371728111739513700e+00
-2.061007684229447356e+00
-9.209622074722778606e-02
1.477519619916271676e+00
-2.963681555805787404e+00
2.365866572603384732e+00
6.050146556217236293e-01
-1.421137713589561757e+00
3.639923985156421349e-01
4.582579734400599181e-01
-9.854842142703003072e-01
9.875634395992698433e-01
-1.212404798025809471e+00
1.172307124247368576e-01
2.947679284531091515e+00
-3.534763723052319229e+00
1.020580138462226838e+00
-4.750804388423133240e-01
2.762810388025183528e+00
-2.077396288946213865e+00
-1.762122899206166160e+00
3.031712110081540956e+00
-2.634130831204861245e+00
1.740809930373563574e+00
1.248055722045699589e+00
-4.819797680802678230e-01
-5.173059756370122386e+00
5.553607130407047343e+00
-7.567864795725711691e-01
-1.581451633225070985e+00
1.872268902549969916e+00
-1.813132557675401157e+00
9.218116057236367400e-01
-9.037184498272918809e-01
2.469751690938294164e+00
-1.876020158019341633e+00
-1.142206050113873994e+00
2.129932722841504589e+00
-1.161674705690031395e+00
6.330134214769345125e-01
-7.236483558451558551e-01
5.931013043996288259e-01
5.978092830509809108e-01
-4.023230817272989701e-01
-2.438942643392744358e+00
1.514599719658816346e+00
3.379565397286389938e+00
-4.806116912336563018e+00
3.899088380962875799e+00
-2.036675697273317542e+00
-2.170798710262643372e+00
2.568692008816950256e+00
2.080523175500356814e+00
-2.192815623460158569e+00
-3.066802945404192293e+00
4.159926106947300362e+00
-5.978904514994164421e-01
-1.922338258343174733e-01
-2.016719232535927109e+00
2.238758177042162512e+00
-8.443494361809090742e-01
-1.611106270028872522e-01
1.514437571430065299e+00
-1.234064388390791134e+00
-1.288314671765074859e+00
1.508104590385924038e+00
8.331535886875716113e-01
-1.400438169144031963e+00
5.242107349306335262e-02
4.387850425541267585e-01
7.992763953754955519e-02
3.151612062093852029e-01
-1.057350943684176370e+00
1.816298399593260893e+00
-4.001302484438149953e+00
3.075975039333915362e+00
2.327999171682434643e+00
-2.861351160977537944e+00
-2.170705260040878493e+00
3.016277178045570828e+00
9.000331667753658227e-02
-1.470867691485344242e+00
1.758181739473106298e+00
-9.441622759632685158e-01
-1.154913946110034173e+00
1.866554006658444731e+00
-1.469303501080772678e+00
1.042890720198388799e+00
-5.182979380896783894e-01
8.227427294494848997e-01
-7.924842553766785480e-01
1.854527566616985812e+00
-6.153461073304010043e+00
4.866947919992881566e+00
3.244388654370851111e+00
-4.737465083096767060e+00
-7.450394412596850202e-02
2.395737751326810994e+00
-2.766033169251170598e+00
2.216736838888779371e+00
-6.336880726917926143e-01
-3.408955603966421499e-01
-1.129781166872764336e-01
-4.041346001086987272e-01
3.571714386088754356e+00
-2.285547676061348898e+00
-4.115867743081973451e+00
5.622018596801365398e+00
-2.717716904112689846e+00
4.327323344862193943e-01
1.159884606767197512e+00
-2.285947543363041845e+00
3.188474903503098368e+00
-2.901184700836563657e+00
2.214821767874980196e+00
-9.820393344267726032e-01
-2.256792655031324202e+00
1.820341384384545957e+00
3.235633201065311049e+00
-3.647429782299701717e+00
-2.001709079734690366e-01
2.166405927745904680e+00
-3.242932692532606964e+00
2.380124165600294273e+00
9.352858493712736809e-01
-1.730773227483825005e+00
8.316454576787313258e-02
4.485151283876565587e-01
-2.526499622575373305e-01
-4.506473105949612146e-01
1.526433106225442593e+00
-1.727935919888079486e+00
2.386633103928991417e+00
-1.073844547721432452e+00
-4.040434567428553336e+00
3.729026706851817696e+00
2.764182718023798557e+00
-3.803741353239369793e+00
5.956217019032647997e-01
2.019467710369519775e+00
-6.063160481984301242e+00
5.151335636862039102e+00
2.204405224587400625e+00
-3.588876935386509093e+00
-1.916632948956860760e+00
2.659774916634921382e+00
1.773719267991141546e+00
-3.041014991968900905e+00
8.758612004203638612e-01
-2.901656868334022699e-01
1.671758286672437199e+00
-1.481947003586279399e+00
-4.942689455965734169e-01
1.152660442284975995e+00
-4.230631475821274301e-01
4.183086386415546531e-01
-7.339201670375797848e-01
9.788121234073802190e-01
-2.301607870757387264e+00
1.226229651318096803e+00
3.192131065382717736e+00
-3.649535922500456664e+00
2.589777989899522126e-01
1.008620271368234178e+00
-1.111506661099079363e+00
3.146734566585088211e-02
3.096805047581542070e+00
-3.140046863840389335e+00
-1.745122366399485259e-01
1.335526963258331312e+00
-2.990453081186749129e-01
1.727335674901873119e-01
-7.978205690515189907e-01
1.148361668846366257e+00
-1.544850539650393539e+00
1.205742542711500498e+00
2.287441078353364965e-01
-7.108204267704628654e-01
-4.388099005540205821e-01
-9.361505233482361743e-02
2.910233614931664992e+00
-3.168744920727696091e+00
7.734833124479125743e-01
1.835951962186716524e-01
4.359385671227599124e-01
-6.397017031193032999e-01
-3.652388888472865025e-01
-8.438552748941380299e-02
3.033574406538025681e+00
-2.604487009310604950e+00
-1.484327057901218883e+00
2.685556712220755315e+00
-1.597624355429062337e+00
5.510385782282922751e-01
1.327710399075968439e+00
-1.102485668000433572e+00
-1.932220676025277806e+00
2.217928472131074802e+00
6.288996810609753796e-01
-1.349630872948250682e+00
-4.929062491065458462e-01
7.858074710289759679e-01
8.950906692448111768e-01
-5.161118207522025214e-01
-1.271380060429641468e+00
2.527689956808008898e+00
-4.919764729914487766e+00
3.678224426450570128e+00
2.577124684852051040e+00
-3.425183079845838918e+00
-1.557184303978815576e+00
2.664240732216973218e+00
-5.604068431773583381e-01
-8.683033009568150717e-01
2.659320247073478249e+00
-1.787010589258325011e+00
-1.894402746586417496e+00
3.196518050143341227e+00
-2.653318562067999764e+00
1.601702534867562200e+00
-4.088735947562027739e-02
-5.037826400015076311e-01
7.148613849025378109e-01
1.260086383539928967e-01
-2.667217998243524679e+00
3.037586030330125642e+00
-3.780615266637449290e-01
-9.753761970592159103e-02
-3.199887682788110865e+00
2.287303560372803357e+00
4.159467829261232374e+00
-4.878483530319021710e+00
-2.259170532653236307e-01
1.938120609002952577e+00
-1.327788163147390010e+00
2.370972173450111575e-01
3.138081086145226184e+00
-2.246525389372717285e+00
-4.429959411882189890e+00
5.102097333247455957e+00
9.836958004118803167e-01
-2.667089044454677094e+00
-6.687918139585488086e-01
1.056803149939401276e+00
1.883440059789534438e+00
-2.176288611267616080e+00
3.366598600387640250e-01
9.704175655180549143e-01
-2.753090678160118543e+00
2.234828697567835754e+00
1.369386109545598362e+00
-1.973308354260491670e+00
-1.141238013182298783e+00
1.609188197416231647e+00
1.312591571285032455e+00
-1.225497726597820414e+00
-1.889176798067148999e+00
2.839770339414550371e+00
-2.605903170602796859e+00
1.378895204265609520e+00
2.130979321520029668e+00
-2.022604513215130684e+00
-2.548543703142811090e+00
3.140185941260995151e+00
4.378793657831233643e-01
-1.706448564381259470e+00
5.995095004688583140e-01
-2.938097534358104501e-01
8.532383522318688351e-01
-6.887173171217569889e-01
1.627020770660179971e-01
5.563983162506238589e-01
-2.045614957018030644e+00
2.009332506777989913e+00
1.994066204514998164e-01
-4.894127600411274370e-01
-1.873258243428156833e+00
1.667285938795905365e+00
1.560647668553402756e+00
-2.409547787403416574e+00
5.821547471988306466e-01
-2.572280803558228413e-01
1.557843738347498341e+00
-1.566583632684225513e+00
7.495942117798586324e-01
2.135869530991215959e-01
-2.045976614747713640e+00
1.972995058301437510e+00
6.496622896861972141e-01
-1.024526082328653720e+00
-1.484420540507408015e+00
1.639224647894760079e+00
1.220494627931528520e+00
-1.626563327263990555e+00
-7.839285545486077700e-01
8.072513801435641234e-01
8.899950940845349212e-01
-2.259181423811267297e+00
4.534415554791249470e+00
-3.714904745055020108e+00
-9.910759935759669847e-01
2.185689619202650480e+00
5.794827320567286222e-01
-8.509981903443094575e-01
-1.310997322740337978e+00
1.920138101660106678e+00
-1.861987705169225515e+00
7.805182910887571435e-01
2.518612034356538132e+00
-2.520523534722733494e+00
-1.973920501856020415e+00
2.424191390673584134e+00
2.219160432332931698e+00
-2.459020497538665584e+00
-1.934721429039758078e+00
3.194943026947388187e+00
-1.805673449501406402e+00
4.595064842931540494e-01
8.951363882276821560e-01
-1.322013533498055615e+00
1.398141203113657305e+00
-5.004942737499494809e-01
-1.506555253698121488e+00
1.938585442064525655e+00
-1.558944741120283917e+00
4.308515361144701350e-01
2.340711776372458974e+00
-2.262746109980602771e+00
-7.942104523934312432e-01
1.636082996674782075e+00
-8.462580315152410382e-01
-3.625389063447940208e-01
2.187782107238895435e+00
-2.523418655613163253e+00
1.805506916270182671e+00
-6.225117170248524179e-01
-1.017913734732424968e+00
1.675581520773591127e+00
-2.072008839937119706e+00
1.389657680135680806e+00
1.271593579676605135e+00
-1.327116469957064782e+00
-1.918064688231786885e+00
2.246521326478113423e+00
8.404245768934086591e-01
-1.650500405678118065e+00
-2.800906078105530050e-01
9.562448046920517253e-02
1.898179361351013839e+00
-2.698944728646500479e+00
3.472573980870729216e+00
-1.963048768736511906e+00
-2.444600052272561275e+00
3.428045858181419714e+00
-1.553511160855390205e+00
3.640867866974378808e-01
1.267853540392590128e+00
-3.990859463617610903e-01
-3.369999730477977629e+00
3.991600139627095700e+00
-2.321044029514680140e+00
3.868871248662372198e-01
2.575871786197755586e+00
-2.638197311352983299e+00
2.389487902688540721e-01
1.180168361387724074e+00
-2.642673250455188416e+00
1.871665587667846520e+00
1.766322393722547845e+00
-2.575168108570804471e+00
1.186136247645230846e-01
5.199964419751565980e-01
1.561845134756281839e+00
-1.276782508518493398e+00
-2.375675502129246830e+00
2.307794389165090276e+00
1.632407323003568500e+00
-2.845754894321895101e+00
2.112680552486426500e+00
-9.673293086505878602e-01
-1.558791889839483247e+00
1.327266379936978824e+00
1.946333501995347159e+00
-2.655666322114219380e+00
1.174944993525170789e+00
1.500454824337764947e-01
-1.547005360050531797e+00
2.124841283861329533e+00
-1.612656977782504164e+00
1.580119840188512370e+00
-2.750307200302677835e+00
2.237385011247957411e+00
7.130674136624407522e-01
-9.796995354633140085e-01
-1.712420863984897679e+00
2.185748229900073891e+00
-7.696018118285163911e-01
-2.450162483108352385e-01
1.360766830949255768e+00
-1.295505428024707140e+00
-3.908467482687592587e-01
6.263204768549077706e-01
1.093751227522296254e+00
-1.139346996971562165e+00
-1.033743282823670562e+00
1.333182215370027457e+00
1.106839425736505955e+00
-1.318224067808369870e+00
-2.101611690927205345e+00
1.596268483054205545e+00
4.046715218358368560e+00
-4.670871055198080768e+00
-1.716474916789534344e-01
1.531469741941410057e+00
6.109264160544369826e-01
-1.369124107865021811e+00
5.613357116108564915e-01
-3.930205939048285746e-01
1.016724701290100175e+00
-5.866875646008586909e-01
-4.107969679232943427e-01
1.634693207236018964e+00
-3.749291232216014791e+00
3.906267578301651167e+00
-1.444064258083198826e+00
9.667966225730106888e-01
-3.392772023965404227e+00
2.913758387138821071e+00
1.092651524202240321e+00
-2.027862605924733330e+00
-5.141498151193415467e-01
1.174000540569065665e+00
6.702727608400247394e-01
-3.522369386119312273e-01
-2.179556020228115898e+00
2.712393050762798907e+00
-2.355622525663177314e+00
7.918533466985639979e-01
3.251220512578544497e+00
-3.151249174420338139e+00
-1.277151294155168593e+00
2.564933731296596520e+00
-1.519516862305135385e+00
4.855473498772512608e-02
2.757941378478673045e+00
-3.028255637457211602e+00
-1.752139992719049522e-01
4.566351342268619717e-01
3.221353644089383295e+00
-3.175031345563826157e+00
-1.258278743037810177e+00
2.294700539206050660e+00
5.221720977865127455e-01
-1.159140734086480329e+00
-1.045825696000318272e+00
9.546654212030107889e-01
1.705541207794353253e+00
-1.966857742028556455e+00
8.753984095671659693e-01
6.017176253594229696e-01
-4.287559047368195486e+00
3.299720392480287146e+00
3.539801736360108197e+00
-4.894138147578644293e+00
3.137655300876358577e-01
9.955907016980749535e-01
1.334085441083784795e+00
-1.658858623793797227e+00
-5.108632720433009533e-01
8.264743108262804228e-01
8.724026378612271815e-01
-7.696485606706552351e-01
-2.075450340075880584e-01
1.769238109646157353e+00
-5.155176000873557207e+00
4.736115726287478012e+00
1.157606111047249087e-02
-1.580130379205407554e+00
-2.504568210905913639e-01
4.130893488065315311e-01
1.078781601736665374e+00
-1.555604459705578035e+00
1.355239564004610209e+00
-7.965501116852473640e-01
-5.743624488951939444e-01
8.689608784512181661e-01
6.460848674922831103e-01
-2.603997542829880607e-01
-2.567254872753731654e+00
2.737159709108417438e+00
-4.176021304302563464e-01
-8.581439979590452793e-01
1.562571083477044986e+00
-1.572556346707602248e+00
2.907290685688745935e-02
-1.809385016529853618e-01
3.398556651795550110e+00
-2.842889681975074190e+00
-2.682985491195346128e+00
3.478387939482197933e+00
1.188758962131738040e+00
-2.079788743247681371e+00
-1.225622036045413088e+00
1.920893651515579670e+00
2.527222531446220444e-01
-8.285654269656367310e-01
-5.098349612954627963e-01
5.612577205014614989e-01
6.809458468215406901e-01
-7.515860356389545416e-01
5.701579204524021005e-01
6.017584693282593822e-01
-3.997277258891485996e+00
3.621316203664250555e+00
8.686311497954590788e-01
-2.137463703522082703e+00
4.826431885755854134e-01
7.879185358885421042e-01
-1.691200147441062063e+00
2.393317702561654770e+00
-2.605323713728632473e+00
2.740599047096444085e+00
-3.856222465762848106e+00
2.783859170160048357e+00
1.453019296915449843e+00
-2.014253929791227193e+00
-1.532143438821535586e+00
2.359074549203795002e+00
-2.412171997493277598e-01
-3.749585736013803516e-01
-8.352963332478559044e-01
8.245610757243011513e-01
6.832519657335083263e-01
-8.509056806173734833e-01
-3.079808678926954091e-01
7.512888155906959353e-01
-7.601890864305118622e-01
5.497265467267921091e-01
4.051520311747907055e-01
-2.372583153596470318e-01
-1.799172780720053044e+00
1.809720978655628754e+00
1.276879368829924033e+00
-1.403261954922186305e+00
-2.671533108678363355e+00
2.483965905565819199e+00
2.542138360926712970e+00
-3.672292163220392869e+00
1.153105729020114323e+00
1.514265735022643500e-01
-9.134114415093370631e-01
7.690026819033415340e-01
8.716278434605816416e-01
-1.980927324512440635e-01
-2.273208583070231548e+00
3.943821356380180276e+00
-5.725939076197534838e+00
4.900544903164853139e+00
-1.340111726151388849e+00
-4.854936015622159373e-01
3.599931361435796395e-01
-6.554971009390589964e-01
2.350963895340433485e+00
-2.054768689642958446e+00
-1.681471081054541461e+00
1.322882608292018425e+00
3.974399287171826334e+00
-4.483986629737922947e+00
7.558665249517180218e-01
1.643158009561651589e+00
-3.396953739052343657e+00
3.191108167932476647e+00
-1.068721305019133538e+00
-1.458430978306902437e-01
4.160451912066203128e-01
-5.786001053864761046e-01
1.363076705176896386e+00
-1.038453589701151092e+00
-1.543143045242727052e+00
9.260202206699015282e-01
3.559589734130137462e+00
-4.510696374573814893e+00
1.641535298111002295e+00
-5.481264887400915109e-01
1.746734089267714785e+00
-1.134073157992795178e+00
-1.382812879612118406e+00
2.153169447988720009e+00
-1.900008877640281924e+00
9.986656605457919778e-01
1.615929713630808617e+00
-1.470632603245340286e+00
-2.218308017918354302e+00
2.444507903131360571e+00
9.128070050777979949e-01
-2.247428484865287235e+00
1.560472685900005985e+00
-1.341140345510863474e+00
1.554343621667910291e+00
-1.266313370105601521e+00
1.065154113274790593e+00
-1.034451211451461183e-01
-2.412028599351682789e+00
2.582887181206850347e+00
3.150868398632494793e-01
-6.552251714157226736e-01
-2.169447475044466778e+00
2.320945167113041219e+00
4.317589796478683573e-01
-1.320660815563714285e+00
3.217960968576618064e-01
-6.763703607074578184e-02
4.808791638343851704e-01
-6.058213287907494582e-01
8.220269094212265815e-01
-5.589214562832562905e-01
-9.493580091376236929e-01
7.312674625326932576e-01
2.101726957440952948e+00
-1.983482425401315696e+00
-1.431109475428280486e+00
2.192642160865357681e+00
-5.601880875034217500e-01
-5.558835535572388409e-01
1.314521715781800548e+00
-1.575339680480961180e+00
1.104726338245783701e+00
-8.206978058484303284e-01
1.786635030952733461e+00
-9.449613656228470493e-01
-3.361166738485980687e+00
3.059305983702158560e+00
3.086050532069761321e+00
-3.753654807592035514e+00
-1.363599226801403885e+00
3.066281538868980139e+00
-1.498599396165654296e+00
9.001924137172139240e-01
-8.700574052328605701e-01
1.055090151004536958e+00
-2.230268842700238618e+00
1.658601478811217778e+00
1.492140750732763976e+00
-1.876379555515570674e+00
-1.172298878625991359e+00
1.423281179934178242e+00
1.414321325191734369e+00
-2.074805225419671384e+00
6.587368396756720923e-01
2.189837768642925731e-02
-2.689457672406192490e-01
2.200949536785404281e-01
6.014179886187155377e-01
-2.660580473331335405e-01
-1.615262408769527758e+00
1.907425588369726643e+00
-2.377222296487550568e-01
-2.216205371373762556e-01
-1.264216688519601117e+00
8.586960137038278651e-01
2.335373969172350517e+00
-2.597571701458567084e+00
-8.436821161689738169e-01
1.178352820180319283e+00
1.903166143321102455e+00
-2.471594417004196131e+00
8.624535318476261869e-01
2.576580051634569379e-01
-1.324641669503285657e+00
1.228837932112472942e+00
-1.083772851037106966e-02
-3.573289149102643059e-01
4.549800939407967482e-01
2.531484387526380386e-01
-2.152784649259896099e+00
2.150504272353369384e+00
-5.512372395603897246e-01
-7.353871040259698511e-01
1.837053482486064260e+00
-2.043466614385743618e+00
1.750567071715927403e+00
-9.420959582859976811e-01
-8.266641258318818686e-01
1.350086410925373404e+00
6.864325344558097619e-02
2.519451116615042396e-01
-3.086694012058555536e+00
3.070426867617870759e+00
4.634154052705796722e-02
-9.668995469445641477e-01
7.378841118886692030e-02
4.305913191988399724e-01
-1.454589105738012478e+00
7.647408214323052622e-01
2.658386463149980283e+00
-2.794789765098487422e+00
-9.996875290082904986e-01
1.605359598562261958e+00
1.145521043717361076e+00
-2.056088606045515021e+00
8.279966050320658466e-01
-4.401063872932750032e-01
1.687057334978559142e+00
-8.345371712131191000e-01
-2.330939470478709197e+00
2.992027502692791607e+00
-2.270986728497546459e+00
6.691187604276904732e-01
3.366900264894981287e+00
-2.953855411336146375e+00
-2.434546214349669668e+00
3.543028371641904428e+00
-1.160686374996417580e+00
-1.020799159728162486e+00
3.164046072596117476e+00
-3.224696039262108904e+00
2.769536527372358226e+00
-7.758591186851948596e-02
-5.664270259297417454e+00
6.321507909438992989e+00
-3.545700845801657675e+00
2.109965835336486684e-01
5.821925862537461249e+00
-5.483511399924332785e+00
-1.872179659051834921e+00
3.896021650694131200e+00
-1.143943149684300442e+00
-5.659845001215016991e-01
1.958752858422579513e+00
-1.854862327925518528e+00
-6.027526905185704997e-01
8.428521738325502888e-01
2.262885315061013092e+00
-1.772007120243448641e+00
-2.796280129532467740e+00
3.833491673532532396e+00
-1.749205045223896526e+00
2.501966075192567085e-01
8.868605163706523298e-01
-1.030809553171901261e+00
6.552116345059153524e-01
9.825651615056943400e-02
-1.698472728994578018e+00
1.495351411200057878e+00
1.289707786736929429e-01
-1.141962516206967315e+00
2.563048554520691358e+00
-1.838204001432725221e+00
-1.844122432444660120e+00
2.301752848424501785e+00
6.742765145682259043e-01
-1.500147163722238108e+00
1.868324952313862308e-01
6.075956456838647046e-01
-2.039857865373278789e-01
7.408758330272660064e-01
-3.296632783472216222e+00
2.482062149736419698e+00
1.732503932066649988e+00
-3.309517695558438444e+00
3.226113586574396397e+00
-2.000370755870308326e+00
-1.489742103768954884e+00
1.910143990896712163e+00
2.179893820204895860e+00
-2.131720685931410397e+00
-3.463106926826829302e+00
3.401197554627668929e+00
2.079187027537747312e+00
-4.020783549401715007e+00
4.355860518509945045e+00
-1.809272756243651026e+00
-4.930615270742741529e+00
5.807018764065050576e+00
-1.074411600804222822e+00
-1.314005493564879723e+00
2.033988082842338230e+00
-1.812327149429526774e+00
9.944172206154705540e-02
-1.347612195133487401e-01
2.026272206164344336e+00
-2.327162933644113973e+00
1.538164151347948039e+00
-2.862714399970270884e-01
-1.403104826900407831e+00
1.818235713291337152e+00
-2.238296541745377066e+00
8.600284082018181397e-01
3.893451350627048946e+00
-3.716694441740000077e+00
-2.096861417987723186e+00
3.447547734013782783e+00
-3.480671487267646969e-01
-1.006428845620171986e+00
6.226175084411305072e-01
-7.310271203857439115e-01
1.222460169127989493e+00
-1.437505777245346339e+00
1.908437059525777801e+00
-1.579651792773093089e+00
-6.043113790919238948e-01
4.299234570187465687e-01
3.407276164520374628e+00
-3.056195538677044521e+00
-2.114974773787814399e+00
3.293834896537617407e+00
-5.026900654652348699e-01
-8.201724661030982411e-01
6.868946251442854534e-01
-1.054149452921275598e+00
1.513966961427778868e+00
-2.056832698844959673e+00
3.684667262409602628e+00
-3.084024447401540581e+00
-7.932940921547800839e-01
1.150225718287374521e+00
2.722450747318962971e+00
-3.198904819458167292e+00
2.954042910944010281e-02
9.286103980493347620e-01
1.556622782371380742e-01
-4.661400574454414025e-01
7.508599215988693842e-01
-9.228082451298033617e-02
-2.552125103127028893e+00
2.161124962665220917e+00
1.861602491609686716e+00
-2.788730068660630668e+00
3.838813740147358766e-01
3.181397911260271938e-01
9.031099352300286931e-01
-9.433744274709351396e-01
-3.901206204915130815e-01
8.134192715605914614e-01
-1.367996696385205824e-01
3.010894605811286207e-01
-1.115219698940343340e+00
1.462666347265720646e+00
-2.059224827623373333e+00
1.338088998829964904e+00
1.668721433677009092e+00
-2.050944189778976856e+00
-1.292625830790615993e+00
9.767213079404263310e-01
3.610573655980632068e+00
-4.583703529768663465e+00
2.016091115597623773e+00
-9.120780585402860074e-01
7.676728361789030286e-01
-8.663903772474819132e-01
2.227885450582202775e+00
-1.421987850366866146e+00
-2.612496764827442419e+00
2.913363446998900486e+00
1.028598360711161952e+00
-1.843013382384818710e+00
-4.509545111704233999e-01
1.360961628569607562e+00
-9.790869010570638631e-01
6.784257232476526012e-01
-5.730549878241394390e-01
2.777162203326533629e-01
3.415451632713540908e-01
-4.505588127362195050e-01
1.373755141633756227e-01
-1.215503153157051902e-01
-3.013912296775457800e-01
-1.646256348532802449e-01
2.648224722095195105e+00
-1.970796753321703454e+00
-2.470995359496590993e+00
3.550694461578298711e+00
-1.157002843577773499e+00
2.917391746287538723e-01
-8.714883146940479719e-01
7.203824434407311017e-01
-5.400566101921302486e-01
-4.073469205294316664e-01
3.262534899244361242e+00
-3.111402710476476319e+00
-1.102638538830198467e+00
1.452977980209529063e+00
2.578855681434470082e+00
-3.207111883758961390e+00
8.132705557708694855e-01
5.295280811590423742e-01
-1.716395851095082303e+00
1.179507253032666014e+00
1.789683196418859534e+00
-2.042092620256918067e+00
-7.498268604430161632e-01
1.555793465801454722e+00
-8.925960079422345927e-02
-9.093226344314569998e-02
-1.225143269841009408e+00
1.239822520342508616e+00
-2.316143011158920961e-01
