2.656506478984561426e+01
1.452393812019878006e+01
1.625624730137888996e+00
-2.181058159775230720e+01
-2.086770270162777052e+01
8.242430550543710766e+00
1.393585003085043716e+01
2.420578867097128217e+00
-7.482951112999002063e+00
-2.460407648605651332e+01
-1.744710740591371589e+01
1.776332437067664927e+01
3.330988808647106225e+01
3.486999103198065342e+01
1.489268891713606280e+01
-3.738351416606869293e+01
-4.857999390326168765e+01
-1.914007184204037060e+01
3.557939375486800060e+00
3.448942933734151950e+01
3.305676482570611796e+01
-9.699034685730421046e+00
-1.952802243136031990e+01
-4.605468184221340522e+00
2.217510244350501036e+00
1.332935012456906954e+01
1.029116047906272513e+01
-1.132800309134756844e+01
-1.534707869136139102e+01
-5.175590440041236917e+00
8.886709306137728914e-01
8.971205090810892457e+00
1.010850539379103985e+01
1.577842447172228102e+00
-2.703958355297598537e+00
-5.091880267003279670e+00
-4.685481681880197868e+00
1.046496883230429997e+00
2.580271839646835819e+00
5.236631590315528051e-01
5.113332000134278577e-01
9.127005006783539542e-01
3.165381060683629677e-01
-7.425788489536445658e-01
-1.384922045499169307e+00
-1.686242240189746777e+00
-6.687159564769651343e-01
1.996663900205017494e+00
2.379925798023936334e+00
5.352206860900664553e-01
-3.591933563197613477e-01
-1.033437363703539891e+00
-1.624108346781005574e+00
-1.666937908791056300e+00
-6.247650839633042130e-01
1.750555219900921999e+00
2.772922638678852802e+00
2.479534711688471837e+00
1.018220593200285684e+00
-2.317257331012573029e+00
-3.888477492771547084e+00
-3.680510381050730029e+00
-1.241234600272687505e+00
4.473349053783763019e+00
5.036574603803900096e+00
3.041132316043974049e-01
-1.573054067500931907e+00
-2.155889917838103020e+00
-1.552341437325022833e+00
1.617841862666852926e+00
1.874090686907466496e+00
-6.626247505785622938e-01
-1.450238475016519146e+00
-1.427333966364748852e+00
-6.935672789306085440e-01
1.486182268362578496e+00
1.989148337386046350e+00
8.420115972497288492e-01
-1.206860917354646429e-01
-1.537751307092638964e+00
-1.382544471967752431e+00
7.054552116685529617e-01
9.949165385394621586e-01
-1.530506659710428874e-01
-4.400075754319773824e-01
-4.543525447741797452e-01
-2.986510544535621592e-01
3.428210180213122071e-01
7.238939752801391014e-01
8.919711932173697289e-01
4.032183872856501816e-01
-9.559661952146295549e-01
-1.038368710222835833e+00
1.327831766028589877e-01
1.244381578966965995e-01
-7.341155320672970719e-01
-1.632072741947407479e+00
-2.982284360862792028e+00
-1.891069037107447004e+00
1.946730706625548146e+00
9.633443341051554754e+00
2.224994227519391643e+01
1.496011226784960080e+01
-1.385250723395883199e+01
-3.566077902839371205e+01
-5.537294073844933706e+01
-2.954786160135239115e+01
5.142080984905518903e+01
7.581785557826985666e+01
4.959276682069588560e+01
9.843668408625468658e+00
-6.713821140984200042e+01
-7.635118551087204253e+01
-9.820732964744642857e+00
1.980480436382017473e+01
3.386558666486212843e+01
3.224792164795743332e+01
-4.146449330295764568e+00
-1.652064255485199951e+01
-8.765242125919170846e+00
-3.812790990063890995e+00
9.385149053445161371e+00
9.672725927089915743e+00
-5.443319822392142626e+00
-1.084346332117987366e+01
-1.079507086774387403e+01
-5.097993045977992743e+00
1.077180281695232900e+01
1.733668971591711028e+01
1.503190135123161042e+01
5.665470434108089925e+00
-1.558822567563650985e+01
-2.331951433344874403e+01
-1.713755224807594146e+01
-3.990670782775172842e+00
2.254025535478885445e+01
2.579952336466643104e+01
3.742482084673002252e+00
-6.186280548319248673e+00
-1.129394394879652097e+01
-1.179045633361240952e+01
-1.446984610011501138e+00
3.870065249547805841e+00
5.684978550566755828e+00
5.291891812785599392e+00
-4.743729453658874773e-01
-2.561718139022919782e+00
-1.410176033084075575e+00
-1.739448593678282862e+00
-1.890660554872693355e+00
-1.059755684173888879e+00
4.369108485047473733e-01
2.972079290067301649e+00
6.705724066789568560e+00
3.368048954123178618e+00
-7.710840741147606536e+00
-7.055949252192370125e+00
4.640984586643304155e+00
5.995056716605776437e+00
-1.529279747837935244e-01
-3.910074346302820025e+00
-8.673207821894079572e+00
-5.126914935734555812e+00
8.658295689460135947e+00
1.042298942497153647e+01
1.435334558447569631e+00
-2.464873172191453854e+00
-5.084197269560798205e+00
-4.324733050014284430e+00
2.363579148426300236e+00
3.339296530952546416e+00
-7.276148846406543802e-01
-1.270454046522744074e+00
-1.761965590907152990e-01
-4.826200579154031611e-02
2.049664550740115387e-01
4.076291286488178400e-01
3.465363912625150644e-01
1.158466945691527250e-01
-3.954927328908241502e-01
1.962828568444929256e-01
1.986896238738681930e+00
1.789851009039929552e+00
-2.848864180394917733e-01
-3.088941674584300134e+00
-7.331552624628254300e+00
-4.322162120726967593e+00
6.756707905666302416e+00
8.617983236066095287e+00
2.355636718112457118e+00
-1.512216014181076984e+00
-6.094491234831093784e+00
-4.132399451338176100e+00
6.351230541823722042e+00
6.234129103362531232e+00
-3.429552436606533750e+00
-5.895592598901639114e+00
-4.116615256028233638e+00
-1.152321538057635930e+00
5.747557676363561185e+00
5.816847356101784605e+00
-1.478849249681702283e+00
-3.172423269640889387e+00
-1.129869258877699290e+00
-3.263064994175907119e-02
2.188931126364487945e+00
1.673282649753340623e+00
-2.196749345261998165e+00
-1.890961837837425996e+00
2.024880179724767082e+00
2.050917657543366523e+00
-8.218906357661368567e-01
-2.188205503084437176e+00
-3.160903854236674970e+00
-1.688169849233975839e+00
3.088801607017980899e+00
4.680926024967786425e+00
3.434902140959055217e+00
1.067569111082995903e+00
-3.828833415566969212e+00
-5.800816499385745395e+00
-4.592010798130072402e+00
-1.403335068185275425e+00
5.254044738157466199e+00
7.125120755542129203e+00
3.883976470018454918e+00
3.352318928258328778e-01
-5.461433997747563218e+00
-6.230792588890953887e+00
-9.967879259675064274e-01
1.633014456256107749e+00
3.282461503041781192e+00
2.452729967719971427e+00
-2.455872830448416533e+00
-2.913388161319097946e+00
6.997521259401257021e-01
2.335438362951512303e+00
3.475232513754455521e+00
1.899105147097092772e+00
-3.491889657982617301e+00
-4.491106870447338473e+00
-1.435678368416874573e+00
4.873150031107850166e-01
2.805026371328339874e+00
2.649423229042687122e+00
-8.754250110339779622e-01
-1.678063249875341389e+00
-3.773769000610926461e-01
3.623279040496418246e-01
1.582713853861372311e+00
1.278941847171019663e+00
-9.376885475958606220e-01
-1.581857590053798113e+00
-1.031417619235352356e+00
7.695636075367717766e-04
2.186398901896759117e+00
6.944804143255298712e-01
-4.806663916303938855e+00
-3.874386539711034416e+00
3.051690791454650942e+00
5.713994480047190017e+00
5.722330496697909830e+00
2.383677542009878358e+00
-6.355059756992669229e+00
-7.966129756851003663e+00
-2.451484770075057718e+00
9.666422103713040448e-01
4.760420867806402612e+00
4.364181772273777682e+00
-1.871163774824400772e+00
-3.027421359523411848e+00
-8.931984890415099743e-02
2.513988357093059012e+00
6.754246559366917424e+00
4.724647206916108289e+00
-4.552836600780820753e+00
-1.124855758520031834e+01
-1.703755726120733627e+01
-9.404769950490571517e+00
1.469720827180924694e+01
2.487731296309446805e+01
2.318175206427897805e+01
8.668861314428038867e+00
-2.598293432655615476e+01
-3.357640469930386473e+01
-1.359943722586946535e+01
2.137105844408089261e+00
2.356410194647188305e+01
2.456147083265216580e+01
-8.023384995973779077e-01
-9.642452126264522860e+00
-7.803636312010248766e+00
-7.135263253856466648e+00
-4.240173038277005868e-01
2.214995292970131757e+00
2.592048565379507785e-01
3.117865096039535100e+00
8.953590163102401078e+00
4.566017684491689543e+00
-9.834034257636501408e+00
-8.462409514121658205e+00
7.664800442521292112e+00
9.247258386747709835e+00
-6.224930054014962688e-02
-8.469759359210547345e+00
-2.095038049931493873e+01
-1.260113323929313189e+01
1.978282654936854357e+01
2.571763768468949607e+01
8.597043058107090019e+00
-2.499766124920204113e+00
-1.666924791623915070e+01
-1.681251932675472105e+01
1.962095153963130834e+00
7.349275222012638942e+00
3.195494613155264396e+00
3.752456562753991864e+00
3.836650078868538039e+00
9.814270115016817675e-01
-3.845539290203443539e+00
-6.426215393407574084e+00
-6.705454393813163882e+00
-2.472742187646127743e+00
7.759569368360151209e+00
1.034047763406431919e+01
5.336425832248616885e+00
8.393420201861689911e-01
-6.043853150547891850e+00
-1.018307493519693807e+01
-1.042554725660551007e+01
-3.870485660152519714e+00
1.174527279126811585e+01
1.457459245620658272e+01
4.526852469801655232e+00
-1.808523119018859981e+00
-8.804803855962452630e+00
-8.542274971609796097e+00
1.953102415801929670e+00
4.965814377751645914e+00
2.390742984383636305e+00
-4.755767795895288197e-01
-6.843817506510567306e+00
-5.132412807765650342e+00
5.593682542715966655e+00
7.955027180500910511e+00
3.799681406395474692e+00
3.003765629027658757e-01
-5.586590689232586726e+00
-6.762784511672535359e+00
-2.134825890018049677e+00
8.635980193118918402e-01
3.943688725804999073e+00
4.810723534485946473e+00
2.167853976814776207e+00
-4.621463233198705445e-02
-2.731195501358026245e+00
-4.307284664080704317e+00
-4.078927644509368733e+00
-1.410952491947716769e+00
4.560837708750442587e+00
5.678552144486739728e+00
1.805677842267930266e+00
-8.934694061768571061e-01
-4.112701200673942736e+00
-3.232729494133450121e+00
2.980141587453863039e+00
3.334582399599261393e+00
-1.398847438037363222e+00
-2.359436572508465613e+00
-1.280715991063127390e+00
-2.977968765952193619e-01
1.903822244249188778e+00
2.096144365667554688e+00
1.746652355475208571e-02
-6.738227207875034930e-01
-5.961637949805316250e-01
-8.606346966657701936e-01
-9.193163401546251556e-01
-3.495926815191814918e-01
8.641658079287903860e-01
1.606869165466774163e+00
1.916501192637272366e+00
9.021531098113607650e-01
-1.818540545494923721e+00
-2.829544274101947643e+00
-2.245678509183366423e+00
-7.135584072839297187e-01
2.576186477430555843e+00
3.219724242480412446e+00
1.038563039655003406e+00
-5.303837189269116070e-01
-2.434229788314348664e+00
-1.837738552421255056e+00
1.967407659942391973e+00
2.148436021582865507e+00
-8.415999244376839439e-01
-1.493248795146987051e+00
-8.666420094875528779e-01
3.614337720718560631e-02
2.074872948361723868e+00
1.268595847892930006e+00
-2.632185139248285122e+00
-2.083991437290497295e+00
2.469297228773377650e+00
1.872727869777492282e+00
-2.962946783989411248e+00
-2.773680201312771487e+00
1.322983731707913169e+00
3.215350551347240238e+00
4.279603237785291725e+00
2.085952868558234918e+00
-4.597996173715951151e+00
-5.824529437273271881e+00
-1.891413067100014445e+00
5.747178703809783240e-01
3.457933815840501524e+00
4.115858035356833255e+00
1.477025677576622842e+00
-3.154333652375227448e-01
-2.101293689186520819e+00
-3.357353913478782648e+00
-3.394875376868773831e+00
-1.238114174654564748e+00
3.714426290847169465e+00
5.015827991037767219e+00
2.651161359554426333e+00
2.194183917037577924e-01
-3.699675617076454870e+00
-4.493313022005562374e+00
-1.487042333836210428e+00
6.517400501014850578e-01
3.056919822912614659e+00
3.081783498976809810e+00
-1.786854235707527327e-01
-1.079808941431491975e+00
-2.476001412148129133e-01
-9.812965043760447648e-01
-2.434499031971836924e+00
-1.278745765899845344e+00
2.356286536504959894e+00
2.661313565569051853e+00
-6.223020334809337140e-02
-1.124702777788891161e+00
-1.508311454205709001e+00
-1.122169294892495922e-01
3.947121339177858790e+00
3.030858660318041409e+00
-2.879507316726808597e+00
-4.583462832348653038e+00
-3.248389318207653531e+00
-7.763285327235789346e-01
4.553202591769172969e+00
5.144480804406950547e+00
6.092450620847802423e-01
-1.114513867788813783e+00
-1.484411205761702934e+00
-2.807821667798835907e+00
-3.942957495154213010e+00
-1.828451444057796804e+00
3.787194474802478172e+00
5.465813879064119085e+00
3.497179478957837429e+00
5.680485970446279564e-01
-4.956347899052863326e+00
-5.344507855489179171e+00
3.461856243531313132e-02
1.845425172111575973e+00
1.582199816396196335e+00
1.325130089891600971e+00
-4.512327402723114722e-01
-1.038916819362811994e+00
-3.764805287061843697e-01
5.947917233926787173e-01
2.503107198501039576e+00
1.932128401555925690e+00
-1.372931617926109071e+00
-3.303001704851626474e+00
-4.510631877900554976e+00
-1.991058913205296932e+00
5.334672816744295609e+00
5.821732097319387123e+00
-2.996107120009714464e-01
-2.118576447486412384e+00
-1.600256381910698744e+00
-1.602869335883435831e+00
-4.677375138320646331e-01
2.592579067479253152e-01
4.721980122215222453e-01
1.411630775712407582e+00
2.787154299644170941e+00
1.369748373485386805e+00
-2.995187127262767035e+00
-3.866578295322718350e+00
-1.589468300554247593e+00
-9.043662218680692533e-02
1.830684685132909717e+00
3.335763792096540836e+00
3.904823859048851986e+00
1.763378656193717697e+00
-3.747867725814430173e+00
-4.878383818584786979e+00
-1.728494259601055294e+00
9.205749342847983074e-01
4.664987810117644074e+00
2.196305939264444174e+00
-7.674268651209422920e+00
-6.418780972161100884e+00
5.213554242731421873e+00
8.174876975639733701e+00
5.224029617297817119e+00
1.123890717464619771e+00
-7.443704100034099547e+00
-7.945110151868135517e+00
4.813364965899370462e-01
2.469995636372869896e+00
2.966968305163754094e-01
3.777160749021082342e-01
3.974276828512716686e-01
-1.015357950322475666e+00
-3.416492644868861284e+00
4.206178106031995156e+00
2.274800355624546100e+01
1.634788324832747719e+01
-1.506283905524472821e+01
-3.104536765788829200e+01
-3.750272984963724099e+01
-1.736808768998273678e+01
3.909802763769634737e+01
5.182368951671070079e+01
2.264144224978954156e+01
-1.429503512796261866e+00
-3.653524123157565384e+01
-3.939008388333804334e+01
-1.462964867650589085e+00
1.354524084948858231e+01
1.535236073148579550e+01
1.240608756940269330e+01
-6.372310943474698952e+00
-9.989582493693715648e+00
1.244475831377368724e+00
4.241821540889818998e+00
4.640562216612615920e+00
3.192937144342228084e+00
-3.303908379473953438e+00
-8.242993142589591926e+00
-1.230041068288550754e+01
-6.649743708659800134e+00
1.093940774401921878e+01
1.712148205020433522e+01
1.321234429613348915e+01
3.686636075315179895e+00
-1.669590777764334177e+01
-1.903112952992469786e+01
-2.015856903428654867e+00
5.547608392085941809e+00
9.311213532071992205e+00
6.819502587292317841e+00
-6.982657138236963767e+00
-7.748984454867798632e+00
3.714067275707561677e+00
6.276402151590609435e+00
3.905448452262295422e+00
1.420978154472881005e+00
-4.387210997945834912e+00
-7.736644970955654621e+00
-8.327426429182784418e+00
-3.363976388298625331e+00
9.088175372730558976e+00
1.457451010177338269e+01
1.350910827055470165e+01
5.940091808398346274e+00
-1.186033215393537787e+01
-2.354254849348554046e+01
-2.951719296106078971e+01
-1.385972320598373031e+01
2.925323604540612976e+01
4.189401393494212300e+01
2.587298631641720803e+01
4.272473671769141390e+00
-3.549358380487152687e+01
-4.105693033160643068e+01
-7.642165590513728013e+00
8.954238417086626711e+00
1.983530160845103296e+01
2.054818613322657939e+01
1.522594870977062254e+00
-7.094949843142403623e+00
-8.399007114027265075e+00
-7.609165692169326256e+00
9.953479393675971343e-01
4.139919501713038130e+00
2.113245439222299016e+00
7.124474520397445776e-01
-2.764613564117460065e+00
-2.888349336983119908e+00
9.997342664177040206e-01
3.309915706712143635e+00
5.242376756029321960e+00
2.623690035606550452e+00
-5.830160441290913376e+00
-6.772087340413933454e+00
-6.769922876229949038e-01
1.521568340849274614e+00
2.115270873309522681e+00
2.790156495906168654e+00
1.935508221335345391e+00
1.015596613619891841e-01
-2.994948984072185016e+00
-2.510844625980823697e+00
1.971212270890154272e+00
2.441789705263729626e+00
-3.388922054572732212e-01
-1.842239813007649163e+00
-3.397873408556826735e+00
-2.009482570087101738e+00
3.179328022803387999e+00
4.340302194220180709e+00
1.936104261520587233e+00
-7.940231531238209350e-02
-3.193642460656870075e+00
-3.215195193808198404e+00
5.703133965058196919e-01
1.572143784432052493e+00
6.275910832438976739e-01
6.922760912741807160e-02
-1.202707388027854707e+00
-1.112919275855920986e+00
6.183266585931618264e-01
1.576773857076949170e+00
2.205480888786369498e+00
1.210947103095562305e+00
-1.952178087233639614e+00
-2.891120873377714506e+00
-1.807508682088801999e+00
-1.181451945732072129e-01
3.124262223361616186e+00
2.631934252585101497e+00
-2.006157749237798438e+00
-2.282007745605119542e+00
1.004811271416410579e+00
1.126787371318531461e+00
-6.949836195118336279e-01
-8.334198288522780551e-01
-1.441805777966816415e-01
8.908894185292504098e-01
2.808603396229899740e+00
1.751035026524730087e+00
-2.547386789786357575e+00
-3.730390572238293956e+00
-2.353542996726797565e+00
-6.092409297488201592e-01
2.732205347052657718e+00
4.142382637700225523e+00
3.318399103704924968e+00
9.735331067439971786e-01
-3.925530543498505942e+00
-5.218999045579871598e+00
-2.675860040254526062e+00
-1.928267913542036915e-01
3.642499731011997977e+00
4.638120008652928838e+00
2.084764118901766050e+00
-1.597280144954424386e-01
-3.214655562880043949e+00
-3.482060990797945177e+00
-1.795685035467305402e-01
1.357924638951709451e+00
1.986090575277928760e+00
1.009166405140587752e+00
-2.618151115832938025e+00
-2.270314701060220930e+00
1.982517862698774280e+00
2.171845388367462881e+00
-7.506132016060850232e-01
-1.239963841217473606e+00
-4.229336201800112383e-01
9.374559860920472776e-01
3.720483873090186577e+00
2.630777647070796643e+00
-2.641278217214893420e+00
-5.057197461051467613e+00
-5.515233969549647064e+00
-2.440782774224065754e+00
5.777638942175571835e+00
7.714285101752148321e+00
3.512896129292614855e+00
-1.955713229287006638e-01
-5.780086628121748227e+00
-5.843121689855880874e+00
8.938173112678302612e-01
2.818909379044391095e+00
1.433875201424405388e+00
5.341890486049961639e-01
-1.834033292872170762e+00
-1.728248855773283132e+00
1.277593007824867843e+00
1.964718097110417006e+00
1.055873638455778085e+00
2.210488670527357979e-01
-1.401151672971124418e+00
-1.934156271368882019e+00
-1.174017240569578346e+00
-2.616172796811520040e-01
1.289124863597002735e+00
2.062903894137913863e+00
1.880363907967462334e+00
5.740053098485274896e-01
-2.350672040318753098e+00
-2.696588704186800634e+00
-3.690362573099497667e-01
6.213553815830189508e-01
1.071303346093092079e+00
1.230605501669800539e+00
4.577986053129056154e-01
-2.316979728849818676e-01
-9.924370693704400725e-01
-9.330562895428760051e-01
2.056038763402363301e-01
5.118219639319189218e-01
1.797564263481375713e-01
7.226280477692120785e-01
1.882163254488985471e+00
1.006160968115132004e+00
-1.891929733076761933e+00
-4.483447617245804651e+00
-7.277477119872345135e+00
-4.428346216893222831e+00
5.029657554497546812e+00
1.365974119761753691e+01
2.286487160270900887e+01
1.285886309953934159e+01
-1.963809601473776567e+01
-3.382149719835923207e+01
-3.285200347501901064e+01
-1.315150584588481131e+01
3.515006546074100413e+01
4.877114618793528678e+01
2.768640836936734217e+01
3.324843244184205737e+00
-3.840431547815789060e+01
-4.513925042005907073e+01
-1.070464396343880686e+01
9.050260318027936179e+00
2.595044535254639584e+01
2.545968664623031685e+01
-2.568870097039979594e+00
-1.114380897181557017e+01
-4.752202356807426753e+00
-7.199579395394457570e+00
-1.077000433101425614e+01
-5.164907850024797575e+00
8.186948203719145667e+00
1.524672852512107113e+01
1.700063213479505109e+01
6.524704229401612210e+00
-2.033820812885577567e+01
-2.065433190404217356e+01
5.726174293267839666e+00
1.221574529792886210e+01
5.966315561176413595e+00
-3.427245779608143472e+00
-2.397022846237194571e+01
-1.706695112446756823e+01
1.971222584136518208e+01
2.777974674397131594e+01
1.295774253648795415e+01
6.550328345770979332e-01
-1.952830115995400817e+01
-2.013662718432058796e+01
3.125661916093919412e+00
1.036099978257785281e+01
7.141968798432547061e+00
-1.501168561675323421e+00
-2.287547495361597072e+01
-1.790715062418567882e+01
1.492678218680997837e+01
2.819675667695309684e+01
2.852265631590674033e+01
1.114474901108454041e+01
-3.389645692286164547e+01
-3.930682334205082640e+01
-4.871601357998375015e+00
9.745194682775544237e+00
1.695844947126964186e+01
1.667051568073313206e+01
-7.879644516719294112e-01
-7.413039601288567759e+00
-5.293302202216076502e+00
-4.084512208048757032e+00
1.445165753223319083e+00
3.135908130305610886e+00
3.249109149400175589e-01
-3.469933401637351200e-01
-6.243595839374407319e-01
-6.459533321843524689e-01
4.127928652252245145e-01
8.776004185463386342e-01
9.272052572621863886e-01
4.297103665877952117e-01
-9.586207701109463741e-01
-1.358318447807548068e+00
-8.007766241941587371e-01
-1.347017738429077405e-01
1.046464318855427678e+00
1.283735719196316571e+00
4.191042826084689921e-01
-1.732718212630084964e-01
-8.329530480117558477e-01
-7.364202599614994016e-01
3.859365759590434597e-01
5.616007147501270724e-01
-4.312323607109964929e-02
-3.940017898294086440e-01
-8.310840259496311555e-01
-5.852895290096156167e-01
5.265991095116138165e-01
1.240198637086198374e+00
1.730124975666266662e+00
8.809702154111744843e-01
-1.669016190157445179e+00
-2.228765697177282235e+00
-9.297715840067515281e-01
1.771094979326061358e-01
1.825358068763843544e+00
1.506360000709334734e+00
-1.201568807971092667e+00
-1.426448675923389642e+00
4.221834373284903963e-01
1.072075776011615078e+00
1.301178026862008563e+00
3.018720618124221544e-01
-2.502756872723488346e+00
-2.852273036819319429e+00
-8.281182280325520839e-01
-6.044394394869082587e-01
-1.487819594309125248e+00
4.033688866792605410e+00
1.595320316503553926e+01
1.040604182249412446e+01
-1.292738059602302414e+01
-1.897334649585290123e+01
-1.100391461189681408e+01
-9.864575956930804468e-01
1.781277672456909400e+01
1.594814742450507161e+01
-9.280928810298565423e+00
-1.194626727619921880e+01
3.182674863730842407e+00
7.008749388643552791e+00
6.586206994500549250e+00
3.921438486283725045e+00
-5.143759787298601616e+00
-1.195304763457449404e+01
-1.709921453654996526e+01
-8.835064302893956167e+00
1.594933574535368059e+01
2.418594504827679259e+01
1.751530414721494822e+01
4.840663820194304634e+00
-2.112621047747944658e+01
-2.587934704285203225e+01
-7.448792378428612970e+00
4.393557646267366223e+00
1.705855668151265192e+01
1.335492265743387641e+01
-1.252762268041583482e+01
-1.484198472001798486e+01
3.321557504952417528e+00
1.122699881240828468e+01
1.652370590007597784e+01
8.521118252213927491e+00
-1.828931244182788873e+01
-2.138328468074587363e+01
-2.174763288983912357e+00
5.663175332606520840e+00
9.542765410367014312e+00
1.060073448495279713e+01
3.663260743074582493e+00
-6.085989122033905740e-01
-3.408204043848858333e+00
-1.160025083936633550e+01
-2.381700478249522845e+01
-1.416427902697482999e+01
1.882125948322186915e+01
3.247036973274720140e+01
3.055796232629711895e+01
1.079476653581513546e+01
-3.681335440882678256e+01
-4.185630689462421117e+01
-3.255694308545054483e+00
1.252880669018901827e+01
1.857832540609124550e+01
1.373407326807127582e+01
-1.327060643570061238e+01
-1.579558404424724749e+01
4.810552633203692530e+00
1.139789306693729287e+01
1.194866773602887200e+01
5.650622447663965708e+00
-1.351865175147692177e+01
-1.621241417241166261e+01
-2.705584774779985047e+00
3.548452142646530305e+00
7.940447760807302302e+00
7.550958299277750640e+00
-1.442838293534082661e+00
-4.054098081378442409e+00
-1.492100686914927810e+00
-1.062819545324847681e+00
-1.764733473480499248e-01
3.364823942317257122e-01
-2.390673135944933470e-01
1.194848892933971118e+00
4.435248044277892099e+00
2.752648641682349684e+00
-3.824577727519476777e+00
-5.365870953140525756e+00
-2.731423668820242678e+00
-1.066176255060565792e-01
4.376308657658481316e+00
4.417501207082327852e+00
-7.808012797634475977e-01
-2.128903314807934599e+00
-8.288536877274103043e-01
-5.242237067431910758e-01
2.394829303667858622e-01
4.232809157495152075e-01
-3.284008066059320718e-01
-2.251299097478491607e-02
1.118524956807175341e+00
6.997538111551396822e-01
-1.109033005300720909e+00
-8.825596620018067995e-01
1.146000111004296551e+00
1.164178427505666802e+00
-3.840275292346910785e-01
-1.549015340408913755e+00
-2.957904165055114554e+00
-1.845399806370948248e+00
2.283213248198969758e+00
4.125344884105377474e+00
4.164812736362776491e+00
1.593701808037077061e+00
-4.861078653069406563e+00
-5.764105632284182157e+00
-1.074817371505758956e+00
1.246902462449396509e+00
2.995160267994273262e+00
2.830037318456631645e+00
-5.959037769872738144e-01
-1.487485851762288203e+00
-3.103242926971906401e-01
-2.987695513126839009e-01
-4.863645676796861661e-01
-1.411982192124658642e-01
4.338533711709277596e-01
6.138318566784793928e-01
4.115996159455098113e-01
3.050471986851110637e-02
-6.905663619663072739e-01
-3.887893564346237008e-01
1.041903585573892066e+00
9.174222504046427584e-01
-6.028349283800087388e-01
-1.412831429750192047e+00
-1.953519720922053171e+00
-1.085893641635601981e+00
1.654368106613707479e+00
2.969859148136233529e+00
3.085465833724057028e+00
1.371865598521371465e+00
-3.011798570724470991e+00
-4.029898934918984210e+00
-1.707076199558649421e+00
1.763509507847749180e-01
2.872950401039539248e+00
1.546097651369488180e+00
-4.650070382888809029e+00
-4.725145441755363329e+00
6.695142487674676790e-01
6.674510176379133242e+00
1.546465348236198167e+01
9.023606545195205442e+00
-1.465688045134487361e+01
-2.005279457130600562e+01
-9.610750438995941280e+00
-2.627856816933915596e-02
1.546721003083588286e+01
1.847053625415572498e+01
6.149482462334417754e+00
-6.567439922173596845e-01
-6.273618223817548412e+00
-1.548158213415380224e+01
-2.551972502570650647e+01
-1.259975218730719071e+01
2.576052757480524491e+01
3.273578973594426600e+01
1.069781426783088030e+01
-3.492287503842534058e+00
-2.052634379717605384e+01
-1.896996002122785185e+01
7.742558154094305145e+00
1.318256529932552645e+01
1.841293024576463377e+00
-6.454892211030486493e+00
-1.983587923313159251e+01
-1.431498542949143982e+01
1.371259121468679076e+01
2.635678001709732499e+01
2.813337341170401373e+01
1.154421582067179664e+01
-3.207824817340311085e+01
-3.780613492578853396e+01
-5.796984699741597247e+00
9.162502350811303486e+00
1.917204902710745884e+01
1.545681871148819475e+01
-1.137333995019695188e+01
-1.473769918606138951e+01
2.896032353447079544e+00
9.062388764693212195e+00
1.165714906565157882e+01
6.384225272982729571e+00
-1.192308391347858709e+01
