-3.052136713640418364e+01
-4.887337499090854465e+00
2.148367227748486386e+01
4.814596016916606658e+01
8.397047518229371121e+01
1.269541302854162836e+02
1.471497579741935624e+02
1.428023126583289582e+02
1.267875672072603948e+02
9.093051020426014475e+01
5.498214588093846089e+01
1.984694936659442277e+01
-3.154752930130754152e+01
-9.527397520732768044e+01
-1.314101074584310140e+02
-1.383580249868940086e+02
-1.325277814272507442e+02
-1.033088963104909226e+02
-7.851415254078661121e+01
-5.948823432462558713e+01
-2.313941955244365545e+01
2.482228855478168938e+01
5.573967374472367453e+01
6.982721222502824787e+01
7.696000106105628902e+01
6.996906457437228255e+01
7.170253247839555399e+01
8.320564913541905128e+01
8.705210861111565634e+01
8.812883886527822597e+01
7.475753294409663852e+01
4.367920118801002616e+01
3.672694828594914362e+00
-4.927079069677132850e+01
-1.130371386600774173e+02
-1.873804724904356078e+02
-2.772359312646011062e+02
-3.825621625712834657e+02
-4.283338697764315839e+02
-4.081791610779476969e+02
-3.577647846218659993e+02
-2.560637098214970138e+02
-1.479820426991469731e+02
-3.586943916806561106e+01
1.214199597688919425e+02
3.151417822344471347e+02
4.337964896913117059e+02
4.723630818039763426e+02
4.783247345258886867e+02
4.220012055647678721e+02
3.794112133002697078e+02
3.545511002899202708e+02
2.837785560354355994e+02
1.827978833024267544e+02
1.089390073455958117e+02
5.937684432675939661e+01
1.703160449559667100e+01
-4.649057454783044996e+00
-5.607841753134331242e+01
-1.397008046564387769e+02
-2.195467407324563851e+02
-3.068421151745394013e+02
-3.537647302882631948e+02
-3.518092031985443668e+02
-3.315333133823898493e+02
-2.783225244002953787e+02
-2.108520603544812673e+02
-1.308964410092145556e+02
-1.576530924555655133e+01
1.312942927914657218e+02
2.197406411480274642e+02
2.446906057694147023e+02
2.476156375361586868e+02
2.044318093509711787e+02
1.741460774626879697e+02
1.605141393327020296e+02
1.134072802312610833e+02
4.526515607950504005e+01
-6.138185069753518519e+00
-4.372000273214835175e+01
-7.728941474387450228e+01
-9.834315805998342341e+01
-1.419405151269367309e+02
-2.097284599035657209e+02
-2.775476862859049447e+02
-3.533019967532694636e+02
-3.836388347620041372e+02
-3.608677290922457814e+02
-3.158529011011356715e+02
-2.327707438044902233e+02
-1.364934225200497622e+02
-2.886725968866989689e+01
1.168777676764300111e+02
2.961895084027812004e+02
4.067766105324766386e+02
4.429441944932802357e+02
4.507268781192921097e+02
4.026888882080936014e+02
3.656608586826790201e+02
3.435358235383214947e+02
2.791956976838648643e+02
1.864812366741774099e+02
1.159255894215304608e+02
6.476805646641732039e+01
1.787768290062464871e+01
-1.305437893922574943e+01
-7.267419787654445429e+01
-1.632841981490096828e+02
-2.533275056774874372e+02
-3.528650126708103585e+02
-4.027187085133955406e+02
-3.937821500155616832e+02
-3.611856065602555077e+02
-2.872008212366692987e+02
-1.982707773173746943e+02
-9.644969523418671997e+01
4.760384142880670311e+01
2.291304175758272379e+02
3.301590160362690085e+02
3.439749344906335295e+02
3.240273617292552899e+02
2.386507069233247762e+02
1.645372036647666789e+02
1.062171714825328621e+02
-2.008918458265181783e+00
-1.442462178921668396e+02
-2.236120933141971534e+02
-2.393047062562006317e+02
-2.268626516706944471e+02
-1.615571016119362753e+02
-1.168938015763147149e+02
-9.627519960890290918e+01
-4.199019857977779679e+01
3.046282277528364446e+01
6.926543443847677395e+01
7.628968931109328366e+01
6.555229765473158920e+01
2.430351705422534181e+01
-2.311819554369557217e+00
-1.289738402232959125e+01
-4.077260832349092823e+01
-7.648347391425114949e+01
-8.459031982992124199e+01
-6.534306477817455061e+01
-2.894458126217369554e+01
3.379645163316867240e+01
9.353851138143292587e+01
1.496277406868494779e+02
2.247785758793113473e+02
3.131417276505002860e+02
3.477373844696537617e+02
3.246818420380540715e+02
2.716795473180130784e+02
1.702944807625466126e+02
6.551069523512136072e+01
-4.095723439724635995e+01
-1.879904694253717992e+02
-3.668326677349460283e+02
-4.595137711920840502e+02
-4.597333651246183308e+02
-4.177860115865910302e+02
-3.017341014434083490e+02
-1.907090508352222855e+02
-8.847054870893461498e+01
7.249665221968319884e+01
2.762518621963512828e+02
3.878777768828467742e+02
4.031766333176061607e+02
3.758111548617927156e+02
2.703014605098271659e+02
1.831824906719281785e+02
1.190273148816054771e+02
-9.866231626585317827e-01
-1.568957728425605467e+02
-2.467681695962209858e+02
-2.706438570849664984e+02
-2.636171290939308278e+02
-1.997888913539210591e+02
-1.592818953350782181e+02
-1.454262414396422400e+02
-9.617870360800235119e+01
-2.835428158774004359e+01
1.356992320154976461e+01
3.269021526603409455e+01
3.871258753793465957e+01
2.114222655093154657e+01
2.222337222142145663e+01
4.318599524906577614e+01
5.426086546922998366e+01
6.446197752374490619e+01
7.231597257690184222e+01
7.451147481689531560e+01
7.806449512309080774e+01
8.180963568477950787e+01
7.875625420310949210e+01
6.933744797725756825e+01
5.585823546997158218e+01
3.678675586673966080e+01
2.100012543441927093e+01
9.205431095580459910e+00
-4.088477782022872375e+00
-1.662188309903419281e+01
-3.293531339914432721e+01
-5.371637481060064800e+01
-7.490527061761642358e+01
-9.764702439271400181e+01
-1.050749564536225051e+02
-9.499790022855090399e+01
-7.616333371728677548e+01
-4.353954971202289670e+01
-6.001261190681832502e+00
3.605285978088740961e+01
9.168898493832821828e+01
1.593529455417707368e+02
1.929179053163769595e+02
1.892764235519504723e+02
1.694147009197573936e+02
1.206996726909859348e+02
7.247464180814483825e+01
2.630353236560925367e+01
-4.356634282189150298e+01
-1.312372057390505802e+02
-1.832262693612909175e+02
-1.978225250007632781e+02
-1.966231275632189579e+02
-1.655894474517086792e+02
-1.427051392676983710e+02
-1.298576038607758107e+02
-9.599982184723607759e+01
-4.903010403636938008e+01
-1.736338103969666236e+01
2.000670625906786348e-01
1.194264994820845338e+01
1.106072704256805750e+01
2.232743256384479480e+01
4.679271461551274314e+01
6.650753665210905297e+01
8.686492633251718587e+01
1.032549444607413704e+02
1.132882716843731430e+02
1.229445033498122655e+02
1.304303269565357937e+02
1.338380074637479709e+02
1.335171690282433872e+02
1.287079440464514732e+02
1.189134590155189670e+02
1.073560331784236581e+02
9.388672227742814869e+01
7.639154933344272536e+01
5.544973471764317452e+01
2.886650772496274797e+01
-3.854013886124615151e+00
-4.135023920359058991e+01
-8.435434137485202655e+01
-1.199948510240568282e+02
-1.470050349797443801e+02
-1.721373061929177197e+02
-1.917844432660406540e+02
-2.133918607280398589e+02
-2.375059806230396759e+02
-2.572454266689603628e+02
-2.741377902879320914e+02
-2.683959099424474175e+02
-2.369475887186987109e+02
-1.899189840653974670e+02
-1.211155330385574729e+02
-3.994311837198554116e+01
5.346161204713988013e+01
1.697099760024158570e+02
3.074606632632411447e+02
3.865317473736026841e+02
4.008776772128227321e+02
3.879106456744396496e+02
3.254619593118796956e+02
2.633080782212489339e+02
2.041538630246497519e+02
1.035814359983050110e+02
-2.848427537456468528e+01
-1.117157980255120577e+02
-1.445296410111981515e+02
-1.588861393736150092e+02
-1.341645845775158818e+02
-1.291762649395887195e+02
-1.471136016993423254e+02
-1.411690743350958996e+02
-1.239073166855574328e+02
-1.066492016895476240e+02
-8.473235039951472913e+01
-6.121543928540402391e+01
-3.751033863447852923e+01
5.154566099876390695e+00
6.726201990829619604e+01
1.388701889196279637e+02
2.244359821070131886e+02
2.673403455462993747e+02
2.615284992493240566e+02
2.372401134964216567e+02
1.784446049623840622e+02
1.156732059958375203e+02
5.113659811651140075e+01
-4.459832043693395320e+01
-1.654665274024518453e+02
-2.389457704720275331e+02
-2.622733675026050832e+02
-2.661507511159799719e+02
-2.315238585615538227e+02
-2.083830078074994674e+02
-1.994985128257830809e+02
-1.635748816693815968e+02
-1.110990746311915274e+02
-7.232525741693410737e+01
-4.488292209617604556e+01
-2.130748785705679182e+01
-8.454453207045698804e+00
2.215462680631360115e+01
7.174577995149516596e+01
1.206829267517514523e+02
1.753236956429283850e+02
2.082457516297905045e+02
2.147962921371132836e+02
2.125132758293251243e+02
1.931422943271700490e+02
1.676736682161469503e+02
1.372403834176321311e+02
8.888732586622015219e+01
2.463285456392974027e+01
-1.829581699310515930e+01
-3.850054190838241652e+01
-5.268738467029085371e+01
-5.123467312944574559e+01
-5.939769881612104996e+01
-7.891413899022596468e+01
-8.909391148797126903e+01
-9.544586760605501752e+01
-1.019482515413008343e+02
-1.064239234160039871e+02
-1.107140646297126949e+02
-1.151367378876244629e+02
-1.121695437831638884e+02
-1.016363284440301840e+02
-8.726739060291646410e+01
-6.724905588908319487e+01
-5.245717476561739545e+01
-4.401594034359366248e+01
-3.526495150144814517e+01
-2.912961513729361585e+01
-2.001994290349723471e+01
-7.210907361964886242e+00
4.074423190211243551e+00
1.514667647178665000e+01
3.637400948863823658e+01
6.813817720467145023e+01
1.064895324760029780e+02
1.542102578303094447e+02
2.041894178715856754e+02
2.561905987273174787e+02
3.162263292170470663e+02
3.829123423202320282e+02
4.017847314909105307e+02
3.681250076434844800e+02
3.066114231239938590e+02
2.017394119499568319e+02
8.647183024111265581e+01
-3.793016240377741610e+01
-2.019676148802906823e+02
-3.995201341540422959e+02
-5.166136162643879288e+02
-5.465305873201756413e+02
-5.396113781205604027e+02
-4.649282878211554930e+02
-3.972387303256491009e+02
-3.404218201766577749e+02
-2.300866536066307901e+02
-8.138214447820112696e+01
1.614255307199579548e+01
6.252845554857527333e+01
9.067489778276865309e+01
7.815517746774148122e+01
9.449103535725680558e+01
1.432856556919714706e+02
1.711017502974190165e+02
1.929795405616241908e+02
2.141109863294805109e+02
2.287724441286081003e+02
2.448556853878674815e+02
2.620580580322454693e+02
2.636872770209065493e+02
2.498047799710414552e+02
2.279059957204929958e+02
1.940974417679998396e+02
1.607703280340160745e+02
1.290865773616634442e+02
8.987926924488709801e+01
4.616707305725102373e+01
-7.723507918905546887e+00
-7.317483935061642342e+01
-1.451633598432244128e+02
-2.254142880019161623e+02
-2.806910837702166077e+02
-3.072099069889255247e+02
-3.220255440029451393e+02
-3.154841059848781128e+02
-3.061350660117639109e+02
-2.949956437149793942e+02
-2.640765023925863488e+02
-2.168695414699043909e+02
-1.749645831719562352e+02
-1.375719931994412661e+02
-9.624623734166171118e+01
-5.588930571049589702e+01
1.365937274373749233e+00
7.697009984258951931e+01
1.583164369088849810e+02
2.497250933446447334e+02
3.102683549774051244e+02
3.347249604351400762e+02
3.456511910562024923e+02
3.310998080518218103e+02
3.120135894161773535e+02
2.898264712111768517e+02
2.433195716702119853e+02
1.764564266590108446e+02
1.207289253103789122e+02
7.574817883751379100e+01
2.860257531123487240e+01
-1.323548034870755608e+01
-7.421365541358878204e+01
-1.562292616560183660e+02
-2.412213404799239527e+02
-3.349325453527181935e+02
-3.816180033001730294e+02
-3.738319617109584101e+02
-3.419958072156645130e+02
-2.696089012133832625e+02
-1.846861036748218794e+02
-8.889802349164271789e+01
4.678261836569343757e+01
2.172851064252432991e+02
3.108373417425310663e+02
3.211145976620318834e+02
2.983413306124095925e+02
2.124683754470433428e+02
1.365983713993395270e+02
7.492669884391924029e+01
-3.510532984199183204e+01
-1.784039724018796562e+02
-2.524341416412970602e+02
-2.554027426001892707e+02
-2.260253125283352631e+02
-1.377846914808262397e+02
-6.665259279189001518e+01
-1.611162793099265400e+01
7.448001963166437633e+01
1.892698934954016465e+02
2.462595817367469522e+02
2.448317939866831239e+02
2.131022120622912439e+02
1.298636889461336636e+02
5.858612962665280577e+01
1.572123376048402132e+00
-9.119116801046602916e+01
-2.066956767411554665e+02
-2.622396873236307329e+02
-2.558261161457912749e+02
-2.178705324117872237e+02
-1.265489782581870770e+02
-4.323058477954571543e+01
2.976789281892876105e+01
1.421155578041203000e+02
2.813790169820878759e+02
3.521207790691021842e+02
3.512634537875837850e+02
3.157796308898012967e+02
2.203551933181199445e+02
1.337673811361046319e+02
5.889601817616573243e+01
-6.065106902609423400e+01
-2.108921951989303807e+02
-2.972921013997175237e+02
-3.178447263032354044e+02
-3.081744075167770802e+02
-2.436213316241056930e+02
-1.942708307970395083e+02
-1.631813227506335124e+02
-9.410611841046691950e+01
-1.541061799259928478e+00
5.732553599938319167e+01
8.398949084367538376e+01
9.597911079706331350e+01
7.923012779618298396e+01
8.203073213996023583e+01
1.063196081130631683e+02
1.162321057891144989e+02
1.220915677432753768e+02
1.185300736923832687e+02
1.009035396703415728e+02
7.881775754014948632e+01
4.958070079443525913e+01
6.857256571701578096e+00
-4.905695129565950907e+01
-1.177892872662088735e+02
-2.010351155737795352e+02
-2.419597394442519942e+02
-2.355617904928178064e+02
-2.102312799033140891e+02
-1.501604616493931132e+02
-8.834199988712138918e+01
-2.689621860311772750e+01
6.456925010206754223e+01
1.794383948546480383e+02
2.449589044089040897e+02
2.583036255112779713e+02
2.498048847051686892e+02
2.002439253525918161e+02
1.599511500573313185e+02
1.315313610182298021e+02
7.327846598926350907e+01
-4.369337382311933027e+00
-5.059681531821196643e+01
-6.580878902037277101e+01
-6.722428628864123823e+01
-4.210077494876946957e+01
-3.099019877893685759e+01
-3.565175648650327389e+01
-2.509640384917971190e+01
-7.935931638474694516e+00
-5.436583385182180983e+00
-1.608011370824332786e+01
-3.572306919211835918e+01
-6.943938408217192659e+01
-9.683820661633683358e+01
-1.174814544867743962e+02
-1.458193743274312055e+02
-1.775984654142758643e+02
-1.851042554801571782e+02
-1.670946855221602618e+02
-1.336209518519985124e+02
-7.703315579174662275e+01
-1.715154478614101308e+01
4.558215093044617561e+01
1.279747645489946422e+02
2.262919652372171981e+02
2.787213872355136459e+02
2.814687339709622620e+02
2.614447217548503204e+02
2.017305968021067315e+02
1.429387874111948804e+02
8.698052177427909726e+01
-1.346900335884543054e+00
-1.139538250438320262e+02
-1.769487770803781927e+02
-1.879069296272213592e+02
-1.767273544745142999e+02
-1.239885680492149902e+02
-8.219275566161438462e+01
-5.394951956610744048e+01
3.679114284331731710e+00
7.977863911939803643e+01
1.175954887380237324e+02
1.169972002405307876e+02
9.760739094912470648e+01
4.493559518366834027e+01
3.234342317514879550e+00
-2.570282790734068357e+01
-7.635029165082595171e+01
-1.394769422938024093e+02
-1.697483672910357200e+02
-1.668290998829424154e+02
-1.458889178412015326e+02
-9.514633307568472276e+01
-4.996318374290522968e+01
-1.150320797100531856e+01
4.812710340865045566e+01
1.217497808757689626e+02
1.620098797546559979e+02
1.677164170414114608e+02
1.565181459961824544e+02
1.159280235607244265e+02
8.099224692563149119e+01
5.309624600744623280e+01
3.877803778450219063e+00
-5.952798410280551877e+01
-9.639416532776078839e+01
-1.063578234358345611e+02
-1.040430423203537771e+02
-7.898640342911706114e+01
-6.252578883603682414e+01
-5.600802511241971615e+01
-3.484144104437300626e+01
-5.579254856734357837e+00
1.647003560427547342e+01
3.283498696752156576e+01
4.640030016094871002e+01
5.373560141934695622e+01
7.029471776442939301e+01
9.659203083551093982e+01
1.221839471010277549e+02
1.504695001906913490e+02
1.610555704086825699e+02
1.508734193790235167e+02
1.319600015535046680e+02
9.823538027343394674e+01
5.878783332458323230e+01
1.432327972779394187e+01
-4.522153291515643758e+01
-1.182080972342921399e+02
-1.665663220950286529e+02
-1.882357409232907912e+02
-2.004232418916018617e+02
-1.929618082101320624e+02
-1.907830920264931365e+02
-1.953905620746706120e+02
-1.855701925247195732e+02
-1.665273845764415341e+02
-1.452827520328591504e+02
-1.196413798723108073e+02
-8.955913905019274068e+01
-5.599003895491901517e+01
-9.142047782847633641e+00
5.156199472616611246e+01
1.208739168935884436e+02
2.012877759818998413e+02
2.486422685772523948e+02
2.583674508412106547e+02
2.533189441684064036e+02
2.209600058449752282e+02
1.858500721853359323e+02
1.495731297705729901e+02
8.871148380075243267e+01
8.076128738948682440e+00
-4.277249258001643994e+01
-6.249049468789828410e+01
-7.174921868975789607e+01
-5.777525525185983213e+01
-5.580487050033320884e+01
-6.792124830300609517e+01
-6.574264290361203678e+01
-5.684027813718913080e+01
-4.921583589682496296e+01
-4.013912455916172206e+01
-3.090678799762603646e+01
-2.268980610591852454e+01
-3.527125364755292036e+00
2.690614997920764040e+01
6.201244290246452806e+01
1.046019802070641020e+02
1.315946141017881814e+02
1.403802072374346039e+02
1.440848961470456402e+02
1.362209814016358678e+02
1.286885012413767697e+02
1.225771005178919211e+02
1.062830185939137664e+02
8.227565121668354209e+01
4.211058396854333097e+01
-1.688046453904599531e+01
-8.936069343402944298e+01
-1.785596406998439818e+02
-2.828183724997485911e+02
-4.024325563748359968e+02
-5.416089982676757018e+02
-7.006321774517415406e+02
-7.596132305192672902e+02
-7.075686667930468730e+02
-6.015049594229595868e+02
-4.073816555983622720e+02
-1.959609053707353041e+02
2.938953502812022478e+01
3.346033551771923271e+02
7.062468860092687919e+02
9.210738020427476158e+02
9.667983691403263720e+02
9.410779584684454449e+02
7.836665233069170426e+02
6.424206111973785482e+02
5.250497493486390113e+02
3.051723659517014084e+02
1.291406471844083192e+01
-1.715886372316465440e+02
-2.477375426186566472e+02
-2.816850424021986328e+02
-2.279426435651194538e+02
-2.252119413039834797e+02
-2.803699128199265829e+02
-2.859002461670141884e+02
-2.715042728811591815e+02
-2.661757822535283253e+02
-2.599714992699838376e+02
-2.593927952773928496e+02
-2.689437368168934199e+02
-2.439138716657625992e+02
-1.836376779552726930e+02
-1.132029373985108833e+02
-2.246778255042803352e+01
3.686444491723693773e+01
5.824366927322709842e+01
7.400121313989711780e+01
6.968082986920849464e+01
6.926907493438686458e+01
7.576528995288853707e+01
6.479144678271562441e+01
4.161778967619255098e+01
3.943575193621988717e+01
5.796176472220079745e+01
8.482863660041419962e+01
1.281621089342983169e+02
1.628064540482626228e+02
1.873217806341508833e+02
2.209410074653305003e+02
2.581342705415386263e+02
2.648134124880357376e+02
2.396489516187843378e+02
1.947002230235285083e+02
1.206261365591767145e+02
4.171821761802397788e+01
-4.152637627063784009e+01
-1.496669401160838504e+02
-2.781463263275145437e+02
-3.478903883658440463e+02
-3.539096687463787703e+02
-3.307614385054204718e+02
-2.567485321267453173e+02
-1.835641204474429173e+02
-1.136263845650170623e+02
-1.955685580624923148e+00
1.411845957555958648e+02
2.269206087284027262e+02
2.527670335430433965e+02
2.544253534472072715e+02
2.087307591354736758e+02
1.796488586650016543e+02
1.704604191777889923e+02
1.294049069399014229e+02
6.991749270529868454e+01
1.533498139058045950e+01
-3.865811473853754876e+01
-9.430575782241288607e+01
-1.471306998009671361e+02
-2.244655241478175469e+02
-3.273985646369519600e+02
-4.391713069815136805e+02
-5.661467560761844879e+02
-6.163207596640867223e+02
-5.791975797289502452e+02
-5.028852296069191539e+02
-3.608133456755357997e+02
-2.020946522639823399e+02
-2.965325987449115885e+01
2.049668386773943212e+02
4.925201325459939312e+02
6.680926708220931687e+02
7.229054049691900445e+02
7.297551378028298359e+02
6.444054863852287554e+02
5.760212009468457381e+02
5.306421089580614989e+02
4.153892473482456467e+02
2.527586956114836880e+02
1.355655736704439676e+02
6.039715168356339348e+01
-2.391677241777443896e+00
-3.070740490569150083e+01
-1.034299389435321359e+02
-2.245572672297280405e+02
-3.368311095469761085e+02
-4.577660524943661358e+02
-5.225153287189527873e+02
-5.185027896860153760e+02
-4.887148269260509892e+02
-4.130043882214542919e+02
-3.145414831669936575e+02
-1.957098065580395030e+02
-2.639463865733109316e+01
1.895663971328439743e+02
3.185287626531685419e+02
3.528921227766570041e+02
3.545294704257908052e+02
2.877794735328719185e+02
2.388796376335081391e+02
2.133880094612631524e+02
1.376051214186213372e+02
2.968441454660819190e+01
-4.467077169574490370e+01
-8.877837074974256382e+01
-1.219597895689203000e+02
-1.288158201023737206e+02
-1.667507330149208258e+02
-2.384673879858146677e+02
-3.029104887312048504e+02
-3.728027307841475704e+02
-3.982227797349933098e+02
-3.698869863637953586e+02
-3.203750837035242967e+02
-2.343163381931219647e+02
-1.302586267496145069e+02
-1.006391064330563978e+01
1.496223548452615830e+02
3.456421586225127953e+02
4.685727814366433108e+02
5.118208603586832055e+02
5.258612733109649753e+02
4.812649580093079749e+02
4.481191350735003880e+02
4.307204133646436048e+02
3.686114811164563321e+02
2.763421021861204281e+02
2.059694677552138273e+02
1.543752463242560111e+02
1.061310878886023090e+02
7.315403124941703084e+01
9.070402700968802634e+00
-8.857115688444410750e+01
-1.872573292271131322e+02
-2.975101099115065040e+02
-3.801764464011739619e+02
-4.282124198906314518e+02
-4.678078690853496937e+02
-4.871335371690468605e+02
-5.010788086827157599e+02
-5.114580498263091499e+02
-5.001858352265119834e+02
-4.700712290256033157e+02
-4.226992916367471480e+02
-3.548415187485840647e+02
-2.667595701875503096e+02
-1.572132563738307738e+02
-1.991691800521259381e+01
1.465588125086813989e+02
3.412565408119458539e+02
5.667145925301235820e+02
6.997410662347532480e+02
7.289003037989130007e+02
7.147990976848194578e+02
6.226860926064576915e+02
5.247850476393064127e+02
4.251986509626526640e+02
2.569205285461076187e+02
3.407071624831778678e+01
-1.102807141341080950e+02
-1.730058802290611197e+02
-2.088443621224435276e+02
-1.836396433502182504e+02
-1.933181957712891688e+02
-2.434967432430047154e+02
-2.574970590359202447e+02
-2.559886994840862826e+02
-2.482797335003318437e+02
-2.258488580701088040e+02
-1.981953576020137291e+02
-1.650009338766336100e+02
-1.010911113499333851e+02
-5.967912910106303315e+00
1.092235589084795322e+02
2.507021441538817896e+02
3.317098432281279088e+02
3.437574175972159196e+02
3.330142744088670952e+02
2.753210286297793914e+02
2.187976284277572745e+02
1.671891206812994426e+02
7.535512350563436712e+01
-4.681716513266314195e+01
-1.364533935883316076e+02
-1.939430488814804505e+02
-2.430389385405408404e+02
-2.683022407232993487e+02
-3.182244023197426941e+02
-3.956776221385406984e+02
-4.638022711602505979e+02
-5.333455231216721586e+02
-5.482654895582195422e+02
-4.987074804179715102e+02
-4.184803421776128403e+02
-2.902050416955467540e+02
-1.369102877882955909e+02
3.990735129422579774e+01
2.679206410900017090e+02
5.434589007354567229e+02
7.047902762970643380e+02
7.408738411552850494e+02
7.267238926446250389e+02
6.181920442928739021e+02
5.171679320558814652e+02
4.295112150585244990e+02
2.657323412504222233e+02
4.653517672094528734e+01
-9.519693467089327044e+01
-1.588313593108950386e+02
-1.943423071954121326e+02
-1.682554422065093149e+02
-1.818832368077763135e+02
-2.405628472599061354e+02
-2.656735983555613529e+02
-2.790690823187101159e+02
-2.788457526416584642e+02
-2.554453985221782659e+02
-2.246326294936416730e+02
-1.830496318227414179e+02
-1.114853147981358319e+02
-1.003318639384936439e+01
1.157285040983503990e+02
2.707199422907009421e+02
3.577110896546828371e+02
3.679297443090894149e+02
3.516303884193291651e+02
2.819131257676975792e+02
2.143107550689590539e+02
1.529021440182754361e+02
4.647825211987590421e+01
-9.355300360072043020e+01
-1.873934827980333182e+02
-2.345116973104041733e+02
-2.656265050214286134e+02
-2.606697869770559919e+02
-2.795138905206184177e+02
-3.254754789266909825e+02
-3.519033917930631219e+02
-3.717725127156713825e+02
-3.638160264956282504e+02
-3.203008449633249484e+02
-2.600300891936183802e+02
-1.751552543486789943e+02
-6.589790954226954511e+01
6.727242022821195633e+01
2.322126873237397149e+02
4.297626636177088812e+02
5.430335035963064456e+02
5.626567410962512668e+02
5.452392505807287080e+02
4.584883045499953482e+02
3.728283137696694780e+02
2.925511656138205581e+02
1.541193591438491808e+02
-2.827415070467595015e+01
-1.417557060718479534e+02
-1.842521445277327246e+02
-2.004576825326886933e+02
-1.614498558715559398e+02
-1.499232548534245666e+02
-1.703462063352578753e+02
-1.569793194674584811e+02
-1.274892413447951753e+02
-1.113057822958236045e+02
-1.032842344257328193e+02
-1.014164668599101731e+02
-1.116362414032029307e+02
-9.983887848184596692e+01
-6.509774221324254029e+01
-2.887542304150716177e+01
1.644883235174636482e+01
4.520941860999319317e+01
5.312821930548905414e+01
5.804984027010752357e+01
5.251641277588490908e+01
4.613914910399481073e+01
4.046669666573862401e+01
2.420977196532217945e+01
-5.552578017187500548e-01
-1.161066457928886919e+01
-8.583387974596256242e+00
-7.863417149290425900e-01
1.736746757349568782e+01
3.023571447541489832e+01
3.679745362373959239e+01
4.949602926806684167e+01
6.489562162475850471e+01
6.903769061979934918e+01
6.197222581077385684e+01
4.786246086536209532e+01
2.308872935650125058e+01
-1.252511178521850788e+00
-2.491243423922215072e+01
-5.661059022816979081e+01
-9.415391757213480162e+01
-1.101823538469584207e+02
-1.030653526258717818e+02
-8.426840457888890512e+01
-4.625989506380002325e+01
-7.278081355847524136e+00
3.195150953201039457e+01
8.723544922431166526e+01
1.550132694490010294e+02
1.895893992706829181e+02
1.886337637545376538e+02
1.715288228559881247e+02
1.259485752595359287e+02
8.274912555499538769e+01
4.341077319241517074e+01
-1.825606942523487675e+01
-9.600746699898317615e+01
-1.465241962697386953e+02
-1.690704745271387424e+02
-1.801752928843144161e+02
-1.686719009361949873e+02
-1.668049506280552237e+02
-1.761310934373509838e+02
-1.710307164378906180e+02
-1.582931094560985343e+02
-1.419554074857498165e+02
-1.191845874874409361e+02
-9.252823724916792969e+01
-6.207849217032262601e+01
-1.863037802652363695e+01
3.812616015336190145e+01
1.039553520627977576e+02
1.811779624061185530e+02
2.287212480689111658e+02
2.425062709294564911e+02
2.438397091398534258e+02
2.211645185717750905e+02
1.974597888749273125e+02
1.742933366563039783e+02
1.299773896501347110e+02
6.909319045904477719e+01
2.650676056033583095e+01
2.403338481380246083e+00
-1.704230762065331461e+01
-2.314871623979754389e+01
-4.211044620005683470e+01
-7.554513015332500458e+01
-1.032178108330761290e+02
-1.309226562182284113e+02
-1.472057678285320605e+02
-1.485865255485957164e+02
