6.177117673637125606e+00
3.792480547131002577e+00
1.404788333807974743e+00
-9.283524807222077735e-01
-4.280650924493240694e+00
-8.404464766533717324e+00
-1.032954188006426577e+01
-9.907689543391626330e+00
-8.384848577668458702e+00
-4.959499719436782250e+00
-1.642918271815255515e+00
1.472042210374515436e+00
6.092055701508874321e+00
1.181206895005209923e+01
1.424756389726559469e+01
1.319107295666148971e+01
1.045238013489898243e+01
4.849921482966879971e+00
-6.184305107860587070e-01
-5.819458278065784640e+00
-1.328618737974328035e+01
-2.241611052950227290e+01
-2.683412692790006915e+01
-2.624539023053283771e+01
-2.327344018575543672e+01
-1.620272891672087923e+01
-9.409251573100210209e+00
-3.087959939342924010e+00
6.449197896894051318e+00
1.832106960802402540e+01
2.527061485805491969e+01
2.707470455226975758e+01
2.660203719601450345e+01
2.194279279629910562e+01
1.830728098980698348e+01
1.593765474884209254e+01
1.058222739377315058e+01
3.316340991322879628e+00
-1.417097910545097150e+00
-3.729931373152718166e+00
-5.024440069514425566e+00
-4.212002879849931603e+00
-5.014334431776771517e+00
-7.592454447604255030e+00
-9.183432335632431887e+00
-1.058945092236617036e+01
-1.135444340112382378e+01
-1.112073184129139136e+01
-1.065824798767694048e+01
-9.751112911945250872e+00
-7.946511160328868506e+00
-5.274404802100827183e+00
-1.741572740899538285e+00
2.771250702300175561e+00
5.556178680797693836e+00
6.399224191059371236e+00
6.695486357683010148e+00
5.711807386545165066e+00
5.033567194653197241e+00
4.787617570925585930e+00
3.552937932689240519e+00
1.666955278729510770e+00
5.992335903211098991e-01
3.003873706133802779e-01
2.924426046264202439e-01
9.261149065319387308e-01
9.851038551613547911e-01
4.077825373721774005e-01
8.617879601488527552e-02
-2.483631612667197286e-01
-4.029901191774171165e-01
-2.634856814200938202e-01
-1.125672552494588474e-01
1.275885536579003665e-01
5.661372536699894598e-01
1.184584800848852204e+00
2.002289594514040871e+00
3.044920163831680515e+00
3.156183438159062771e+00
2.236283923262603945e+00
8.542025243008715130e-01
-1.311843060278452544e+00
-3.591179206421656556e+00
-5.943153036256138222e+00
-8.986876242272881399e+00
-1.258940939554073779e+01
-1.408941115277076506e+01
-1.330906251276895702e+01
-1.142003738659689382e+01
-7.688273808310795765e+00
-3.816270500504947094e+00
1.186408584681615808e-01
5.617864251076718496e+00
1.234765180579730881e+01
1.609154243934331419e+01
1.664312217512061665e+01
1.578900295208134885e+01
1.239629619784821024e+01
9.321730444132409588e+00
6.705299519980441048e+00
2.132388862419052344e+00
-3.815826336184650724e+00
-7.344463513543516342e+00
-8.402874546427661073e+00
-8.415031459550050386e+00
-6.406527369285146989e+00
-5.231407655991489491e+00
-5.025136669275889645e+00
-3.533236053746959815e+00
-1.357317665459746081e+00
1.821071765793043640e-01
1.232677802120003996e+00
2.016903706904377813e+00
2.243503170929984414e+00
3.273659109727881322e+00
5.150610257974827633e+00
6.964865343769647055e+00
9.016202854076114548e+00
9.947839709205270609e+00
9.537756320101690832e+00
8.642288859963723979e+00
6.855848933764825404e+00
4.730931936023492490e+00
2.323277592826059834e+00
-1.009033218916353336e+00
-5.163836051778273095e+00
-8.177791736264310885e+00
-9.968188516435807500e+00
-1.141592383253320442e+01
-1.200861806289063161e+01
-1.306479610948329650e+01
-1.467144308767427141e+01
-1.573631954581858849e+01
-1.654319729149641915e+01
-1.610813183701309015e+01
-1.418905973339554905e+01
-1.143231826189062339e+01
-7.503204552971801000e+00
-2.681170338414572196e+00
3.025597243931524627e+00
1.008380679306570116e+01
1.847377228317460052e+01
2.350888268939969805e+01
2.482615562099016060e+01
2.465767238408242790e+01
2.170956022476367764e+01
1.885262019323714000e+01
1.625433691344262854e+01
1.134326250095451982e+01
4.696653334900845245e+00
2.119374563220350893e-01
-2.094680973906739574e+00
-3.716454671050561043e+00
-3.677144559044207117e+00
-4.942393550968367855e+00
-7.679141907351263008e+00
-9.594824884713675672e+00
-1.133633090208000560e+01
-1.257305803658647569e+01
-1.300399383212829640e+01
-1.323051731766181405e+01
-1.307979725375006552e+01
-1.216103290846551843e+01
-1.049040903137356473e+01
-8.081722445993785087e+00
-4.827962106626988437e+00
-2.572138029454411612e+00
-1.447539803067484199e+00
-4.756958755835441477e-01
-1.443858752749057339e-01
6.367602547916876299e-01
1.970339426273040040e+00
2.903048070840430928e+00
3.678943246260105937e+00
4.852443270656848995e+00
6.356902403575973359e+00
8.096768734773784004e+00
1.019106822007251978e+01
1.209060825380276505e+01
1.377685353446837269e+01
1.561633426568841543e+01
1.748750402942476256e+01
1.755309108753967351e+01
1.565670579252105910e+01
1.256651018987656165e+01
7.750999728497058427e+00
2.350379978040205931e+00
-3.612664208811537492e+00
-1.119842648152370934e+01
-2.020745966881932176e+01
-2.494339532103748880e+01
-2.500276497093701877e+01
-2.296529123419232477e+01
-1.725805032279412643e+01
-1.149217437144172926e+01
-5.847932248770325359e+00
2.869068043230464493e+00
1.394339861346594311e+01
2.031003524019635620e+01
2.172221902549915740e+01
2.108128121827773782e+01
1.652881297502958091e+01
1.303964903073557124e+01
1.086910024449222689e+01
5.934323264738239345e+00
-7.281974029513154090e-01
-5.805335026166518197e+00
-9.499377759555480694e+00
-1.270268378345118521e+01
-1.464468597418943219e+01
-1.833733762033282844e+01
-2.391100555032372199e+01
-2.924243463542006793e+01
-3.499754344396046690e+01
-3.696142090576802275e+01
-3.448993920240894084e+01
-3.003864353889051486e+01
-2.234027689669534666e+01
-1.328623122898266296e+01
-3.008160476901692526e+00
1.059842074539228385e+01
2.720235685330587216e+01
3.801309969981058856e+01
4.252170369163160046e+01
4.473019473680915326e+01
4.227718725356447749e+01
4.086679198788076661e+01
4.083946442935364729e+01
3.730358126833742460e+01
3.144253552188959944e+01
2.558995084733415837e+01
1.930336761473189000e+01
1.221810044442546328e+01
4.753829471248380401e+00
-5.768548529339416753e+00
-1.950817350949312257e+01
-3.486821675690067224e+01
-5.250789098044388936e+01
-6.150619756592777776e+01
-6.067402668579345004e+01
-5.567300132998582285e+01
-4.337210470451078947e+01
-2.974521134049428639e+01
-1.515621795293745500e+01
6.184157534200139139e+00
3.313122100591586872e+01
4.804076865285431808e+01
5.005231693199017684e+01
4.685251439613442415e+01
3.373578768352176382e+01
2.253768456496774419e+01
1.391104424374838189e+01
-2.122655717950597598e+00
-2.311198284375391054e+01
-3.392418288714262076e+01
-3.437478041965869124e+01
-3.002089384002597683e+01
-1.696824661251372035e+01
-6.624586334914081220e+00
5.053107117775420543e-01
1.344769352839701426e+01
2.982033482334739105e+01
3.812583952783567298e+01
3.833286913958080078e+01
3.427223904896130335e+01
2.298307843272131379e+01
1.350536190812379012e+01
6.154909300089505209e+00
-6.137378235679820548e+00
-2.151737017043480549e+01
-3.067422270961931474e+01
-3.356210392381804297e+01
-3.335245518692189393e+01
-2.764640418768701480e+01
-2.375596472510824242e+01
-2.195384497912905175e+01
-1.652406739179070883e+01
-8.976205427309354334e+00
-3.867849984579977196e+00
-9.369473151409133393e-01
9.771835235355572635e-01
7.945532227025201566e-01
2.711572282080601859e+00
6.882128727193266293e+00
1.032540746523913811e+01
1.395075772458764085e+01
1.655658644658755208e+01
1.770810214843548280e+01
1.861395698980421898e+01
1.885508380856159860e+01
1.835764873425126709e+01
1.719435516180837453e+01
1.501037067692524829e+01
1.177063208123664495e+01
8.826816041220553188e+00
6.201785275153189225e+00
3.187553381583234646e+00
1.021362649758099095e-01
-3.953595801663992049e+00
-9.088521807263346020e+00
-1.461493600853165553e+01
-2.076193792723904963e+01
-2.419684179160219273e+01
-2.451921738430867848e+01
-2.347176181652945104e+01
-2.008041052404222526e+01
-1.613289102225095206e+01
-1.172849263201591263e+01
-5.090914818575953404e+00
3.448980289615367401e+00
8.391783790095537654e+00
9.476834966589981590e+00
9.128180703517552175e+00
5.887569672706769452e+00
3.453427731008374302e+00
2.043275980211972875e+00
-1.442508368791490803e+00
-6.227715126549582259e+00
-7.421564388790164557e+00
-4.938110624634021839e+00
-5.728730335438403376e-01
6.947071493332532377e+00
1.398608284327562323e+01
2.039581683090005271e+01
2.909084961437467598e+01
3.932447882366410852e+01
4.338137618032395437e+01
4.085292347231114718e+01
3.487542651659845205e+01
2.333834702155766649e+01
1.147120068798755632e+01
-5.297645284563111678e-01
-1.715114683192529910e+01
-3.737180633106399341e+01
-4.909459973985553205e+01
-5.174248007292376172e+01
-5.039868760731684461e+01
-4.181426950337080939e+01
-3.424902368830719723e+01
-2.810065997706630014e+01
-1.641015359582878119e+01
-8.573946747954165337e-01
9.117966499282541548e+00
1.352154615819716277e+01
1.575289134827329107e+01
1.343780612481049452e+01
1.394641845423793036e+01
1.763789600663251278e+01
1.883887327443538950e+01
1.913007036352037815e+01
1.860559787831960321e+01
1.660048654526365297e+01
1.414354850837076860e+01
1.106056048592281726e+01
5.817908504017917259e+00
-1.583394505300687261e+00
-1.060498310501499120e+01
-2.162941891543322370e+01
-2.745155813367966502e+01
-2.739676725656075007e+01
-2.519313715181770164e+01
-1.883449866669580075e+01
-1.239390471872185984e+01
-6.161990300535028275e+00
3.654935161441443370e+00
1.623043682316174596e+01
2.339176065992018394e+01
2.487798407093605135e+01
2.404514938888593178e+01
1.875748848555054593e+01
1.476067801396745693e+01
1.235818757585322025e+01
6.851849204795199100e+00
-5.540782597105473606e-01
-5.042192834786304090e+00
-6.734786273572923143e+00
-7.113425389683667888e+00
-4.992545582279158012e+00
-4.401070753331354446e+00
-5.499091184647499908e+00
-5.282641889935455026e+00
-4.610350698341097342e+00
-4.329428816187038898e+00
-4.180829450104159406e+00
-4.355669873755367405e+00
-5.003218318668894327e+00
-4.846502477145858023e+00
-3.880951501362338796e+00
-2.852037961743156824e+00
-1.482262521530781196e+00
-4.409362575090318703e-01
1.522443578971279521e-01
8.226918296226443106e-01
1.381086458250747606e+00
2.022659658998681387e+00
2.801527485864487854e+00
3.461990429742020314e+00
4.054692783255146260e+00
4.292451666285911571e+00
4.105296457689833645e+00
3.659409731336535021e+00
2.853697583755254286e+00
1.800095579321604244e+00
4.959029079676777751e-01
-1.216202646519139563e+00
-3.327180903997130290e+00
-4.431048796741441365e+00
-4.422220644972003178e+00
-3.970141060437950120e+00
-2.688372850974138917e+00
-1.447524913841973015e+00
-2.998923193566360723e-01
1.527778776893040646e+00
3.858620314585132771e+00
5.087741146660099467e+00
5.163747936270759453e+00
4.733909946238829214e+00
3.376854476845629893e+00
2.229188520077574509e+00
1.346929300052506218e+00
-2.003232385384122183e-01
-2.176685405603284718e+00
-3.158747379061720650e+00
-3.124082696123839931e+00
-2.589218195363526487e+00
-1.184077943666093757e+00
2.102392596090729704e-02
9.830091274287778846e-01
2.555750703179875405e+00
4.519118525771576245e+00
5.013809326683635881e+00
3.960625606987583147e+00
2.089465901277692605e+00
-1.101807525363664997e+00
-4.310979773721058450e+00
-7.489132343707516348e+00
-1.172974812336655326e+01
-1.677500160788466843e+01
-1.901421840923492113e+01
-1.823342920542737389e+01
-1.597069854674723821e+01
-1.123680367748170461e+01
-6.418677852368970704e+00
-1.619771919937087246e+00
5.227455279344996875e+00
1.365222498158861697e+01
1.886724217082882049e+01
2.068691613468783075e+01
2.108303965622294385e+01
1.878710454653908712e+01
1.714648902019527910e+01
1.632728656573499393e+01
1.356081806497136633e+01
9.538204055571405604e+00
6.421401047002667895e+00
4.057485231424292849e+00
1.866235028705720778e+00
3.394393050781531196e-01
-2.527181342533789898e+00
-6.829370234655203653e+00
-1.117965714445532122e+01
-1.602988319942853579e+01
-1.875324908075355523e+01
-1.895196646250327532e+01
-1.819205308587312331e+01
-1.569117875453161126e+01
-1.262733352587771130e+01
-9.096919337308898790e+00
-3.802918918807709048e+00
3.038474147242539392e+00
7.110544165403361205e+00
8.205347062832794691e+00
8.258122154337975473e+00
6.127669125785931037e+00
4.683850050929041942e+00
4.104924740732155186e+00
1.981245177069144159e+00
-1.080373172714934604e+00
-2.317194660869052125e+00
-1.767033561294905963e+00
-3.343536974636822645e-01
2.669691778964436324e+00
5.020937627786614676e+00
6.627664778491582531e+00
9.180776838900268189e+00
1.220929563161327991e+01
1.315035074103446888e+01
1.194200520565996904e+01
9.465436506497072244e+00
5.034867261049303266e+00
5.675089875064280864e-01
-3.885889696856369646e+00
-9.891171270867719301e+00
-1.707388322262214686e+01
-2.079794763345586261e+01
-2.080985653682868275e+01
-1.905995717048139682e+01
-1.428568148943239180e+01
-9.609227712592604220e+00
-5.167754352020741848e+00
1.711097780055339301e+00
1.040573912185765693e+01
1.500653605796814816e+01
1.529460482528851450e+01
1.367299504815234457e+01
8.576582787365385485e+00
4.164223491333451932e+00
6.359050583573955251e-01
-5.440191842276049350e+00
-1.320770751489331651e+01
-1.645542419743897966e+01
-1.500983569365330439e+01
-1.124217179080528517e+01
-3.514448801961139068e+00
3.664702274968532514e+00
1.010769052493661491e+01
1.948887930527721579e+01
3.088910190803005307e+01
3.615863942490248917e+01
3.495729291285125839e+01
3.052711209882388133e+01
2.067758261292814836e+01
1.110983617087893904e+01
2.055885226982185010e+00
-1.125485458768966929e+01
-2.768135640414951837e+01
-3.689794710924534371e+01
-3.851962408866110366e+01
-3.669814146211690797e+01
-2.868999602105246538e+01
-2.178415905597474733e+01
-1.631401922849441277e+01
-6.255702657345763917e+00
6.900623243126287498e+00
1.489408535655772425e+01
1.770026710255767100e+01
1.826478513991840202e+01
1.448924288369160251e+01
1.279405584535369655e+01
1.346911799069957993e+01
1.153006524204059424e+01
8.335097420685210423e+00
5.627584127300683470e+00
2.975646634354546460e+00
4.673200113916160525e-01
-1.582745883635514605e+00
-5.503497062108201554e+00
-1.135035210683670925e+01
-1.774435513002607578e+01
-2.521451896012295180e+01
-2.860725765366377615e+01
-2.730924588381341778e+01
-2.414917189250050100e+01
-1.764593752326425857e+01
-1.043870417751032775e+01
-2.720305556794917479e+00
8.148914691748711192e+00
2.165790541878273601e+01
2.962908031273508414e+01
3.166141366252822209e+01
3.132903348351371520e+01
2.645186519338192710e+01
2.249026224950008057e+01
1.974783570492170526e+01
1.361370249115210740e+01
5.219048051919913611e+00
-3.963515155974894899e-01
-3.349064362735247435e+00
-5.295627599834091370e+00
-5.006155308072363752e+00
-6.634268172742020298e+00
-1.037647086882883229e+01
-1.314347925469207823e+01
-1.583887548280820567e+01
-1.700645519282674556e+01
-1.615343949254443245e+01
-1.459364508295070095e+01
-1.181401371050841931e+01
-7.863470119867892016e+00
-2.800603201157621847e+00
3.890030075577760815e+00
1.223793567092442203e+01
1.676632999676012048e+01
1.707031583480306836e+01
1.580481225163678261e+01
1.147599779708732903e+01
7.419737704359325114e+00
3.854126468788702464e+00
-2.186089406856936534e+00
-1.001396172265936713e+01
-1.431332505008303357e+01
-1.496760875174859784e+01
-1.405395591502774977e+01
-1.019565015559128440e+01
-7.256198336779123181e+00
-5.425855627997453468e+00
-1.599019976104737228e+00
3.414169839841243004e+00
5.965342907567410258e+00
6.080018933130594050e+00
4.940264488093008666e+00
1.620812691319595711e+00
-9.499353447154875729e-01
-2.665243267089259405e+00
-5.778048298361797563e+00
-9.679829741094811979e+00
-1.067903337011519227e+01
-8.676192045838810429e+00
-4.999318995726989456e+00
1.335962909908154028e+00
7.597542278424962880e+00
1.369737668161416977e+01
2.186691502903827100e+01
3.156391111922987136e+01
3.551248340563773809e+01
3.327685053363392598e+01
2.793638388193142674e+01
1.749196605232383206e+01
6.761426232474417652e+00
-4.055049138548845633e+00
-1.913766967649036133e+01
-3.754196183329491987e+01
-4.706362511153260897e+01
-4.707211271246329432e+01
-4.274440692743601744e+01
-3.078413504606252005e+01
-1.941319562697157153e+01
-9.022208039906272958e+00
7.381038906801173916e+00
2.813693593957419026e+01
3.942224841307496064e+01
4.081259331393699341e+01
3.778551890134230007e+01
2.670578366699326978e+01
1.748043800276900939e+01
1.057415148414957251e+01
-2.098562460588830447e+00
-1.849089989745477070e+01
-2.740486930581354486e+01
-2.876899279414200095e+01
-2.653198209297729093e+01
-1.782169150136891744e+01
-1.128482475602910462e+01
-7.278575854109380572e+00
9.721273727086454652e-01
1.166561644811611309e+01
1.763894655362816977e+01
1.901284610685141629e+01
1.796562600326973325e+01
1.269658902011457791e+01
9.159165139190658778e+00
7.556235337194991075e+00
3.380514042600597957e+00
-2.127724089867092605e+00
-5.760375553286627870e+00
-7.735878210196584170e+00
-8.734543177090344557e+00
-7.993297096793741119e+00
-8.583867859703737224e+00
-1.058826268713417917e+01
-1.183707749558872813e+01
-1.298102515746488450e+01
-1.297028703849686337e+01
-1.146267048386065390e+01
-9.401499224890002893e+00
-6.423918777703648608e+00
-2.551738597519963569e+00
2.170660805294109430e+00
8.098675061078392190e+00
1.525414255603353020e+01
1.913848335897539599e+01
1.939883774648985693e+01
1.820435281832888563e+01
1.431514831918912201e+01
1.044272354262327163e+01
6.751757429974442282e+00
7.998742892807563232e-01
-6.866222069815470341e+00
-1.135039359853081820e+01
-1.251495649165593349e+01
-1.233719838708176475e+01
-9.542450922124359636e+00
-7.627954091160233041e+00
-6.775459851026077729e+00
-4.148943459641998288e+00
-4.833121546228821286e-01
1.910817264605235932e+00
3.164279794824766068e+00
3.883387705469327766e+00
3.522691301861534008e+00
4.169485501668924066e+00
5.903762489411016112e+00
7.237605372997458097e+00
8.624369756928247810e+00
9.137765487617363291e+00
8.526980437703935323e+00
7.547892318583916627e+00
5.896070246223642286e+00
3.723222149469981535e+00
1.072000859220588520e+00
-2.416335405283898119e+00
-6.725800210502409726e+00
-9.204331765305223456e+00
-9.668581316472744547e+00
-9.382297771721994195e+00
-7.625727729706951230e+00
-6.038008236490976621e+00
-4.723704050809701904e+00
-2.239234513211964650e+00
1.077298413287733236e+00
3.328638834598822704e+00
4.527122947807367126e+00
5.357191125891355377e+00
5.348149880099167142e+00
5.984890281965011383e+00
7.344516493769500443e+00
8.294734968133283814e+00
9.158181697816946354e+00
8.431175199805817755e+00
5.828621121320160192e+00
2.276623058359311447e+00
-2.699387877876390895e+00
-8.527481980599892708e+00
-1.517257622843592912e+01
-2.336631136778262530e+01
-3.302525654027240165e+01
-3.728201023990359175e+01
-3.558590092134763694e+01
-3.114780800634025226e+01
-2.205240512523745267e+01
-1.248565602438097777e+01
-2.662131089330199263e+00
1.121051563778250859e+01
2.831321621517555798e+01
3.848405010404084692e+01
4.126466992405813272e+01
4.096328143615997419e+01
3.487143558610119953e+01
2.992482750519721435e+01
2.648102280937354536e+01
1.872949685386929630e+01
8.098601677397077481e+00
7.296102831506821040e-01
-3.545482850393142371e+00
-6.717595707348910317e+00
-7.297698205555679607e+00
-1.041481656622812224e+01
-1.631429562964760649e+01
-2.121204471486610643e+01
-2.622989390835460455e+01
-2.838097378339885068e+01
-2.694661564401927478e+01
-2.411647792733843687e+01
-1.891914916071774755e+01
-1.211324257970276363e+01
-3.804471272896340572e+00
7.296142936457764350e+00
2.109270022769691977e+01
2.834398607805105641e+01
2.840109276027932594e+01
2.563526053854885234e+01
1.752758635718824110e+01
9.814700861465928128e+00
2.847782736214311772e+00
-8.433897766427678633e+00
-2.285635454532777189e+01
-2.958378067546306411e+01
-2.823583940707229445e+01
-2.318361361442912383e+01
-1.156410825144426369e+01
-9.923780684043530531e-01
8.170986168507109682e+00
2.220684125634133821e+01
3.954991060909078016e+01
4.801119247483318020e+01
4.718999783153297756e+01
4.181331968713565317e+01
2.864530063558873962e+01
1.641193412413221608e+01
5.474486172127612349e+00
-1.134610132421829931e+01
-3.228189169454635277e+01
-4.437686738090923910e+01
-4.728793143393875908e+01
-4.599550414573487700e+01
-3.709800951121280121e+01
-3.005403850740368199e+01
-2.527954498547766704e+01
-1.511045514508278309e+01
-1.494015563120481005e+00
7.212664335115748671e+00
1.117123914482346159e+01
1.306603293175013469e+01
1.082983377493903987e+01
1.137958142857735311e+01
1.500926867953538135e+01
1.653609352611996641e+01
1.744099442192890237e+01
1.745413700457078932e+01
1.595090234879898894e+01
1.407314377318751752e+01
1.157452440985241182e+01
7.253709695159892945e+00
1.138376602287384243e+00
-6.447225580599996064e+00
-1.580252501040022217e+01
-2.072389414593796175e+01
-2.065125672832291315e+01
-1.877488975492988743e+01
-1.337593882833017034e+01
-7.990384649255350524e+00
-2.871731878809094418e+00
5.249207286869634004e+00
1.565074550580974311e+01
2.097431202349692825e+01
2.095699176995985269e+01
1.862700000667161859e+01
1.204707700169721996e+01
6.342539962958538169e+00
1.774095525965914799e+00
-5.886540423961085011e+00
-1.557615781099294416e+01
-2.046620195627885508e+01
-2.042245248912952249e+01
-1.796932497712614207e+01
-1.132418588594994802e+01
-5.557339440651518636e+00
-8.765036675438215852e-01
6.791283804803529556e+00
1.640537782782760345e+01
2.111890563929452469e+01
2.076746404617328423e+01
1.789785163372178900e+01
1.070841997962531700e+01
4.257082035974533163e+00
-1.255669147134174990e+00
-9.921181210454044219e+00
-2.070917542687198676e+01
-2.612516271752048169e+01
-2.594948583794507613e+01
-2.304739075716093666e+01
-1.543716211176327846e+01
-8.565006018374376140e+00
-2.655542780048841145e+00
6.734979265627701217e+00
1.849806973710585822e+01
2.502596003565807692e+01
2.614054864436328174e+01
2.471582637789664361e+01
1.875927927489897939e+01
1.388245658404860450e+01
1.032520538175146285e+01
3.563173447953198902e+00
-5.248839899448713098e+00
-1.041446738761934832e+01
-1.194786636468887409e+01
-1.178530845909342339e+01
-8.481878329649916282e+00
-6.558414836837171968e+00
-6.200403084062698689e+00
-3.921896191197737913e+00
-6.725621826730824315e-01
6.989982347261405327e-01
3.280438691195425305e-01
-1.081962418436894335e+00
-4.224857588937844355e+00
-6.528456618222510777e+00
-7.920009903912887061e+00
-1.026878781502447424e+01
-1.303551870125570744e+01
-1.426421049828656962e+01
-1.396738958412949216e+01
-1.269330139492471865e+01
-9.931599011357914009e+00
-7.309191753697101390e+00
-4.856960277199797282e+00
-1.311934571722945808e+00
3.005017388735786277e+00
7.136714806069764272e+00
1.115477198165965156e+01
1.531229646980403558e+01
1.939271047331085285e+01
2.431984534509954443e+01
3.013962148506991312e+01
3.622222905251781100e+01
4.277842030567711618e+01
4.437412979225906184e+01
4.039552244326542052e+01
3.354292914493385069e+01
2.222836844895384090e+01
9.417614333339615840e+00
-4.759897755527828345e+00
-2.323646197527575197e+01
-4.548053185223535166e+01
-5.834824295850417286e+01
-6.100076416719929284e+01
-5.936303550647291871e+01
-4.985210703752286321e+01
-4.092856846048618280e+01
-3.304456068120158818e+01
-1.883566509238654163e+01
-1.209334860552702118e-02
1.206712201481111713e+01
1.730404357886432010e+01
2.000751696344892139e+01
1.729764820015158833e+01
1.777036166326076483e+01
2.187309066768710153e+01
2.289128267214257662e+01
2.266968999895969006e+01
2.221104518635283043e+01
2.080625317336390623e+01
1.923077632570025131e+01
1.752637518779177839e+01
1.336965648535434781e+01
6.730368639652668072e+00
-1.281543876137804627e+00
-1.121942414756948914e+01
-1.658101917437855022e+01
-1.670242302711865534e+01
-1.510349987038479824e+01
-9.967948079990177845e+00
-4.820088111157086352e+00
5.560232443143051095e-02
8.007091232414383697e+00
1.831089130798994091e+01
2.189845583116454364e+01
1.835052441830371350e+01
1.149777869536196739e+01
-1.083744557679720444e+00
-1.327675064660261484e+01
-2.477792141899409373e+01
-4.075064853760689232e+01
-5.994757635331090739e+01
-6.843413932777184527e+01
-6.550021823736429383e+01
-5.690496621450047599e+01
-3.886687215515999583e+01
-2.081365739892018141e+01
-3.143143670735680573e+00
2.218673906863742928e+01
5.330413655904425951e+01
7.154076685582474227e+01
7.614688999088366472e+01
7.476870480293210619e+01
6.243869062944195747e+01
5.218711028115435369e+01
4.463411811881616131e+01
2.895913856924287089e+01
7.831638337288573837e+00
-5.977997823088744944e+00
-1.264200223923283062e+01
-1.648906298025815076e+01
-1.435507279298578887e+01
-1.657938263070435525e+01
-2.364478140131145523e+01
-2.775106430505166699e+01
-3.112776811561936441e+01
-3.251463668919666361e+01
-3.088594273376975963e+01
-2.836775868144074408e+01
-2.434267857134749136e+01
-1.751764893617615115e+01
-7.957127209038022286e+00
4.331602680019176255e+00
1.970243545517542572e+01
2.839491103076695566e+01
2.960119867353413881e+01
2.827377342688095752e+01
2.173784052424074176e+01
1.570614530707774570e+01
1.059436045537990623e+01
1.227092357341615925e+00
-1.121056884073658821e+01
-1.826231303063508449e+01
-1.981561908272183103e+01
-1.912077700634618793e+01
-1.401966926131085600e+01
-1.076928936230284251e+01
-9.690128965648234782e+00
-5.832431068096529891e+00
-5.267830043652637073e-01
2.408790408123520077e+00
3.197245935468106204e+00
2.741151046058901031e+00
1.275059188279695777e-01
-1.149153888843923887e+00
-9.862058356244285395e-01
-1.889562046252899030e+00
-3.119588859231667399e+00
-2.833039515349415893e+00
-1.117126118241501764e+00
1.677239634751684028e+00
6.015685854741708916e+00
1.017429517068392464e+01
1.413866015710992485e+01
1.917985716522191098e+01
2.495795717748445242e+01
2.688893161754192107e+01
2.466324032179472070e+01
2.021166904505184192e+01
1.225387941928789104e+01
3.793466219223232017e+00
-5.062824161089347186e+00
-1.696539283173104451e+01
-3.134184871392874427e+01
-3.879422231748726801e+01
-3.876786435162759403e+01
-3.535497076137453121e+01
-2.599574942019777879e+01
-1.687882861087831543e+01
-8.304589688430041861e+00
5.067145845153667949e+00
2.199511650121634077e+01
3.129281616026660018e+01
3.258622856161815662e+01
3.038237800882558304e+01
2.173431852505905937e+01
1.457992056069691067e+01
9.303577117627050086e+00
-6.019012196629665024e-01
-1.349419536098141492e+01
-2.053013093601299488e+01
-2.167191470805920517e+01
