-7.551851687941366187e+00
-7.571479417751260321e+00
-7.822303848605107746e+00
-8.354107088298185602e+00
-8.427291440284438551e+00
-8.227656114646745067e+00
-7.462520058068151663e+00
-6.002383287557511160e+00
-4.101343181265511006e+00
-1.638077086300064655e+00
1.420904045630131840e+00
5.082864473983325304e+00
9.458998592817639661e+00
1.457987726960171670e+01
1.715044181424485714e+01
1.688051287759724062e+01
1.536203016307170266e+01
1.166972204621022158e+01
7.757089758748387354e+00
3.731062782312391857e+00
-2.207076684877955053e+00
-9.675633484011999741e+00
-1.344565568385962173e+01
-1.326127122577023520e+01
-1.136387813015364756e+01
-6.352744411999299956e+00
-1.751557760250343154e+00
2.258397335068310419e+00
8.654240316659667087e+00
1.671422777949594263e+01
1.990912892445757620e+01
1.798269009553398234e+01
1.354791598991298329e+01
4.861430398626983340e+00
-3.507404848201029601e+00
-1.136078815669050179e+01
-2.250314710813401220e+01
-3.601067798083388283e+01
-4.204925414998170652e+01
-4.013869738674129906e+01
-3.431941859760061675e+01
-2.193015886621066457e+01
-9.683848277573794405e+00
2.134146725526020916e+00
1.921810517685180741e+01
4.022925456611038442e+01
5.081610899521731994e+01
5.032336163858130362e+01
4.467869931083162527e+01
3.002797014280611521e+01
1.623677790990847924e+01
3.756421556305361342e+00
-1.570875149852440167e+01
-4.016290116410855404e+01
-5.324026659346214529e+01
-5.442612617792404706e+01
-5.017472678541364672e+01
-3.617059300196262939e+01
-2.414260781158762725e+01
-1.462504322811213520e+01
1.974425000520623197e+00
2.324423526535169771e+01
3.619588852107143850e+01
4.078539496777897000e+01
4.158103571880893412e+01
3.527067782738429003e+01
3.196201124099751212e+01
3.208687174173682166e+01
2.777779939535237119e+01
2.115650340582271127e+01
1.600578413974892911e+01
1.173628123754787467e+01
7.975032769012218026e+00
5.507082519337804349e+00
3.909386315282592506e-02
-8.554930624977048481e+00
-1.753571436144582307e+01
-2.786233968466590127e+01
-3.419534401891353781e+01
-3.576890870607032724e+01
-3.581113577227981182e+01
-3.276266842078614872e+01
-2.902921117229637460e+01
-2.484004907835518594e+01
-1.760300175363393649e+01
-7.785657000852326703e+00
-9.408826693054057611e-01
2.810245328638262485e+00
5.851134804404296119e+00
6.777663990965337781e+00
9.525591900672406354e+00
1.436275264980162802e+01
1.816068592744397847e+01
2.179044659851948396e+01
2.353607746495358555e+01
2.285179452636238651e+01
2.114356605226081243e+01
1.780317044004533855e+01
1.304096804082368344e+01
6.901321726588506955e+00
-1.312132418698988001e+00
-1.161469320563019103e+01
-1.733753872824294362e+01
-1.799641598985750690e+01
-1.681526644095719192e+01
-1.197827880039551829e+01
-7.584756884039258296e+00
-3.903830012713783937e+00
2.688636877698452388e+00
1.134489569833616862e+01
1.540875708001500044e+01
1.471663405122572144e+01
1.187163692208750199e+01
5.140783907768361694e+00
-6.687676975479248664e-01
-5.327326405321075597e+00
-1.272268804408230380e+01
-2.185420649216975164e+01
-2.592492913080795702e+01
-2.474541029307508921e+01
-2.085461641168531699e+01
-1.245166465317587701e+01
-4.490232603673635303e+00
2.842829866280895956e+00
1.359505687942154140e+01
2.676866841759752447e+01
3.339702762321393692e+01
3.311580955927006187e+01
2.951179512986886522e+01
2.018323976677798726e+01
1.142409027974552060e+01
3.502575374871826686e+00
-8.825910661643568744e+00
-2.429176976225627627e+01
-3.226894733172939311e+01
-3.239960228938459608e+01
-2.888908490554927155e+01
-1.892465780592395319e+01
-1.008849927091397269e+01
-2.720987437630317363e+00
9.405132980293466005e+00
2.473751377509306693e+01
3.237179699821584222e+01
3.203277934266694160e+01
2.785800070428117792e+01
1.698373878501374179e+01
7.396900495965963884e+00
-5.647905195024998104e-01
-1.336996907398639145e+01
-2.938137009913510411e+01
-3.748532943916440274e+01
-3.740455459708326202e+01
-3.331198485017485922e+01
-2.228368422314594355e+01
-1.249215781052652652e+01
-4.269733064741497053e+00
9.003045815581657507e+00
2.565818146331902483e+01
3.452093402977832426e+01
3.533278578483748333e+01
3.228236777784140088e+01
2.243950727926038269e+01
1.406614519318173606e+01
7.505526583839588817e+00
-3.905006099416469034e+00
-1.847085472553276375e+01
-2.654288056615067148e+01
-2.801605303932497648e+01
-2.633963196733323997e+01
-1.902194548928940776e+01
-1.345099005518619606e+01
-9.929638549677896719e+00
-2.628539151021958453e+00
6.920138297440275643e+00
1.293723372932038984e+01
1.557661609806982028e+01
1.655444800107639836e+01
1.444223813096482623e+01
1.415443992836989295e+01
1.587105533986637873e+01
1.593608999249701696e+01
1.538983851434445782e+01
1.429471642269654197e+01
1.223237548500688909e+01
9.880047110335842930e+00
7.134217843075782994e+00
2.983074426094400877e+00
-2.565688920768160131e+00
-9.140257048087853775e+00
-1.698678367276905732e+01
-2.167628679242012879e+01
-2.278853866592788435e+01
-2.262065976803978273e+01
-1.993737726329460713e+01
-1.722530709133912197e+01
-1.466143610574330225e+01
-9.919131799488255297e+00
-3.501110422648048282e+00
8.027967258271979656e-01
2.960807814800860083e+00
4.464722451132739245e+00
4.362902601129714952e+00
5.482581832167789493e+00
7.989359997504639210e+00
9.680298780594403851e+00
1.117302274491725989e+01
1.177835588382390597e+01
1.116678669179081851e+01
1.008626071993801432e+01
8.260768497309525671e+00
5.528716483026562933e+00
1.910871573747006558e+00
-2.788485680662132538e+00
-8.635718424469168042e+00
-1.194780654500713979e+01
-1.243749050619306828e+01
-1.192548145811812610e+01
-9.404452754062649689e+00
-7.086382265215749321e+00
-5.122364737372631538e+00
-1.531981614834936112e+00
3.227796751233920514e+00
6.278697046261680015e+00
7.612852364689539186e+00
8.304384373227922111e+00
7.630313246440273645e+00
7.783768257921958700e+00
8.879334368372838071e+00
9.216982236554814634e+00
9.269508869733689593e+00
8.780314927249238011e+00
7.520652414364487726e+00
5.932233410438122689e+00
3.879773650690603315e+00
1.070717021663391888e+00
-2.488724983998952478e+00
-6.796780671898910775e+00
-1.193807901866888699e+01
-1.500085399840347122e+01
-1.573287679709408060e+01
-1.559019044873479309e+01
-1.376527023780769277e+01
-1.196065179341671758e+01
-1.028818199668954847e+01
-7.188703722814615560e+00
-3.006336452230190304e+00
-3.606749113995169065e-01
7.149451304918632566e-01
1.250591950664593277e+00
5.820369085874966819e-01
6.504251651205883444e-01
1.564373402039202388e+00
1.797670127113031091e+00
1.769561459979943630e+00
2.706001894929993767e+00
4.548825358260685014e+00
7.009029856586449725e+00
1.038714819325289795e+01
1.358851473886115180e+01
1.658804895470642293e+01
2.018860244236969947e+01
2.416502275171651348e+01
2.531083129576706625e+01
2.339180379356793082e+01
1.975798394686583137e+01
1.350421871377225891e+01
6.690225867270036098e+00
-6.199926356733007626e-01
-1.027536932845433348e+01
-2.189311650778699558e+01
-2.898562865044820214e+01
-3.118292722440527953e+01
-3.132853292563243386e+01
-2.766521353781866921e+01
-2.448584934016089321e+01
-2.201136338703591733e+01
-1.656187242057652398e+01
-9.008931078298829220e+00
-3.515107737311049085e+00
1.697307164327788165e-02
3.014591811983566849e+00
4.471524956561506059e+00
7.812113664755193199e+00
1.322011549270995800e+01
1.816634403930627428e+01
2.341031692983691670e+01
2.549122868561560651e+01
2.378445200980158702e+01
2.045276082327778511e+01
1.442589424627532679e+01
7.066212900900364247e+00
-1.518024108256936566e+00
-1.299689126961907526e+01
-2.714731728874532024e+01
-3.457632977661096163e+01
-3.465374038235594156e+01
-3.172975927734428936e+01
-2.324554131318970818e+01
-1.512755043782919806e+01
-7.718682068145506392e+00
4.175516145720303385e+00
1.934809099380721520e+01
2.810833655519551755e+01
3.021290250338995520e+01
2.948038553780615700e+01
2.338900420913245171e+01
1.894645992304833015e+01
1.649663196847803093e+01
1.037959904896219498e+01
2.060210707160838872e+00
-3.136906708588782955e+00
-5.401351518314343458e+00
-6.282140046476698103e+00
-4.484654471616015492e+00
-4.595656977081048922e+00
-6.792491896760222581e+00
-7.708171171934434796e+00
-8.325385199590895624e+00
-8.645557161435876381e+00
-8.292219265290354357e+00
-7.945514621436921665e+00
-7.506342765739861811e+00
-6.094467069704919027e+00
-3.736385927668693707e+00
-7.556814423346618348e-01
3.050898940658476999e+00
5.556867773803828570e+00
6.567204285720620760e+00
7.257184586644611635e+00
7.048924061759358040e+00
7.099766305399910493e+00
7.520222443890494546e+00
7.239049921019907963e+00
6.507336904326690430e+00
5.220231491200758356e+00
3.214492752430535560e+00
6.956490487437929637e-01
-2.426131530307322759e+00
-6.365999094777856193e+00
-1.114714346960464830e+01
-1.677307069628041347e+01
-2.332190011637300486e+01
-2.594362916805943442e+01
-2.418564492223606166e+01
-2.040873815507936229e+01
-1.323979437919430602e+01
-5.508282970927096400e+00
2.635749653699557715e+00
1.383345676586233708e+01
2.753995084360414225e+01
3.471037904388574447e+01
3.483753708115250447e+01
3.187054197646232367e+01
2.336233125203509431e+01
1.528105543942966804e+01
7.930710377218908924e+00
-3.808526445895132895e+00
-1.872736085690332075e+01
-2.683425071092162995e+01
-2.783438317724630906e+01
-2.568108786137385380e+01
-1.775253773448753591e+01
-1.121974957325384992e+01
-6.421810688912158227e+00
2.482299349362215857e+00
1.400785851845867214e+01
2.006241907301635408e+01
2.059041081003238460e+01
1.843819870854868981e+01
1.152693558178498989e+01
6.099565284928370801e+00
2.409567495182876495e+00
-4.441938917090711314e+00
-1.315764682279396069e+01
-1.760649582318373874e+01
-1.778113919063964588e+01
-1.570858355199898249e+01
-9.812399431193401966e+00
-4.947596362936591774e+00
-1.283532626936850551e+00
4.963153637657823580e+00
1.279484154301191090e+01
1.685056544830718650e+01
1.706387036799815249e+01
1.530260064111155138e+01
1.017021107985655703e+01
5.793420059585637993e+00
2.321814229662995999e+00
-3.515862833016281996e+00
-1.087673732487195188e+01
-1.474112008032633803e+01
-1.502308492460222134e+01
-1.353918982125774839e+01
-8.979432321063505640e+00
-5.139479211963513094e+00
-2.168906109349526101e+00
2.960977899598264074e+00
9.471294614968575942e+00
1.262312078280405991e+01
1.232783245593036447e+01
1.030966629828192893e+01
5.329343209533054626e+00
9.469940618670504850e-01
-2.697755691603294093e+00
-8.456338998764655557e+00
-1.560017713793543948e+01
-1.926920410309633169e+01
-1.934170911018719607e+01
-1.763287133235129645e+01
-1.286220671966849949e+01
-8.612546758636630884e+00
-5.026361756520716817e+00
7.987849680723373424e-01
8.133464634110374902e+00
1.312470256407235780e+01
1.576815225588077318e+01
1.741393715935689457e+01
1.708332819365550037e+01
1.780309067033453019e+01
1.970540013337648233e+01
2.044840424826775305e+01
2.067113540783768855e+01
1.960461789232128638e+01
1.688280027460660904e+01
1.328958492160617944e+01
8.510405683189603110e+00
2.357427763155488520e+00
-5.164859626220204447e+00
-1.428565013988959720e+01
-2.509317663330892856e+01
-3.144567912691508127e+01
-3.282543552503717876e+01
-3.223505166623883156e+01
-2.796816527064171609e+01
-2.367928080172611160e+01
-1.959048976426539568e+01
-1.237301379797166057e+01
-2.758339000793105456e+00
3.418441009683167220e+00
6.063810564541848080e+00
7.496974068222288068e+00
6.231549594550134685e+00
6.562797835383144651e+00
8.731884869752251532e+00
9.344666489998481040e+00
9.326781548978184233e+00
9.933998420506929605e+00
1.088173466284772850e+01
1.220691698833011252e+01
1.414615773277400379e+01
1.510284421468184668e+01
1.504485835301962204e+01
1.494023707768372766e+01
1.443296229260318420e+01
1.337599917778871905e+01
1.182144920009585753e+01
9.562039978377001148e+00
6.548497091086696642e+00
3.093922217861801549e+00
-8.533514784778661877e-01
-5.515213589059124288e+00
-1.085833873025510599e+01
-1.492624979682187281e+01
-1.756322607985454809e+01
-1.968654071657088522e+01
-2.075101190467495371e+01
-2.199010995815474701e+01
-2.347021056036309616e+01
-2.409289457292953074e+01
-2.410415673964044103e+01
-2.238237857840217870e+01
-1.864709725326665080e+01
-1.356120926871845711e+01
-6.729428065893279687e+00
1.524521180639313522e+00
1.121956469231025721e+01
2.291702870346957610e+01
3.661278769608937722e+01
4.353455070774010238e+01
4.293547465253250550e+01
3.899338582644978146e+01
2.924948211149248678e+01
1.897854920820487479e+01
8.459701770012637567e+00
-7.128855694911792718e+00
-2.675653531621734160e+01
-3.739379764326327660e+01
-3.845252415633001419e+01
-3.547256438173960191e+01
-2.498345923072954733e+01
-1.586730403678244983e+01
-8.587207400552902214e+00
4.297225671264481406e+00
2.095384248848321107e+01
2.973015734201611338e+01
3.044930499713245453e+01
2.742687976632729630e+01
1.765067519247021721e+01
9.850972329633471247e+00
4.411835759958131042e+00
-5.608741065901110545e+00
-1.839392698814312155e+01
-2.500401520699830016e+01
-2.541382995853317794e+01
-2.263327268737728559e+01
-1.436453151218627511e+01
-7.625939069704720907e+00
-2.673212799562179054e+00
5.975955771330454525e+00
1.687542957316285808e+01
2.252336256995725705e+01
2.285011420397106008e+01
2.043520811707136886e+01
1.333188370282293533e+01
7.360629884452968064e+00
2.731216699623755240e+00
-5.147278366934321170e+00
-1.508330067328697943e+01
-2.032851579992513891e+01
-2.078790996807393654e+01
-1.886250654657839476e+01
-1.279594867839120731e+01
-7.741436056387471787e+00
-3.897368659804403723e+00
2.828000668277979912e+00
1.137679428927252445e+01
1.576301556285153893e+01
1.590674648311716766e+01
1.393714205115646365e+01
8.298635599734748070e+00
3.562413080089458450e+00
-9.414448033481898070e-02
-6.297171801988818096e+00
-1.410700838391892908e+01
-1.834206975009724871e+01
-1.894291332696533203e+01
-1.773604905861640901e+01
-1.337770139020563498e+01
-9.846313969067466587e+00
-7.295026110343322934e+00
-2.577556775448518689e+00
3.487528690493371997e+00
8.210113852164855786e+00
1.172267439005690193e+01
1.476242680345858638e+01
1.668794402187393899e+01
1.991699736804920917e+01
2.454568131983915791e+01
2.884087222803214701e+01
3.332823134088121719e+01
3.420882163480779070e+01
3.090928594479609970e+01
2.557920110458058005e+01
1.707050596103373508e+01
7.116738385751617102e+00
-4.181355211357615786e+00
-1.874831364139704348e+01
-3.629091894956150099e+01
-4.665628130630521042e+01
-4.916776871448107755e+01
-4.848793224701127969e+01
-4.184702561459024395e+01
-3.568821845052728037e+01
-3.037285632879925501e+01
-2.025969639885052587e+01
-6.655581919054634810e+00
2.006459320480070474e+00
5.680142302613901073e+00
7.541617478607956393e+00
5.463848169414292855e+00
5.869930753045081495e+00
9.097413806455630692e+00
1.015630767087950304e+01
1.043084728155010232e+01
1.190767662461609611e+01
1.419541906726954217e+01
1.730620144816927564e+01
2.163945331816329443e+01
2.476803019863952571e+01
2.665531141682054184e+01
2.881972208660920387e+01
3.073365830630217488e+01
2.973592491706594387e+01
2.567628243320810810e+01
1.940338372308040604e+01
1.014753372709463441e+01
-1.856388512483140296e-01
-1.160763138568258945e+01
-2.579561710772467720e+01
-4.242921581444588952e+01
-5.115572394590168415e+01
-5.119816979484565422e+01
-4.726777229351725396e+01
-3.648522330042960249e+01
-2.535859887025286241e+01
-1.420248591068099309e+01
2.791527930877455432e+00
2.434729273358935941e+01
3.647533664532480202e+01
3.862402833532100033e+01
3.663381149901231026e+01
2.680519457490179747e+01
1.885854585032532427e+01
1.329869968569835947e+01
2.081344653801172395e+00
-1.277493358288546510e+01
-2.084508964353289784e+01
-2.213989303566480515e+01
-2.026566569553353503e+01
-1.258021905447712108e+01
-7.257972731286518986e+00
-4.646322391180597755e+00
1.579578479733389607e+00
9.699316161106256828e+00
1.405641294097654281e+01
1.484705882792644616e+01
1.357669956606041239e+01
8.845073590779454875e+00
5.592621395395825701e+00
3.960911249546557933e+00
2.923112253178995479e-01
-4.386378540916327395e+00
-7.297285386384641193e+00
-8.589175531141002295e+00
-8.876823549358988430e+00
-7.481275169335513731e+00
-6.999954720459903967e+00
-7.492421209702532003e+00
-7.084647667878711808e+00
-6.315663282469930806e+00
-5.537147683002199727e+00
-4.569359829355901681e+00
-3.610503216308805552e+00
-2.701991312615669827e+00
-1.124055953828827059e+00
1.126395559570422700e+00
3.671483886668085006e+00
6.674236623458580375e+00
8.570534827464420857e+00
9.186419566971133932e+00
9.386359055573777255e+00
8.728515439832222000e+00
8.024052213850884741e+00
7.339153680899182852e+00
5.879791925103052819e+00
3.809381321036427792e+00
2.229509389018884402e+00
1.126897483092927255e+00
7.386078400238754726e-02
-6.644244563855551400e-01
-1.943372185168296795e+00
-3.820469775378926958e+00
-5.656087221094780126e+00
-7.645120278331441810e+00
-8.610751540455765962e+00
-8.366082532731377697e+00
-7.604304110450904375e+00
-5.968763945046399400e+00
-3.985011374005919205e+00
-1.689737280042552747e+00
1.506932175866967150e+00
5.513653280803717749e+00
7.800445230885833858e+00
8.218707719397414735e+00
7.922776673836026795e+00
6.232260854765783620e+00
4.784631229708025124e+00
3.677612935061428168e+00
1.504413633368679060e+00
-1.395635961897848887e+00
-3.146970286211166368e+00
-3.753444195094167490e+00
-3.884071919954751095e+00
-3.067767669190082813e+00
-2.764697619717155774e+00
-3.044476413231414824e+00
-2.782168974199997979e+00
-2.289937993095756852e+00
-1.754933199707888525e+00
-1.061848005781083071e+00
-3.341816155010353673e-01
4.142180881744659815e-01
1.585488598395568660e+00
3.183758131245340905e+00
5.009485304329996502e+00
7.156742726971546453e+00
7.731069683519902647e+00
6.535290789254738719e+00
4.534890871621862551e+00
1.189278179138049785e+00
-2.456381347842981899e+00
-6.340848806589288955e+00
-1.147027354586263570e+01
-1.764474559931003839e+01
-2.049635428899874867e+01
-1.974113361851783210e+01
-1.732254916194732175e+01
-1.204326633826137360e+01
-6.705621737742548660e+00
-1.447721836174557186e+00
6.185571247945983231e+00
1.563656413576394222e+01
2.109501887861987512e+01
2.232769943160409554e+01
2.173337267423090680e+01
1.776913137538337395e+01
1.447249594183928068e+01
1.204177347240394802e+01
7.123903728825011328e+00
5.493535061129308783e-01
-3.572488864148901655e+00
-5.277196035417484943e+00
-5.972377178138465581e+00
-4.631355354167363991e+00
-4.539554727898491571e+00
-5.846403303375787175e+00
-6.050014527689776322e+00
-5.853196981711662694e+00
-5.714765915297745025e+00
-5.387288251211471035e+00
-5.134263311320306222e+00
-5.002829193521784568e+00
-4.074970036668693396e+00
-2.345669168568306429e+00
-2.885127217775809161e-01
2.306164783560029186e+00
3.932815012767274521e+00
4.423327131484016128e+00
4.654889037291456866e+00
4.208895688088509779e+00
3.845162996043272052e+00
3.641680299094981255e+00
2.857786880186030665e+00
1.655776705031762885e+00
5.561527972415980514e-01
-4.992892890626380309e-01
-1.658213249993175431e+00
-2.815425059957133325e+00
-4.463461805548290862e+00
-6.637157282254015911e+00
-9.017971730155958099e+00
-1.172641792155034146e+01
-1.278703850931036889e+01
-1.197740609956501778e+01
-1.032003893353915380e+01
-7.244291365247385706e+00
-3.822260937019892335e+00
-1.156676400004501004e-01
4.925202327780864309e+00
1.109847060019083642e+01
1.496930433869133914e+01
1.636086594784182680e+01
1.678428143569188791e+01
1.532067119921743803e+01
1.425636405400820195e+01
1.371871996329790200e+01
1.177057757003250416e+01
8.884764541697547813e+00
6.775705096624747625e+00
5.351565400460611244e+00
4.101926410104600684e+00
3.424923828670322301e+00
1.804713026590316183e+00
-8.351812961965096038e-01
-3.421145766090006646e+00
-6.293525178416985000e+00
-8.912110808355880209e+00
-1.111752457649657799e+01
-1.341385327308417352e+01
-1.562608488511010485e+01
-1.780892204104770826e+01
-2.000236386174920256e+01
-2.202229779562363277e+01
-2.387989207874523601e+01
-2.350351864745450925e+01
-2.063646440546258276e+01
-1.624136918669567464e+01
-9.689841317236009388e+00
-2.117638804717969947e+00
6.458287294118594701e+00
1.719805794677811406e+01
2.992147693440406897e+01
3.679809322454079989e+01
3.724404233312716173e+01
3.487355640551321301e+01
2.751908239016020019e+01
2.006953846983575929e+01
1.277970650694074628e+01
1.291534605895604759e+00
-1.342546254110226123e+01
-2.200767895873850932e+01
-2.415009820205004232e+01
-2.368817504703769927e+01
-1.816944379276013422e+01
-1.422111223254505141e+01
-1.218932395162896398e+01
-6.661874333525774183e+00
9.732273412304633942e-01
5.643981099769571408e+00
7.540165996430846285e+00
8.145125789832547980e+00
6.232041798924018217e+00
6.170811286847857069e+00
8.136696141613658284e+00
8.932184843620358805e+00
9.498461672310181569e+00
9.394337836375099116e+00
8.221596806304942717e+00
6.843342266664824258e+00
5.040735982105505109e+00
2.239334791166801786e+00
-1.520814461812538099e+00
-6.173951461775479821e+00
-1.186180050022794674e+01
-1.486408199318591095e+01
-1.485838866253754453e+01
-1.372845383700666666e+01
-1.044639848602743015e+01
-7.155469185531672771e+00
-4.004040124293500647e+00
9.773339887218205346e-01
7.352345653436183071e+00
1.088607080634883673e+01
1.143982973150599314e+01
1.074437086954131537e+01
7.689785651875475025e+00
5.252422080755792422e+00
3.585125767750178660e+00
2.483857552808195202e-01
-4.137217084578182380e+00
-6.678862145349715895e+00
-7.402675639721925549e+00
-7.267170595794485877e+00
-5.545244775218717947e+00
-4.558189746807176590e+00
-4.400539503302910660e+00
-3.297781617464933923e+00
-1.739400780696997328e+00
-8.428871146142341564e-01
-5.086148425815952834e-01
-5.408664904592230815e-01
-1.198912127628618540e+00
-1.366702218605470032e+00
-1.017702769888143344e+00
-9.230651961131534078e-01
-8.456438365276331970e-01
-1.900340090741690080e-01
1.025033199082650226e+00
2.688330207205331224e+00
4.955785157888040970e+00
7.282195120067616045e+00
9.668285351821763740e+00
1.252754735246955775e+01
1.575707097941288559e+01
1.680903540100451465e+01
1.547861166588621806e+01
1.289751397628959495e+01
8.345413169797010866e+00
3.411134979989407068e+00
-1.844317740546649542e+00
-8.864218314831289192e+00
-1.734942859039361096e+01
-2.210842518547330116e+01
-2.283860036763761769e+01
-2.181666104275199913e+01
-1.763315987658540251e+01
-1.370467125502670491e+01
-1.020424629560509722e+01
-4.191118130323337354e+00
3.644395182384130294e+00
8.323145010959411394e+00
9.756526151345356723e+00
9.865296323862919436e+00
7.367049320116829669e+00
5.949108549516987310e+00
5.794766057747567700e+00
3.971563585599394042e+00
1.258367898638256266e+00
-1.766949193566552112e-01
-4.810565395697573576e-01
-1.575606469953010902e-01
1.302446946128783534e+00
1.873474221354134439e+00
1.489188617493738320e+00
1.578094263922957374e+00
1.704168313102501386e+00
1.635508058199837356e+00
1.497545633291482270e+00
1.089716893259146557e+00
3.777551529504370453e-01
-1.361781810691309047e-01
-4.704738830019978280e-01
-9.036329319425966400e-01
-1.335412479362577454e+00
-1.449774033098087944e+00
-1.236046552036149437e+00
-7.701949505100532667e-01
3.938202285856380602e-02
9.271367639444513253e-01
1.897144102802486687e+00
3.169287787048803651e+00
4.698189830188884031e+00
5.598745528294679197e+00
5.815885780431762520e+00
5.743206304978797583e+00
5.139245118623958497e+00
4.587101229196959729e+00
4.117043236014205299e+00
3.226201330241853515e+00
2.032666838049590030e+00
1.909858881550756116e-01
-2.406829241255098228e+00
-5.529620570500783927e+00
-9.306732556465204809e+00
-1.368349011916193092e+01
-1.866810808871524330e+01
-2.442133579938335330e+01
-3.095500523238461810e+01
-3.327734853633884882e+01
-3.092680971667527956e+01
-2.627414320887497468e+01
-1.789931180855713322e+01
-8.739656522148138151e+00
1.068048649578918763e+00
1.426914689313795748e+01
3.030891986534781424e+01
4.005906454559780627e+01
4.302804049026070743e+01
4.320986957524881689e+01
3.814716541066041344e+01
3.390519880237698658e+01
3.080540117806871692e+01
2.368001689665503662e+01
1.377014059637919097e+01
6.942821179219098582e+00
3.073813622527499234e+00
1.703676362294030966e-01
-3.393155265347175820e-01
-3.260791999210758352e+00
-8.839305458431850226e+00
-1.350338898163283474e+01
-1.830868925198678809e+01
-2.222763680755247151e+01
-2.476517640258986575e+01
-2.714956251885658389e+01
-2.898495956739596480e+01
-2.996971133817483945e+01
-3.016905179406552406e+01
-2.935261145620073364e+01
-2.743098906731855990e+01
-2.453397880511689877e+01
-2.056227998342170693e+01
-1.533314216018717246e+01
-8.803445464212616756e+00
-7.962009419173508018e-01
8.787274194287176599e+00
1.995763168903079432e+01
3.282392058034628946e+01
4.051226012623935446e+01
4.238483557094929921e+01
4.179877547716070296e+01
3.681114161281533370e+01
3.147617877738738201e+01
2.601620009480011575e+01
1.667319392862794913e+01
4.235929917394155808e+00
-4.085637975622038454e+00
-8.144297769717908864e+00
-1.089677845191772931e+01
-1.050308759735468023e+01
-1.220489843576101308e+01
-1.631562267612578765e+01
-1.867507295859979166e+01
-2.042066766524669674e+01
-2.083350339155067843e+01
-1.933479448857702465e+01
-1.703183572309385951e+01
-1.355900174076839804e+01
-8.264079181523568352e+00
-1.155639247316384122e+00
7.831021782034998324e+00
1.889759372455881703e+01
2.487563928589614548e+01
2.516010126970680361e+01
2.333895505460757036e+01
1.743327555189609157e+01
1.166583728041846690e+01
6.322089621066677267e+00
-2.437247526741127768e+00
-1.375010405272256264e+01
-2.013349528035926994e+01
-2.139021075992933163e+01
-2.052063435603007946e+01
-1.558073010305994011e+01
-1.192740392695194807e+01
-9.836544683985525950e+00
-4.972267572230410160e+00
1.539930456463912911e+00
5.343708426442860926e+00
6.553299280169310848e+00
6.478857011657904508e+00
4.045636258064103430e+00
2.916414820510313533e+00
3.228306524837716296e+00
2.249260178232259655e+00
7.550953787181062804e-01
2.648375864624134546e-01
6.166415020785394052e-01
1.627088539076847473e+00
3.647125497908621838e+00
5.079189344315873988e+00
5.900060077344154941e+00
7.200573707370311993e+00
8.647419497403706856e+00
8.988085739118400141e+00
8.208719642948553386e+00
6.663543874120517962e+00
4.014161642082525461e+00
1.276784292979519009e+00
-1.538181251567477981e+00
-5.244387518009824056e+00
-9.649929304057142332e+00
-1.207430590181148133e+01
-1.236010190695273003e+01
