1.525414610267338711e+00
1.490180923421526860e+00
1.382014769019602296e+00
1.192619361853848092e+00
1.000738340343526378e+00
7.820292910971832212e-01
6.089094408579402984e-01
4.966739984353130133e-01
3.932267799735939540e-01
3.211391385294272705e-01
2.562092325286838279e-01
1.948974533601661174e-01
1.697938889349571157e-01
1.764782996765015544e-01
1.316864391144687840e-01
3.331315661363190572e-02
-8.084908925651855538e-02
-2.316894578134328642e-01
-3.617386753656812171e-01
-4.664822751925414290e-01
-5.916852234341317684e-01
-7.243106682761832893e-01
-8.518339691183344220e-01
-9.781707816461768790e-01
-1.099893262314747933e+00
-1.214765998702879379e+00
-1.340709784502964297e+00
-1.477512107590637447e+00
-1.614498491870382857e+00
-1.755377167717221187e+00
-1.891350201031168687e+00
-2.020620454115897413e+00
-2.149989556449624306e+00
-2.276833330017613566e+00
-2.403188643035018224e+00
-2.529595288059603320e+00
-2.652728454287860860e+00
-2.773004884152765470e+00
-2.823424569375368343e+00
-2.796420219787731920e+00
-2.723416938128415676e+00
-2.584543375112104524e+00
-2.417225816689824391e+00
-2.222457364302031113e+00
-1.963086963225711967e+00
-1.645449799593653006e+00
-1.319410409185556521e+00
-9.833306533507011338e-01
-6.160962367393254535e-01
-2.288897106880635746e-01
2.193497294319196045e-01
7.324736410210466175e-01
1.281811094640343374e+00
1.877620443765980696e+00
2.344140504442271844e+00
2.661258820114338342e+00
2.919516608683644154e+00
3.067892106798395524e+00
3.201885063955190791e+00
3.326718970915424567e+00
3.348539218410695906e+00
3.285127499311981669e+00
3.275393505013240780e+00
3.317668868216743228e+00
3.355099235577023720e+00
3.420695812217599219e+00
3.405944351470992171e+00
3.302464922535903735e+00
3.190320331126355935e+00
3.044026933667042467e+00
2.852009299073118509e+00
2.620632778184841971e+00
2.335927998394028648e+00
1.995665557080236852e+00
1.623661570579205238e+00
1.217467074077584144e+00
7.626366592063227312e-01
2.628701884143971323e-01
-3.051640978573060825e-01
-9.459256094343617693e-01
-1.646776480074755522e+00
-2.415339081683426148e+00
-3.244358061073032484e+00
-4.134091140344676063e+00
-5.095678942291703706e+00
-6.128728970255227004e+00
-6.759328825022568488e+00
-6.941613568296692627e+00
-6.898255389043113084e+00
-6.492953918485278031e+00
-6.001692304162793867e+00
-5.435543490115750664e+00
-4.532804649235601779e+00
-3.344062006250020591e+00
-2.207048881715712785e+00
-1.112419758141862003e+00
7.468173501803876402e-02
1.276325937215026185e+00
2.768472432576577269e+00
4.573369153277055510e+00
6.493862093122943158e+00
8.596233490289172607e+00
9.997314023287772855e+00
1.058967599793603931e+01
1.083816135394610569e+01
1.048445946674123341e+01
9.994265706580723219e+00
9.393747645202706664e+00
8.215919671501339394e+00
6.546493373066867960e+00
5.099160672491169777e+00
3.866371383976401788e+00
2.551591702818354346e+00
1.324294201963361450e+00
-3.695765573873234788e-01
-2.573989385620815806e+00
-4.879800736644237524e+00
-7.417720962971777077e+00
-9.174875017342779771e+00
-1.000871606622153642e+01
-1.049246259555861016e+01
-1.032548044183591074e+01
-1.000035086974074083e+01
-9.550679999836503953e+00
-8.457314955773224341e+00
-6.810441057234868367e+00
-5.500032173410224878e+00
-4.524931571881566583e+00
-3.505377246842864558e+00
-2.655615748265183207e+00
-1.304865947425384309e+00
6.003906454627859768e-01
2.555894963618466242e+00
4.718722905506529841e+00
6.228811235840945315e+00
6.948116396762578972e+00
7.396922786873255440e+00
7.315828534114518611e+00
7.087386903749510303e+00
6.742741483135882952e+00
5.854586559257210610e+00
4.492164883364588412e+00
3.473355144300275477e+00
2.803306985371169624e+00
2.124513784800394767e+00
1.635906573907618622e+00
7.363429207080699479e-01
-6.227246264434004308e-01
-1.982744906881840352e+00
-3.483817919889783177e+00
-4.628106814435729355e+00
-5.317773778441998722e+00
-5.889931795882697330e+00
-6.190164442199399986e+00
-6.402298910010702393e+00
-6.547327039797597337e+00
-6.392321065021888238e+00
-5.969781360903382073e+00
-5.819951214630505909e+00
-5.952549253618799163e+00
-6.123338831211314393e+00
-6.465883618077288730e+00
-6.598498548993403823e+00
-6.489953153949868714e+00
-6.438453230848160125e+00
-6.355873195348829441e+00
-6.250778492315932411e+00
-6.156070180472817732e+00
-6.003302467959329647e+00
-5.802545524960340373e+00
-5.616256194559985815e+00
-5.438904894879967422e+00
-5.249318575581249924e+00
-5.060161238438860565e+00
-4.746190028581020570e+00
-4.295537823758716733e+00
-3.777176016873545539e+00
-3.156858161941078045e+00
-2.499604993941926701e+00
-1.811394141909266731e+00
-1.030255387502649667e+00
-1.698975678967439285e-01
9.103219094670333966e-01
2.234183258768346114e+00
3.727903734014613946e+00
5.436304160263625285e+00
7.295505781643360166e+00
9.304876717867450964e+00
1.153946024539551196e+01
1.399074902961428357e+01
1.653342408557143273e+01
1.917077237123346833e+01
2.196208680959949078e+01
2.487977235112410668e+01
2.802382761797034050e+01
3.140560407544112564e+01
3.495583912990080222e+01
3.870068137699856692e+01
4.080178416334398861e+01
4.106591484654332902e+01
4.037452891515839326e+01
3.819326272375712250e+01
3.556362441158200483e+01
3.252661982573999211e+01
2.807384901020117240e+01
2.239271031321470318e+01
1.683621073771119470e+01
1.136928942906253148e+01
5.439289547756025023e+00
-6.422136975171504059e-01
-7.972856178817412598e+00
-1.664468073562185069e+01
-2.587355788597595563e+01
-3.592508388455173218e+01
-4.335514861713713231e+01
-4.774482405827816933e+01
-5.091381438325628039e+01
-5.185582966075509148e+01
-5.238714092468121919e+01
-5.261236404428122881e+01
-5.071247128781331526e+01
-4.702349552329300764e+01
-4.434210869143872458e+01
-4.264197380378168845e+01
-4.076319894354927698e+01
-3.937195633457979937e+01
-3.630331822799029595e+01
-3.138755110801650616e+01
-2.622830065934290289e+01
-2.031669993447873068e+01
-1.553709571043224003e+01
-1.223561542054751250e+01
-9.144773081548009941e+00
-6.837107361538872219e+00
-4.578512399391114762e+00
-2.280056929571031343e+00
-8.243559674936495885e-01
-7.178525642766528381e-02
1.966108961062803751e+00
5.329943033844399380e+00
9.142198224740182511e+00
1.390036724133761403e+01
1.820583159760459679e+01
2.195388365743666270e+01
2.624983397107591188e+01
3.077797851340806190e+01
3.410892954164668822e+01
3.622098491877595450e+01
3.755791887471757917e+01
3.773723009175608922e+01
3.783881731569349682e+01
3.787926786785699562e+01
3.697598290661022702e+01
3.533314627103441552e+01
3.355536692042620217e+01
3.157431717324780251e+01
2.921938021149326659e+01
2.661315230188476022e+01
2.313377912249571011e+01
1.873613171001409583e+01
1.381391953164924402e+01
8.212992044750087928e+00
3.837348979410591276e+00
9.035069833416937701e-01
-1.607374248503175007e+00
-3.149249614486496096e+00
-4.743514406210536549e+00
-6.459939626348853992e+00
-7.301145889747279405e+00
-7.465887887897653563e+00
-8.477429475450433571e+00
-1.032912855031096733e+01
-1.240862017357673786e+01
-1.508586138750750649e+01
-1.719472791539379841e+01
-1.865396947515236903e+01
-2.034321767671803016e+01
-2.199632024025860133e+01
-2.302204872633407362e+01
-2.345095793846408938e+01
-2.336425844236717353e+01
-2.260951396684799164e+01
-2.172761764379766447e+01
-2.071150918266381069e+01
-1.915168764274888247e+01
-1.714681155590683659e+01
-1.479366522281545926e+01
-1.204319280819276372e+01
-8.903827325582982510e+00
-5.380167722453926160e+00
-1.281228462821600633e+00
3.409915074319457062e+00
8.606735158518903361e+00
1.436338288802625662e+01
1.840545627244796023e+01
2.050621902619808168e+01
2.178148360538696693e+01
2.158077277343072353e+01
2.120481142531321694e+01
2.071931469976494711e+01
1.888898257670669167e+01
1.595938086126263933e+01
1.360674460942473729e+01
1.179989586938047808e+01
9.874179359544227097e+00
8.225273948765924104e+00
5.515626946013201248e+00
1.645204289826701416e+00
-2.408836576291999876e+00
-6.960265286990260591e+00
-1.028380566865799395e+01
-1.211110450148146533e+01
-1.348779638248949020e+01
-1.389854661007997016e+01
-1.412045106309725462e+01
-1.422078741654536493e+01
-1.334545200818508093e+01
-1.163935426356212943e+01
-1.071983799127945503e+01
-1.059934302786350280e+01
-1.057979063976087097e+01
-1.105713296973592286e+01
-1.084620368968892912e+01
-9.855433225013026544e+00
-8.994522726747185004e+00
-7.990379583240387440e+00
-7.158628657712478471e+00
-6.627177108880266232e+00
-6.047751538899986734e+00
-5.533498118460858706e+00
-5.109621240053508373e+00
-4.751357277282815872e+00
-4.550930399338072085e+00
-4.515990365325626144e+00
-4.065659397019519616e+00
-3.169261255089798723e+00
-2.115341979530012129e+00
-7.533852825055052937e-01
5.560767427546580155e-01
1.782184404780564169e+00
3.230279916969396314e+00
4.819901935018051198e+00
6.218010873795285498e+00
7.428737548149221048e+00
8.553112409332721100e+00
9.506693367270013795e+00
1.055449294451268116e+01
1.170418201140937953e+01
1.275057450356113620e+01
1.374743932785456835e+01
1.481210562096707939e+01
1.593006628644989853e+01
1.708041026231373039e+01
1.828812308825548882e+01
1.942747028848449986e+01
2.049322209974517150e+01
2.156698718287522709e+01
2.262003414588893335e+01
2.295314440789088906e+01
2.250062977490694749e+01
2.156702911301467296e+01
1.994860783352980960e+01
1.806370172742871105e+01
1.592164735454433533e+01
1.312511181927059312e+01
9.746591876161065926e+00
6.262596621046352396e+00
2.652405189925485907e+00
-1.278089008980124230e+00
-5.423575598682026211e+00
-1.018921334021560199e+01
-1.561208960754236941e+01
-2.141388919947950953e+01
-2.769601500710132669e+01
-3.209963991413015805e+01
-3.436337283537039156e+01
-3.567320044435964377e+01
-3.534457632809559158e+01
-3.467863677632823993e+01
-3.373981476421569425e+01
-3.125715140902459410e+01
-2.747035914366439968e+01
-2.419469802653402724e+01
-2.139989209850867624e+01
-1.834438575999012500e+01
-1.545521684168256726e+01
-1.129597841065324992e+01
-5.752799088541756589e+00
1.258339599232848327e-01
6.680549547234509333e+00
1.144229978246633017e+01
1.406210432983157332e+01
1.595643176046225697e+01
1.639456600541068809e+01
1.656994061738371471e+01
1.657024581464660429e+01
1.513821650922027828e+01
1.249587924528961835e+01
1.083468321989279914e+01
1.015790150429959482e+01
9.534251306784629065e+00
9.495171745758403503e+00
8.401345092055997554e+00
6.125837666388208369e+00
3.910640173822936383e+00
1.375429765329527321e+00
-3.349366793256763897e-01
-9.766961560204540094e-01
-1.367917547789391897e+00
-1.149872807624089388e+00
-7.015002854408768362e-01
-7.565804080612588411e-02
1.244460796805676006e+00
3.192025332259480930e+00
4.459551072918984893e+00
5.016995362793399416e+00
5.461965727820599525e+00
5.468709017847177556e+00
5.944886200399213116e+00
6.964524051178601738e+00
7.810268682751079439e+00
8.690329630387951809e+00
9.209630929700812985e+00
9.248274167458276906e+00
9.141420589016574283e+00
8.753852654254329124e+00
8.147001837376121713e+00
7.338648650607622947e+00
6.170566338408183249e+00
4.647635170211566802e+00
3.337896364193169152e+00
2.259000672832784051e+00
1.132116051383229127e+00
9.830250414635860468e-02
-1.222902434106986513e+00
-2.867675258899715196e+00
-4.533209830495273707e+00
-6.309291035439456685e+00
-7.774124225995680426e+00
-8.852156441025913480e+00
-9.807147573300593280e+00
-1.050887388235670450e+01
-1.113327233381328973e+01
-1.169475279377864219e+01
-1.198552362659499337e+01
-1.203581638921087915e+01
-1.227836472191485306e+01
-1.271728097387732248e+01
-1.315829115639254887e+01
-1.370661809139481946e+01
-1.404774628561168548e+01
-1.415496381174573770e+01
-1.426873611378882067e+01
-1.431512457850478626e+01
-1.407561507317293703e+01
-1.355182440532798438e+01
-1.279035667913522545e+01
-1.173218519812584226e+01
-1.055424468686896233e+01
-9.254240225037358769e+00
-7.689019136019408229e+00
-5.889494247535933091e+00
-3.913519232452292496e+00
-1.744386063948075938e+00
6.302290686006861709e-01
3.203460242548562764e+00
6.057454699288393307e+00
9.200980415605023666e+00
1.259266592763282056e+01
1.625599928435166674e+01
1.889423097404831964e+01
2.037606954323753783e+01
2.133022700471587285e+01
2.138357468118824656e+01
2.127702178323044180e+01
2.104448593236978482e+01
1.997798628316802905e+01
1.821482917189069894e+01
1.670837075232225288e+01
1.543785662028856898e+01
1.402117056871855993e+01
1.268110085265118236e+01
1.065116542904818253e+01
7.871304384354850470e+00
4.896253672170779225e+00
1.543928546181822847e+00
-9.751911028558427619e-01
-2.487386435742668045e+00
-3.699375917540952852e+00
-4.253376857398037281e+00
-4.726770369533030980e+00
-5.165341719574692902e+00
-4.958064123045267557e+00
-4.213789835156731556e+00
-4.022529093541480805e+00
-4.389129555037472485e+00
-4.850991297476332953e+00
-5.674274721171838287e+00
-6.050494157935654371e+00
-5.918585829397009057e+00
-5.895852403613549342e+00
-5.796279898609169479e+00
-5.709537604686484968e+00
-5.709255204235335057e+00
-5.616699835463464296e+00
-5.472084381745609072e+00
-5.364091416327621431e+00
-5.277994225449909926e+00
-5.206854706173257519e+00
-5.168305716619694401e+00
-4.859837236746067823e+00
-4.257742859507768429e+00
-3.519794126480796148e+00
-2.564595980474733139e+00
-1.561334003982333574e+00
-5.242020014687519547e-01
7.009575210583025573e-01
2.078164820184390305e+00
3.170706596584248249e+00
3.955735423017868069e+00
4.615341677847475843e+00
5.030981580721306301e+00
5.493271189934193721e+00
6.014582859939270776e+00
6.345222580367461340e+00
6.542678539350776923e+00
6.860784828261739854e+00
7.288927548087184682e+00
7.741263017580599204e+00
8.276806450296794182e+00
8.677077887283722646e+00
8.928659580020520181e+00
9.186918880653124120e+00
9.401575035064690056e+00
9.177789448804590577e+00
8.489243930941297478e+00
7.482466319736676752e+00
6.044370704620969370e+00
4.435638255152446696e+00
2.658529565477987688e+00
4.779233453606882565e-01
-2.061112017331548696e+00
-4.730728897850845271e+00
-7.547673505420649853e+00
-1.059964714537540864e+01
-1.383918990508684743e+01
-1.747612753496519034e+01
-2.153038094993652862e+01
-2.586520912964537899e+01
-3.053462103637792779e+01
-3.338502217913756454e+01
-3.418807128264814565e+01
-3.399646297240282422e+01
-3.218621622953777006e+01
-2.996880115691629243e+01
-2.739806418990765380e+01
-2.330147066926852517e+01
-1.790043966422152266e+01
-1.280262324833037546e+01
-7.973086941498678470e+00
-2.758295244575130756e+00
2.467435295833333875e+00
8.994396806729856308e+00
1.692699346995686938e+01
2.533365419735307356e+01
3.452304827223009909e+01
4.074940583912334802e+01
4.354649109441218968e+01
4.490572232669665453e+01
4.372879799057098182e+01
4.196903961298544061e+01
3.973872269131965140e+01
3.506512503523041602e+01
2.830707043967781900e+01
2.252986025411111726e+01
1.770501119344977425e+01
1.255291058162466200e+01
7.802645683486574946e+00
1.084366915122269015e+00
-7.790578215627395053e+00
-1.706824157104284367e+01
-2.730744408364748921e+01
-3.449555442419735840e+01
-3.805454312237645098e+01
-4.028604637087575213e+01
-3.999652372608353801e+01
-3.910849727622501604e+01
-3.775870104303631081e+01
-3.390288846763925079e+01
-2.789344324587269952e+01
-2.331007487952900092e+01
-2.015462154742461820e+01
-1.689422100299460183e+01
-1.439330284158552153e+01
-9.968978557117305073e+00
-3.407862950604690688e+00
3.265362995207420571e+00
1.067741451665698804e+01
1.620464476894511918e+01
1.937585028115218222e+01
2.188747275644024981e+01
2.293766488971624895e+01
2.358488260790213786e+01
2.393533029669839607e+01
2.273020229422054328e+01
2.016076076423037833e+01
1.891379845255170267e+01
1.902644809709011042e+01
1.930407024429704421e+01
2.040795292965905361e+01
2.041156084531603909e+01
1.916007769850640940e+01
1.814713695121838910e+01
1.692775625253833383e+01
1.562607967332258241e+01
1.441329172294646987e+01
1.290480650916640393e+01
1.117305261447326004e+01
9.483659985840368734e+00
7.805186331376209097e+00
6.074045405484739923e+00
4.343663067662634880e+00
1.932596289119555832e+00
-1.218123605344103577e+00
-4.743879295516419070e+00
-8.829619573384530185e+00
-1.310741223848978265e+01
-1.754521943829123387e+01
-2.248570618563127255e+01
-2.785108730946729949e+01
-3.132031487592291441e+01
-3.270484099356577445e+01
-3.304296543944639808e+01
-3.167884833152593060e+01
-3.003176016445042151e+01
-2.815655577181916058e+01
-2.475266556570576526e+01
-2.008577633648158667e+01
-1.568652152258651178e+01
-1.150138878676483323e+01
-6.945524585011403573e+00
-2.370133894037239397e+00
3.504766339150710674e+00
1.077727358279387282e+01
1.854081397747605209e+01
2.710120189368910815e+01
3.297498476195248429e+01
3.572802673432416043e+01
3.722821480270989980e+01
3.645635025774397775e+01
3.522117288706345306e+01
3.363198811870799432e+01
2.986249377556779550e+01
2.424794047342393100e+01
1.964691817028688803e+01
1.603719057249382374e+01
1.222888826290715159e+01
8.904783196396868661e+00
3.863973292764151246e+00
-3.065737595555316553e+00
-1.024840599657909301e+01
-1.820031459921379735e+01
-2.390904587929214742e+01
-2.690763399495512331e+01
-2.899520733113535798e+01
-2.926868351902566445e+01
-2.909861456749423070e+01
-2.859461440275429922e+01
-2.625179056726465632e+01
-2.232097932710023969e+01
-1.961052466953013607e+01
-1.813511941149802453e+01
-1.667731950629179138e+01
-1.592013160770221880e+01
-1.379105132929264954e+01
-1.012519011230832433e+01
-6.501774827736547024e+00
-2.438909200890678530e+00
6.260286726488790698e-01
2.384168603890846949e+00
3.865855588305866952e+00
4.619630014950688590e+00
5.118246162252345854e+00
5.427929325080016909e+00
4.899934208969268568e+00
3.617206661251821220e+00
3.236860894904503461e+00
3.797693463657270563e+00
4.541026014206860140e+00
5.879919816773419683e+00
6.665387157351225333e+00
6.803540229990928445e+00
7.203093735779980022e+00
7.600475003235396265e+00
7.891383046983516891e+00
8.165547399685433305e+00
8.281250986427970417e+00
8.233677017909897700e+00
8.291012344374042442e+00
8.442457224708567409e+00
8.554038501842043729e+00
8.680874652071992159e+00
8.536592383398954098e+00
8.085042949520087063e+00
7.502092113451021227e+00
6.707365500261670554e+00
5.826057018933875398e+00
4.872921814786955075e+00
3.715743363740436234e+00
2.380776906660762915e+00
1.316979622169242914e+00
5.490984433141119503e-01
-1.185816322858457006e-01
-5.648459134799639347e-01
-1.082106130966949298e+00
-1.685133699305034760e+00
-2.121908086414816985e+00
-2.451427517909368969e+00
-2.938365826444630180e+00
-3.573543307753649145e+00
-4.267893062806072280e+00
-5.084029064539466347e+00
-5.798535390101364762e+00
-6.398699817652948596e+00
-7.046115306094736574e+00
-7.690324140674182907e+00
-8.043978782570706088e+00
-8.093504531190035323e+00
-7.935991911049282699e+00
-7.490702796890849946e+00
-6.959917211210085775e+00
-6.345040835693286141e+00
-5.470570247872367453e+00
-4.372315536047409523e+00
-3.201179619061669701e+00
-1.943913463585632773e+00
-5.464348343687253085e-01
9.603683290155793362e-01
2.721268318525242869e+00
4.749342607762831570e+00
6.951776909512287439e+00
9.365698090734143832e+00
1.099769886398817498e+01
1.174124632286823555e+01
1.209240259079706803e+01
1.176429205617390572e+01
1.131119978164948314e+01
1.076092622593693982e+01
9.577061390683550002e+00
7.862658471622140155e+00
6.372186381751898665e+00
5.092767889454024477e+00
3.719139564771142048e+00
2.429082499499437997e+00
6.243451153549250954e-01
-1.741547709893202844e+00
-4.231543311442577782e+00
-6.986933977079187841e+00
-8.942401957270615043e+00
-9.948317851689695956e+00
-1.061102663543369928e+01
-1.061502872723590940e+01
-1.047747986018687527e+01
-1.023501138423180556e+01
-9.343363233274370572e+00
-7.898076908294536125e+00
-6.836540793340541988e+00
-6.158624092136734340e+00
-5.465550159439782618e+00
-4.983750784943987711e+00
-4.008891306854808434e+00
-2.485658274380842414e+00
-9.454085860382727136e-01
7.760273057005864228e-01
2.083732769468020329e+00
2.863477169927434396e+00
3.516233535548646039e+00
3.858662749972868067e+00
4.114385555684766160e+00
4.309167943783862142e+00
4.164409642516314847e+00
3.720473756948835753e+00
3.613959903308228583e+00
3.856386903737974770e+00
4.161925193774037801e+00
4.688296256537227258e+00
4.985605820971139579e+00
5.017786742240270215e+00
5.136965781778030760e+00
5.239771525228460902e+00
5.191612544375769467e+00
5.016874386651065443e+00
4.703307490008971747e+00
4.221019191608100130e+00
3.727406135301566614e+00
3.219303471492928281e+00
2.591898870962090484e+00
1.875410577674638368e+00
1.027269790427816964e+00
3.075918141762369606e-02
-1.075078849547470572e+00
-2.306320582585124956e+00
-3.671763480792142431e+00
-5.171290326173079599e+00
-6.816760525221166489e+00
-8.612537201108670715e+00
-9.726740834332030516e+00
-1.007955722661357356e+01
-1.006642585123717026e+01
-9.449191851811361786e+00
-8.711037666104925137e+00
-7.873212826422997246e+00
-6.478954221918551859e+00
-4.618057144159791960e+00
-2.882984579170675410e+00
-1.258680725456790217e+00
4.895533799037272149e-01
2.224006520154006239e+00
4.426065324386661892e+00
7.133319270702831894e+00
9.999523399263472001e+00
1.313928427908219376e+01
1.509216020778230671e+01
1.567771554468694895e+01
1.566764062208338792e+01
1.463373244443959109e+01
1.334018651040956449e+01
1.182978507812526914e+01
9.331762282435509093e+00
5.986021561181164685e+00
2.978196550149319499e+00
2.957045181295121505e-01
-2.556335233693058484e+00
-5.296752904127704831e+00
-8.845444852799509761e+00
-1.327624632742715072e+01
-1.791045771461564584e+01
-2.296564380335118827e+01
-2.628951406799787094e+01
-2.759747581366930547e+01
-2.806207262896530708e+01
-2.704746734052005763e+01
-2.564180233463038050e+01
-2.391052606642340095e+01
-2.073154563924148164e+01
-1.630292133717490088e+01
-1.244113330530355910e+01
-9.134114246275586879e+00
-5.613339986172824148e+00
-2.311883959214235063e+00
2.161893336798943910e+00
7.920546432745875443e+00
1.393001506261977340e+01
2.051881653673311234e+01
2.518065990653560959e+01
2.755981333056263693e+01
2.907812356161444001e+01
2.899056493216385988e+01
2.851141585702663050e+01
2.772355018743894561e+01
2.534313851540051488e+01
2.159191979585800070e+01
1.868414458392545185e+01
1.661758980746440173e+01
1.444535770937019770e+01
1.270053342482151848e+01
9.715873425029892374e+00
5.357871866976942066e+00
8.802293075352902729e-01
-4.107684156321377955e+00
-7.765281583627834827e+00
-9.780080843864304541e+00
-1.130667154232978078e+01
-1.178692946602120450e+01
-1.200197736335805487e+01
-1.202366072975364197e+01
-1.095425934612848273e+01
-8.935960462960180095e+00
-7.789731174340969844e+00
-7.535383424776299854e+00
-7.371290682511434156e+00
-7.743990370408376123e+00
-7.334319796775593758e+00
-6.037036976434747793e+00
-4.868986560006514530e+00
-3.525015948406235999e+00
-2.558902072118963034e+00
-2.134230613348367278e+00
-1.767351090861931207e+00
-1.643206712588632046e+00
-1.673181285118164441e+00
-1.825379748284753134e+00
-2.314744378662072055e+00
-3.128838398946728994e+00
-3.468137233830160149e+00
-3.302126265550509032e+00
-3.014543271537924340e+00
-2.402456481407157618e+00
-1.990818203419673527e+00
-1.824248996925348365e+00
-1.474190865424178432e+00
-1.060018110610736253e+00
-7.450642724060104749e-01
-4.959657474171609848e-01
-3.206506682905244654e-01
-2.522514691202072390e-01
-9.679118204466022335e-02
1.461090318961386636e-01
3.531297507866474339e-01
5.647257020846012665e-01
7.260110212192183443e-01
8.198061840348629392e-01
9.006453453898960460e-01
9.507962517292893878e-01
9.676977807969153744e-01
9.554924337674827184e-01
8.996066029998378566e-01
7.993681272570682950e-01
8.670172542680805172e-01
1.120116059653825324e+00
1.457424684157455408e+00
1.938091029562217793e+00
2.436644099773957350e+00
2.946289218232107654e+00
3.582175835034028477e+00
4.319777879868372139e+00
5.019293982759109873e+00
5.684360130177975812e+00
6.367254179030124916e+00
7.035055488915524791e+00
7.801801591695372018e+00
8.675298316097448392e+00
9.572729642288463126e+00
1.052052313997033828e+01
1.108905002216874003e+01
1.122627015098976777e+01
1.115295477870141028e+01
1.074275165539392063e+01
1.022314719990057874e+01
9.605078536073712314e+00
8.659431703753449838e+00
7.426912749344368514e+00
6.246327567941548864e+00
5.111948654431945904e+00
3.881703723884239565e+00
2.634689784348566377e+00
1.103682670505457430e+00
-7.338599573942850007e-01
-2.683873168222825178e+00
-4.810619033839729219e+00
-6.577022578838002786e+00
-7.911008702475776033e+00
-9.113839790164041332e+00
-1.002759850161510613e+01
-1.092053032935003465e+01
-1.181144028082801611e+01
-1.242373237313311840e+01
-1.280770309029476017e+01
-1.342926676935056207e+01
-1.428828114562091578e+01
-1.518900129667436616e+01
-1.624431007860205511e+01
-1.710322666669223679e+01
-1.773904581709982509e+01
-1.841700887271442610e+01
-1.905584650359077159e+01
-1.909179456229691496e+01
-1.849370759023661392e+01
-1.746468187854951637e+01
-1.584585217452392847e+01
-1.401894013117314408e+01
-1.198821446579271921e+01
-9.416824940906501240e+00
-6.372388630863242476e+00
-3.155876100724981814e+00
2.575384933793006814e-01
3.977933358605499237e+00
7.943194509485692834e+00
1.243720943616528096e+01
1.748581829089099315e+01
2.290560736468049541e+01
2.876927513326284469e+01
3.263668937457726571e+01
3.424784391243116488e+01
3.480522327811462446e+01
3.360262343628680526e+01
3.200796618446909747e+01
3.008490201248523377e+01
2.650913884209709082e+01
2.153220597021483940e+01
1.698706760116930070e+01
1.283700112453189313e+01
8.338014528706771955e+00
3.918731881175406606e+00
-1.885462430435214332e+00
-9.191419196414443604e+00
-1.693720465295486477e+01
-2.547160900001645700e+01
-3.135368166623794295e+01
-3.413541975357058078e+01
-3.569553450376581338e+01
-3.502194123713702112e+01
-3.386413222996360872e+01
-3.233177270653052915e+01
-2.863329237216203893e+01
-2.309141642039259779e+01
-1.860216197726981591e+01
-1.514976854279644769e+01
-1.151753614769775247e+01
-8.399099358805592885e+00
-3.581454626566333843e+00
3.109878912747807700e+00
1.002347366411334839e+01
1.767821919174565082e+01
2.304126316851996847e+01
2.564078130995373073e+01
2.728667837377268768e+01
2.706859343228957826e+01
2.636473405470963272e+01
2.528415278423540968e+01
2.231068555550043797e+01
1.769550262868754231e+01
1.426955869466467419e+01
1.204687424807923257e+01
