1.072351328042785568e+01
-1.820186675934529763e+00
-1.063960148110521509e+01
-1.399034994809574428e+01
-2.077953358868980516e+01
-2.852143574403140391e+01
-2.606266881680896219e+01
-1.325780923715682214e+01
6.589472237845987124e+00
3.646755811964560223e+01
4.578396445105671830e+01
3.217336652573192879e+01
1.290523571144115955e+01
-2.004280691356270339e+01
-3.287689584052630920e+01
-2.195465803142038297e+01
-1.023532780533307651e+01
1.111333771845283636e+01
1.874664742356069880e+01
9.021095675566138894e+00
3.750887108597671382e-01
-1.351889045791108579e+01
-1.827944522536187577e+01
-1.102635617126720646e+01
-3.787786125042038599e+00
7.587173677714927678e+00
1.362915627687673670e+01
1.248662458657049612e+01
1.216760254184853984e+01
9.972930584972560908e+00
6.399165704126616561e+00
2.120964789963193375e+00
-5.392813051117047785e+00
-1.600268329660258715e+01
-1.938445307234124471e+01
-1.507543191554110251e+01
-7.971442114598582762e+00
4.592252837958361589e+00
9.841173641466973265e+00
6.627064240340478918e+00
3.357976205407103176e+00
-3.219196457870464823e+00
-3.339609872615215913e+00
4.454110402963959103e+00
1.285481800400574670e+01
2.453326076123461874e+01
2.617837645967793492e+01
1.595891765455452571e+01
2.387901849968072643e+00
-1.831686648038942877e+01
-3.036451944049968077e+01
-3.198112220253261739e+01
-3.400651596257664977e+01
-3.228565324999900099e+01
-2.479965833499325356e+01
-1.193249117400806014e+01
8.919090338456513223e+00
3.856195931120555542e+01
5.209224740041059931e+01
4.811990890124405240e+01
3.949874943512465109e+01
1.980475918817092662e+01
6.508459218396254187e+00
1.288868133930368476e+00
-9.799059596434076980e+00
-2.262401919071995238e+01
-3.264224706977596924e+01
-4.086746103426490606e+01
-4.635733933293840181e+01
-4.812740818442307500e+01
-3.920831303094516329e+01
-1.810329799589195332e+01
1.299546538923259043e+01
5.671781359999197747e+01
7.420000838879819582e+01
6.239506057046017418e+01
4.243821513472630613e+01
3.977699878238809106e+00
-1.711696867799452093e+01
-1.726439442538017133e+01
-2.263441650627011015e+01
-2.428448503328092301e+01
-2.313585189380673768e+01
-2.136516858731587831e+01
-1.135118320869370478e+01
6.601885005430708553e+00
1.508486876467565985e+01
1.417173968458281408e+01
1.231602597123061571e+01
5.528685923407159919e+00
4.846429652668385324e-01
-2.027517471628751622e+00
-8.475004223655833613e+00
-1.738334916382771311e+01
-1.860201407040088739e+01
-1.202455088576858167e+01
-1.474894456577627633e+00
1.563150426055003983e+01
2.251382026119924618e+01
1.785021442716533713e+01
1.191381305561628245e+01
4.160730609055202645e-01
-5.511975706949975518e+00
-4.347271433576930022e+00
-4.986633931267435926e+00
-4.549572529585761416e+00
-3.680697609254026670e+00
-3.231112700417796635e+00
-5.799024364505166451e-01
4.008833357366353489e+00
6.562883090532970698e+00
7.219389268988821939e+00
7.742803528517984368e+00
7.265671200898071724e+00
2.521325377492034114e+00
-6.819562146082219556e+00
-1.994580447236545950e+01
-3.791870383787595244e+01
-3.912080119829539626e+01
-2.171969525530595035e+01
3.022904449680477779e+00
4.101285919906710120e+01
5.473233649178208537e+01
4.061060716741270227e+01
2.167829246057651460e+01
-1.199145121513520884e+01
-2.662164029330534731e+01
-1.809590819250812999e+01
-1.095331542885985421e+01
3.653756249715417681e+00
8.525198536901053004e+00
2.370364628831550247e-01
-5.760021024819124591e+00
-1.425010402375198026e+01
-1.523212294604224759e+01
-6.225139527297308462e+00
4.171261287809477913e+00
1.907446219418327971e+01
2.221998337318481731e+01
1.141155902963461344e+01
-2.938333073747473101e+00
-2.543313994503762032e+01
-3.242550545133872930e+01
-2.128474662500624248e+01
-7.260698014051579108e+00
1.600420944241732002e+01
2.710549044667925145e+01
2.330572345097819564e+01
2.020836231500130609e+01
1.214170312483203240e+01
5.226168814411202845e+00
1.111504681664638117e+00
-7.850265197856121979e+00
-2.004813350340284117e+01
-2.303023357389029613e+01
-1.666723512308086441e+01
-5.707908749858735753e+00
1.300249563111983342e+01
2.071177239649824386e+01
1.596178816098356812e+01
1.047162992327694475e+01
-5.033507379569133189e-01
-7.972103582238879049e+00
-1.049230712380764707e+01
-1.630302633462095585e+01
-2.312386474232623002e+01
-2.164126361599698711e+01
-1.184262982062592684e+01
3.631561923569827766e+00
2.723625038755013605e+01
3.555610938667111753e+01
2.684040159108875656e+01
1.446407815634712790e+01
-7.655245055143364397e+00
-1.741208508619111583e+01
-1.232578725338657222e+01
-8.112514149517719986e+00
9.508476723659546881e-01
3.638789595647178743e+00
-2.238039816827549711e+00
-6.650730418157453805e+00
-1.270378524427300171e+01
-1.346155765045429931e+01
-7.265991543555039733e+00
1.005973258593751279e-01
1.079294505053980302e+01
1.650366192360531059e+01
1.605954280640361276e+01
1.529814615701492464e+01
1.191816231930812897e+01
7.668347751178285598e+00
3.001033766183678786e+00
-4.924581062517631835e+00
-1.575784773474165235e+01
-2.061063264001420592e+01
-1.914478664881732684e+01
-1.542918033957136004e+01
-7.178427010080787873e+00
-2.051015728180707764e+00
-6.585360371160560167e-01
2.676165106580017383e+00
6.143754520835569721e+00
9.790134501531088773e+00
1.415375234687751416e+01
1.783306714621596001e+01
2.092056736037539011e+01
1.773018523602411278e+01
7.360701012229970530e+00
-7.520923763816582230e+00
-2.874619638597996740e+01
-3.445866502151136501e+01
-2.274592718418680448e+01
-5.705847264528581597e+00
2.255866091287456143e+01
3.320211293777821737e+01
2.331037435359172250e+01
1.174814419494586559e+01
-9.031516264746889178e+00
-1.965466195083492451e+01
-1.726943279891061778e+01
-1.743168119594671950e+01
-1.502429120311075117e+01
-1.020253925080831436e+01
-4.299841451144818194e+00
6.939420557509293097e+00
2.338458894969906510e+01
2.778872544185135496e+01
1.943542421092530503e+01
6.585296686005144728e+00
-1.516780708780860465e+01
-2.320125782848960938e+01
-1.541335565199469571e+01
-6.375628749643348137e+00
9.759013063454618830e+00
1.533502931522966684e+01
7.875831343556041197e+00
6.469836307758741745e-01
-1.108611896729239277e+01
-1.512961408851351663e+01
-9.318480027692757517e+00
-3.350511145795221690e+00
6.216324478246976426e+00
1.133176384146323024e+01
1.050736235254063189e+01
1.047318167612619888e+01
8.971387693790180862e+00
6.505357592168948599e+00
3.660085714686520664e+00
-1.707165699077675569e+00
-9.445855037924655306e+00
-1.297908302877881681e+01
-1.211865344574298575e+01
-9.958513126990347075e+00
-4.856498457309381678e+00
-8.216374912110685491e-01
1.810071133247690867e+00
6.385515155079017902e+00
1.200762702578603580e+01
1.242359048697235302e+01
7.402300701402447558e+00
-7.493216548449809222e-01
-1.372228084279340798e+01
-1.756513908184203743e+01
-1.116928609597466604e+01
-2.702910074644907290e+00
1.146437891131149378e+01
1.698066452619920952e+01
1.219711005611932819e+01
7.021291141959122406e+00
-2.329469957392888535e+00
-6.841045093091795870e+00
-5.037421546670649342e+00
-4.361647324713728402e+00
-2.381445993367370395e+00
-2.125674422355816162e+00
-4.540520528924669286e+00
-6.206373287729041621e+00
-8.049311742658410651e+00
-8.099504980339153448e+00
-5.765887521903201751e+00
-2.721703639100435446e+00
1.708322906872125069e+00
7.855380550330837153e+00
1.569614141668090213e+01
2.572123542523332063e+01
3.809189829016787598e+01
3.740471244668733419e+01
2.230280340497443703e+01
2.341089167057945897e-01
-3.312548234970680738e+01
-4.972220923064753606e+01
-4.710615595968638303e+01
-4.252761467270273243e+01
-2.868814034861357953e+01
-1.517806219252099531e+01
-3.552055177283109266e+00
1.702946131011260533e+01
4.443892288467482388e+01
5.389006880254936505e+01
4.458973153401730372e+01
2.692872331561350663e+01
-5.532033717545466800e+00
-2.113153908152707317e+01
-1.740271392274965478e+01
-1.517471115422918793e+01
-6.592283282125352528e+00
-4.819058832108764179e+00
-1.246387852903986904e+01
-1.688143804623193134e+01
-2.159220022725703814e+01
-2.011888622352791245e+01
-1.037263798922183078e+01
1.893180490073355315e+00
1.893417163809730752e+01
2.915485920837370415e+01
3.112906254209438117e+01
3.243076331041216775e+01
2.987466163346774906e+01
2.288577161359849654e+01
1.164890817397564504e+01
-6.401953623525374226e+00
-3.173347551669119682e+01
-4.452727727253971324e+01
-4.372144878292696291e+01
-3.943693025742066993e+01
-2.656758752765042786e+01
-1.372736921827043766e+01
-1.683183809071984394e+00
1.819026405067396368e+01
4.416003763301754503e+01
5.357490771825855091e+01
4.550114689533504730e+01
2.961789273982907034e+01
-4.982035177163057077e-02
-1.398878402913395114e+01
-9.894554415005298864e+00
-7.189437251064756396e+00
1.452255573388312015e+00
-3.283944879880889900e+00
-2.455454902107586435e+01
-4.727597679287556787e+01
-7.678118845551583149e+01
-7.700555895809003459e+01
-4.318917024021232720e+01
3.258948494646294325e+00
7.272917402268389253e+01
1.040648481652490744e+02
9.110568317406375627e+01
7.216642076517955218e+01
3.098655592320172758e+01
3.127551177718860043e+00
-6.551169433144129250e+00
-2.898194370879335935e+01
-5.534181530869735610e+01
-6.515078834444989297e+01
-5.972907297882879618e+01
-4.202459730797479409e+01
-6.938437815608953230e+00
1.303740954271547281e+01
1.657826187939978624e+01
2.402380953740668801e+01
2.782503289398439250e+01
2.728427975359419833e+01
2.367342130891969276e+01
1.131982648856973661e+01
-1.017811830231084080e+01
-1.958224634181519974e+01
-1.646953743694311711e+01
-1.178342412986057042e+01
-4.652359897100897812e-01
5.784803216224796429e+00
5.594748241496685814e+00
8.743445141056287895e+00
1.240301130535450902e+01
1.257918933080117974e+01
9.930168708890940721e+00
4.215304610840957089e+00
-5.466198210095227772e+00
-1.228179754425179659e+01
-1.607924365547026113e+01
-2.098990451993470430e+01
-2.547549485508701395e+01
-2.201463946294966334e+01
-1.010863510391426168e+01
7.929269340349173412e+00
3.432767248387573744e+01
4.231109763577208582e+01
2.976807792879824532e+01
1.152282339295255120e+01
-1.951733669414691619e+01
-3.142352185011379717e+01
-2.088987550738497134e+01
-9.239823909542447922e+00
1.185452481336487729e+01
1.926693536028531639e+01
9.532489576711514090e+00
5.792468017035468097e-01
-1.383285829343432205e+01
-1.849859592147232945e+01
-1.053812914384026911e+01
-2.303257490439729605e+00
1.055869921120850741e+01
1.607895982752275899e+01
1.217292185966080531e+01
8.201375539884711685e+00
7.790860288935438360e-01
-3.224211990578736309e+00
-2.500103924009365208e+00
-3.194403158377000729e+00
-3.420618543130846234e+00
-3.942979567813003960e+00
-5.429381830400966003e+00
-5.990157801003748617e+00
-5.939491603778271234e+00
-4.752591172871245995e+00
-2.054855062714517011e+00
1.690724748180163495e+00
6.783014596644627581e+00
9.335180828882569060e+00
9.004852654649262433e+00
7.954484116302639407e+00
5.133970390278227214e+00
2.818344452126676725e+00
1.234197816850143514e+00
-1.639449806800054255e+00
-5.291010848063452343e+00
-7.844233008042380995e+00
-9.371153149762667667e+00
-1.040686319895242207e+01
-1.049726236650996114e+01
-8.293042647112786270e+00
-3.549862078919018948e+00
3.530759168527469516e+00
1.346712186137027878e+01
1.723860392731245028e+01
1.416696925207237889e+01
9.076768495288375149e+00
-4.307870269146315545e-01
-4.951789120754654938e+00
-3.563164402105529316e+00
-2.844621189730002442e+00
-4.172936452022323883e-01
-4.346362999118964510e-01
-3.772120618284033888e+00
-6.527500510916887322e+00
-9.855016065553462212e+00
-9.117002385059773673e+00
-3.439171910565171686e+00
4.079123741866667707e+00
1.486636047474270583e+01
1.677513343903722642e+01
8.539918587100224556e+00
-2.804695188855852450e+00
-2.060089432566638834e+01
-2.584383061312389884e+01
-1.656682173792921731e+01
-4.712120046134900875e+00
1.479429800404224515e+01
2.369523074928553541e+01
1.974317434049192599e+01
1.594743497980414126e+01
7.473216340145760306e+00
1.758709952030248491e+00
3.608840626590388845e-01
-4.302651955605064416e+00
-1.025861162301108997e+01
-1.300167858230000029e+01
-1.299970866244318302e+01
-1.088232297800944437e+01
-5.625589628898452155e+00
-1.185146503327044076e+00
2.417550466452838887e+00
8.022971294780790075e+00
1.484786597474567493e+01
1.487674959919030471e+01
7.634296716786235670e+00
-3.631256699106429231e+00
-2.114291893949842205e+01
-2.580834176406428782e+01
-1.604014639316752522e+01
-2.929420666790339745e+00
1.854518793391478937e+01
2.683194949991304057e+01
1.953571351701226888e+01
1.119422965957657823e+01
-3.881494915975542526e+00
-1.074758237364186719e+01
-7.139372972666432560e+00
-4.934320466172646746e+00
-1.297967755538613488e-01
1.178753668345439820e+00
-2.583499152184510095e+00
-5.248432569657784263e+00
-8.606416044088524231e+00
-8.577694351144197427e+00
-4.104270662468958442e+00
1.437447308415133351e+00
9.366306091686389834e+00
1.232521228203609098e+01
9.409861638653495675e+00
5.286280610519446199e+00
-2.085734089295337768e+00
-5.641265403208674201e+00
-4.548385223453824011e+00
-3.949217745563279092e+00
-2.009050363114110560e+00
-8.547456753658135842e-01
-1.064135438937161338e+00
-1.178066911625664792e-01
1.401322230493426968e+00
1.958218495929902048e+00
1.743129537241223437e+00
1.054681751616979080e+00
-4.256348367256665988e-01
-6.337181420385664676e-01
5.538226015559605253e-01
1.886555491030902809e+00
3.870960654944949564e+00
4.851083265313910431e+00
4.599971185688770170e+00
4.316570723389085096e+00
3.553265842006023689e+00
1.567122255032394051e-01
-6.023880342200386373e+00
-1.436645321705578660e+01
-2.551808805864077812e+01
-2.527529614426495641e+01
-1.237744574117012952e+01
5.858130722854280492e+00
3.335488604802638690e+01
4.132299770484315360e+01
2.704051563128454205e+01
7.645315452855550475e+00
-2.455283802288505868e+01
-3.534651063946250815e+01
-2.091467599157650525e+01
-4.116297251037629223e+00
2.412446344819658250e+01
3.198638260164605995e+01
1.512875049141376849e+01
-3.722889212964470396e+00
-3.322086821808725432e+01
-4.081031835129419250e+01
-2.189483629629928885e+01
8.241418747023889768e-01
3.637270117398561808e+01
4.742608557607333353e+01
2.912861374320084096e+01
6.888468724458051362e+00
-2.951158369159191253e+01
-4.181012040353893155e+01
-2.498644621527746779e+01
-5.913033448291280081e+00
2.577890614909615863e+01
3.481046693733429009e+01
1.615089769981306134e+01
-4.723324755390656549e+00
-3.748614599686751347e+01
-4.756564367038198782e+01
-2.999991369807007047e+01
-9.340651553380746819e+00
2.397549922208508377e+01
4.086573490761199423e+01
3.712653386661308019e+01
3.473485909545792083e+01
2.583076664158957314e+01
1.580872122478313457e+01
6.717547883737057468e+00
-1.062541250689297456e+01
-3.484397296598471172e+01
-4.398555197362742319e+01
-3.748930458825376633e+01
-2.495327771478577716e+01
-8.193718281512456514e-01
1.213307903466202120e+01
1.206061860912861228e+01
1.470455296562520076e+01
1.449448096010744891e+01
1.289560575938060616e+01
1.121610277510314191e+01
4.285754227953525231e+00
-7.526427040822690095e+00
-1.193295245087228373e+01
-8.849879526060803414e+00
-4.081136351766594395e+00
5.290253445011328992e+00
9.149025510897217828e+00
6.492141523568308870e+00
4.574046681207100562e+00
8.638539725834828431e-01
-2.707614484078186834e-01
2.166763402221601353e+00
4.080522580022295287e+00
6.727031295059640925e+00
3.474720878014109449e+00
-6.746397796127312496e+00
-1.979297474944242552e+01
-3.765269542776978540e+01
-3.940091198053535493e+01
-2.290349629001816467e+01
1.749010967132926253e-01
3.563364052688847750e+01
4.962719147539231557e+01
3.880283892737099194e+01
2.435314620611291403e+01
-2.687537388749343226e+00
-1.684145165440309455e+01
-1.480426072874447030e+01
-1.635739261696013003e+01
-1.491231794542679445e+01
-1.014707553227531633e+01
-3.672218013988561847e+00
9.713695065338434631e+00
3.002096332748260110e+01
3.506585828550093709e+01
2.395699312159458927e+01
7.504162770836261487e+00
-1.991563682597568175e+01
-3.440334008972936175e+01
-3.371227666139422752e+01
-3.407275019482619882e+01
-2.942336378588307610e+01
-2.118158206711502345e+01
-1.048936664359831639e+01
8.367678766651597044e+00
3.520733939030535709e+01
4.668572853070786977e+01
4.184780536686014329e+01
3.198571334193244198e+01
1.115524006073312080e+01
-1.851345318836339127e+00
-5.363734056583509435e+00
-1.353569893035055927e+01
-2.186925502508798402e+01
-2.503442736741057573e+01
-2.381387586985936977e+01
-1.724562261776254246e+01
-3.973805934440692411e+00
4.196611188098581025e+00
7.057877856209724854e+00
1.166233547635966161e+01
1.536570311958549873e+01
1.457835769975602780e+01
9.392978981106663738e+00
-5.761379330445137725e-01
-1.644520749478484589e+01
-2.140429065117115925e+01
-1.446374706523323717e+01
-4.790041147756135764e+00
1.190553349869772504e+01
1.943895521602485488e+01
1.606254141380049205e+01
1.312837677185652296e+01
6.462039673606335022e+00
1.889252481829466479e+00
7.353940818583104555e-01
-3.214617961749800301e+00
-8.401141097536845237e+00
-1.228570093271545360e+01
-1.540131929947418676e+01
-1.778122538079050230e+01
-1.894845599665715241e+01
-1.652607962201121694e+01
-1.003125499873384463e+01
-1.354263880948081145e-01
1.405690301871302239e+01
2.330610262389306442e+01
2.700556742543362532e+01
3.049085632767090459e+01
3.141250066966395948e+01
2.526954599322980144e+01
1.172869950798352612e+01
-9.149230125657423329e+00
-3.891972487238332690e+01
-4.893928498009020700e+01
-3.714499547261910095e+01
-1.875207643557492787e+01
1.381958857207017388e+01
2.855339914622073394e+01
2.230047217269163085e+01
1.691701839741922342e+01
4.217309847217276086e+00
-5.308914120587822083e+00
-9.259555609999027936e+00
-1.939013403682560011e+01
-3.297236951648411463e+01
-3.389625788629881242e+01
-2.213723868626347269e+01
-3.316179768528653149e+00
2.665051249067468930e+01
4.286470432862030577e+01
4.351575491516357630e+01
4.411235490420578742e+01
3.841622583550012138e+01
2.856559817874724772e+01
1.549321671015951551e+01
-7.073710273493453826e+00
-3.893555977950214242e+01
-5.627068215471106072e+01
-5.823131662486392912e+01
-5.643056054550937262e+01
-4.488349735878566094e+01
-2.961947818642450514e+01
-1.106692875610171711e+01
1.894381597975428733e+01
5.959198065956735491e+01
7.535320930066018263e+01
6.437661879904457862e+01
4.339753279653947970e+01
3.072221862133778902e+00
-1.848283691659329264e+01
-1.806023727121294442e+01
-2.212499653842580116e+01
-2.130107516847385085e+01
-2.012589474732254402e+01
-2.100116159484798217e+01
-1.423251073238127340e+01
-1.034375401678688133e+00
7.011578078158250626e+00
1.063167336336356250e+01
1.476690248623538437e+01
1.703284718157549449e+01
1.353712949349899830e+01
3.939711346325689423e+00
-1.182922071705594824e+01
-3.517319954103103896e+01
-4.018614380857959389e+01
-2.503722403796755103e+01
-3.508544009930595564e+00
3.123365879910032561e+01
4.513201713081662803e+01
3.479356903818868574e+01
2.233528148142911007e+01
-1.148187630730277409e+00
-1.307117220267151936e+01
-1.013496642748749466e+01
-1.057820127339133798e+01
-8.465895094344354277e+00
-7.143614853222907790e+00
-8.539298304719348920e+00
-6.266871075196790208e+00
-1.434781002708055198e+00
1.816368379619583084e+00
4.132306325406037928e+00
6.720936370320233166e+00
8.861467639768154214e+00
7.940245350777714428e+00
3.645956268668052669e+00
-3.331320032876755821e+00
-1.386500682002885121e+01
-1.627517124898767875e+01
-9.678313214037578049e+00
-4.907572384641644136e-01
1.436973764859983049e+01
1.871592980721925414e+01
1.087889746550068359e+01
1.202986040208777530e+00
-1.460143578269895670e+01
-2.003912728447066272e+01
-1.303147321307332085e+01
-5.038631285736770771e+00
8.378765479561725016e+00
1.507456639049046743e+01
1.320881156418151292e+01
1.229950010892102341e+01
9.071300360192108059e+00
5.686527048709367094e+00
3.087122130893458216e+00
-2.479381166330500097e+00
-1.040563645927351466e+01
-1.412108320564518849e+01
-1.361313516860686157e+01
-1.161126603957367998e+01
-6.516719050959172144e+00
-2.186284958352445962e+00
1.129193708027141474e+00
6.674317107902486335e+00
1.363079810271593928e+01
1.536401126779804649e+01
1.162368408732561065e+01
4.986566907421547512e+00
-6.325065981425264994e+00
-1.055533671801611817e+01
-6.796218336524350256e+00
-2.254262434235071666e+00
6.065143647707870400e+00
7.395845029873048482e+00
3.562266312834340698e-01
-7.449465102009835249e+00
-1.891118319067073372e+01
-2.165694661200234705e+01
-1.399029743172227214e+01
-4.179379280100013361e+00
1.123261686548828031e+01
1.924462243170874487e+01
1.824682657157176635e+01
1.741332258178442061e+01
1.327943813630376191e+01
7.086433663994934129e+00
-5.125012611969548271e-01
-1.306048490173082222e+01
-3.036058960075358470e+01
-3.129376374558645324e+01
-1.453850972200040381e+01
9.883214823096746926e+00
4.763145352521405584e+01
5.751360082490538161e+01
3.576502047644038385e+01
6.932258000904516493e+00
-3.990903212478681183e+01
-5.773650296285592276e+01
-4.122267731947001579e+01
-2.205820238171967063e+01
1.223171072192021924e+01
2.818734939355784164e+01
2.082781581625759060e+01
1.656126688474782327e+01
6.445677477774825803e+00
-2.229246631867446649e+00
-6.628513207592805045e+00
-1.757745316795380575e+01
-3.293829960858045780e+01
-3.502844728693537490e+01
-2.371720454291001445e+01
-5.822249601686870335e+00
2.309167301703125830e+01
3.932924037145762242e+01
4.107307804722207578e+01
4.352242096253210235e+01
4.075714563917643574e+01
3.105652763490037316e+01
1.505037310285263707e+01
-1.141239442302978091e+01
-4.915524678365283506e+01
-6.468338559350374339e+01
-5.615517777110341058e+01
-4.063014765582356347e+01
-9.448616147148138467e+00
8.369653798690350754e+00
1.007201762648907994e+01
1.704451631178864446e+01
2.216999299469394913e+01
2.485984667728622100e+01
2.687154025974879801e+01
2.285393416679254486e+01
1.276593562970077222e+01
4.256326799273018935e+00
-3.332439438575046431e+00
-1.404517711762083465e+01
-2.652785179965141538e+01
-2.833961740045849709e+01
-1.859343853956561432e+01
-2.251170867120987573e+00
2.423723209857168115e+01
3.338010447627727473e+01
2.302023180322537499e+01
9.523898376359198892e+00
-1.420920285141696660e+01
-2.477849451595790597e+01
-1.932949570348246837e+01
-1.500023518633442876e+01
-5.683994542775300474e+00
3.522227742903788483e-01
1.060399040838996498e+00
5.394217581952838181e+00
1.106731106255854868e+01
1.227000859799481525e+01
9.519728668297053886e+00
3.799568815410224509e+00
-6.230332085863998337e+00
-1.081335211917780192e+01
-9.409603054656164645e+00
-7.872256070475264877e+00
-3.818474897215593522e+00
6.181649418983838906e-01
4.958703767951196717e+00
1.219622503700010441e+01
2.187628521164035789e+01
2.215122396740357047e+01
1.236059230067697001e+01
-2.145387149014575279e+00
-2.453964645478777484e+01
-3.157488168906842674e+01
-2.119622471504618488e+01
-7.259308472732278972e+00
1.636203214934826278e+01
2.561197242804224317e+01
1.771312147112197621e+01
9.332492331029314414e+00
-5.869910560412435530e+00
-1.392782703748675388e+01
-1.246833672113880631e+01
-1.342665865344253007e+01
-1.304876412716067868e+01
-1.056301591275770946e+01
-6.990426292628557192e+00
3.561250205051962325e-01
1.156022193988478008e+01
1.717329136254172894e+01
1.697785151679505944e+01
1.567196686934677885e+01
1.096647468119553537e+01
5.512998053676155585e+00
-4.122034876634886880e-01
-1.003948322054954723e+01
-2.290468341776604788e+01
-2.500105518312610187e+01
-1.551630527027441353e+01
-8.699320881291178198e-01
2.269411560764898539e+01
2.998417123237146242e+01
1.878460384945335448e+01
4.402925620673874718e+00
-1.974830077548552154e+01
-2.690054220867974522e+01
-1.386006458277907960e+01
1.086088080728902838e+00
2.508894823842933874e+01
3.307331222450482500e+01
2.154971240090507933e+01
8.420740709685619052e+00
-1.317157109560635497e+01
-2.584106723935612138e+01
-2.684411412006136644e+01
-3.026453681112054639e+01
-3.142177673234503033e+01
-2.598361131038547356e+01
-1.466226296551532826e+01
4.389140113075175265e+00
3.238600981645316779e+01
4.579036666286566515e+01
4.335832100357410468e+01
3.760351473732085736e+01
2.255252834700502262e+01
1.001894862846959633e+01
1.267731225994213951e+00
-1.450882372298680956e+01
-3.466000828523603161e+01
-4.257695406078304501e+01
-3.801421570803420735e+01
-2.699368560616014889e+01
-5.210589695562596546e+00
6.962738397367811416e+00
8.205230599844826500e+00
1.214735808998417355e+01
1.391746079266960479e+01
1.579818671016017539e+01
1.901181088206453751e+01
1.860394974795708478e+01
1.517846836451855452e+01
1.025195394413584005e+01
2.990268933536925022e+00
-7.094163359987371464e+00
-2.007372845187283161e+01
-2.545493700822225591e+01
-2.237421289311174277e+01
-1.604308312915467738e+01
-3.562887373281145464e+00
3.816465470447750086e+00
5.166871392041921141e+00
8.481085267580869669e+00
1.102757542984169348e+01
1.184502351692093391e+01
1.147775370715236498e+01
8.209539739432502259e+00
1.778647066980701075e+00
-1.637712801996777046e+00
-2.009752722915222556e+00
-2.662372975295551392e+00
-2.198699511825156883e+00
-3.471405944504209806e+00
-6.909486009061643230e+00
-1.004822459877550855e+01
-1.361518444229717950e+01
-1.248737859249311200e+01
-5.880244278298392580e+00
3.248094373389861733e+00
1.644535131482698631e+01
2.113134611743119606e+01
1.609953410439030819e+01
8.725794490584071639e+00
-4.379302242041263504e+00
-1.002103581486077211e+01
-6.759187956506938377e+00
-3.815273259393898719e+00
2.231239580371400688e+00
3.988240243359073567e+00
1.231338434284027089e-01
-3.034720164738834658e+00
-7.511736793856696792e+00
-7.816881342888942541e+00
-2.825108732430769987e+00
3.226317158735005020e+00
1.199121153312569632e+01
1.301052809035297742e+01
5.013129039755797045e+00
-5.611528803249119512e+00
-2.179089027002936518e+01
-2.590804966229447004e+01
-1.608401650843802599e+01
-3.231081220523955189e+00
1.741021520732457262e+01
2.664630621205024141e+01
2.223901297076897166e+01
1.740487595321481962e+01
7.058407321053456585e+00
2.653999247890714841e-01
-1.334017246231975040e+00
-6.337962302662897507e+00
-1.238487624970182210e+01
-1.485515795420084650e+01
-1.426478042501506494e+01
-1.098116845611297343e+01
-3.930900344576024885e+00
3.221906442294277806e-01
1.587803223821929510e+00
4.009728736396508175e+00
6.112635558713478190e+00
7.239406589386628177e+00
7.635528725809483497e+00
6.472296134333592299e+00
3.552076707743778261e+00
4.912040760428189046e-01
-2.878020923073106641e+00
-7.606883064181394261e+00
-1.345456597513361352e+01
-1.263194792345960771e+01
-4.502784590306779577e+00
7.387901437399857940e+00
2.523584693462162321e+01
2.877617654087153198e+01
1.620935143563273328e+01
-8.681929079522677783e-01
-2.787721910407996972e+01
-3.600570668789284667e+01
-2.220687979088144459e+01
-4.836033788866600958e+00
2.379436990603904789e+01
3.356569484430988837e+01
2.074941182950493612e+01
6.180068237254888963e+00
-1.822604933245989756e+01
-2.780621906350288697e+01
-1.895479553455134081e+01
-1.018721800270441413e+01
5.198958826688427237e+00
1.172852614233983992e+01
6.599143313228528207e+00
2.759802320193357694e+00
-4.091031560277068380e+00
-4.513749177612308650e+00
3.516308396783279111e+00
1.197713081751155961e+01
2.364989221555143928e+01
2.521085602151217131e+01
1.471585744757025971e+01
8.153742165878514747e-01
-2.032151921742797995e+01
-3.052968697248580199e+01
-2.778520387995777341e+01
-2.409500662561123008e+01
-1.461730129210578966e+01
-6.556436297722493478e+00
-1.170203106952061756e+00
9.121425287439405949e+00
2.258151943865843947e+01
2.771379683605856314e+01
2.441442359410805452e+01
1.690566114026154665e+01
2.255580363834288615e+00
-5.143102366923582025e+00
-4.300537171147126081e+00
-4.713291481090120527e+00
-2.888640511072732675e+00
-3.876165674155107599e+00
-8.824101622225677843e+00
-1.253845441220747148e+01
-1.639640540200082697e+01
-1.391845672832240588e+01
-3.817796716248309519e+00
9.821559269018409921e+00
2.906882280400687080e+01
3.103779465599593834e+01
1.346556953673082901e+01
-1.092457246426907247e+01
-4.844339803183498816e+01
-5.837173293024564202e+01
-3.664974861379721460e+01
-8.141262837007905873e+00
3.805092824882681413e+01
5.857418119581911498e+01
4.838777636507142432e+01
3.744680510418459107e+01
1.429034979805326877e+01
-6.571947365178760769e-01
-3.652472257737765737e+00
-1.404505194273316171e+01
-2.648500602806917215e+01
-3.198847173672700350e+01
-3.183940158768041684e+01
-2.615444737007847920e+01
-1.290971081162778944e+01
-3.581583327681223672e+00
1.711138754189919009e+00
1.038376139688929634e+01
2.000306930970717545e+01
2.544457184346482848e+01
2.686932919068933856e+01
2.491726298786039351e+01
1.819554497665267334e+01
1.153570058904996820e+01
4.827727498262662564e+00
-5.654710168983966057e+00
-1.906559746740195393e+01
-2.732806525062366632e+01
-3.017941381755860419e+01
-3.097395164702890469e+01
-2.760073620080285650e+01
-1.988026770237254581e+01
-7.519718891360533064e+00
1.138191282156664741e+01
3.733480501105231042e+01
4.673668625650817177e+01
3.799625966881679773e+01
2.304855809206723549e+01
-4.388022758697919024e+00
-1.747886473021366882e+01
-1.376705987263113329e+01
-1.157868864066430348e+01
-4.154352147188756561e+00
-2.058162469829130981e+00
-7.554153552209288414e+00
-1.011192068015751211e+01
-1.259359452487839981e+01
-1.089410051399976354e+01
-3.371152695485500228e+00
5.848740395676539805e+00
1.829826257089945329e+01
2.152666320025579694e+01
1.404359626098997182e+01
3.143540327158641290e+00
-1.469752993076346570e+01
-2.124263317282328600e+01
-1.464521506865976264e+01
-6.701468668659016359e+00
7.385218668077353499e+00
1.342536356653004681e+01
9.467420002168918103e+00
6.301209723008819985e+00
1.614678354577049058e-01
-3.543327171606430070e+00
-3.464613243161273726e+00
-5.272994600539594678e+00
-7.437876508502792028e+00
-5.432760558545319363e+00
5.513155151017746780e-01
9.599576674356004702e+00
2.285006467933152763e+01
2.541023217256351785e+01
1.613063234255724154e+01
3.105454292841734798e+00
-1.761623830527943113e+01
-2.782201824156811298e+01
-2.567115151436556175e+01
-2.325910977264562263e+01
-1.584993625358536562e+01
-8.494899594488122929e+00
-2.323815691600775502e+00
9.069658954672700446e+00
2.450035187939152692e+01
3.005547136904861816e+01
2.537352618826860962e+01
1.629446254597944943e+01
-7.471073555357871099e-01
-8.895289678617944062e+00
-6.825689216323921116e+00
-5.729415909264920614e+00
-1.435002466429161849e+00
-2.180766034752397609e+00
-9.516382361041847204e+00
-1.615898179665878232e+01
-2.436365862518793435e+01
-2.341790433347293643e+01
-1.153194474936315572e+01
4.449016745070318635e+00
2.774480667082263707e+01
3.661222955237882104e+01
2.881023781010700091e+01
1.754603649857803660e+01
-3.055053716287377430e+00
-1.323614178275652087e+01
-1.070950276787964484e+01
-9.971923818404802020e+00
-5.934592102918641032e+00
-4.859110893601616965e+00
-8.452204916375434252e+00
-9.593138848051374623e+00
-1.004613428551866861e+01
-9.010974204108180174e+00
-5.490951561959886540e+00
-1.190697866143350492e+00
4.426276437489240934e+00
1.057610154516015655e+01
1.705136840008858456e+01
2.477704277239489983e+01
3.353465907505072607e+01
3.074800925406267993e+01
1.524813723656743925e+01
-7.244788864268947748e+00
-4.034931459394588416e+01
-5.296777023940398266e+01
-4.241092047595396508e+01
-2.675481080006170487e+01
2.237488728659123627e+00
1.606031140644505228e+01
1.152643785276066168e+01
9.315289616009886586e+00
2.114002631053136128e+00
3.675069364470223032e+00
1.690212090169559644e+01
2.933741976654464167e+01
4.487912866940409629e+01
4.424281831208318749e+01
2.430300336052750865e+01
-2.688821350196253679e+00
-4.248866550591535685e+01
-6.098200686526363512e+01
-5.464457292284762246e+01
-4.484808050159386994e+01
-2.246996490017604842e+01
-6.064398740641649965e+00
1.824027425510497791e+00
1.792645393526417408e+01
3.772460304937676767e+01
4.499119067487978185e+01
4.005896820844829875e+01
2.723473850696869292e+01
2.388171310721147744e+00
-1.101370528386372349e+01
-1.168667995980099583e+01
-1.464155863582553430e+01
-1.429296691721361334e+01
-1.393069815318633076e+01
-1.486284383494467853e+01
-1.105123582102628177e+01
-3.287038028238855603e+00
1.859016010570404553e+00
4.894319519229942905e+00
8.591348296635425541e+00
1.164382909033846225e+01
1.155198387446739972e+01
8.115168424707778883e+00
1.496525490399661873e+00
-9.163451403473487744e+00
-1.251179755599676113e+01
-7.833570029855558836e+00
-1.429704279052086857e+00
9.606632752095565664e+00
1.229900706823079126e+01
5.233589335884599514e+00
-2.961296430316135098e+00
-1.571310782846316201e+01
-1.907321032935398009e+01
-1.120340228679873107e+01
-1.583823531547644103e+00
1.361632075706724088e+01
1.974112914412737751e+01
1.489002274723853425e+01
9.293280890339701727e+00
-1.018255404675889597e+00
-6.263573426242846409e+00
-4.915066090678029909e+00
-4.988571241272202528e+00
-3.874631064351939713e+00
-3.219901511183433929e+00
-3.885675182722902576e+00
-2.967152667046750736e+00
-9.988015888367623996e-01
-1.593976411241954383e-01
-2.021693535458839452e-01
-4.712222059988302458e-01
-1.394547211611008475e+00
-5.821180991305314745e-01
2.163461047455015773e+00
5.375320844225447203e+00
9.666333097368298155e+00
9.355644352670013930e+00
3.805334932333947151e+00
-3.799663689370070596e+00
-1.506197314910794560e+01
-1.706342705606986954e+01
-8.523588541994246981e+00
3.020331922823993320e+00
2.107565982341430910e+01
2.614393828510529261e+01
1.616144366696465084e+01
3.421640400521648750e+00
-1.729966717725282166e+01
-2.555509987153194018e+01
-1.886322994927378360e+01
-1.139709504812965335e+01
2.299683581178309844e+00
9.199773301467613962e+00
7.209476083207497332e+00
7.112565781591288605e+00
5.418687213356404797e+00
3.862633206888305804e+00
3.563381103039229281e+00
8.534359156137727442e-01
-3.680052234299701741e+00
-4.873394558802218945e+00
-2.838336578720140668e+00
3.752067631859687946e-01
5.969141932368222214e+00
6.724788203896439498e+00
2.003978856034965617e+00
-3.757618768414078936e+00
-1.243865406763055148e+01
-1.431895204104042740e+01
-8.253563038927111961e+00
-4.241012098442811795e-01
1.182853281907991416e+01
1.582934751413413821e+01
1.010752884357828663e+01
2.965160282439194717e+00
-9.018066634460465636e+00
-1.416872915825494061e+01
-1.097294776905193636e+01
-7.895727094100833732e+00
-1.825158263176151374e+00
3.976131200917609743e+00
8.640350244241677302e+00
1.633484001496728055e+01
2.622083420879180693e+01
2.523366878239970745e+01
1.268020425379861926e+01
-5.866477356851522273e+00
-3.393434829365177308e+01
-4.261756948324998007e+01
-2.942026171465565554e+01
-1.122247900990575786e+01
1.961437822249586560e+01
3.038174281303091462e+01
1.744539985692642858e+01
2.898822999747816986e+00
-2.188766399785324523e+01
-2.752805737204312564e+01
-9.884154195396172682e+00
9.892844271892931474e+00
3.983869382961485428e+01
4.610758155429294192e+01
2.405123007502319155e+01
-3.545315887788642151e+00
-4.611989736353070413e+01
-5.757719168467099990e+01
-3.237250239286333908e+01
-4.808014523933807904e-01
5.068131510145032337e+01
6.706832484143181716e+01
4.213399167479493457e+01
1.231362153739943466e+01
-3.696963547640620362e+01
-5.814813046523801177e+01
-4.471175865318095788e+01
-3.162096445562068325e+01
-6.077962548742189774e+00
8.272517273274232252e+00
6.780516501430579268e+00
1.139681522040254080e+01
1.567960088559747689e+01
1.863616108496401935e+01
2.243879972031684744e+01
2.242000099467411900e+01
1.876325356162711699e+01
1.332884482086395650e+01
5.202495633054491364e+00
-6.525503065374493872e+00
-2.193954342299251081e+01
-2.959332089296116308e+01
-2.865422647062178640e+01
-2.486706737869364048e+01
-1.513879948086915661e+01
-7.086921839543412815e+00
-1.305920778483276035e+00
8.640128770136296765e+00
2.107840935384035319e+01
2.662389792791657683e+01
2.513596300350366519e+01
1.988646825261825413e+01
8.420326340116956132e+00
4.452307643676469695e-01
-3.527749396321927300e+00
-1.040204368797487611e+01
-1.798439346292154539e+01
-2.016278135834622276e+01
-1.697172872491394102e+01
-9.641143015690946783e+00
3.499440903786286139e+00
9.590278062812000570e+00
7.913550558901659926e+00
6.205350176759571568e+00
1.319224500299856828e+00
3.393242084760618726e-01
4.339081331898450244e+00
7.371996836174342427e+00
1.128223747324127579e+01
1.165859183523315323e+01
7.478781438219531452e+00
2.272897976973863976e+00
-5.332291625681134128e+00
-1.135346980571992859e+01
-1.521983093617168059e+01
-2.005424979897737003e+01
-2.479752970536287293e+01
-2.180128270374405020e+01
-1.052459857325534109e+01
6.333487579076623852e+00
3.099955571068734272e+01
3.916801957123852418e+01
2.887412813906769671e+01
1.373908099899534996e+01
-1.267665041539536297e+01
-2.383431848421697552e+01
-1.694135123942700361e+01
-1.019863668277900182e+01
3.267224699533242127e+00
9.186421867176399303e+00
5.029092628869300086e+00
3.267967295709993447e+00
5.415404784216751310e-02
-1.626745610911326523e+00
-2.774056694843176629e-01
-4.031009525121631021e-01
-9.524769343790363552e-01
-1.895049883466021878e+00
-3.823973081449426381e+00
-5.907564276197967423e+00
-8.341591780021337499e+00
-8.571115751454730258e+00
-6.238607985294960301e+00
-2.755521351346577053e+00
2.645028136422631349e+00
7.913220089641144206e+00
1.289564416433825222e+01
1.929337982291207254e+01
2.665384623098927008e+01
2.502107914692390267e+01
1.358267100666521898e+01
-3.313781135795850208e+00
-2.849992625421377923e+01
-3.865497143285332271e+01
-3.181030184291006080e+01
-2.163595568459901131e+01
-1.999527390747111610e+00
8.737769538503879829e+00
8.436393503591279597e+00
1.111874328287858660e+01
1.213536197159088914e+01
1.191226635307985759e+01
1.167973355836630311e+01
7.506600888188273757e+00
-4.043819172414088170e-01
-4.187710745258122813e+00
-3.965166534638173257e+00
-3.503988054146820907e+00
-1.043946199258973584e+00
-4.398474589317294958e-01
-2.147755461198594951e+00
-2.910709450047032743e+00
-3.654783831804710559e+00
-2.619435348538697639e+00
7.417459040404593695e-01
4.922091139127959813e+00
1.052979966202604878e+01
9.540806559921767516e+00
1.078218611068162636e+00
-1.052351016349352619e+01
-2.754301126695167312e+01
-3.085692906601428120e+01
-1.861994914992248340e+01
-1.923600365673020507e+00
2.440667980917390167e+01
3.562265328082217763e+01
2.909927017324158527e+01
2.109114965616731752e+01
5.064574166977812375e+00
-4.251708013592218727e+00
-4.625544390494123803e+00
-8.598846252443619775e+00
-1.235517098611668629e+01
-1.412230185750696698e+01
-1.495945865688216436e+01
-1.268751808047831275e+01
-7.013206926825011678e+00
-2.535208714463588198e+00
1.003423535480305162e+00
6.194519883704098007e+00
1.217388373454568473e+01
1.477221018338692105e+01
1.380690480637578688e+01
1.065331618006569236e+01
4.138646577314527342e+00
1.104010741803306273e-01
-1.120703433483987821e+00
-3.465968232820654471e+00
-5.563124177840016671e+00
-8.556407443663658796e+00
-1.287039682820387121e+01
-1.690819491976377265e+01
-2.100614511866201894e+01
-1.939531343027682908e+01
-1.124494760614508060e+01
5.099369088834784236e-01
1.764511241650137663e+01
2.797826418320111586e+01
3.048248178296026722e+01
3.261957489258174547e+01
3.123359598858317199e+01
2.443034753237257206e+01
1.226247246473965724e+01
-7.127127949210040114e+00
-3.457652591046021939e+01
-4.745048828091608328e+01
-4.441604894605436016e+01
-3.725937141480296333e+01
-2.011742772319644246e+01
-7.124259164269231448e+00
3.616973381520208752e-01
1.422564856528298449e+01
3.121796867683153565e+01
3.845781056481499149e+01
3.604007125818284152e+01
2.769512793244372162e+01
1.009548336002053759e+01
-1.107283128363275582e+00
-5.148298259026637957e+00
-1.259545259298508313e+01
-1.985939452674844929e+01
-2.304275191168886749e+01
-2.262883403218338429e+01
-1.768775418620617401e+01
-7.140203965037894562e+00
-4.234103341465514925e-01
2.345623968973164164e+00
6.848679574409604065e+00
1.100414430249577613e+01
1.292709529019583847e+01
1.282599761089312196e+01
9.984414248546508830e+00
3.822576768617839349e+00
-7.822659049016665866e-01
-3.850292198224893880e+00
-8.383786760613851641e+00
-1.336074041039370996e+01
-1.178999744249527915e+01
-3.212838189075439388e+00
9.842993719920286821e+00
2.938861453194618534e+01
3.454196400008168411e+01
2.361210047697670689e+01
8.383095557382230112e+00
-1.666632139262771517e+01
-3.045661880191029169e+01
-3.073658882109539192e+01
-3.231530581663158586e+01
-2.976935913752441820e+01
-2.135638524710868325e+01
-7.857766384661172054e+00
1.443698488656085033e+01
4.620276710616172977e+01
5.413334572586112614e+01
3.619109909689051818e+01
9.087839065687667528e+00
-3.593758060893396333e+01
-5.172589491301356190e+01
-3.382183416181469227e+01
-1.229099848274916695e+01
2.514916593327290784e+01
3.984950389393296888e+01
2.660140922303076749e+01
1.408459602542584044e+01
-8.004718934525202556e+00
-1.738004992774430946e+01
-9.812187423521699259e+00
-4.412189495618571655e+00
5.047503281157129429e+00
6.751499947906945742e+00
-2.135200009769118168e+00
-1.088275044681724246e+01
-2.303413729062893012e+01
-2.474852365917258368e+01
-1.374009556434073076e+01
4.591702815824935113e-01
2.189444419671375286e+01
3.113078323288415206e+01
2.590399784074206480e+01
1.899887952094451293e+01
5.170044842297403243e+00
-3.233994032210008918e+00
-4.448810399353265055e+00
-8.854652231119112926e+00
-1.328828628104714404e+01
-1.538058048413265233e+01
-1.591652001815499951e+01
-1.352462671315826270e+01
-7.700826844255725057e+00
-3.773426474695890320e+00
-1.654473062384356430e+00
1.767080368431276582e+00
5.388963828239928588e+00
1.041727601952021232e+01
1.722492852054208612e+01
2.444468250655472019e+01
3.243637994867117413e+01
2.998396741009277022e+01
1.577151116206220571e+01
-4.670600008186736041e+00
-3.465582630788820495e+01
-4.766856891751044856e+01
-4.137727041790732585e+01
-3.142258013331280608e+01
-1.079320041899840810e+01
2.058484389703969519e+00
4.948284489310005085e+00
1.273441167886138814e+01
2.084281042295515718e+01
2.525158924283773487e+01
2.700878786592480907e+01
2.445717755445100750e+01
1.668441443192831741e+01
9.998975453287712867e+00
4.112828815248556147e+00
-4.999655314729935185e+00
-1.618806987903895234e+01
-2.368493442085994971e+01
-2.738386498383671253e+01
-2.928799779194620712e+01
-2.787078934858304180e+01
-2.070658452516444825e+01
-7.232526598688292729e+00
1.289673358430284011e+01
4.078894758660645437e+01
4.825870816349650738e+01
3.315947992487494389e+01
1.008181763207188197e+01
-2.855837720533147106e+01
-4.273044415916108818e+01
-2.864208434596624286e+01
-1.200316208363822135e+01
1.759199704409902765e+01
3.097279574413897407e+01
2.402813637086482146e+01
1.935521162592837285e+01
9.224731112318423243e+00
3.332818239109740510e+00
4.423962168999167943e+00
1.558217315020814953e+00
-2.458711132539472377e+00
-1.065709473469998336e+01
-2.469364133582574894e+01
-4.097626170641601817e+01
-6.080173379201845307e+01
-5.894324549905775257e+01
-3.261154076859067175e+01
5.118588239812812191e+00
6.151454675861249655e+01
8.616606666654563185e+01
7.448693352535710233e+01
5.701029808381783681e+01
2.044566607945297676e+01
-2.298539896340039412e+00
-7.054242923656084407e+00
-2.092594444180667068e+01
-3.569916283965066839e+01
-4.373623115544898354e+01
-4.698346545902203530e+01
-4.267176416833203234e+01
-2.910411702474598883e+01
-1.596825770102429942e+01
-2.605643881618931346e+00
1.747170802342825979e+01
4.266557665526833887e+01
5.204520081590781899e+01
4.439632775670325060e+01
2.871381801481904361e+01
-7.185272472674508748e-01
-1.593755636884906224e+01
-1.485579690004978914e+01
-1.602451945470407679e+01
-1.257537749409432060e+01
-1.026262999404557519e+01
-1.087330206093500173e+01
-6.101556611431758981e+00
2.588859335788132654e+00
7.394163354394328813e+00
8.925816839081628373e+00
9.994678859759247302e+00
8.980681107772564786e+00
4.952050890910737024e+00
-2.293863874144040249e+00
-1.365974263843395597e+01
-2.969018362207412309e+01
-3.206397729748099579e+01
-1.946863279869721453e+01
-1.253033903151615780e+00
2.748744297854195651e+01
3.907648059669609353e+01
3.089839475945449720e+01
2.041373288423769949e+01
3.838141429644539304e-01
-1.040783605301386139e+01
-9.374787150221809640e+00
-1.158684934492706731e+01
-1.217983268762770876e+01
-1.066142506792072808e+01
-8.318397893923844322e+00
-1.467544204292573040e+00
9.898328466957945437e+00
1.342863345864344993e+01
8.831023756332013974e+00
2.163065273262046340e+00
-9.585379412510899755e+00
-1.446099117845141357e+01
-1.126305231363874881e+01
-8.214665408867061203e+00
-2.260184024636544553e+00
5.080243629792093873e-01
-1.047683956151844731e+00
-1.526044331631754680e+00
-2.589715727823759472e+00
2.798781695510783596e+00
1.587955165214774311e+01
3.201337369474787664e+01
5.332918554407421396e+01
5.508444661566527856e+01
3.470122512296833861e+01
5.751873905045870039e+00
-3.868504080318945881e+01
-6.448611135669769112e+01
-6.839483127509744520e+01
-7.282804628920142420e+01
-6.897459933608649862e+01
-5.303887037066019161e+01
-2.574828061040126315e+01
1.863016261423831210e+01
8.174257159710711562e+01
1.073652690074805633e+02
9.222589310113397687e+01
6.514926777719634288e+01
1.152778164995601706e+01
-1.943845348781910332e+01
-2.307477880874907328e+01
-3.559649524251467057e+01
-4.492492190228684024e+01
-4.499224252480622965e+01
-3.823690146804428736e+01
-1.793484384766970763e+01
1.747439363734045514e+01
3.234540013631339406e+01
2.567463606198214165e+01
1.639038449960866828e+01
-4.066538640352953315e+00
-1.257669381400626563e+01
-6.374270710352382352e+00
-3.553926802038740451e+00
1.695983514805204706e+00
3.972871629401988791e+00
1.082630098684813635e+00
1.528048145516701650e-01
-5.836889959169069275e-01
-1.566011953817840474e-02
2.863466872810239927e+00
6.110329462609252360e+00
1.032964230254525972e+01
1.115278741585580846e+01
7.975717004462939741e+00
3.445025120609199298e+00
-3.709987717494807047e+00
-1.027685957727171839e+01
-1.593444230481279256e+01
-2.337430313502312273e+01
-3.184692808237913653e+01
-2.997881485586033889e+01
-1.691264489209537913e+01
2.572246998071116675e+00
3.170029672674340659e+01
4.465981061292801968e+01
3.933066287524287219e+01
3.094274881592982496e+01
1.275659369694585443e+01
5.728560069228916252e-01
-3.647778300394949991e+00
-1.323234725575133908e+01
-2.430859049343478517e+01
-2.836808081539692239e+01
-2.597773554458983014e+01
-1.820426649390932283e+01
-2.914062124408995480e+00
5.658396770828813871e+00
6.939260889292739876e+00
9.758655085932675277e+00
1.080021514640175795e+01
1.174670537281078175e+01
1.333243519494681983e+01
1.212230571844103899e+01
8.501396495111368523e+00
5.210025374909636575e+00
1.819305214574988394e+00
-2.857630662549741629e+00
-8.400538650831558485e+00
-1.269230292944780558e+01
-1.562825122518087184e+01
-1.796557230936147320e+01
-1.910882600785051366e+01
-1.603340783993354890e+01
-8.296146394724663864e+00
3.281385664096104549e+00
1.974388188986134907e+01
2.715534410615826388e+01
2.446688386133535786e+01
1.935076296851111621e+01
8.134210474337988828e+00
2.347737752467140560e-01
-3.367260537323643277e+00
-1.037992642598875470e+01
-1.856264200909620499e+01
-1.954778785937660146e+01
-1.331501977925892000e+01
-2.119851668137015643e+00
1.626931035816649285e+01
2.277992376394150398e+01
1.608930813445148544e+01
7.343444902528050378e+00
-8.316446864058876898e+00
-1.636360150847229633e+01
-1.500565186060105738e+01
-1.525434573379861547e+01
-1.336621902118636918e+01
-9.638458271759160922e+00
-4.975571128810550192e+00
3.818261940789031250e+00
1.664488976954864086e+01
2.266554649597077642e+01
2.156417536455259665e+01
1.857460875452276738e+01
1.100797454175064161e+01
5.634669680032060590e+00
3.072812346562753927e+00
-2.231992340167614053e+00
-8.721931322748913473e+00
-1.511076267716657640e+01
-2.190850145443474517e+01
-2.860456505058295207e+01
-3.500452359567835714e+01
-3.122039123940831828e+01
-1.600361524935301460e+01
6.222206747511755509e+00
3.849868993179024557e+01
5.146396395854613814e+01
4.264607424051492046e+01
2.884888601320700019e+01
2.289205849672366178e+00
-1.257981908096312829e+01
-1.307647151078217718e+01
-1.760671286169910843e+01
-2.002878689920176569e+01
-1.894108902334656719e+01
-1.574035032139075163e+01
-6.162364890750000157e+00
1.011118798905477156e+01
1.613971999704127924e+01
1.149392396936944039e+01
4.792494889477429965e+00
-8.063460943945772286e+00
-1.085337333086757106e+01
-1.845544156654807422e+00
7.835068221736494642e+00
2.239613927062186960e+01
2.603865437372116176e+01
1.649266174349205372e+01
4.701591628346047713e+00
-1.374455065061712666e+01
-2.379687802712972555e+01
-2.345376087039246116e+01
-2.366475627242987656e+01
-2.039342726565406849e+01
-1.368704930369388428e+01
-4.230228992833355406e+00
1.143790860340747528e+01
3.345554735852081052e+01
3.838183596049218238e+01
2.482288185571416861e+01
4.250510858480985199e+00
-2.952376910284372968e+01
-4.097608862215811598e+01
-2.682299525286979858e+01
-9.373925774618818707e+00
2.063557545076525912e+01
3.268878879148542893e+01
2.281639706659654721e+01
1.332597009606699956e+01
-3.891132179347006392e+00
-1.178869497171312197e+01
-7.156814405813871183e+00
-4.817561038489224678e+00
-5.340018917290573208e-02
1.295408418092562020e+00
-2.695140858557108388e+00
-5.397908438443086432e+00
-8.650637697239341506e+00
-8.050395974080791106e+00
-2.420140010243712059e+00
4.657855669029363987e+00
1.463769167747445721e+01
1.677161135481988907e+01
9.831126354643656029e+00
2.146134774802784251e-01
-1.507036769694712142e+01
-1.954782635487355336e+01
-1.148881118208130658e+01
-1.337229277662089988e+00
1.530573242876567619e+01
1.933223556226886686e+01
8.431827140186962666e+00
-4.592482325398913545e+00
-2.490248906978995080e+01
-3.088711487857928262e+01
-1.977786422829480273e+01
-6.195108205811297175e+00
1.576477340601675969e+01
2.760043194204560635e+01
2.679742011998411044e+01
2.719882716764823982e+01
2.387305345237129117e+01
1.727505329046745430e+01
8.409582850990867442e+00
-7.084958469496182687e+00
-2.918360338701524270e+01
-3.857620912653395351e+01
-3.443915132288493197e+01
-2.619418204704189890e+01
-8.919166157749931045e+00
1.387941488582893568e+00
3.280570689760503811e+00
8.679169302869350844e+00
1.372092583151121481e+01
1.711828126048818532e+01
1.981556626730674253e+01
1.941380099187059116e+01
1.566548464641440574e+01
9.810919212035358328e+00
1.206573587504329970e+00
-1.116981960632494619e+01
-2.745369921443812089e+01
-3.062340815789426429e+01
-1.932071639847862699e+01
-1.919770598714790832e+00
2.626446146973287554e+01
3.591527434893353643e+01
2.439864331716362855e+01
9.836873519908483132e+00
-1.542167670471515883e+01
-2.674935996337120159e+01
-2.100879154344431399e+01
-1.638268002399157552e+01
-6.391367462484024209e+00
7.700830677955270431e-01
2.993493435711017892e+00
9.530312688748152183e+00
1.812786296441702305e+01
1.880887065328598595e+01
1.176181691857072842e+01
-1.328099279962166590e-02
-1.900472753277055560e+01
-2.434519276504386909e+01
-1.445505218059189012e+01
-1.468307534271319437e+00
2.001071911774766221e+01
2.631961080511163331e+01
1.476631139687109240e+01
1.154014891492906925e+00
-2.082067821122167572e+01
-2.780266342541202462e+01
-1.667031994733958200e+01
-3.810838513767087044e+00
1.713603483612764222e+01
2.396438994069886519e+01
1.355913168401629321e+01
1.833412139441467748e+00
-1.729285945672024383e+01
-2.438434584727723475e+01
-1.658412406292519847e+01
-8.256288359928220189e+00
5.926544287492651719e+00
1.518413996388291132e+01
1.754416378831499657e+01
2.263636020120598147e+01
2.754571189752871163e+01
2.465766218709233470e+01
1.413858589747769834e+01
-2.792497936302504424e+00
-2.818699183293333732e+01
-3.924015741919527755e+01
-3.442477648923544820e+01
-2.653645709729210722e+01
-9.713513718470256464e+00
1.435858522947476512e+00
5.229200462947534156e+00
1.366637838480061262e+01
2.319159441532262633e+01
2.555564353501455699e+01
2.117282849949340928e+01
1.121516298242734955e+01
-6.439836640505478549e+00
-1.393020573138217877e+01
-1.027982438964513534e+01
-6.015354615250288361e+00
3.253244066552856584e+00
4.672587326135584362e+00
-3.486863423525632388e+00
-1.150773489120756210e+01
-2.278267452546571903e+01
-2.430906665176541637e+01
-1.403501930142814125e+01
-8.649021430877664729e-01
1.894923940965487219e+01
2.878129714020081309e+01
2.665211820335765225e+01
2.373918016913980722e+01
1.556908973165326948e+01
8.055794376838793625e+00
2.303574661552909575e+00
-8.352525417881508929e+00
-2.251425394037736183e+01
-2.786914279490570934e+01
-2.417267451542912937e+01
-1.631494310375591894e+01
-1.138970937806775385e+00
7.100850970427521780e+00
7.376250547856614936e+00
9.308251143791750337e+00
9.444210045052853886e+00
8.981654135893206714e+00
8.728352261935757639e+00
5.346759866942510264e+00
-8.685979217304227173e-01
-3.982356116109377897e+00
-4.115410984234964431e+00
