-2.003350808020561260e+02
-1.834473697670278511e+02
-1.663443454859149426e+02
-1.490900499968969939e+02
-1.308684808589715942e+02
-1.119030062025710919e+02
-9.590440282052790621e+01
-8.315588582711426113e+01
-7.207510140933318610e+01
-6.371272397226316997e+01
-5.573897650155574723e+01
-4.808209097496485640e+01
-4.285967803687634614e+01
-3.964305497466671113e+01
-3.605600663570326248e+01
-3.220064079859226780e+01
-2.898275339242649906e+01
-2.586700751603386905e+01
-2.488435343888556162e+01
-2.619750558920835459e+01
-2.839309281810337282e+01
-3.196397030743939638e+01
-3.407903103436964898e+01
-3.433865801579371890e+01
-3.446000215602981598e+01
-3.361977691338660179e+01
-3.316473444235800372e+01
-3.322763317620646006e+01
-3.240675805453214764e+01
-3.097375477496841256e+01
-3.153975823816084656e+01
-3.414106074344032749e+01
-3.769493084499568170e+01
-4.285615391782387462e+01
-4.773535621890584224e+01
-5.220921575250624613e+01
-5.776213777954929895e+01
-6.397628575810609419e+01
-6.843176132339337414e+01
-7.105222712452180645e+01
-7.267772586446440641e+01
-7.265261492210009919e+01
-7.272752811812175366e+01
-7.294104441866900856e+01
-7.183107149330727736e+01
-6.973042219609976655e+01
-6.784539907599992148e+01
-6.608129629323330789e+01
-6.405566650595545752e+01
-6.202909127927254218e+01
-5.885878474090277024e+01
-5.446401350154237520e+01
-4.960462290468511526e+01
-4.400394632779809712e+01
-3.985665330892972236e+01
-3.744045412021044683e+01
-3.550571697933857251e+01
-3.468559758536669335e+01
-3.386985676016297475e+01
-3.296728427958742458e+01
-3.309513444308850438e+01
-3.403382943550704454e+01
-3.391402893534800711e+01
-3.272754369633437932e+01
-3.123757863724569361e+01
-2.898313029675866659e+01
-2.735682640172834823e+01
-2.645296868057573647e+01
-2.520065888896078121e+01
-2.391320501992982983e+01
-2.302657437665595808e+01
-2.246803039926160039e+01
-2.225828035019428341e+01
-2.249477527132039612e+01
-2.267316096568207584e+01
-2.279957042276405232e+01
-2.321016285156303738e+01
-2.380593012455434021e+01
-2.466461473601865606e+01
-2.583240515828709505e+01
-2.720842508038107255e+01
-2.882590465254654433e+01
-3.074307997610222642e+01
-3.295870274853050574e+01
-3.547790785301556582e+01
-3.831838941034909141e+01
-4.077244648988461506e+01
-4.277871004553480816e+01
-4.468862197226242472e+01
-4.630549311420249836e+01
-4.804432049750325007e+01
-4.993148128436210698e+01
-5.158662826304169613e+01
-5.309311214821128289e+01
-5.495105719920834986e+01
-5.715391602008998007e+01
-5.951448832659245625e+01
-6.215400786497799146e+01
-6.467753943467475608e+01
-6.706072043676974204e+01
-6.959886053545686480e+01
-7.220316605610180716e+01
-7.442495427667257957e+01
-7.624918286411833890e+01
-7.782123950231084564e+01
-7.901746436349004910e+01
-8.016473539538071691e+01
-8.126629488001614732e+01
-8.204597227431166573e+01
-8.256326797501660053e+01
-8.303611847783936639e+01
-8.344350963452977510e+01
-8.371324712382200062e+01
-8.388983433751675989e+01
-8.375883520018069817e+01
-8.330232508236240108e+01
-8.265720873964355064e+01
-8.176920232881002448e+01
-8.108171644816172829e+01
-8.064704162580537172e+01
-8.021190835158456878e+01
-7.990205423882684954e+01
-7.948563958045347988e+01
-7.894181671988691562e+01
-7.849651753773484586e+01
-7.810180575215521515e+01
-7.738009464481038435e+01
-7.632764710338658176e+01
-7.509411949551450505e+01
-7.358457772757230941e+01
-7.207711366264251751e+01
-7.058804960408755846e+01
-6.889948083439603010e+01
-6.707199050937990137e+01
-6.549076902302931558e+01
-6.416959441704416633e+01
-6.296995695162885909e+01
-6.199638111117781136e+01
-6.097322505641192691e+01
-5.989347952187793567e+01
-5.898827972159386945e+01
-5.820484483445801516e+01
-5.734096215157131837e+01
-5.641028039492949375e+01
-5.547827883785603120e+01
-5.450028547856956607e+01
-5.366287652583562817e+01
-5.297878882553379043e+01
-5.232162800449162887e+01
-5.173597198312636181e+01
-5.087028763561670530e+01
-4.967891790907154359e+01
-4.836162884252142646e+01
-4.681630570988542672e+01
-4.521873252094451345e+01
-4.358274476759105198e+01
-4.172927196054204302e+01
-3.969242445972789568e+01
-3.777224298181825901e+01
-3.596943042786896427e+01
-3.416008123644458294e+01
-3.241764365444461760e+01
-3.051763108739940122e+01
-2.844407440491105632e+01
-2.636837481272044670e+01
-2.423942445333029383e+01
-2.249730681813943178e+01
-2.120555566987912144e+01
-2.012128644335927774e+01
-1.937693013601484537e+01
-1.876047990832168821e+01
-1.826037959989531956e+01
-1.810448155645886459e+01
-1.825622210431232162e+01
-1.833601928746283960e+01
-1.834738334661548009e+01
-1.845587542627386313e+01
-1.857229494670285419e+01
-1.898827283775211683e+01
-1.972959342457376763e+01
-2.058214812352970569e+01
-2.161637197325396542e+01
-2.259511186785494274e+01
-2.347520692478051529e+01
-2.442256525984118198e+01
-2.536631070415863221e+01
-2.639943234294068120e+01
-2.753566954784096055e+01
-2.866597926647827421e+01
-2.980981857337058116e+01
-3.122852617339653136e+01
-3.293011882199810714e+01
-3.480188762513028422e+01
-3.691106557274093092e+01
-3.907874626986655642e+01
-4.129358719714480941e+01
-4.370153777311396937e+01
-4.626401913383089948e+01
-4.851925023575641660e+01
-5.043814788905503832e+01
-5.221093617988799451e+01
-5.370919511746948416e+01
-5.523484845090302287e+01
-5.679779629793042517e+01
-5.813177594424762162e+01
-5.929388030147840283e+01
-6.056436925032151208e+01
-6.193035835276084100e+01
-6.329041355445469463e+01
-6.470805083828702209e+01
-6.594062697245954041e+01
-6.697032276875944490e+01
-6.796631782549877698e+01
-6.887066636614999027e+01
-7.004553752775480291e+01
-7.154183655529212160e+01
-7.314464237592621032e+01
-7.495987398522429146e+01
-7.681458440883665162e+01
-7.869338673772760728e+01
-8.077721570050931632e+01
-8.303223945497788350e+01
-8.513255654278303552e+01
-8.707541301885785856e+01
-8.899709118596638291e+01
-9.081699976067044133e+01
-9.277437466265131150e+01
-9.488600952469057859e+01
-9.696681970098116210e+01
-9.907078691104501900e+01
-1.006704985162211159e+02
-1.016912673937833347e+02
-1.024183053620459845e+02
-1.026927929128918180e+02
-1.027726426090283667e+02
-1.026704552217355086e+02
-1.021106941763087832e+02
-1.011372842033387371e+02
-1.001967855179448890e+02
-9.928344170378503009e+01
-9.820227871821845156e+01
-9.705733034008355276e+01
-9.550203496073879705e+01
-9.350505345400712542e+01
-9.131853161247934736e+01
-8.885804287801866508e+01
-8.641817574079713893e+01
-8.405044603909711043e+01
-8.155045054761821177e+01
-7.900534871986857866e+01
-7.629552417735348513e+01
-7.340336104297497855e+01
-7.046506960947226617e+01
-6.745505207560680105e+01
-6.405276878415264719e+01
-6.024805556631113745e+01
-5.617738062939181276e+01
-5.175782954472105502e+01
-4.720857527631216755e+01
-4.254273269975711713e+01
-3.758058733564944021e+01
-3.236883629856755817e+01
-2.832520671727423078e+01
-2.557241131788022059e+01
-2.347826180564481291e+01
-2.244782753689977994e+01
-2.162260758546628381e+01
-2.097342672450297130e+01
-2.129755400602487825e+01
-2.243803551780793981e+01
-2.343949444817386052e+01
-2.433655606617715961e+01
-2.550330253597254782e+01
-2.672255859750668350e+01
-2.879450793520534546e+01
-3.178426331933096094e+01
-3.512920011741107373e+01
-3.902319233659847697e+01
-4.243705660041463545e+01
-4.522047679362648864e+01
-4.800871109695521000e+01
-5.050140731554592577e+01
-5.317780021152163528e+01
-5.608734229949304506e+01
-5.872469909973106184e+01
-6.118678213539430288e+01
-6.444406782434353431e+01
-6.851213010608871912e+01
-7.298614997657202252e+01
-7.811024621013372382e+01
-8.318713617377797220e+01
-8.817134587821051639e+01
-9.361318794010011857e+01
-9.935884907893802165e+01
-1.041320414173700044e+02
-1.078660704090268752e+02
-1.110508744148371107e+02
-1.133334707531736001e+02
-1.155804835351591180e+02
-1.178142731111301629e+02
-1.192836550399681528e+02
-1.201511165005750001e+02
-1.211359574475905987e+02
-1.221950327733303681e+02
-1.230761086237318693e+02
-1.239380225317586053e+02
-1.241341659275625915e+02
-1.236157770517732786e+02
-1.228227020100742237e+02
-1.215981849762354017e+02
-1.210117227000989573e+02
-1.212052343991297505e+02
-1.215527561844062205e+02
-1.223638327309321028e+02
-1.231110913006419025e+02
-1.237475902190913501e+02
-1.248113803055788367e+02
-1.261972584124062280e+02
-1.269621858749193422e+02
-1.270979841103231252e+02
-1.269922567107691265e+02
-1.264106520440074775e+02
-1.260466430692420801e+02
-1.259463893744721190e+02
-1.255714597007403199e+02
-1.250766610929406824e+02
-1.242883509350328239e+02
-1.231279141057535043e+02
-1.217860412279183464e+02
-1.201958970773005717e+02
-1.183265066616316119e+02
-1.161864806594800683e+02
-1.137261787394603658e+02
-1.109336320975191796e+02
-1.081273310305323463e+02
-1.053196923060706922e+02
-1.023428463849017191e+02
-9.927545684573536278e+01
-9.591324423945721378e+01
-9.223349045517869627e+01
-8.840011427051770454e+01
-8.436330125203718922e+01
-8.004069220926557193e+01
-7.544037174930453205e+01
-7.056280880241449438e+01
-6.538724994187687400e+01
-5.999359088693857700e+01
-5.437872259712518996e+01
-4.848321646846463295e+01
-4.232065713847732980e+01
-3.587302120098155456e+01
-2.912937451523514198e+01
-2.210470473284662773e+01
-1.478988353979735848e+01
-7.173839738209675687e+00
7.460678318159865707e-01
8.975010879239768258e+00
1.751855605728512799e+01
2.418918822947091130e+01
2.876649143402990205e+01
3.228047990795146660e+01
3.409760709563209957e+01
3.547605976171769981e+01
3.646303479227355382e+01
3.585155261698722740e+01
3.386836938899176630e+01
3.208481966260607265e+01
3.045529886925229235e+01
2.834325269376884648e+01
2.610870996953974199e+01
2.246539814837793614e+01
1.730545443072801959e+01
1.154267155612838813e+01
4.865048927730748929e+00
-1.241232758888175747e+00
-6.549570636956625336e+00
-1.200218821445464101e+01
-1.716395933439637744e+01
-2.270712798177866887e+01
-2.870681421093691554e+01
-3.444265345462068240e+01
-4.005204782785961726e+01
-4.698336803884889434e+01
-5.526528565910107460e+01
-6.429038358311677825e+01
-7.442542130858706173e+01
-8.464186923959452713e+01
-9.487382971849031321e+01
-1.059402702048177787e+02
-1.176160308916262522e+02
-1.269282783834010928e+02
-1.336694803511259693e+02
-1.390751015579754153e+02
-1.423090106295087196e+02
-1.452780282938020093e+02
-1.480388453843462742e+02
-1.488815884308505417e+02
-1.481594403018460184e+02
-1.477153764995152017e+02
-1.474631147682021606e+02
-1.467144458634507771e+02
-1.458829567561786291e+02
-1.433747019897957387e+02
-1.390643229601924418e+02
-1.340556292766765409e+02
-1.279622896167537220e+02
-1.231047425996955269e+02
-1.198056088969859871e+02
-1.166713938552993284e+02
-1.143763222879723997e+02
-1.118064265609316692e+02
-1.088552142208870919e+02
-1.066767000405166641e+02
-1.050472165290814388e+02
-1.018530347543476609e+02
-9.706809469401004264e+01
-9.156747167114812669e+01
-8.482268824860602763e+01
-7.837044924345829600e+01
-7.231198774951145936e+01
-6.544450155372915390e+01
-5.810901849994490220e+01
-5.213172032067394213e+01
-4.756206556252385553e+01
-4.378535322203086366e+01
-4.129488029965165197e+01
-3.875119769324582819e+01
-3.612748420351255163e+01
-3.453516332369342479e+01
-3.371999938642107253e+01
-3.280337226987656862e+01
-3.186062750142865596e+01
-3.116360434046757888e+01
-3.052490097194143104e+01
-3.079227278046598570e+01
-3.202587986845803414e+01
-3.366806225233749927e+01
-3.592510493174734876e+01
-3.710793083230252876e+01
-3.700654432793127313e+01
-3.657856072419755122e+01
-3.533808668959709820e+01
-3.414695427215988843e+01
-3.307592887128525661e+01
-3.126341489981175314e+01
-2.888068254426600134e+01
-2.735718359420738821e+01
-2.669910947954089053e+01
-2.632585721303151871e+01
-2.659037186695085353e+01
-2.642686244091607861e+01
-2.576421066781054492e+01
-2.542261378869509869e+01
-2.516296503239672688e+01
-2.496426751725053705e+01
-2.491497651364153754e+01
-2.485415967246421332e+01
-2.479880744198218778e+01
-2.495731736150126423e+01
-2.531971984933410980e+01
-2.580191463708413480e+01
-2.644884531534912142e+01
-2.697889100311385846e+01
-2.736462832876907569e+01
-2.777525839397271668e+01
-2.813556331367783159e+01
-2.858541738766957607e+01
-2.914255811336385449e+01
-2.967448114081676636e+01
-3.021347152331980013e+01
-3.109097631986983146e+01
-3.232314235873268160e+01
-3.377657073450621539e+01
-3.554127362013883129e+01
-3.739681678762030259e+01
-3.933514047993788409e+01
-4.154618996472719772e+01
-4.398717671388845218e+01
-4.648296336584178334e+01
-4.904407268203964776e+01
-5.172874200835486391e+01
-5.449783173829282390e+01
-5.750860168839769671e+01
-6.077174957202169026e+01
-6.417929032943327172e+01
-6.776855813493328640e+01
-7.073906409803961992e+01
-7.299988248108594746e+01
-7.495456672318756830e+01
-7.636978900682061067e+01
-7.768138687291293820e+01
-7.891025633851933208e+01
-7.962632975928634949e+01
-7.990887926317019208e+01
-8.037248440595200805e+01
-8.100584227212752353e+01
-8.155560077194327562e+01
-8.216541636114811809e+01
-8.234756109064076668e+01
-8.206211956600935764e+01
-8.166316140825543357e+01
-8.103405215389514638e+01
-8.066147446915340424e+01
-8.062656662251316675e+01
-8.061112660381564865e+01
-8.075994111379047524e+01
-8.086684552355252720e+01
-8.090759741801376492e+01
-8.111412054739903965e+01
-8.144524340345519420e+01
-8.140689425836602311e+01
-8.098873016910675915e+01
-8.040277246726633109e+01
-7.952434856427132104e+01
-7.870194626335195665e+01
-7.795937716906531989e+01
-7.701944922622951140e+01
-7.595930911398589558e+01
-7.503527989543293586e+01
-7.424102228167480177e+01
-7.351021939541169559e+01
-7.290793735932251707e+01
-7.221922414599836770e+01
-7.144015467356082638e+01
-7.073488657195795781e+01
-7.006072662206965163e+01
-6.933441688072470299e+01
-6.856894244390208826e+01
-6.777685671274807078e+01
-6.694152030830781541e+01
-6.615903917009906365e+01
-6.543393713903815012e+01
-6.470651191125776336e+01
-6.399941326583418544e+01
-6.304654162412676754e+01
-6.181687242154916362e+01
-6.045306785546932815e+01
-5.887845633505396847e+01
-5.723313019278590730e+01
-5.552640420593628789e+01
-5.361961564315023310e+01
-5.153960625022204312e+01
-4.949633558929719612e+01
-4.748822478045043738e+01
-4.543001370255961291e+01
-4.337220373057894562e+01
-4.115307510991836892e+01
-3.876077621908586224e+01
-3.631620788669034283e+01
-3.378197784562700434e+01
-3.207340923743739580e+01
-3.129678756181736787e+01
-3.099641722882340744e+01
-3.144125453755125932e+01
-3.213465171420884303e+01
-3.305584195288140137e+01
-3.469948633648386505e+01
-3.697760245511032906e+01
-3.918787036997391482e+01
-4.134573359874934795e+01
-4.374471650882652085e+01
-4.622262664970673995e+01
-4.934150391466337737e+01
-5.314980929806878862e+01
-5.724402007753425181e+01
-6.176056361165846198e+01
-6.612060014477170000e+01
-7.023130394321978542e+01
-7.447117151791110246e+01
-7.866999533782058052e+01
-8.308019900080002174e+01
-8.773267726727719662e+01
-9.235118317903280172e+01
-9.698793721397154854e+01
-1.022290378202541064e+02
-1.080884648928974769e+02
-1.143188010069600153e+02
-1.210694930677863255e+02
-1.279296830422003097e+02
-1.348734994372848917e+02
-1.422312422931551623e+02
-1.499136866791762657e+02
-1.557704245636665803e+02
-1.596207601688050772e+02
-1.624096092088088596e+02
-1.635233763987700968e+02
-1.642766555803299013e+02
-1.647117655323890801e+02
-1.636135832690788163e+02
-1.612219978103196922e+02
-1.589634623352792744e+02
-1.567824389884038965e+02
-1.541230096182344482e+02
-1.513077685535717194e+02
-1.471330572267744401e+02
-1.415003467824644190e+02
-1.352516009266928734e+02
-1.280942197310469339e+02
-1.216124503026346986e+02
-1.160343188775866849e+02
-1.103855441866873832e+02
-1.051271875783318990e+02
-9.951494782173696763e+01
-9.347214532348385774e+01
-8.777815899484428996e+01
-8.228173569698586221e+01
-7.549710540788852597e+01
-6.740034297241862760e+01
-5.860854824895655213e+01
-4.874752897643032412e+01
-3.888527529116937842e+01
-2.909044406033451224e+01
-1.851939593772412351e+01
-7.407060948887727037e+00
1.286402685727827677e+00
7.355994382935525877e+00
1.202306351536912743e+01
1.445457866845817918e+01
1.655435396535053627e+01
1.837669254472830005e+01
1.821515186122485019e+01
1.642120469037993757e+01
1.481897311047886312e+01
1.332011228053453600e+01
1.124331087473732183e+01
8.996318027873689616e+00
4.995102084736364745e+00
-8.861630158241231570e-01
-7.554374261292698733e+00
-1.539471701186995389e+01
-2.207753874342989420e+01
-2.728164402772789998e+01
-3.240511813677756692e+01
-3.677238225564310881e+01
-4.150710567463661249e+01
-4.671736153186759566e+01
-5.124396759418024772e+01
-5.531362228914363754e+01
-6.104539708346624138e+01
-6.846625258004640102e+01
-7.670164187831581160e+01
-8.628224969971495284e+01
-9.566855384960199160e+01
-1.047604798980477341e+02
-1.147649059882388087e+02
-1.253411952396631648e+02
-1.335806592325248801e+02
-1.393238359344471746e+02
-1.436926261193370067e+02
-1.458793209893923120e+02
-1.478454025747655862e+02
-1.496397282124106596e+02
-1.495523191463074681e+02
-1.479485325124090309e+02
-1.464843458029966143e+02
-1.450607822665404569e+02
-1.430894375886811929e+02
-1.409349947691764271e+02
-1.371113664026475192e+02
-1.315038391600678551e+02
-1.251216931049184211e+02
-1.176029681896693404e+02
-1.113821459362426367e+02
-1.067814372532704681e+02
-1.023705472991713208e+02
-9.885281625354595292e+01
-9.502641343254150286e+01
-9.078205799588326386e+01
-8.734278416465978978e+01
-8.446711145110680263e+01
-7.999957522255330389e+01
-7.391890813864725374e+01
-6.710855302924692012e+01
-5.903109107180146964e+01
-5.126681921312520274e+01
-4.391892750230825015e+01
-3.575611467335448879e+01
-2.712941778753366862e+01
-2.007270140755895582e+01
-1.465459909503137403e+01
-1.017111481520949567e+01
-7.176054797573368838e+00
-4.204831947268728776e+00
-1.228068606701613108e+00
5.242873487766421814e-01
1.328076967404557829e+00
2.201883263075790520e+00
3.063933160680180290e+00
3.585438252222906463e+00
3.984559043693567393e+00
3.293771134585202542e+00
1.441845803290241035e+00
-9.317044580831694844e-01
-4.063260752107191287e+00
-6.098542064387851624e+00
-6.805243139270638508e+00
-7.243085569176614946e+00
-6.878967879685980336e+00
-6.655250185945101649e+00
-6.651701008655892089e+00
-5.925429186439810536e+00
-4.664907311822227953e+00
-4.454920396654900472e+00
-5.305051245193165954e+00
-6.571975251928606099e+00
-8.648514525409202847e+00
-1.035862029227090275e+01
-1.162511630015604958e+01
-1.335702720884007277e+01
-1.529181539960626779e+01
-1.670728461935362930e+01
-1.763100959695020364e+01
-1.821442479237608936e+01
-1.827402151720215784e+01
-1.844289314265054713e+01
-1.872532531380652898e+01
-1.864259846110797625e+01
-1.831717184197180259e+01
-1.794093786083258735e+01
-1.746929443132409077e+01
-1.688575866494347011e+01
-1.622270004935432297e+01
-1.522336373706824020e+01
-1.387310392509324153e+01
-1.231818524309345442e+01
-1.049471875654847608e+01
-9.247885652594067807e+00
-8.668631677413067393e+00
-8.306874855689894588e+00
-8.402490355163282132e+00
-8.495288234781719794e+00
-8.552538729758490277e+00
-9.016627738145011506e+00
-9.796266488536474526e+00
-1.023250881858639616e+01
-1.032815125188378502e+01
-1.034310050790256064e+01
-1.011651528722715376e+01
-1.015339408961245304e+01
-1.048707773189031123e+01
-1.073516199155845996e+01
-1.101167306224749964e+01
-1.139197782522880864e+01
-1.184304606669002524e+01
-1.241219643515578497e+01
-1.311186465991679917e+01
-1.380873700029400020e+01
-1.450794840999245672e+01
-1.528645995082102615e+01
-1.611826812562172861e+01
-1.708758918578911334e+01
-1.821010288928693654e+01
-1.942856390185833604e+01
-2.076846888229658461e+01
-2.220592009776830267e+01
-2.373764978064306419e+01
-2.539879003423267179e+01
-2.718555725070775608e+01
-2.888725022663907183e+01
-3.048973576666704943e+01
-3.209150410229953820e+01
-3.363530701043799809e+01
-3.525312206177599705e+01
-3.695288292452930534e+01
-3.861881953260068912e+01
-4.027795769136861281e+01
-4.206694248738411801e+01
-4.398311689939326641e+01
-4.597865406207738914e+01
-4.808672000659654344e+01
-5.019676941931791703e+01
-5.230279046874836268e+01
-5.448705454635327783e+01
-5.672509287622872876e+01
-5.833758810418806462e+01
-5.926348168636784663e+01
-5.980281750596687118e+01
-5.975982180157078005e+01
-5.954332028575139191e+01
-5.916516201750346227e+01
-5.824176956275058359e+01
-5.684618489003651121e+01
-5.543804119260488505e+01
-5.399916871900883564e+01
-5.234637110639133084e+01
-5.058282413737068595e+01
-4.832093561074798771e+01
-4.552738911446010661e+01
-4.247186400771322923e+01
-3.905905256768370037e+01
-3.579605261607810718e+01
-3.275487934360170073e+01
-2.962148859493235520e+01
-2.654260414269564805e+01
-2.327810815454661153e+01
-1.980211573244318757e+01
-1.636350795471933139e+01
-1.291247923185637880e+01
-8.969924459722310672e+00
-4.526801899452497224e+00
2.196326501597822833e-01
5.391025003152651429e+00
1.064530901688360487e+01
1.596169316137653027e+01
2.161274702837011930e+01
2.752423414561085480e+01
3.203166883698958856e+01
3.499694714272010998e+01
3.714779661141943023e+01
3.800966307326154237e+01
3.860446360985383762e+01
3.896467789158420914e+01
3.814797155720320632e+01
3.634093176253147561e+01
3.464310242371129789e+01
3.301102545312672021e+01
3.101727071416947723e+01
2.891032058086189593e+01
2.576060433369799085e+01
2.149216370504192142e+01
1.675465275142584431e+01
1.132208659275941542e+01
6.433412170132318586e+00
2.266156334244021409e+00
-1.939401188993896685e+00
-5.822789129638925587e+00
-9.967838647869116997e+00
-1.443416985414721232e+01
-1.861140585900413313e+01
-2.261804336213549504e+01
-2.761217603181045988e+01
-3.361197885103513983e+01
-4.013670204136070652e+01
-4.747779590233166402e+01
-5.480174352366996970e+01
-6.205484603794667464e+01
-6.989488180322651090e+01
-7.813833969305453309e+01
-8.494179351297312053e+01
-9.019302576321534559e+01
-9.462674799077889531e+01
-9.772862721090831428e+01
-1.007169857042252374e+02
-1.036249836857156055e+02
-1.053789511318736913e+02
-1.062056528315029595e+02
-1.071940503276991734e+02
-1.082856716325054975e+02
-1.090855281987212209e+02
-1.098357560667605810e+02
-1.095754234311853708e+02
-1.082301413208900982e+02
-1.064587356720922600e+02
-1.040279646012132702e+02
-1.024367287734750533e+02
-1.018878206137339788e+02
-1.014933241002404003e+02
-1.016875693147785427e+02
-1.017394766669565485e+02
-1.015815667916746605e+02
-1.019639721150440437e+02
-1.027401584498430367e+02
-1.025682831735438612e+02
-1.014341398522963971e+02
-9.989054961157235368e+01
-9.760286938625169739e+01
-9.555217070022857229e+01
-9.380312171305743618e+01
-9.159059167009250757e+01
-8.913273484324211893e+01
-8.709444615857142935e+01
-8.545676023564320190e+01
-8.406228796870739473e+01
-8.308070716938841827e+01
-8.194494710647018110e+01
-8.064835408893006274e+01
-7.962379220979511274e+01
-7.876063033791210444e+01
-7.785638495158951855e+01
-7.694833176043887590e+01
-7.606450893870490404e+01
-7.516712872017934899e+01
-7.450318587397400449e+01
-7.408613832498117802e+01
-7.376835910662926210e+01
-7.360993019877804500e+01
-7.287232360282001764e+01
-7.147296321319440437e+01
-6.980732744934249467e+01
-6.766446041006636847e+01
-6.544030769326823815e+01
-6.316253576033054173e+01
-6.044565605971759936e+01
-5.736722074741361865e+01
-5.450821766033349292e+01
-5.186573165308431754e+01
-4.920767459318628312e+01
-4.667516598410642104e+01
-4.382274424870028895e+01
-4.061975301014018669e+01
-3.740216690850491688e+01
-3.406851862861265801e+01
-3.142735976853378332e+01
-2.959695538223603606e+01
-2.812514365545224138e+01
-2.725515494411886763e+01
-2.660214799272231545e+01
-2.614373516940944242e+01
-2.629572257099456323e+01
-2.699129137254115918e+01
-2.752678022209395792e+01
-2.790735290662547641e+01
-2.843991588167872919e+01
-2.895838821031440702e+01
-3.000035571263862977e+01
-3.161282851470306809e+01
-3.339923834547602155e+01
-3.548885692175093709e+01
-3.746476476483631046e+01
-3.924860735817233603e+01
-4.113574632626129102e+01
-4.300079795315895126e+01
-4.500215632428653123e+01
-4.716392887088916552e+01
-4.929595527433944824e+01
-5.143111048381839367e+01
-5.403606163675683405e+01
-5.712531734586472254e+01
-6.049604446506485544e+01
-6.426816207301516215e+01
-6.812300594965309131e+01
-7.203989426321510336e+01
-7.627872827092294017e+01
-8.077052041359749524e+01
-8.442198366620419847e+01
-8.715325061868161072e+01
-8.942929603776319425e+01
-9.094233159983043890e+01
-9.238458016159816566e+01
-9.377861240722371861e+01
-9.450032064996668169e+01
-9.467851055997101639e+01
-9.500549754075532860e+01
-9.545183387362746430e+01
-9.575737793827109101e+01
-9.607884050961375522e+01
-9.582435741934469320e+01
-9.494799896142161799e+01
-9.386304807405139172e+01
-9.242690082074346947e+01
-9.146796824834187589e+01
-9.110409860627248690e+01
-9.083494659752422251e+01
-9.090222822572236794e+01
-9.091361800437432805e+01
-9.083154826922387315e+01
-9.106675373002126150e+01
-9.154106513412953916e+01
-9.149379260308323580e+01
-9.091563436862816161e+01
-9.012366245664551911e+01
-8.892806005497540411e+01
-8.788148024817131443e+01
-8.702113512477559709e+01
-8.591507599985884269e+01
-8.468648275031526396e+01
-8.289503294552119428e+01
-8.044610554434613903e+01
-7.763225684190000209e+01
-7.431168676688893981e+01
-7.063138263405835460e+01
-6.660337915290287469e+01
-6.202069717933411397e+01
-5.690363756577700372e+01
-5.172403839437233586e+01
-4.648449212207208348e+01
-4.096079516508974905e+01
-3.526474399237247326e+01
-2.905341135736848912e+01
-2.229243782320011036e+01
-1.523857719910313335e+01
-7.807532032893345963e+00
-1.455485320451588294e-01
7.709898224346906304e+00
1.589364626226996791e+01
2.436102258413149002e+01
3.314663870764067610e+01
4.226470871949207719e+01
5.166005069904917235e+01
6.134275316905701203e+01
7.153455954498771519e+01
8.224921035181155560e+01
9.338947308688982218e+01
1.050158914473168039e+02
1.169915246461708591e+02
1.293101426876995959e+02
1.420936959601442311e+02
1.553155247098808616e+02
1.644653615069238128e+02
1.690977021022048632e+02
1.713062143935582355e+02
1.697848986969765406e+02
1.671504636700131243e+02
1.634946698782429735e+02
1.563161525153778086e+02
1.460843032084713968e+02
1.359954155700785350e+02
1.259481976173351967e+02
1.146498171572219746e+02
1.028283358505483136e+02
8.784832050339950626e+01
6.948613637813171806e+01
4.960323527158194423e+01
2.755730432464772761e+01
6.469417512502997347e+00
-1.319321231618904022e+01
-3.340214148517753046e+01
-5.324718869684510025e+01
-7.415714997536407793e+01
-9.629198090790077913e+01
-1.181356350673606528e+02
-1.399825367423781870e+02
-1.648573103548993402e+02
-1.928209548817216898e+02
