-3.142749821573030431e+02
-2.850557658264356746e+02
-2.555377104127797168e+02
-2.258464369972914767e+02
-1.943948196267851642e+02
-1.616199850833459095e+02
-1.336798608091055769e+02
-1.110178153213372951e+02
-9.105464647391322330e+01
-7.552659719431531471e+01
-6.051041029464856535e+01
-4.588881722206942015e+01
-3.519583286320241200e+01
-2.770680650490792374e+01
-1.956119619068425308e+01
-1.093506726600500123e+01
-3.280912075112998316e+00
4.268471266321597568e+00
8.386706379712990156e+00
8.810133131650813354e+00
7.845401306037746991e+00
4.685623355105548171e+00
4.117811860257511114e+00
6.809936515383236966e+00
9.879168620651386234e+00
1.471650666069169056e+01
1.902869256085385530e+01
2.259442464984813981e+01
2.779156698829640249e+01
3.415884826467669200e+01
3.731994782029912017e+01
3.721869704482765684e+01
3.566718678579584889e+01
3.157009660058915657e+01
2.810441316659588651e+01
2.547858543697405054e+01
2.120279491524971149e+01
1.598115410522002655e+01
1.255796461737713621e+01
1.092788845220931115e+01
1.030039497288765915e+01
1.139388121570754642e+01
1.202672192969608567e+01
1.216190919045502739e+01
1.352621968279899001e+01
1.569687306338288835e+01
1.759560195085710532e+01
1.935335815616054234e+01
2.122762572536345260e+01
2.299743820425481644e+01
2.580522219311089671e+01
2.972085359716881925e+01
3.401904951744956662e+01
3.897556319761736177e+01
4.180422418193654011e+01
4.217512065764302776e+01
4.161613524244478413e+01
3.932688346267682533e+01
3.676370967918279575e+01
3.403378674716570629e+01
2.969673905730862273e+01
2.403746053435981622e+01
1.931828970870873619e+01
1.553514232651509808e+01
1.177321070155412031e+01
8.584226688072737588e+00
4.251443218481462338e+00
-1.344182978599337552e+00
-6.900395752389831827e+00
-1.280761827187603608e+01
-1.715994236040233289e+01
-1.962374781259283907e+01
-2.137439995687644156e+01
-2.182550981946492996e+01
-2.176488284253726135e+01
-2.125379218426876093e+01
-1.935813547275693480e+01
-1.621090122410986112e+01
-1.366027327280871617e+01
-1.171291859308003325e+01
-9.536917983221290029e+00
-7.575411347490089931e+00
-4.466409386420447269e+00
-8.921529559890492567e-02
4.529892142072558414e+00
9.716088082280712968e+00
1.467824982030823477e+01
1.923784327294775309e+01
2.401384649809626382e+01
2.876100985927656239e+01
3.371936709959619094e+01
3.893930778674459958e+01
4.408256624566408988e+01
4.919916759155425723e+01
5.529018668249509005e+01
6.239455137541975915e+01
7.006331589221869649e+01
7.855580976933029547e+01
8.720806996324776605e+01
9.597541365184027029e+01
1.054080906345481594e+02
1.153627860798985409e+02
1.229395761985392994e+02
1.279106495576582034e+02
1.315369430601703868e+02
1.329976145624681294e+02
1.340938078221867897e+02
1.348862742293938481e+02
1.337317526826163885e+02
1.309636344649993589e+02
1.284647348519658010e+02
1.261604717998558272e+02
1.233315610533317681e+02
1.204053380244581319e+02
1.157871657164801888e+02
1.093512698873900177e+02
1.022152818047404850e+02
9.399449406765242543e+01
8.682350513295446603e+01
8.101059415407048903e+01
7.525284286713018389e+01
7.017352258773021845e+01
6.477156986737074362e+01
5.894782147975102760e+01
5.375546386493840600e+01
4.899398356243181496e+01
4.267847688737369793e+01
3.478138055728610567e+01
2.613116858467696701e+01
1.623094033168061046e+01
6.515588957271079451e+00
-2.919274569665281760e+00
-1.319968747344581850e+01
-2.400705646403043403e+01
-3.228464390453225974e+01
-3.784783143186918153e+01
-4.190233477060095879e+01
-4.359417618042260045e+01
-4.494779527180235590e+01
-4.601451362878544415e+01
-4.500924012608984981e+01
-4.230655196150095776e+01
-3.969263485598089858e+01
-3.706619974124360795e+01
-3.377840944518390387e+01
-3.022338592146531155e+01
-2.481374491277308891e+01
-1.742406444902611895e+01
-9.135618360211264388e+00
4.393338886305254709e-01
8.806688879100738276e+00
1.563308359103107037e+01
2.239796647639528260e+01
2.838114431830600637e+01
3.480654446453650053e+01
4.178939651717778503e+01
4.808194083899752513e+01
5.393193374430804710e+01
6.157225278611617370e+01
7.102904518553438606e+01
8.138748059339313556e+01
9.320655146412312320e+01
1.048577455557045113e+02
1.162366269866580382e+02
1.286181348171015202e+02
1.416424697964562540e+02
1.514297223701134385e+02
1.577284388240087196e+02
1.621013633197125046e+02
1.634601601702461551e+02
1.643395743138066791e+02
1.648069478579546683e+02
1.626091105344644916e+02
1.582140767952380713e+02
1.539524990235986763e+02
1.497017518020220734e+02
1.446023189906609332e+02
1.391716174317830337e+02
1.313617948372633748e+02
1.210102251921177157e+02
1.095204121730874931e+02
9.639296602961015026e+01
8.476097967892134477e+01
7.504866099879036767e+01
6.538889122429704059e+01
5.668802303300453360e+01
4.741906768550078510e+01
3.743711997557267068e+01
2.830638390405350791e+01
1.971823354937441053e+01
8.848759843024087246e+00
-4.336264065125204681e+00
-1.867627425469136071e+01
-3.487830103837429618e+01
-5.088599355724595341e+01
-6.656669427879455725e+01
-8.353110643061229723e+01
-1.013245960215961077e+02
-1.149682306113847261e+02
-1.241363077504763339e+02
-1.308390003968777933e+02
-1.336787837903783895e+02
-1.359016237422546851e+02
-1.375939223284498780e+02
-1.358665112637439449e+02
-1.313182534857317023e+02
-1.269474281783223830e+02
-1.225970865254138147e+02
-1.171591139005709294e+02
-1.112992083157565304e+02
-1.023853086610627372e+02
-9.020785579480651961e+01
-7.657115690666185515e+01
-6.083312286432501281e+01
-4.700014516289638067e+01
-3.561529625985468783e+01
-2.428808313277605890e+01
-1.417738083473045840e+01
-3.332034175355226502e+00
8.433962217454217480e+00
1.912150977276466790e+01
2.912537334967295166e+01
4.206156775349406018e+01
5.797478062405712507e+01
7.537904672256826188e+01
9.518020300670724509e+01
1.147468673403077872e+02
1.339097088672857865e+02
1.547311358730680979e+02
1.766298064992940624e+02
1.934380466162699577e+02
2.047606517933027703e+02
2.130755178105199832e+02
2.166540735443549011e+02
2.195345700957494159e+02
2.218242632599590252e+02
2.199389130971225654e+02
2.146249257458102875e+02
2.095736362356312839e+02
2.045894097969523386e+02
1.983147231255540248e+02
1.915688906926800712e+02
1.811045486304277006e+02
1.666646188896137346e+02
1.504738995442800729e+02
1.317408106946111559e+02
1.154530718274009189e+02
1.022853662535871990e+02
8.926824516164566603e+01
7.784466979149213728e+01
6.558243452953696817e+01
5.225156319249824577e+01
4.034320167874781049e+01
2.936617437756655846e+01
1.483039512270468308e+01
-3.317666958573358027e+00
-2.323255777039236847e+01
-4.603797284851299310e+01
-6.846244753622681856e+01
-9.029450379048221009e+01
-1.140952936026095870e+02
-1.391411012814216406e+02
-1.583495312964679158e+02
-1.712881013519127293e+02
-1.807620726813570968e+02
-1.847919656520085709e+02
-1.880609550336489519e+02
-1.906897664757780433e+02
-1.885456485623215315e+02
-1.824957417474754777e+02
-1.767084016923891454e+02
-1.709525858347654719e+02
-1.637109691808214507e+02
-1.559056937323093166e+02
-1.438440081431800763e+02
-1.272351451411496583e+02
-1.086002622445790138e+02
-8.703876422300912452e+01
-6.835011371850249873e+01
-5.331202182489168706e+01
-3.848665161293895665e+01
-2.555038293658907733e+01
-1.166133476854141549e+01
3.446265097507231978e+00
1.687016934982423066e+01
2.918392710119682221e+01
4.557949933629259931e+01
6.611587815430277715e+01
8.866243856634974918e+01
1.145174680877879467e+02
1.398912561611629144e+02
1.645387501266784795e+02
1.914233716290719087e+02
2.197062037357088400e+02
2.419076996766631567e+02
2.576001816349739215e+02
2.696934004323051681e+02
2.761045781604895524e+02
2.818422755782953004e+02
2.870313513228062448e+02
2.872847621689754192e+02
2.835324267647985153e+02
2.800842612098562654e+02
2.766883998369023629e+02
2.717979970176355096e+02
2.663629088827450460e+02
2.565314087289659710e+02
2.420029266427197285e+02
2.253964875862063764e+02
2.057726240363954844e+02
1.893571499031159533e+02
1.769765150369267133e+02
1.649611946027971499e+02
1.551094215764070157e+02
1.443529139276846536e+02
1.324092914934049645e+02
1.224021289702128712e+02
1.137132332064796856e+02
1.008087607665153342e+02
8.363043758831450702e+01
6.444575616555368924e+01
4.187289432800486821e+01
1.996155393808649592e+01
-1.025637032295743767e+00
-2.424951087744922162e+01
-4.881230048473288718e+01
-6.865313784728135715e+01
-8.351141936253503673e+01
-9.559113873730943567e+01
-1.032277276631156582e+02
-1.106644462314568642e+02
-1.179954526654095162e+02
-1.216003527564495954e+02
-1.222748586783241791e+02
-1.232398913947317709e+02
-1.242687643009078329e+02
-1.242725184270617262e+02
-1.239506082670271496e+02
-1.203246840207237511e+02
-1.131709646984938757e+02
-1.044837585776002413e+02
-9.353675972440008479e+01
-8.566423656416628774e+01
-8.155059611359251903e+01
-7.811269401766348608e+01
-7.688762559297715882e+01
-7.519736610338755156e+01
-7.280885352904664387e+01
-7.242130967571530675e+01
-7.349853657752052527e+01
-7.141417405904948623e+01
-6.613325896036691631e+01
-5.954224608144193098e+01
-5.049192195203357869e+01
-4.239882890985668240e+01
-3.548718880705361300e+01
-2.710817234995684188e+01
-1.802329330861136469e+01
-1.074594321722828738e+01
-5.235839582664908676e+00
-8.564466944041835283e-01
1.740101660011762919e+00
4.634707265416169619e+00
7.850178162588898445e+00
9.767273729335244070e+00
1.078651596301201820e+01
1.176096306136118841e+01
1.255332341678395380e+01
1.299844341299758987e+01
1.325892933188158196e+01
1.234826152023273593e+01
1.020495586842458735e+01
7.426664242772772262e+00
3.770366297498704000e+00
1.966181506391183387e+00
2.321476391595025834e+00
3.355535070458683933e+00
5.846508855418663053e+00
8.335645838971947441e+00
1.071504933716061458e+01
1.440328085788885382e+01
1.911108968388112928e+01
2.265760150288130603e+01
2.504664369172238381e+01
2.714678208983216834e+01
2.842404807586353854e+01
3.053642406733645487e+01
3.359404201874652074e+01
3.633582453401850643e+01
3.913567074515041355e+01
4.097100539187466950e+01
4.160085724961150078e+01
4.177299725827025867e+01
4.115708703581287153e+01
4.003977708990771589e+01
3.846101101556904212e+01
3.597013722796980773e+01
3.260882799834646306e+01
2.956667963717226399e+01
2.686522966852852434e+01
2.394016252193899064e+01
2.108155469085148681e+01
1.745752955812356788e+01
1.299046836495271151e+01
8.324711963671086679e+00
3.262121075762469236e+00
-2.010286441110818778e+00
-7.408947082458809952e+00
-1.317121634705084787e+01
-1.923047845214515306e+01
-2.555850077204860327e+01
-3.217717427433357358e+01
-3.904145423001069304e+01
-4.614819902777924199e+01
-5.390899847161855973e+01
-6.235278768185767007e+01
-7.128137329339701012e+01
-8.080626095269154519e+01
-9.068479923988286373e+01
-1.009012981475580943e+02
-1.116738851584602799e+02
-1.229530723470628288e+02
-1.317832407720802053e+02
-1.378924539616978677e+02
-1.426334433087300226e+02
-1.451583296917380892e+02
-1.472192563647284942e+02
-1.488802511536212023e+02
-1.484947728786932544e+02
-1.463827439775695041e+02
-1.445880016346228842e+02
-1.430440861859368908e+02
-1.409412468652860753e+02
-1.387467246817849968e+02
-1.347678335665162024e+02
-1.288664428931403449e+02
-1.222403261411462125e+02
-1.144802876249821395e+02
-1.076468208168573426e+02
-1.020485410220798173e+02
-9.639818996009722696e+01
-9.129891221134917600e+01
-8.580719592887317049e+01
-7.982273459280926886e+01
-7.435112919981052926e+01
-6.920154713343082165e+01
-6.240188711597739513e+01
-5.391801342830616761e+01
-4.457655897052310934e+01
-3.388072452815218583e+01
-2.324123809325887535e+01
-1.275046192507088705e+01
-1.292282639760049090e+00
1.082231719653849744e+01
2.051203214245481732e+01
2.759141914832559905e+01
3.328556796910179116e+01
3.673547775687307393e+01
3.998111710453241585e+01
4.307794221475351293e+01
4.423044271478311629e+01
4.381860991542233563e+01
4.365404763547849143e+01
4.363843611725689442e+01
4.311654028066829625e+01
4.249090183958070810e+01
4.016034527351953187e+01
3.600117159314596194e+01
3.111035694041386535e+01
2.509927532884192658e+01
2.046858033215839612e+01
1.755629163830693074e+01
1.488141630587405118e+01
1.316844255623421311e+01
1.119725088480995190e+01
8.855233833405277366e+00
7.393921446058250524e+00
6.568707564324930637e+00
4.142234746410332846e+00
9.087039305534255762e-02
-4.663850276844534903e+00
-1.067990815983040420e+01
-1.632134392257229649e+01
-2.148038025118666638e+01
-2.743287240697790708e+01
-3.381507252200491820e+01
-3.849052995549698153e+01
-4.138509928711289376e+01
-4.324163166824205007e+01
-4.347779244328635428e+01
-4.362719659577226849e+01
-4.372071068654019399e+01
-4.246802216104199346e+01
-4.015767407641195774e+01
-3.786406786515735945e+01
-3.550154228432488424e+01
-3.272150423141525977e+01
-2.975411263745869306e+01
-2.558064471172895793e+01
-2.012570616795768075e+01
-1.406291238612237393e+01
-7.143195491739537495e+00
-1.301791488490770865e+00
3.218514962129681134e+00
7.525738861615642428e+00
1.106362955529838565e+01
1.481481994782243561e+01
1.886309677489568415e+01
2.222517436889176423e+01
2.509790031109286090e+01
2.913848912663913637e+01
3.435760009822251959e+01
4.008268296571595357e+01
4.672488433041608147e+01
5.305571157869635357e+01
5.899488623935577891e+01
6.549293555005148448e+01
7.227594460018941902e+01
7.740202813118973779e+01
8.077823616773737569e+01
8.311836332169934849e+01
8.388511297003022094e+01
8.441998141020238222e+01
8.475072460459264789e+01
8.372058266968588214e+01
8.157820859041574124e+01
7.937563429092118383e+01
7.703949525809440502e+01
7.420434360732690493e+01
7.109750175141878969e+01
6.675000739021710672e+01
6.108580431487834517e+01
5.475194708998605364e+01
4.751009543374394894e+01
4.105626157932991305e+01
3.560723781923084630e+01
3.017520074444926337e+01
2.524728308327276594e+01
1.997090703659617361e+01
1.426879878954331460e+01
8.996670309374595220e+00
3.981588843882445161e+00
-2.259464141547265825e+00
-9.741093125883491410e+00
-1.786159574487361823e+01
-2.699165808185292903e+01
-3.604242681791187408e+01
-4.494499178902039205e+01
-5.454916646766918831e+01
-6.461449355746491108e+01
-7.263913991672195891e+01
-7.846385030315994413e+01
-8.309026994461281390e+01
-8.581725686698568722e+01
-8.828624771957906603e+01
-9.054018518507513136e+01
-9.112333553926058016e+01
-9.033890641770189234e+01
-8.968156959868190370e+01
-8.907140250080421140e+01
-8.795912772020321313e+01
-8.667617975541469377e+01
-8.390588324159541855e+01
-7.954386077026836688e+01
-7.449135509068105421e+01
-6.842721115998138259e+01
-6.339015833934898581e+01
-5.965509016953537014e+01
-5.600997298049477990e+01
-5.304440162006648052e+01
-4.976227524067471819e+01
-4.606971340893193911e+01
-4.298570915065904785e+01
-4.030908643459663665e+01
-3.620745725394070291e+01
-3.065922281137365601e+01
-2.441700195759880287e+01
-1.702227399063268365e+01
-9.810772924210761303e+00
-2.868771606711031374e+00
4.849197348230415372e+00
1.304764532109246744e+01
1.986503680617009948e+01
2.523076547256749436e+01
2.980868303712254175e+01
3.309066012821870828e+01
3.639938846554049690e+01
3.976433054279359425e+01
4.206793351538628656e+01
4.355992188307484270e+01
4.520403690936119290e+01
4.692952261846125595e+01
4.841924363075175819e+01
4.988224594404348267e+01
5.041888061780096564e+01
4.996348535348632680e+01
4.911715053988904600e+01
4.766135072381746340e+01
4.725946629257199305e+01
4.812380609214602600e+01
4.929987926505519624e+01
5.126744301965551642e+01
5.318885329217231117e+01
5.499331830663908960e+01
5.752500305585263618e+01
6.061733631505018138e+01
6.283979393842103178e+01
6.418385949076395036e+01
6.523354241933024866e+01
6.563483736094168819e+01
6.644879763688450680e+01
6.774629850264395259e+01
6.870819205886979830e+01
6.957217568157429355e+01
6.978668885818315459e+01
6.920382171931203175e+01
6.825061580922249505e+01
6.674276079121629834e+01
6.479903572341426354e+01
6.243963027582159242e+01
5.943120674250886282e+01
5.578612935916274296e+01
5.219590693898669542e+01
4.867419180592263217e+01
4.488288015669856179e+01
4.098965662271334054e+01
3.651573266015977026e+01
3.141317221558797712e+01
2.605202588287534482e+01
2.031634460378337081e+01
1.427136318131102577e+01
7.959348012766416680e+00
1.260608917824486142e+00
-5.800088018201165596e+00
-1.318562157632761256e+01
-2.090970291636695322e+01
-2.897035262313355375e+01
-3.736362639494953441e+01
-4.630244196574317073e+01
-5.580654073160081907e+01
-6.577419175111087668e+01
-7.626577499217644629e+01
-8.716550803256197355e+01
-9.846825852773432075e+01
-1.102863904808469044e+02
-1.225988157953843398e+02
-1.321916402731761764e+02
-1.387533342418927020e+02
-1.437768504335919033e+02
-1.463349609864928595e+02
-1.483019476522331104e+02
-1.497466987589925509e+02
-1.488874058761376205e+02
-1.460634788421287737e+02
-1.435455415751943917e+02
-1.412638414864491665e+02
-1.383067620782324525e+02
-1.351937446009486052e+02
-1.300557717719235598e+02
-1.227375856540436558e+02
-1.145639751597753104e+02
-1.050819490157891778e+02
-9.650970948839990626e+01
-8.918199689114236151e+01
-8.170253944272621993e+01
-7.472042060225143700e+01
-6.722506095586618358e+01
-5.910604887648936057e+01
-5.144228549914180348e+01
-4.402800477356696263e+01
-3.472033732330344691e+01
-2.347916609607955252e+01
-1.120231833904359853e+01
2.651715970806627354e+00
1.655622145437075687e+01
3.041268551231258854e+01
4.543353251616467503e+01
6.128368052236184838e+01
7.423154082938798126e+01
8.403774608711886174e+01
9.221622583002485385e+01
9.772328897957457627e+01
1.029973621923853671e+02
1.081081876626291347e+02
1.108939202226105749e+02
1.118083571021286104e+02
1.130983203675722280e+02
1.146501958683360414e+02
1.156407110274065531e+02
1.165719645789121017e+02
1.154786548525771508e+02
1.122085058407165974e+02
1.081157447229459194e+02
1.027242828457487036e+02
9.901300862553027571e+01
9.739018926787872488e+01
9.608236336442023173e+01
9.595421357675920149e+01
9.556346632439611710e+01
9.477573014091115056e+01
9.507827449055474744e+01
9.618241652081952964e+01
9.540390462509141400e+01
9.271314667522577224e+01
8.921933115666304559e+01
8.425290712390327030e+01
7.977316232891755021e+01
7.590992946570908373e+01
7.113425720992505319e+01
6.588205829937687952e+01
6.200140406049845154e+01
5.950787612206676869e+01
5.784427617208909567e+01
5.750100882426971793e+01
5.704811996924536288e+01
5.646240767124259463e+01
5.689604310244842367e+01
5.807550798678271775e+01
5.922518077384686563e+01
6.043161708348483074e+01
6.190292702820806170e+01
6.347957089008806975e+01
6.596111214882046170e+01
6.940126575040162038e+01
7.328981032208547219e+01
7.782199038846339079e+01
8.117088400647485003e+01
8.311903144742124994e+01
8.468134539144388384e+01
8.533436738414786760e+01
8.603001510344368796e+01
8.684264402240906122e+01
8.683237291256881463e+01
8.618802367020877853e+01
8.641520028005751897e+01
8.751613053917698437e+01
8.888430853845135005e+01
9.088993853384985755e+01
9.240027592072982543e+01
9.333970008391476370e+01
9.457500284571754889e+01
9.585130332138294307e+01
9.614065415995160890e+01
9.543174086857226257e+01
9.402199725769082761e+01
9.163527980459734579e+01
8.906585457422038132e+01
8.632096253983124257e+01
8.275416705469554302e+01
7.851333520527333576e+01
7.402115631189755618e+01
6.922432729818895325e+01
6.400446324852217117e+01
5.844444389854724875e+01
5.209634611597803655e+01
4.492564676536739654e+01
3.720961829867368209e+01
2.883517567657550984e+01
2.084856382380574757e+01
1.336923029449096845e+01
5.811704781779429396e+00
-1.527635056322090401e+00
-9.203518496784331759e+00
-1.726287836231234607e+01
-2.516840325348354312e+01
-3.303365301321885283e+01
-4.172520296909723925e+01
-5.124833449205732450e+01
-6.126081301370669507e+01
-7.197892613199667267e+01
-8.275735936006465465e+01
-9.355721103945154482e+01
-1.048796361388084790e+02
-1.165828189884883841e+02
-1.255180720184174561e+02
-1.314193164667551912e+02
-1.356596582973775185e+02
-1.373382081270333686e+02
-1.383813767966767898e+02
-1.388468855729252027e+02
-1.369502565615578078e+02
-1.330401019411771415e+02
-1.292009261231311825e+02
-1.253478042602351650e+02
-1.206641428336149033e+02
-1.156186836775326583e+02
-1.084450385449661383e+02
-9.899557610154145948e+01
-8.849981831370669738e+01
-7.652579707238550100e+01
-6.543345251277152386e+01
-5.555771045803654573e+01
-4.544806935663343239e+01
-3.578889442982391955e+01
-2.546199111353283939e+01
-1.435077746077346283e+01
-3.617100836696245381e+00
6.968374589332243296e+00
1.961575238220433093e+01
3.436251062091013608e+01
5.029577664659957037e+01
6.797396597393563411e+01
8.581108031774087408e+01
1.037078015871255587e+02
1.229209321288372507e+02
1.431036333333181005e+02
1.580377195329050721e+02
1.672335904605376129e+02
1.733600908147138853e+02
1.746510738628020931e+02
1.749807287235370268e+02
1.744672573508054825e+02
1.695694319819093039e+02
1.609965425233544920e+02
1.527679270875619011e+02
1.447131227053623093e+02
1.352870637488771877e+02
1.253944917270225403e+02
1.116080955767265976e+02
9.364950500158751368e+01
7.390339651522285180e+01
5.153591516926407223e+01
3.126077548425879016e+01
1.374425027739636640e+01
-3.884769707898827917e+00
-2.025686533851531479e+01
-3.761186214021351049e+01
-5.617465730182844652e+01
-7.361563629312372825e+01
-9.038907970578419793e+01
-1.108631568019160056e+02
-1.351029208657922709e+02
-1.612995668505878655e+02
-1.905512106740877414e+02
-2.197055582551148234e+02
-2.485596277743762812e+02
-2.795970051355608916e+02
-3.121231150705802975e+02
-3.370501852754164815e+02
-3.537345520648045749e+02
-3.659427140191926924e+02
-3.711120495131594907e+02
-3.750587899804546055e+02
-3.779478421945025275e+02
-3.745474984604898054e+02
-3.659282445558470727e+02
-3.577264355233145352e+02
-3.496716230619122143e+02
-3.396461384964204626e+02
-3.289093285276715619e+02
-3.125752020044518531e+02
-2.902521382519549888e+02
-2.653118236068611395e+02
-2.365642157584702545e+02
-2.111316843137154251e+02
-1.899971622478686299e+02
-1.688750450091993400e+02
-1.498295675534380109e+02
-1.294278627967078990e+02
-1.073359758233540333e+02
-8.709390946486196583e+01
-6.800680352526535444e+01
-4.357672582843362363e+01
-1.371697517474529171e+01
1.889292027463760704e+01
5.588276474969190133e+01
9.253962674148380074e+01
1.285596780475440823e+02
1.676439403701222375e+02
2.087519663763705182e+02
2.414622940784638843e+02
2.651338573187386487e+02
2.839142679350592289e+02
2.948912902013627217e+02
3.049431331914079806e+02
3.142517296494674497e+02
3.167443882722886315e+02
3.136967940960967667e+02
3.112692683583109670e+02
3.091270165729425798e+02
3.050265283554995221e+02
3.003340336480855512e+02
2.896068360773603558e+02
2.724186833514051500e+02
2.524936359912229591e+02
2.285068002846443562e+02
2.089527329214361089e+02
1.949760287953138516e+02
1.815389747322365110e+02
1.710996095212980492e+02
1.595060312080817653e+02
1.463711657797615260e+02
1.359446952376103752e+02
1.273907685873812028e+02
1.130977256570365341e+02
9.298060447903871761e+01
7.016845709937399533e+01
4.275959288032904482e+01
1.631174897489220399e+01
-8.813077807450085288e+00
-3.695732135588855982e+01
-6.688872028834943251e+01
-9.068872187027567122e+01
-1.080418816064108114e+02
-1.217864396703889298e+02
-1.297549294051982258e+02
-1.375431966378332902e+02
-1.452733365142767639e+02
-1.481981828668993160e+02
-1.473699862859969301e+02
-1.469185263341676659e+02
-1.465419391695079696e+02
-1.448659720303397194e+02
-1.427847872508801572e+02
-1.364501023088295995e+02
-1.255760908102250966e+02
-1.127315590113262118e+02
-9.697868400211895334e+01
-8.535261803943245695e+01
-7.875063538223201931e+01
-7.312250450326290263e+01
-7.049495077847420532e+01
-6.732496202508305316e+01
-6.330799021904416435e+01
-6.200979469799461441e+01
-6.272229106419255373e+01
-5.937426709565075100e+01
-5.192398579729054831e+01
-4.284555966209371292e+01
-3.063287238869198958e+01
-1.977846709626069099e+01
-1.057843128684885059e+01
4.446643635035396613e-01
1.228795377800643074e+01
2.210049952249930882e+01
2.997950037779402521e+01
3.654699508237235506e+01
4.107595556291336436e+01
4.603888082986098595e+01
5.145472026830066881e+01
5.544441037401379901e+01
5.848601854588969218e+01
6.137475502242261882e+01
6.393848152933900764e+01
6.609029434419977633e+01
6.796830704726373540e+01
6.854077433602095937e+01
6.774795253056527145e+01
6.618518194874246774e+01
6.359637382886036505e+01
6.326187179286547035e+01
6.553765552982916631e+01
6.867093444810909375e+01
7.359344676875144842e+01
7.852535770955708472e+01
8.333917192484622660e+01
8.974951977562172090e+01
9.740337325877702312e+01
1.037321474750522441e+02
1.087456033649634151e+02
1.134587149026086195e+02
1.172441897165386138e+02
1.220676647000147454e+02
1.280590884244753909e+02
1.337288481971980332e+02
1.395206983560113372e+02
1.433493731353710530e+02
1.448411113344534158e+02
1.452916476520792060e+02
1.440561903863363966e+02
1.419762269115383901e+02
1.391171924037525969e+02
1.344627056562891880e+02
1.281520437283173806e+02
1.222185634311739335e+02
1.166686713004636999e+02
1.105802933956946816e+02
1.044394152140873615e+02
9.674782182763242133e+01
8.736990916954991349e+01
7.743177136275194528e+01
6.657373282902662481e+01
5.560588947642902724e+01
4.471638756750645882e+01
3.324927441962206132e+01
2.145521538685973084e+01
9.100548126847002095e+00
-3.871310274421177589e+00
-1.712229265775541975e+01
-3.070393903999321594e+01
-4.567936209452079765e+01
-6.209507994610983417e+01
-7.947606261535311489e+01
-9.810076963220075186e+01
-1.172745632293616751e+02
-1.369535400492420365e+02
-1.577218541766700639e+02
-1.794323936524224337e+02
-1.976253016817568096e+02
-2.119195889726055952e+02
-2.243058840826609242e+02
-2.335129875817223706e+02
-2.422479871518416417e+02
-2.506058348378827247e+02
-2.560801880191854707e+02
-2.591687195652119726e+02
-2.628668859707944421e+02
-2.670676018747246303e+02
-2.706040486323065579e+02
-2.741588733544799652e+02
-2.752252759774677315e+02
-2.736020707205535132e+02
-2.710554172562254962e+02
-2.669800203506627554e+02
-2.645875289494744038e+02
-2.643498720676451512e+02
-2.642861793060130822e+02
-2.653354934543766603e+02
-2.660080455601304834e+02
-2.661516668157574941e+02
-2.673433821148950642e+02
-2.692836951997737174e+02
-2.689460751537023384e+02
-2.662839110596136152e+02
-2.625633244625933571e+02
-2.570246240428510305e+02
-2.518454955701145366e+02
-2.471701155486957191e+02
-2.412835342612199554e+02
-2.346678657004269439e+02
-2.272785361984127519e+02
-2.189111081975292166e+02
-2.099222499705795144e+02
-2.002417403143350612e+02
-1.894728058560778265e+02
-1.776252819325585506e+02
-1.648164347287313944e+02
-1.509493255141848920e+02
-1.366698671512773444e+02
-1.220226302566365746e+02
-1.066134929774413251e+02
-9.060417929947342941e+01
-7.363536636145879299e+01
-5.565371133002309278e+01
-3.696454277506397545e+01
-1.747543010016002540e+01
3.389971726054897161e+00
2.566044019593060455e+01
4.913907327342624853e+01
7.398806858523957430e+01
9.982356620231755073e+01
1.266446078944671569e+02
1.547932699043205957e+02
1.842039141576261443e+02
2.146305533682591999e+02
2.461064209872931201e+02
2.787195046336374276e+02
3.124257384296484474e+02
3.474829447711967987e+02
3.839187594624083886e+02
4.215809984749735690e+02
4.605401117405116338e+02
4.911830765212388314e+02
5.125191378219648186e+02
5.291055564976825281e+02
5.381508824603931771e+02
5.451404340437559313e+02
5.502805769879888658e+02
5.482795437925644819e+02
5.401218584391905324e+02
5.327787764081034538e+02
5.260532720374646942e+02
5.171050484527545450e+02
5.075317461249338749e+02
4.916419282754499136e+02
4.689545187093102072e+02
4.435156329344001733e+02
4.139430736165141980e+02
3.867310419645207844e+02
3.628734415089165282e+02
3.382371669810870571e+02
3.147232189019599673e+02
2.894018290925513384e+02
2.619410459741226873e+02
2.354830746826785628e+02
2.094269805765942181e+02
1.774142338973939843e+02
1.393144674265792275e+02
9.779366312596528132e+01
5.123917404847336599e+01
4.157208805304961174e+00
-4.316570887123034339e+01
-9.432447783793519136e+01
-1.483348418969498255e+02
-1.916479446929441224e+02
-2.233038639399620706e+02
-2.489643595426149432e+02
-2.648158094811826118e+02
-2.795178095945792052e+02
-2.933319706986715687e+02
-2.984782821048858068e+02
-2.965607695021361110e+02
-2.960323360800740602e+02
-2.965057898594606627e+02
-2.948155949650009688e+02
-2.928619045741554032e+02
-2.833546022330947380e+02
-2.657205364612779590e+02
-2.450167551363669531e+02
-2.194777136936029081e+02
-1.996300740332645773e+02
-1.869437403621143403e+02
-1.750884925538350103e+02
-1.671250783355904446e+02
-1.580125054752351446e+02
-1.472680411096622493e+02
-1.401234173618828436e+02
-1.355674352375276612e+02
-1.239926011202238811e+02
-1.052798081514220598e+02
-8.341105019571016044e+01
-5.598459001953735736e+01
-2.998273259136686875e+01
-5.866794868753884451e+00
2.182824951818344417e+01
5.155211926178295556e+01
7.516862590041341718e+01
9.246912887816732507e+01
1.061700605918164371e+02
1.140766033281866640e+02
1.221811561915925353e+02
1.306017501684277420e+02
1.343775409651453856e+02
1.346465354487773709e+02
1.352825168410903700e+02
1.359460068743229044e+02
1.354494194885403147e+02
1.346167557028975637e+02
1.296919778899246012e+02
1.204094129397185355e+02
1.092339378960014784e+02
9.525119532689251400e+01
8.601963655809510101e+01
8.247553337495169501e+01
8.033999133164918760e+01
8.178642877461395244e+01
8.295139280921333125e+01
8.351861591593828393e+01
8.734606442251127589e+01
9.366583604244830497e+01
9.609426172741625294e+01
9.460482048274015199e+01
9.178830357186576805e+01
8.606881346578973080e+01
8.220881659789374396e+01
8.052584134637127988e+01
7.735596086815296246e+01
7.376764030939267514e+01
7.043282584360810006e+01
6.701607501348041751e+01
6.396642660697403215e+01
6.137657556461505948e+01
5.798488122124975774e+01
5.382497872648761472e+01
4.959261065103657273e+01
4.502865077414767825e+01
4.097632176764307133e+01
3.757149638294972505e+01
3.422858047870468567e+01
3.118959334786524096e+01
2.817162563881488424e+01
2.512544178546760421e+01
2.240237997273598936e+01
1.994223352447247422e+01
1.586578322196703006e+01
1.004162862552250957e+01
3.319604162919932655e+00
-4.818090398403950481e+00
-1.320361835539767625e+01
-2.177955687873914670e+01
-3.158735312922479110e+01
-4.239742038649475120e+01
-5.303775480370345008e+01
-6.354650907828370521e+01
-7.434521055240097098e+01
-8.515942337491080139e+01
-9.696646393491882066e+01
-1.098305017368645622e+02
-1.230481556489160226e+02
-1.368453668622203168e+02
-1.473648467483994580e+02
-1.541439083607936595e+02
-1.591562926976749566e+02
-1.612687899218603889e+02
-1.625320501999398743e+02
-1.630436584667162379e+02
-1.607437819305215783e+02
-1.559996172641779708e+02
-1.518332484796121378e+02
-1.481913883949414128e+02
-1.438091947866057581e+02
-1.393913812986843652e+02
-1.325493006841790020e+02
-1.230814701077054565e+02
-1.127202733920562707e+02
-1.008909540307377029e+02
-8.988110419811756913e+01
-8.007545987336196447e+01
-6.995507680989605603e+01
-6.019880477835508259e+01
-4.984550942241871496e+01
-3.877470657411861765e+01
-2.806824313209488153e+01
-1.753016178895086341e+01
-4.797759865624315445e+00
1.018574956673197107e+01
2.641007410658070853e+01
4.447591874782997934e+01
6.273118902667147267e+01
8.106742159343443177e+01
1.008104582004565657e+02
1.215987405044152041e+02
1.387306693235226192e+02
1.518833148667197861e+02
1.630078689215343388e+02
1.707844558102771657e+02
1.782367610644695617e+02
1.854561623905600243e+02
1.897381532986071306e+02
1.916446119182915311e+02
1.940751329172442468e+02
1.968935860699332920e+02
1.990226709615328105e+02
2.011137253393521860e+02
2.006571320234166933e+02
1.974573533736799504e+02
1.932533100022200472e+02
1.874378931410069811e+02
1.836644257910321869e+02
1.824418776610730788e+02
1.815781025536111883e+02
1.821354319937034347e+02
1.823622265614273772e+02
1.820920696353424262e+02
1.831422087626351924e+02
1.851619031347398447e+02
1.848267175912789639e+02
1.820969346433511760e+02
1.783505563274280803e+02
1.727573493647856822e+02
1.677363945120007998e+02
1.634482089301368148e+02
1.580015833699231678e+02
1.519343319751183685e+02
1.458752404992884522e+02
1.396722182778062518e+02
1.334090164228926199e+02
1.272087751882661308e+02
1.202500808028022163e+02
1.125351305940127133e+02
1.045715904127768425e+02
9.618803277409747921e+01
8.761294171419513077e+01
7.891468556053474970e+01
6.986270764350574325e+01
6.052852701992431861e+01
5.092125937493234034e+01
4.102105219744065323e+01
3.088559109024841476e+01
2.051534015587920123e+01
8.791070616189491815e+00
-4.386875541260945255e+00
-1.849045045234881357e+01
-3.383632545253153978e+01
-4.977146512307538728e+01
-6.626560219143718200e+01
-8.392949842512064151e+01
-1.026399947426172332e+02
-1.216506166544620982e+02
-1.409843569235246719e+02
-1.609297971032452779e+02
-1.813145276778521122e+02
-2.027533611456335620e+02
-2.252933229773218500e+02
-2.484952922742713781e+02
-2.725055586499841525e+02
-2.911351696098689104e+02
-3.037094072456297909e+02
-3.132349211412890213e+02
-3.179056473616464586e+02
-3.211719050374044855e+02
-3.231718188318916987e+02
-3.205296045847047139e+02
-3.138621126130985886e+02
-3.077798805549948042e+02
-3.021679394699901309e+02
-2.951264537751473540e+02
-2.877170164848018885e+02
-2.762141038735247207e+02
-2.603010639892807490e+02
-2.426413498805386837e+02
-2.223314645124874005e+02
-2.034107845289956913e+02
-1.865129544628196641e+02
-1.690346375216730053e+02
-1.521616919857673622e+02
-1.341034471366881462e+02
-1.146502194663758871e+02
-9.574390212620774321e+01
-7.701663250658776860e+01
-5.445049460036860012e+01
-2.795762693463760584e+01
7.699400637770894562e-01
3.275304662233810404e+01
6.515750815260567208e+01
9.780284539693309398e+01
1.329565118727006450e+02
1.700002693565919003e+02
1.992961722456020084e+02
2.201278233324940174e+02
2.365797671368350166e+02
2.459296950159768471e+02
2.542658006431543640e+02
2.617758505153353212e+02
2.629500194825926087e+02
2.589122077545703746e+02
2.557768427510262370e+02
2.532761230062528455e+02
2.490950511787759183e+02
2.446108411427252065e+02
2.345830375481596093e+02
2.185954823338783513e+02
2.002927129357680371e+02
1.784046887698343653e+02
1.603075482030889134e+02
1.470401896045639489e+02
1.341409113104362802e+02
1.237553032050553838e+02
1.123698566059237010e+02
9.964185314949557437e+01
8.922747682591656826e+01
8.041993143505419539e+01
6.643891110614043782e+01
4.719405504818888630e+01
2.549793917310851299e+01
-3.474544930901750650e-01
-2.542823659703490335e+01
-4.942161571694251876e+01
-7.618231824022252852e+01
-1.046216243861061344e+02
-1.263161406903970772e+02
-1.408452118311227821e+02
-1.513855492005172891e+02
-1.556093965258147023e+02
-1.592833302514910372e+02
-1.625457817846655928e+02
-1.604148952702583131e+02
-1.539686382460625964e+02
-1.478682186260011804e+02
-1.418160062578731697e+02
-1.341887804794935164e+02
-1.260078653566696403e+02
-1.130412424038247678e+02
-9.496641187973119713e+01
-7.464235613665536562e+01
-5.103832566912506508e+01
-3.131796999462342512e+01
-1.641856642109238962e+01
-2.157763053439677670e+00
9.396699917457636886e+00
2.180336725008513099e+01
3.538024438372046632e+01
4.651862447273204282e+01
5.593232033075064891e+01
6.991261562125943385e+01
8.851572887909061649e+01
1.091677018164965176e+02
1.334346781193743539e+02
1.566908668251359131e+02
1.786333365290943220e+02
2.028589237434740653e+02
2.283385037208643382e+02
2.474958159549337608e+02
2.599599055253590336e+02
2.685469818992888804e+02
2.711610892050028383e+02
2.730131568779230520e+02
2.742177067218755155e+02
2.702755492933668506e+02
2.621553702987105794e+02
2.540020203871373212e+02
2.455367946776504198e+02
2.353165220222542757e+02
2.242418661977312127e+02
2.085187417800435696e+02
1.878523264310398986e+02
1.647881583571378030e+02
1.383964030630318121e+02
1.152204812163739120e+02
9.610466248881975559e+01
7.723271144105795827e+01
6.048752973332241112e+01
4.259535540323375358e+01
2.326058012296929078e+01
5.782085508135841323e+00
-1.050161218143919584e+01
-3.132456976587505437e+01
-5.674175325016400961e+01
-8.441930567639575145e+01
-1.157885298919415646e+02
-1.466381057415335079e+02
-1.766982070760174963e+02
-2.092516857364567215e+02
-2.433661330388386830e+02
-2.704925333407222752e+02
-2.901283411703783486e+02
-3.056168047495779660e+02
-3.145725287640654528e+02
-3.226941089844962676e+02
-3.301230918556031497e+02
-3.318517593918340367e+02
-3.289354577261861436e+02
-3.263414225151371397e+02
-3.237835046390420644e+02
-3.194666050719465034e+02
-3.144857764422137052e+02
-3.044135096076522018e+02
-2.889015082941404557e+02
-2.709622014375184449e+02
-2.495144317691164702e+02
-2.316620060386931357e+02
-2.183491838908882414e+02
-2.053808361150549899e+02
-1.948082512230722898e+02
-1.831330371203810046e+02
-1.700307311785831814e+02
-1.590626783824109225e+02
-1.495226383494362778e+02
-1.350811259727807965e+02
-1.156687162092723042e+02
-9.387800005842949247e+01
-6.812684345336958813e+01
-4.304169472617947179e+01
-1.892105646588032997e+01
7.850298043185152785e+00
3.624821389635119573e+01
5.923278875363291718e+01
7.649647681073130911e+01
9.061386883593216623e+01
9.965110645531279943e+01
1.085256095014865991e+02
1.173492238405919466e+02
1.219226852243181014e+02
1.231690828823021064e+02
1.248531069964018485e+02
1.267149935681720194e+02
1.274788829175903544e+02
1.279646410905243528e+02
1.247030137514138346e+02
1.174343738395463106e+02
1.084873427202055041e+02
9.701730624806462799e+01
8.919919786353528934e+01
8.582868501740354361e+01
8.333504769993636785e+01
8.349921211018127565e+01
8.322761755575514542e+01
8.225173330056577470e+01
8.369533760052057403e+01
8.694026431182274450e+01
8.662591076667366963e+01
8.271254445746305350e+01
7.738933218097699296e+01
6.932560051226694497e+01
6.248095986594030649e+01
5.711680089767690305e+01
5.016518439759256154e+01
4.250979440420208988e+01
3.642785063493997910e+01
3.180848957485459039e+01
2.821295491934009192e+01
2.621280154490936098e+01
2.376242143111189264e+01
2.084895952153073395e+01
1.899786883963074757e+01
1.781085177913427486e+01
1.675749244940115901e+01
1.598368948903091180e+01
1.549502096345807622e+01
1.520804356844140770e+01
1.589109943530282187e+01
1.758396200541192300e+01
1.986041615608683486e+01
2.291113750364743851e+01
2.401153976567993098e+01
2.287210171130152148e+01
2.093128602913293435e+01
1.741591548105102660e+01
1.381705651772596788e+01
1.023772780173396768e+01
5.247337239108016860e+00
-8.595842299978907475e-01
-5.982300788931102176e+00
-1.013347890506236837e+01
-1.414080802013642213e+01
-1.749340809441032007e+01
-2.180923844477398177e+01
-2.719641071345819938e+01
-3.243479106888626262e+01
-3.789116694846802602e+01
-4.259782389462851171e+01
-4.632678292786019369e+01
-4.979743570866476432e+01
-5.269900687240254200e+01
-5.529991326979987321e+01
-5.764200968741725717e+01
-5.930391474625601944e+01
-6.032718462586846186e+01
-6.184965261966895156e+01
-6.389576709570503255e+01
-6.592974096707180820e+01
-6.823171030306993146e+01
-7.001341036470259382e+01
-7.120418493242026159e+01
-7.242120653840983380e+01
-7.347929653369698144e+01
-7.453073057100486665e+01
-7.565558112960977155e+01
-7.664499470696674166e+01
-7.755737261383023906e+01
-7.843975515380601848e+01
-7.927534321028051068e+01
-8.009437455437226561e+01
-8.090627286096291471e+01
-8.134306885488038574e+01
-8.137997759744666837e+01
-8.120083911068870464e+01
-8.070757212660177515e+01
-8.011774242248213795e+01
-7.944827568565493436e+01
-7.850683540705315977e+01
-7.733984405823102293e+01
-7.602504694735742419e+01
-7.454370568943690500e+01
-7.288856828997860760e+01
-7.107216247311026791e+01
-6.899938937232555247e+01
-6.666470743477756855e+01
-6.412232966610771712e+01
-6.134855441550765676e+01
-5.835954501583628229e+01
-5.515841194999743635e+01
-5.171715343437664103e+01
-4.803810855689167880e+01
-4.412059939744106885e+01
-3.995817222511795563e+01
-3.555046049703432942e+01
-3.089366299090422885e+01
-2.590961626261640305e+01
-2.058770709648418418e+01
-1.495887786900364169e+01
-8.998142352525761112e+00
-2.744039198964706827e+00
3.805516807791124112e+00
1.069466525177058003e+01
1.791946895690893271e+01
2.543687969450202147e+01
3.325270841079753836e+01
4.138917393537423095e+01
4.983961118568900162e+01
5.864740055551012432e+01
6.781971085387436915e+01
7.733287232455253957e+01
8.720040903209145711e+01
9.502235597908746456e+01
1.005530792488559229e+02
1.049277616393563193e+02
1.074500229562424778e+02
1.094937726826081814e+02
1.111106476336650246e+02
1.109779939111058411e+02
1.093427904905302341e+02
1.079434867424140094e+02
1.067309435707184804e+02
1.049981424570594442e+02
1.031436886955331289e+02
9.974779097878945322e+01
9.469090026287400974e+01
8.898264482971347888e+01
8.227851459988637828e+01
7.621549963369726299e+01
7.104355146484249417e+01
6.572416459924282606e+01
6.073671335485204992e+01
5.534120691898587552e+01
4.945483241611895409e+01
4.387091313146897420e+01
3.843818571380024451e+01
3.155916636671787856e+01
2.320205779423080017e+01
1.403697514458296070e+01
3.659330872247360755e+00
-6.796817802785345641e+00
-1.725882791177203757e+01
-2.862990099556542845e+01
-4.066181526280031022e+01
-4.959406507048196033e+01
-5.514822601160972937e+01
-5.891219441444777516e+01
-5.982349475008611961e+01
-6.026084098188298555e+01
-6.029608406835041734e+01
-5.777695863549266875e+01
-5.314182311753126697e+01
-4.876867247886723788e+01
-4.455137552693397396e+01
-3.958948599470177498e+01
-3.441754148672468716e+01
-2.699318508992626064e+01
-1.715338917039189681e+01
-6.315944335184124014e+00
6.014967344547780925e+00
1.695063753212313884e+01
2.608598371688167816e+01
3.516789570666615816e+01
4.335699641511919822e+01
5.203270933389818964e+01
6.133007618671667416e+01
6.981691995876315104e+01
7.777148492491048160e+01
8.784733117649263079e+01
1.000804345683254155e+02
1.133719070741150432e+02
1.283869043590938475e+02
1.432031385412558393e+02
1.576952639609014284e+02
1.733725660034657494e+02
1.898098517819455822e+02
2.022143722993545794e+02
2.102682452413869214e+02
2.159153150682235491e+02
2.178093123945344587e+02
2.190643877473165162e+02
2.197643468568287517e+02
2.171322188932501263e+02
2.117422871936608431e+02
2.064929274267702510e+02
2.012342673724755571e+02
1.948921309517394604e+02
1.881105684162812395e+02
1.783501142930526271e+02
1.654082472925047682e+02
1.510274012300696711e+02
1.345881312521295285e+02
1.199203316268606727e+02
1.075447761616584899e+02
9.517191243588179361e+01
8.390978042543731874e+01
7.189672015693766127e+01
5.895425707738075261e+01
4.699170610630906708e+01
3.563214195517656435e+01
2.141115034174600140e+01
4.284963554084480819e+00
-1.432217052493129117e+01
-3.527853658522839453e+01
-5.606522948193101996e+01
-7.652036241852624698e+01
-9.861945036935733810e+01
-1.218063018808858970e+02
-1.404496031871293553e+02
-1.541996507272565111e+02
-1.653015105593524936e+02
-1.721803289814557729e+02
-1.785465493624596718e+02
-1.844980853649555570e+02
-1.867549864324086855e+02
-1.860046953035061108e+02
-1.855853752253941593e+02
-1.853164052360034475e+02
-1.839790859011621933e+02
-1.823137237506474833e+02
-1.773734147906350813e+02
-1.689266103358153828e+02
-1.589898898239624145e+02
-1.468455167020064209e+02
-1.370807504853876821e+02
-1.303138898434212933e+02
-1.238223892133380559e+02
-1.189334394272953972e+02
-1.134053394580745788e+02
-1.070284151547731852e+02
-1.020969057500278154e+02
-9.815910259506445357e+01
-9.110077506654968715e+01
-8.087524418691361916e+01
-6.917343389832798550e+01
-5.496698196415245263e+01
-4.125846677449487032e+01
-2.824299433065936782e+01
-1.357336754038491655e+01
2.085113288395370024e+00
1.453184033845663947e+01
2.360496261707052668e+01
3.080241060910139339e+01
3.497619619974631888e+01
3.910623227927177226e+01
4.325758724506899711e+01
4.490864997804457914e+01
4.462073754645795276e+01
4.457012421143308956e+01
4.459604229326000535e+01
4.397939546600864702e+01
4.319125292132135741e+01
4.019872862515035195e+01
3.485196973839207857e+01
2.850722993269233285e+01
2.066961046918110867e+01
1.508750394266830774e+01
1.223833612934272530e+01
9.968269453242900369e+00
9.357439134401150937e+00
8.516563804011550332e+00
7.284516748467480873e+00
7.562662508035839615e+00
8.974113568584177969e+00
8.291255840982959313e+00
5.493283402079133459e+00
1.895931829496794840e+00
-3.300677089897867234e+00
-7.705406819658330519e+00
-1.115991451184877903e+01
-1.551294780257136274e+01
-2.023001059060767659e+01
-2.360604476931119322e+01
-2.567243061884027000e+01
-2.684669594041714191e+01
-2.668645758745949337e+01
-2.661329456349280065e+01
-2.663988475839165204e+01
-2.566188792940123875e+01
-2.395160125393960371e+01
-2.206579454888078828e+01
-1.990763275737409899e+01
-1.737465420816358019e+01
-1.456991485972426048e+01
-1.083263849252049482e+01
-6.120367595481170930e+00
-8.269673580722426420e-01
5.211998728495130351e+00
1.012293785677778502e+01
1.369816303065253038e+01
1.695350867761687041e+01
1.935666559434016420e+01
2.191488496776023354e+01
2.470387827107268919e+01
2.674976580004040372e+01
2.825377025065558456e+01
3.070979153985797439e+01
3.411644313167322196e+01
3.788230815497887960e+01
4.237436732088586666e+01
4.645862627944496381e+01
5.006156705147102315e+01
5.404833346348431888e+01
5.816457507154015616e+01
6.095190041607066433e+01
6.235462535107876647e+01
6.287214019949351496e+01
6.210296712984504808e+01
6.108852410598676386e+01
5.984466486630513060e+01
5.748659940673294955e+01
5.420619179943800248e+01
5.073942409052222047e+01
4.702381577430518433e+01
4.281285510204806144e+01
3.826097557068272437e+01
3.266369398741363739e+01
2.596449667253804705e+01
1.862244956626711101e+01
1.046190394882062336e+01
2.836691679808417632e+00
-4.087737128552331178e+00
-1.109053554600400737e+01
-1.778555257480323348e+01
-2.486866017975358645e+01
-3.240237600783255800e+01
-3.969966178884905617e+01
-4.690304846802560945e+01
-5.517684305016688029e+01
-6.453217930945287151e+01
-7.450258369766231681e+01
-8.537981003574532224e+01
-9.630684260476992620e+01
-1.072314208257830330e+02
-1.188233411769764984e+02
-1.308945668918069316e+02
-1.404744896838220711e+02
-1.473357284776083986e+02
-1.527366376890572610e+02
-1.558344539455266613e+02
-1.584963420395796447e+02
-1.607766414055602127e+02
-1.609759572207381950e+02
-1.594357719568274376e+02
-1.580541010526559376e+02
-1.567464880360444113e+02
-1.547866896905130716e+02
-1.526003328397492567e+02
-1.485593265756008918e+02
-1.425310708792628986e+02
-1.356440631963521639e+02
-1.275013513384470514e+02
-1.204005769934110219e+02
-1.146625545254685647e+02
-1.088944484392656022e+02
-1.037626327321963231e+02
-9.816713082415547831e+01
-9.199851476130004357e+01
-8.639506388326792319e+01
-8.113338346146099411e+01
-7.409690973145356452e+01
-6.525489391564940433e+01
-5.548128950526768222e+01
-4.424404614879257736e+01
-3.307283970848870069e+01
-2.206561140535932708e+01
-1.001773710053928390e+01
2.733957990419225048e+00
1.315910345391574410e+01
2.108735161629303079e+01
2.770190556684255156e+01
3.216117289474470198e+01
3.649850469222287330e+01
4.076753993571355039e+01
4.319264905675956356e+01
4.415377632566750776e+01
4.539847982850285746e+01
4.682731831017215285e+01
4.781738987050209744e+01
4.875594262776752430e+01
4.808595912914213955e+01
4.568858867944701529e+01
4.262706115700120080e+01
3.852373539201672514e+01
3.589361810074534276e+01
3.507322061441049499e+01
3.458353342107044170e+01
3.515292337229617914e+01
3.554677920714697592e+01
3.565370135450688593e+01
3.673641212416583812e+01
3.854825635980841980e+01
3.885768243720188764e+01
3.764368437604628070e+01
3.582454473515947058e+01
3.284498150892633106e+01
3.034230987421108239e+01
2.842519365814638377e+01
2.582025511628828340e+01
2.289250752138639200e+01
2.058144591757762853e+01
1.883946931574311279e+01
1.748514163410209221e+01
1.675317917494022524e+01
1.579702982366052666e+01
1.461029797192073154e+01
1.382190342626665647e+01
1.326607400197048747e+01
1.272742452023948800e+01
1.226550560179242133e+01
1.187909217983293786e+01
1.153393004939906774e+01
1.154343799524859193e+01
1.192273579059518696e+01
1.249723222570430892e+01
1.334399173720918697e+01
1.334598320029080476e+01
1.238386290181576221e+01
1.104590921980453544e+01
9.014563612809180171e+00
6.899894154275696856e+00
4.743242716960228478e+00
1.957697003898079213e+00
-1.336916100456398082e+00
-4.281692737899217782e+00
-6.882748786871776936e+00
-9.479596682691587617e+00
-1.186403423018189507e+01
-1.469924779792143532e+01
-1.803035007088474373e+01
-2.135879872152531433e+01
-2.483560989566623789e+01
-2.707551241654292795e+01
-2.788416443922433174e+01
-2.801965630697133847e+01
-2.706723186504565248e+01
-2.570404169929369331e+01
-2.396711989670280829e+01
-2.113720876231642620e+01
-1.733241713890652491e+01
-1.372894719690300747e+01
-1.031501098653085080e+01
-6.581445004303883017e+00
-2.804751891091196825e+00
1.921383277852993565e+00
7.676032757856662059e+00
1.379402294914262761e+01
2.049369963122884286e+01
2.703434612083526645e+01
3.328114867493957263e+01
3.975064727978640633e+01
4.622121994268875511e+01
5.298311924616294277e+01
6.007863262472596233e+01
6.716674791293065994e+01
7.430777169385385150e+01
8.231432592138737903e+01
9.121066083909617817e+01
1.006457365373919970e+02
1.108281565616691893e+02
1.212003905764362344e+02
1.317265908064431699e+02
1.428604291583868644e+02
1.544812348460870908e+02
1.625340143369700456e+02
1.666582713747586979e+02
1.686687326818006341e+02
1.674026566077017435e+02
1.652964823183022531e+02
1.624307214551990057e+02
1.565283220599409049e+02
1.480313308302095834e+02
1.396874103787286856e+02
1.313959498669541119e+02
1.220720229678512112e+02
1.123382753899924893e+02
9.989357283686089772e+01
8.454696613695715257e+01
6.791278432152439848e+01
4.943091987858301195e+01
3.201972209234839539e+01
1.610454889872901063e+01
-1.262657216328610943e-01
-1.582308451304418817e+01
-3.234566371507188620e+01
-4.983842126581511423e+01
-6.687198068294586051e+01
-8.372422880508578658e+01
-1.031629704184520051e+02
-1.252369544118662077e+02
-1.487956323456375003e+02
-1.745381833770867956e+02
-2.004840491171654833e+02
-2.265073754076677517e+02
-2.541786083692620650e+02
-2.830637669542777530e+02
-3.047841180688315603e+02
-3.186648031445312768e+02
-3.283242333288444001e+02
-3.313777924611184176e+02
-3.330133592792266768e+02
-3.333896773079911782e+02
-3.277450616535612653e+02
-3.170266505321961290e+02
-3.066895435541055690e+02
-2.965059548939622687e+02
-2.843671423417475239e+02
-2.715011444057411722e+02
-2.532671846269857099e+02
-2.292854950018316913e+02
-2.027866777679413701e+02
-1.726403288627696497e+02
-1.451437106937585781e+02
-1.211897783029871647e+02
-9.692898556423617151e+01
-7.419024072413115789e+01
-4.998777031002509119e+01
-2.401770289436375450e+01
6.128255679225738106e-01
2.451138332761636818e+01
5.353770995710840452e+01
8.778316829831270240e+01
1.248221515921020455e+02
1.661300805439439330e+02
2.074866409796194375e+02
2.486221596886684893e+02
2.928679120451309359e+02
3.392960653830533602e+02
3.756159443794792310e+02
4.009560800633715871e+02
4.204206226127898276e+02
4.305448137476461739e+02
4.391914347522753701e+02
4.465865756799352084e+02
4.456586496882019333e+02
4.378566966033280323e+02
4.308181310868653213e+02
4.241806738877589851e+02
4.150760713414525753e+02
4.052132189791531687e+02
3.879801056616838650e+02
3.628489013939714596e+02
3.343880408927997792e+02
3.009891045767197966e+02
2.722741053127229520e+02
2.495743577592819804e+02
2.271014866384014113e+02
2.076462311022065705e+02
1.865772605037790868e+02
1.634457541812936370e+02
1.430343000855820321e+02
1.244073954970883022e+02
9.878627840827263640e+01
6.605578589541683243e+01
2.984014161302159707e+01
-1.206083176599319984e+01
-5.327680349974743734e+01
-9.339474914214233081e+01
-1.374133461343932368e+02
-1.839243850715987776e+02
-2.235401152670889928e+02
-2.558754000846908809e+02
-2.843371830465841867e+02
-3.063562376891055123e+02
-3.285373874308864401e+02
-3.510338954545268848e+02
-3.682357609322519920e+02
-3.813889725388961551e+02
-3.954486885823880016e+02
-4.100677033636404758e+02
-4.235915490865423862e+02
-4.371003102159068021e+02
-4.460104757930374149e+02
-4.499858267695328777e+02
-4.521029776273688299e+02
-4.512497820758608782e+02
-4.556863369245623971e+02
-4.664768211220265925e+02
-4.788615905731244311e+02
-4.952254074692554013e+02
-5.114290713922879945e+02
-5.271193883615792402e+02
-5.464805731529131663e+02
-5.686895540736135217e+02
-5.866047534551073568e+02
-6.001800635918478974e+02
