-6.067309152405299777e+00
1.275000591396950966e+01
-1.126552742254872719e+01
2.772728003709063582e+00
3.182447933724649403e+00
-8.316307507035610058e+00
8.504569709375294551e+00
-3.805695666989695969e+00
1.957900842258531782e+00
-1.550141487904696191e+00
2.501876792345539169e+00
-6.755071155330752752e+00
5.491654891021592100e+00
2.044353340715601153e+00
-4.049700267488186789e+00
1.237623748061972950e+00
6.782225652524558335e-01
-2.565237090584162161e+00
2.248520175606754101e+00
4.731779057384091214e-01
-1.158334369793045271e+00
6.949784600063684259e-01
1.087700253115104765e-01
-2.881559031907036328e+00
1.517861341289314270e+00
4.410192258375090546e+00
-5.781074335492665917e+00
3.890633704052743447e+00
-1.147718412481772976e+00
-3.503163797822976822e+00
4.207286822360008394e+00
-8.286633132074123775e-01
-3.764791963467490343e-01
-1.427556502839213981e-01
4.728570813243394566e-01
-9.046671849695172574e-01
-3.386670003913847538e-01
1.500505062005447199e+00
-4.239273860697462482e+00
9.914852147227927404e+00
-7.679770865313836126e+00
4.976200409867167274e+00
2.292634391928522142e+00
-2.756106053215152940e+01
1.587577378877841738e+01
3.490576801588720457e+01
-5.114983095027272242e+01
4.065822607233226904e+01
-2.237041612687254499e+01
-4.688308286308939365e+00
1.704172698590798163e+01
-1.865405109105950032e+01
1.355763867809343282e+01
-1.713478460318831775e+00
-3.672522652028884949e+00
5.556057689198558691e+00
-3.428086193225567513e+00
-5.852876464646100452e+00
5.511179192300425633e+00
6.415386705610664819e+00
-8.745404899154376466e+00
5.883252839156796199e-01
1.526592048080293917e+00
2.618137655959414278e+00
-3.184003913915613104e+00
1.172057820690697527e+00
8.888294300202355114e-01
-4.100806922270274768e+00
3.613072435905995583e+00
7.385148127235541260e-01
-2.881976664234980223e+00
3.025034436842846119e+00
-3.842287079556415019e+00
3.590553150859636666e+00
-5.175262649044505281e+00
1.100853138928664698e+01
-8.775239101930170094e+00
-6.694016578797201689e-01
5.678044927225896821e+00
-7.943062887476212808e+00
4.504780393414479001e+00
8.602704854108256249e-02
-6.855235929286795482e+00
2.255156041558647217e+01
-1.703819108241888358e+01
-1.066126670292601730e+01
2.335356119561210875e+01
-2.177462858311165661e+01
2.180404600310493635e+01
-2.185621964285567742e+01
2.109328722540985268e+01
-2.475353752152967957e+01
1.754349037236054798e+01
4.743330783764969638e+00
-9.584972763837395604e+00
-4.790230977776220200e+00
8.248992061458151781e+00
1.490584163958759589e+00
-2.942872730439913376e+00
-7.000686272038286084e+00
6.215660705503830208e+00
6.498902634721503091e+00
-9.252772283196133429e+00
3.666814083201457741e+00
9.950660848938643888e-01
-6.276184278405062322e+00
6.778253935695761179e+00
-1.804930273086676085e+00
1.005386623011219061e-01
-2.562383016515714651e+00
1.711568127667975947e+00
2.638476335348469703e+00
-4.015780777381473321e+00
3.363524014123375316e+00
-1.915821136416406167e+00
-1.015283955582398256e+00
9.752169741779298517e-01
1.122038972458025974e+00
-2.679809790660320434e+00
5.954201652083829011e+00
-4.341529400443284281e+00
-3.887483049515861655e+00
4.399542931792147726e+00
5.930328327643388242e-01
-2.504259166674100534e+00
1.149768840131540237e+01
-4.594035073842062999e+00
-3.286010311457622635e+01
2.779569274263575096e+01
2.789802181624397548e+01
-3.819886939527003022e+01
6.508771061337297326e+00
8.473611315680802392e+00
-1.597786948087850867e+01
7.742291928381608734e+00
2.285410494314350771e+01
-2.693361161243672441e+01
1.573583626956960302e+00
6.213448600481181749e+00
6.199377114783537479e+00
-6.010078679606515983e+00
-7.894847609455188042e+00
1.181544712597265878e+01
-6.080640777200183145e+00
2.601277012639861663e+00
-1.846561686593130691e+00
-5.095928244182194033e-01
3.384533925806051169e+00
-5.163284229387977931e+00
9.244910132607996545e+00
-5.868267097896293194e+00
-7.460574608165776667e+00
1.026496515835041556e+01
-8.569830081529246080e-01
-1.296186089639320027e+00
-5.961324289257218467e+00
5.297345287630499833e+00
4.494980211292474159e+00
-7.079907975910157525e+00
1.540475439746319397e+00
1.975539766858968038e-01
3.242101140201005816e+00
-1.229549411681568838e+00
-5.045006135844094963e+00
8.665832683013574567e+00
-1.289099747712399413e+01
9.293007034743990147e+00
1.489954363797994841e+00
-5.120091434534332464e+00
7.327460534281611260e+00
-2.277587549290503999e-01
-2.089662457248349625e+01
2.277083380482646291e+01
-7.769276355900247566e+00
1.591455689868464862e+00
5.030506120819903337e+00
4.855072812426934448e+00
-3.681248173992734962e+01
3.990186289706814193e+01
-1.660986442782750672e+01
5.913101645051919153e-01
9.430204796469585204e+00
-1.440410444338672846e+01
1.396039192895201531e+01
-1.256308610158606243e+01
1.317940645020244972e+01
-6.765388100641816393e+00
-6.305634826589083808e+00
1.236630940094294395e+01
-1.471460434292765918e+01
1.033621918358831593e+01
7.960747082004657749e-01
-5.199450512663093882e+00
6.381353016294584179e+00
-2.855194614819388299e+00
-9.032007582951816715e+00
9.038596661761433282e+00
4.168632822776003444e+00
-7.287405873196623141e+00
1.294170568160158963e+00
2.301889465877949181e+00
-4.722359623234900106e+00
4.362817028842275846e+00
-3.953769678299026147e-01
-6.381807197208686500e-01
-1.748915318590965606e+00
1.075005315563055897e+00
1.773607698050618131e+00
-4.369250066184183545e+00
7.431130201178666184e+00
-6.850526472370020770e+00
4.950402032586824319e+00
-1.698661674874117011e+00
-6.681360354338749197e+00
4.275130161421057728e+00
9.188005758377737919e+00
-1.332407423823261539e+01
1.146717051090253747e+01
-5.480378623321338516e+00
-5.848734258605460923e+00
8.551185679661903905e+00
-4.535075963195950521e+00
-5.848204437848298909e-01
7.118019472115298285e+00
-9.380147541550057255e+00
9.308477412945288521e+00
-6.512227733669301522e+00
-1.194845016370718049e+00
2.501276279310365780e+00
3.654980571025153502e+00
-2.806020590702447137e+00
-2.757202617039577142e+00
8.166136877080573342e+00
-1.607581896720587622e+01
1.441210622133401920e+01
-5.034960917823337212e+00
-1.123775640920245955e+00
9.105546904005256792e+00
-6.723463435469831495e+00
-1.012553730897120730e+01
1.078147645524066078e+01
5.377976574703039248e+00
-1.092773107040686753e+01
7.722556156007295058e+00
-4.607588976490125887e+00
-4.985477665417548110e-01
4.807032763828009148e-02
6.230188670921016580e+00
-7.183861024286299468e+00
5.376580774619739600e+00
-1.067308276133013267e+00
-8.259759298825352758e+00
8.488036321086941172e+00
5.737439692384831424e-01
-4.304270370012567071e+00
3.285944847943997882e+00
-2.605917713445896844e+00
8.718791631313198565e-01
-6.547300067675899671e-01
4.804708741565545616e+00
-1.360627816286702485e+00
-8.038215920391786895e+00
1.084653898348439327e+01
-1.522583366685705286e+01
3.940046247151944403e+00
2.657579889311063326e+01
-3.316237542408969574e+01
1.902629494092557394e+01
-6.186383538939644211e+00
-5.419793101026350257e+00
1.292305031583815023e+01
-1.262105596155981857e+01
1.057329874959023996e+01
-2.348001806991546658e+01
3.883551628788344701e+00
5.968768065789264199e+01
-6.617550245458311053e+01
2.085955935202700928e+01
8.157879473258558889e+00
-2.644698106016833350e+01
2.898751275300909214e+01
-1.496924687957607247e+01
7.022510323046489589e+00
-9.405376849916386561e+00
2.908561359118635004e+00
1.628083248777894454e+01
-1.793596525618422177e+01
3.704889115587827852e+00
4.645120615200318603e+00
-9.866108162406440840e+00
8.599183448600019375e+00
-1.022553251077003011e-01
-3.078562248352963326e+00
9.676172575724429903e-01
-8.711394090288208103e-01
2.103852363702332084e+00
-3.318873478504483998e+00
5.413163749784999368e+00
-4.641269202433904617e+00
8.570060535682019198e-01
1.096554842334109603e+00
-1.083806406362806118e+00
1.774707139394336775e+00
-2.570942511838801625e+00
2.900730827126200229e+00
-4.749459600492531131e+00
2.307267508989970572e+00
5.311890953390112635e+00
-6.988685466272460012e+00
3.437113596210995325e+00
-4.086382197315687193e-01
-1.907200343286601818e+00
3.301376508492141149e+00
-4.747606423419394872e+00
3.653178183643001731e+00
-1.158891002727164832e-01
-1.458016927945284369e+00
2.202842277888468647e+00
-1.243369836602562728e+00
-2.409130217291554743e+00
2.136549701095014075e+00
5.471466862067149162e-01
-1.953125709770827445e+00
7.062000494320282762e+00
-2.148479853813217044e+00
-1.543307942370955033e+01
1.655690186075336356e+01
-7.187368721633466073e+00
-3.402815614645177344e+00
2.306705874609044926e+01
-1.749891678882609014e+01
-1.021358848199917801e+01
2.378983321557827324e+01
-3.544363393128963224e+01
2.452074261825306678e+01
2.030851582834279867e+01
-2.608081524419216635e+01
-1.411871512630451164e+01
1.898102609812320907e+01
1.056661716645742644e+01
-2.069505176250951450e+01
1.915364585438292977e+01
-7.267493101506585340e+00
-1.883884187684034828e+01
2.370841625031912159e+01
-1.018378018579800326e+01
-5.331161342374751699e-01
9.491569234634653185e+00
-1.171662118331990499e+01
1.020819319724779284e+01
-4.716482866145183195e+00
-6.485664184574778446e+00
8.887674459638978064e+00
-3.857923440210227817e+00
5.369021916545292372e-01
3.808865824532100763e+00
-2.343962271853335722e+00
-6.400713713308883612e+00
6.845983402268204898e+00
-1.137377905655992283e+00
-3.830320156314152680e+00
9.939456917987644857e+00
-7.407855165658908447e+00
1.383305564508009233e+00
7.012176876876281106e+00
-2.564170553016693432e+01
2.054027027845458164e+01
7.894537297793935871e+00
-1.927513594210721948e+01
1.807548786418573172e+01
-8.072049362779546655e+00
-7.523689361530909281e+00
1.955588631334157412e+01
-3.491022592191080776e+01
3.324622381711450458e+01
-4.000775730910310912e+00
-2.898494251786457365e+00
-3.401345190868379831e+01
1.745892216892880455e+01
6.636970751498174081e+01
-7.574545116836794989e+01
2.012196666609488105e+01
1.649549445009794013e+01
-4.669801163574449987e+01
4.214786195531664958e+01
-2.136847177614091819e+00
-1.655451487798612220e+01
1.454516909185695894e+01
-1.339635622054324671e+01
1.629703014176956799e+01
-1.119868681438522984e+01
-2.696696573331025082e+00
7.728240978535463768e+00
-5.499674344945209015e+00
2.011783802231726703e+00
2.374762271193522789e+00
-4.613966978676474540e+00
6.331095225078517075e+00
-3.916504323445489266e+00
-1.776045145125738189e+00
5.021689909581933620e+00
-7.935404598441810009e+00
5.290474910576700829e+00
2.987180043086361980e+00
-7.616784641425281777e+00
6.646685734955811498e+00
-6.535938251971835200e+00
1.444042770307727963e+01
-6.918790241936134677e+00
-1.857047163602321049e+01
2.074553499492676778e+01
-1.202009127409097999e+01
-5.760180546356433950e+00
5.014716096415435231e+01
-4.302218235832057758e+01
-2.221149333766120293e+01
4.038585734515900327e+01
-1.518131593293665560e+01
3.674826591590575120e+00
9.367152908293320479e+00
-5.579599167841248430e+00
-4.412152987671206716e+01
2.226113084007452869e+01
8.707477750225518776e+01
-1.027160170594813593e+02
3.789500710710085940e+01
8.608807489133454283e+00
-5.235363824641842712e+01
5.103973517194000920e+01
-3.292615239207814071e+00
-1.689988301421093553e+01
1.116618774314591533e+01
-8.073852265165230691e+00
8.524836090759976059e+00
-5.995571309527891302e+00
5.927296057281421504e-01
1.949969363774707087e+00
-3.742448260063309107e+00
2.678811185769408798e+00
4.037680685703276318e+00
-2.487265320986109085e+00
-7.634132714565082800e+00
9.999846521779893749e+00
-8.534414984096672541e+00
3.077651235679321751e+00
1.090783282412647459e+01
-1.038289450871848096e+01
-5.977361893267239878e+00
1.072062960294169187e+01
-4.767829440097109739e+00
1.114513391454734270e+00
7.380368952108228298e-01
-1.210100966899448238e+00
6.127166317326844247e-01
1.231531539337024639e-02
-9.781935696166444982e-01
9.217248747477768678e-01
1.513209611512946196e-01
-6.382038650563102156e-01
5.328901667422700772e-01
-3.597761515240079921e-01
4.542347574445695368e-01
1.931489462081258102e-02
-1.424081565165476349e+00
1.668439823632831276e+00
1.462402816061306732e-01
-4.990444781345792502e-01
-2.839930079332917412e+00
1.135791042676060680e+00
7.364417876554743891e+00
-7.951686796538441904e+00
6.384788682876061383e-01
3.119929736943810816e+00
-2.367750240282120444e+00
2.762745773838390484e+00
-6.988142770310478369e+00
4.348624334037702432e+00
6.589040327274936715e+00
-9.293975822382904539e+00
4.619930745005957462e+00
-2.210429713415161146e+00
7.736981806491721736e-01
-2.739234971385335449e+00
6.277075988694408082e+00
-9.100008034836804427e+00
1.433724633849784524e+01
-9.534701864071402966e+00
-2.762593806802612129e+00
1.099183036071467079e+01
-2.138066793494962781e+01
1.695552056402142682e+01
5.362021202416135779e+00
-1.103910539557806558e+01
-7.046914773272665578e-01
5.075378901771473217e+00
4.808769642600569938e-01
5.561322702856017486e-01
-1.147408320795276460e+01
1.058449287549724360e+01
2.995853953409785220e+00
-7.698192404557944180e+00
4.202642139388331977e+00
-2.473307671244789230e+00
7.308079045002774388e-01
-6.563025658957465369e-01
6.540612539158583871e+00
-3.316838028781853964e+00
-1.270651859450897803e+01
1.303314623295248431e+01
1.187775621584972185e+00
-8.213475380099543699e+00
1.097256119728308654e+01
-7.455694410603703304e+00
-2.714361901583464132e+00
7.602623221704654100e+00
-7.208874707568192264e+00
7.265345408273689465e+00
-7.698237497465857615e+00
6.061979823454350935e+00
-5.365395043387223062e+00
6.375419700700206693e-01
1.122120258955348504e+01
-1.144462084301493476e+01
-4.012843675602129068e-01
5.603916981540249864e+00
-3.609107372153549598e+00
3.664522454237416405e+00
-7.509850659202576217e+00
6.487794213667235965e+00
8.763632193767283418e-01
-2.366828039586213794e+00
-2.939661019065632264e+00
3.223502675223454794e+00
2.216425394153700434e-01
-2.149647808607467070e+00
4.097914204393074300e+00
2.521970117981902071e-01
-7.784031538263060490e+00
1.516591818041372264e+01
-3.381220152513635213e+01
3.484580229197747769e+01
7.317529107201792726e+00
6.098642248801914079e+00
-1.022290514666459416e+02
1.007452230456855773e+02
1.145487899154016986e+01
-4.664202848885194186e+01
-5.324820533880536999e+00
9.273093318422560571e+00
4.047816996544776202e+01
-4.487248394206770286e+01
1.508520411264322014e+01
1.299889662712098470e+01
-5.178871067000928008e+01
4.924489382176600571e+01
-6.463209142077303682e+00
-1.479519411621775582e+01
1.883713008558108726e+01
-1.567977396138600099e+01
5.168986543162806591e+00
7.876355358989586275e-01
-1.738839265061251638e+00
3.321411291378237873e+00
-6.725012186163957573e+00
5.806195236194291454e+00
-8.850626511723436174e-01
-2.175657019974234885e+00
3.515656114334655413e+00
-3.663097329130004187e+00
3.822587181645811683e+00
-1.991787709716082322e+00
-2.689556295506806638e+00
3.434428434254377827e+00
-3.300891739086464494e-01
-1.375032377219013391e+00
9.056050568847187066e-01
-1.102306702357551460e+00
4.088744193844404684e+00
-2.062640159129901729e+00
-6.900210156854649668e+00
8.809113373545402581e+00
-1.567099331660470662e+00
1.145607101609613876e+00
-9.207890842582591162e+00
8.536813326078169339e+00
-2.261015879907554815e+00
-2.907306902575052199e+00
1.203941720589579489e+01
-5.473420152582509246e+00
-1.266596446983925972e+01
2.327637214975082003e+01
-3.983786571166467638e+01
2.913127369151370516e+01
2.016535004554672028e+01
-2.502102461776625120e+01
-1.558384995600976808e+01
2.765540876118427960e+01
-1.820973354046453352e+01
4.693320506759721233e+00
1.862108237794769039e+01
-2.169416729687938172e+01
3.360059837415699580e+00
2.354772463235662361e+00
3.065844781705915345e+00
-5.593276071984518261e+00
7.756659074336616833e+00
-4.423602078251579250e+00
-5.306842555296165997e+00
8.844741201426550958e+00
-5.389618356734118265e+00
3.901535439923098370e+00
-7.380029501656858670e+00
3.940132896772099436e+00
8.525784658253563464e+00
-1.067199046545927565e+01
2.631252060976929208e+00
1.307979706251684915e+00
-8.865958195881319392e-01
1.317390372829262635e+00
-3.085716855093924682e+00
2.226126047744272363e+00
3.753104992471227863e-01
-3.278462513411516621e+00
6.833945821284273414e+00
-7.513387800040959519e+00
6.463192015235337706e+00
-3.965639107706560473e+00
-3.984325225399023562e-01
1.518309410774396628e+00
-1.097220916629574994e+00
-4.526294991741774965e-01
6.216301830187604516e+00
-4.483004131599177100e+00
-7.631556440073146597e+00
9.286340255733668059e+00
1.359041801599664367e+00
-2.517453782287613073e+00
-5.000353880902352444e+00
8.073403981803361162e+00
-8.070164012845664203e+00
3.595467985086703067e+00
2.068046504197469382e+00
-9.857990178108940071e+00
2.188092184076654689e+01
-2.038386981303302292e+01
1.413423123355149968e+01
-1.178617218288026569e+00
-2.974494096330890613e+01
2.274868563246627318e+01
1.568609691489392333e+01
-3.418497496230610011e+01
5.675955822863480904e+01
-3.325691540700900362e+01
-5.389133481787913382e+01
6.512762688847936943e+01
-1.259192940976419095e-01
-2.586469843367688526e+01
1.795949496281819791e+01
-9.514841260768609033e+00
-1.489266677973352326e+00
5.178145485211968158e+00
-2.094252109172416443e-01
-2.800152497925185724e-01
-6.188736149852892332e+00
5.236593109369654719e+00
4.694149010827535662e+00
-6.311706350389285625e+00
-2.310196581114341008e-01
3.340985160312603508e+00
-3.109697862794578604e+00
3.003133945759789647e+00
-3.351196679924975719e+00
2.417834519764900048e+00
-9.414396148554181609e-01
-4.928009761061056260e-01
3.554764235879026568e+00
-2.596662509746315184e+00
-3.359974467911762019e+00
4.207282257776821410e+00
-5.619935785204625001e-01
-1.422443803071971047e+00
3.057899042830877434e+00
-1.873545497483398936e+00
-2.954589646949608461e+00
4.256597166097953355e+00
-1.526255250665920160e+00
1.482198202794499986e+00
-3.353524407124861995e+00
4.074229778102182564e+00
-5.875305277380684643e+00
2.595584910609801010e+00
5.722829699369958334e+00
-8.461228592073352317e+00
8.660719169906915482e+00
-4.185270238008527599e+00
-6.788727499496786777e+00
8.710700746731683708e+00
-2.984130639310388577e+00
-3.124598404728282652e-01
5.648566832337845511e+00
-3.792552400197316764e+00
-1.228897898551401902e+01
1.001995297102229188e+01
1.681355542202725317e+01
-1.907418074166429633e+01
-6.192540991781055659e+00
1.305289533600209317e+01
-1.696315001752548568e-01
-2.222261357633644963e+00
-4.945363608482151285e+00
7.107281307051379393e+00
-7.982143091275945679e+00
2.205374879426284629e+00
1.125511498229023388e+01
-1.446641509536219417e+01
1.123140768418665658e+01
-4.687507862023111649e+00
-8.898752200635531295e+00
9.491499683599476711e+00
2.571954183915693193e+00
-6.590147924859774520e+00
7.089672984386898413e+00
-2.109874750631335782e+00
-1.351702224770636107e+01
1.287307647342099948e+01
6.627296018467578875e+00
-1.170998409952362174e+01
8.119320933032345700e-01
1.821453773556551914e+00
5.884931440800905023e+00
-5.346634623153721400e+00
-3.976723520196249417e+00
6.695231773119679097e+00
-3.336433972348345822e+00
9.404778234278593496e-02
1.188147744783821791e+00
-4.226888916624662151e+00
1.159028145763287299e+01
-9.919485138938993529e+00
5.031120222885876458e-01
4.485252216688697224e+00
-9.596552262973734315e+00
5.962233023496021467e+00
9.491675118027762537e+00
-1.097764664553459291e+01
-1.015452703730001183e+00
6.909557511394155860e+00
-7.721081869535385778e+00
6.858739152575558329e+00
-4.098453734353255662e+00
2.111814172691684810e+00
-1.840955139015064690e+00
-4.417857853309714589e-01
4.517055233405187664e+00
-5.836973719225904134e+00
6.054296643846439174e+00
-2.560517376240206922e+00
-3.808583698493878344e+00
7.547514247213695349e+00
-1.085207546403728784e+01
8.175949027933878455e+00
-2.934465889804478422e-01
-3.752467411404559972e+00
8.605350531299841066e+00
-6.158379693224432572e+00
-8.284246782405919163e+00
4.742637408579247094e+00
1.112577173722074875e+01
-2.057264188594026066e+01
3.899509384128801059e+01
-2.311722606614998199e+01
-3.488807833971134897e+01
4.766335297756783262e+01
-1.974555199592716903e+01
3.054379947993250966e+00
9.895473500988661186e+00
-7.447420184766473383e+00
-1.451774239541152056e+01
1.632634223572689081e+01
-2.250813919544114583e-01
-8.093491551154173180e+00
1.496207455717531687e+01
-9.682393517200127420e+00
-1.232144692667579378e+01
1.553847786631640560e+01
1.650508435905069682e+00
-6.854181729173876469e+00
-1.257571163020772431e+00
2.456125707246164858e+00
3.976148429660980810e+00
-4.042200034276766551e+00
8.777515073858421779e-02
4.416292403356582241e+00
-1.281509932836039845e+01
1.145898712020724908e+01
1.051259059132962914e+00
-5.034791695946695178e+00
-8.024837194106515526e-03
8.271627920416724233e-01
2.364334929314371614e+00
-2.961183450496367442e+00
3.406035971188665190e+00
-9.098767598939876411e-01
-7.642531580534392965e+00
6.173927160102166134e+00
5.163432548935788624e+00
-9.300046054551790675e+00
8.600204782301915429e+00
-3.241438201258557417e+00
-2.288013164664906451e+00
6.424366901366431293e+00
-2.335852059956262394e+01
1.020309946179097338e+01
4.132033237601959286e+01
-4.710027699130134238e+01
1.335964949698222526e+01
1.142776482708743124e+01
-3.207251808719028929e+01
3.304322917313388075e+01
-2.266936433382802107e+01
8.964896520389814327e+00
2.092134853468966682e+01
-1.467719535930329933e+01
-3.091784748368921854e+01
4.346937901786655090e+01
-2.843776607430195824e+01
1.335684258322885221e+01
5.508070116519083292e+00
-1.158536204357612753e+01
2.613286826810420127e+00
-2.187003500000611389e+00
1.261890415022978118e+01
-1.240546537566064700e+01
2.145305829773023198e+00
2.734591755353360298e+00
-5.419678431419329812e+00
3.668058523234861035e+00
6.826445969181808238e+00
-5.586224026460536507e+00
-1.007082429694590431e+01
1.170328624699303433e+01
-1.992812644387149668e-01
-6.023090691725296431e+00
8.431661286736417793e+00
-7.626393269747674175e+00
3.652924484953479656e+00
-1.415388448466259330e+00
9.851709883729002915e-01
-7.233865877069535211e-01
-2.345792044931175879e-01
-6.538160283023521924e-01
3.810639128831595279e+00
-4.332206193227861490e+00
2.427149503317246548e+00
-9.486836989542326570e-01
4.511221817266419798e-02
8.560927127609252452e-01
-1.948557740652856918e+00
2.052406397553876882e+00
-1.462570808901734853e+00
6.990767321411472945e-01
2.190778824116617340e-01
-3.322775304054879086e-01
4.846103824077234723e-01
7.285982191297549759e-01
-3.465884015423461140e+00
3.488888548505563847e+00
-3.205559988177533626e+00
4.679905589852946801e-01
8.539945039160210527e+00
-6.597628201456761765e+00
-5.665804336810364994e+00
8.637271014705106609e+00
-8.321875860354667864e+00
-2.425511140864736515e+00
2.424294808499039888e+01
-3.080858770798294799e+01
2.831822020204488410e+01
-1.628113944989901896e+01
-6.356998326855744175e+00
1.446201578715665015e+01
-1.256494757912048499e+01
4.528559241717231565e+00
1.023783635361208866e+01
-1.517930598033374423e+01
1.414874760895498618e+01
-7.749603845379925637e+00
-5.586197838411582239e+00
8.858082376652053114e+00
-3.969431420468341187e+00
-9.379718710820521554e-01
7.022416965700866598e+00
-7.975646085693833598e+00
4.776027532048290780e+00
-2.113290422467669405e+00
-1.468237455732031904e+00
1.277950525355159739e+00
2.880806332028964967e+00
-3.474505863831947927e+00
1.900666480723929741e+00
1.135954974192813660e+00
-6.131200612698336272e+00
7.132958817510784755e+00
-5.515070840535973851e+00
2.566484922592811468e+00
2.514941118147176802e+00
-3.543734770518307098e+00
1.342183892042636550e+00
4.222920559013177977e-01
-3.048178220871844868e+00
2.390512166370887037e+00
2.023008677563073121e+00
-3.003937297112426741e+00
1.064225275647437075e+00
3.790351278976692995e-01
-2.175008872130637538e+00
2.183991975767042515e+00
5.470839201518972184e-01
-2.746455277693490293e-01
-3.013254999983195237e+00
3.542808574901060492e+00
-2.832179343044912478e+00
7.262987231045096859e-02
5.443734439087049459e+00
-6.470017190948027519e+00
3.643528569150581209e+00
-7.867495791699180563e-01
-1.725461656010266243e+00
3.711083612771200357e+00
-5.627448046327702791e+00
4.959837041528074586e+00
-3.643391836433544917e+00
7.719900155063312841e-01
6.548248805781416770e+00
-5.074343921351411879e+00
-4.348296618472602404e+00
7.853075827694567579e+00
-8.005406644194728472e+00
1.111820403183311878e+00
9.444008739291692933e+00
-1.969487664268957516e+01
3.177053098368552497e+01
-2.914236507313310653e+01
2.159680213152728356e+01
-4.760395719793448777e+00
-3.272936807058762554e+01
3.106254376906832348e+01
8.157252744940043598e+00
-2.406216118034053153e+01
2.716346710396724617e+01
-1.357159813461109366e+01
-2.196101164301052577e+01
2.938636944652299832e+01
-1.187273836163458363e+01
6.961472507976118607e-01
8.234145153835925157e+00
-6.912282692801794859e+00
-5.412429695899565019e+00
9.785181503257229352e+00
-5.735212882756076880e+00
3.214106481731710652e+00
-6.058154030831498282e+00
1.843786569974840361e+00
1.367504352991855043e+01
-1.379011979144931210e+01
-2.341734089049464451e+00
7.908146330167767246e+00
-4.020587008613956570e+00
1.341412196299978099e+00
6.553704982288857117e-01
-6.928397965628789734e-01
-2.614339855330323203e-01
1.590071203932605481e+00
-4.765455890457203303e+00
3.598117678420640342e+00
2.046029785731085404e+00
-4.314405684267452301e+00
3.610236488315742065e+00
-2.331149219760610958e+00
1.331314510676699703e+00
3.484385471725032213e-01
-4.044047380917742629e+00
3.613486210909732765e+00
7.376882529035913016e-01
-2.196780257498991862e+00
2.104127197031830043e+00
4.661778216815953280e-01
-5.705863708283136049e+00
8.043130076586555433e+00
-7.895588059984838480e+00
7.074462200490802211e+00
-5.983888188609379100e+00
4.788538060944828700e+00
-2.498368520801410586e+00
2.262949388284805519e+00
-5.552804089569066015e+00
4.978239203761299692e+00
1.164488594152072620e+00
-2.891199694204043880e+00
-8.492511127930189474e+00
9.487509498541552233e+00
2.366910922575265630e+01
-7.119274994636043630e+00
-8.357265378341669759e+01
8.451690368945831722e+01
1.127183144295224793e+01
-4.159544625036220111e+01
1.179624916356377184e+01
3.566979112260410201e+00
-1.096354447437259516e+01
5.520476924185905965e+00
1.253408173023691141e+01
-1.745828966659078318e+01
1.764074164374007125e+01
-5.583576006568807593e+00
-2.431911924250163892e+01
2.744082988993970673e+01
-7.491262815210509629e+00
-5.799859037193886735e+00
1.814055914243711243e+01
-1.584406286552600029e+01
-2.452531827242911966e+00
8.281884452069332880e+00
-3.767031572452609112e+00
