-5.526016329860370035e+01
-4.124340096035140846e+01
-1.169642507864661773e+01
5.225821032556574863e+01
6.652448794775742158e+01
2.749658743194760291e+01
-1.764616402518356164e+00
-3.956506042567568215e+01
-5.806684108716950021e+01
-4.730748664884322352e+01
-1.564101681441537650e+01
4.872761416707546545e+01
7.462783648824981242e+01
5.957406645856427474e+01
1.632944055353619106e+01
-7.464745102195765014e+01
-8.312289728636665131e+01
-3.368131611225014144e+00
2.891953000048784261e+01
3.870217725024959066e+01
1.997834733492259573e+01
-5.146451835464491609e+01
-4.813526871528102902e+01
2.874316450103424003e+01
5.345538375933544728e+01
4.704134257859708157e+01
1.703339973853475442e+01
-5.914237112406910057e+01
-6.328213803189422038e+01
6.988780437069176621e+00
2.724087262990860481e+01
1.816638524986207415e+01
7.034795088665248386e+00
-2.636807770132849527e+01
-2.558234087062263384e+01
1.228204678090319035e+01
2.463708444694955091e+01
2.160922052281351569e+01
6.022589571250600571e+00
-3.349439642459827837e+01
-2.002488010856093226e+01
4.912136556819795175e+01
4.639230501455775624e+01
-1.873666339542538495e+01
-5.485184883035377368e+01
-8.282439837403322258e+01
-4.011196646090440510e+01
9.391845209281407847e+01
1.020396752918973249e+02
-9.742352045795797721e+00
-4.177083497351320318e+01
-3.010366304769295454e+01
-1.714431506796837823e+01
2.850456485667319129e+01
2.863617028177947788e+01
-2.045531990046486825e+01
-2.285005916861323527e+01
8.700431940963939681e+00
1.311211231051776416e+01
3.582530456462714064e+00
-4.026987310727678349e+00
-1.829184039094296921e+01
-1.179967736023432856e+01
1.844018773365397124e+01
1.775348103236732555e+01
-1.048066552810775320e+01
-1.475092143607650463e+01
-3.039353071639104620e+00
9.282194027746529130e+00
3.069553377383239834e+01
1.843247203629928777e+01
-3.175432444756226147e+01
-3.614398842188186478e+01
-1.577844223760682951e-01
1.116102784745663179e+01
1.133355993626629044e+01
1.259325762010731964e+01
5.401536544481867708e+00
5.224432447199713891e-01
-2.319897938210425448e+00
-1.044931431919474818e+01
-2.219392576665320505e+01
-1.006654200743295924e+01
2.764691446723387003e+01
2.209165035292569357e+01
-2.504853047266175636e+01
-2.602607872842602177e+01
9.900187054450956481e+00
2.585572708963681521e+01
3.541705305196416731e+01
1.888358146069423782e+01
-3.442197126768324011e+01
-4.821540905808868160e+01
-2.564042432167525121e+01
-2.449048791815181758e+00
3.681027768191917460e+01
4.132270398352591201e+01
4.488843717786274112e+00
-1.334992509874555644e+01
-2.330117882381590988e+01
-1.728223934810301188e+01
1.584022926966989431e+01
1.630590150312662345e+01
-1.392858851480392879e+01
-7.603678195846215182e+00
2.705498533348101020e+01
2.144802227885892165e+01
-1.720481292778347182e+01
-2.781187174126660366e+01
-1.960389368102602958e+01
-4.437116877520704605e+00
2.868618362345460326e+01
2.522168965125285922e+01
-1.792564245915346177e+01
-2.338407271551586675e+01
2.385547752050634629e-01
1.457187982924802938e+01
3.233566415491947765e+01
1.861228215927142315e+01
-3.410577134557830448e+01
-3.593239303603805723e+01
8.885244735526724114e+00
1.876559474386032278e+01
7.777913560313447938e+00
-4.702835173953900494e+00
-3.175639867320407106e+01
-2.276041389168926088e+01
2.612236919199722607e+01
4.294477225172761337e+01
3.609949731896378466e+01
1.429197830361059118e+01
-3.681669578505370310e+01
-6.139850825464031203e+01
-5.905496323787208013e+01
-2.373660835737246089e+01
6.041982243215858261e+01
8.837351491158405281e+01
6.007643226338459641e+01
1.282870472454286848e+01
-7.831667438609017040e+01
-8.846718679007308594e+01
-8.526301761218848085e+00
2.755304914089682455e+01
4.508513454995502912e+01
2.815206692764403940e+01
-4.763393739721478681e+01
-4.766443116445458372e+01
2.470261950502130333e+01
4.619075606029884540e+01
3.886331203396149903e+01
1.348181152429110696e+01
-5.102513685591421932e+01
-5.466607029044671151e+01
4.869628398785246226e+00
2.144087653998204246e+01
1.254209732024255786e+01
1.215202851232580450e+01
4.054523481670893936e+00
-2.963402461046064307e+00
-6.902110843964702092e+00
-1.105507294249108874e+01
-1.289994858935216548e+01
-5.661334055145441191e+00
1.196413626014244080e+01
2.021026531635540735e+01
1.980396531120244319e+01
8.572505638052232868e+00
-1.878229119503168931e+01
-2.698794594967078098e+01
-1.601205971884276735e+01
-1.844150456223682122e-01
2.869699876221261547e+01
2.046389883367028517e+01
-2.939112103038079127e+01
-2.937105148195852422e+01
1.366458647945292704e+01
2.763363095069747999e+01
2.668345902851156382e+01
1.031109414544880742e+01
-3.401807628551733842e+01
-3.456970151925800394e+01
9.400616223234489865e+00
1.898217405270062130e+01
6.038911870411597604e+00
-1.208628691780357922e+00
-1.520805780868679413e+01
-1.171591430324559013e+01
1.313218333836665153e+01
1.458096737179286961e+01
-3.538896712651487864e+00
-8.234542186434417488e+00
-6.311837309692871933e+00
1.924232673292176621e+00
2.199914205524754962e+01
1.574788498388103619e+01
-1.800524987053424297e+01
-2.283802029434072978e+01
-4.073445399915638809e+00
6.746727681310842328e+00
1.912560693582909721e+01
9.501495444932830381e+00
-2.823065709225424058e+01
-2.193404593541711733e+01
2.615710641795705271e+01
2.363483060677656766e+01
-2.031628893764078470e+01
-2.306950076085201573e+01
3.073394321137421503e+00
1.560813123505309363e+01
2.676230943884456437e+01
1.311676755514847592e+01
-3.326359793804654430e+01
-2.612518886686740061e+01
3.287243674490700585e+01
3.454616956949097073e+01
-9.439444339512705895e+00
-3.419550199069669816e+01
-5.711812510056431336e+01
-3.013355563843936480e+01
6.053811291958785290e+01
7.193777665638242524e+01
9.905362064165549540e+00
-1.730151371133589322e+01
-3.470884067743538282e+01
-3.289707110257298694e+01
5.490602777877560570e+00
1.519229117637163995e+01
8.828535517331347338e-01
7.480669262398883745e+00
2.475256977549212323e+01
1.450940597945846910e+01
-2.019077642140706175e+01
-2.854183395656362165e+01
-1.476188484648586119e+01
1.639234479602602601e+00
3.065137114526543272e+01
2.088668596497618779e+01
-3.291784484428524848e+01
-3.035956912692036624e+01
2.192757750833695951e+01
2.714038257630291540e+01
-5.243214277408487778e-01
-9.237091747743678027e+00
-1.304737933594849864e+01
-2.483746185424361208e+00
3.061926886145700877e+01
2.373041666054573184e+01
-2.291701319287623306e+01
-3.508229293650448710e+01
-2.216978720370450162e+01
-5.605855542734735408e+00
2.789317054770807758e+01
3.455246606657011199e+01
1.099459723965091129e+01
-4.631971695574902625e+00
-2.200491925023976592e+01
-2.022866631889936784e+01
7.882364567347877937e+00
1.424285121196914794e+01
3.422427201302664646e+00
-4.683249931673454824e+00
-1.858879474523776310e+01
-1.165571509407515904e+01
1.979738291863579391e+01
2.402680043561051448e+01
4.892797732360992136e+00
-2.136246813301475811e+00
-5.564832226073878729e+00
-1.772471561283960995e+01
-3.460081609993694229e+01
-1.961235385330372338e+01
2.944274912080661721e+01
4.438691673683155869e+01
2.991266295352794913e+01
5.004513590939424716e+00
-4.474569653830031513e+01
-4.238410177774559884e+01
1.733830720116882418e+01
2.893057077386139397e+01
5.468931252010480470e+00
-3.358380067989036100e+00
-1.435266365331850125e+01
-8.995405001697411862e+00
1.958795434642188127e+01
1.754706301887055453e+00
-6.131684728821388575e+01
-4.939621603020013652e+01
3.132918148040449680e+01
8.184055516984413714e+01
1.222240267341330622e+02
6.255550321993024454e+01
-1.230479638662145589e+02
-1.600221096864914614e+02
-5.918844189345443851e+01
1.343976827344557279e+01
1.104919673085647389e+02
1.087371113572663859e+02
-2.159644449961103163e+01
-5.486027302219518020e+01
-1.698215896238828648e+01
-1.181440525320287982e+01
-2.856142201126108837e+00
4.447845299806134634e+00
7.064408276977324208e-03
1.004558600699662563e+01
3.165825132676999587e+01
1.744574863887166671e+01
-3.222984903278992874e+01
-3.381857509646025051e+01
8.045690567439136132e+00
1.874180514597671987e+01
1.141814114548228076e+01
-3.864967578075248600e+00
-3.973500385351399444e+01
-2.783299185175367185e+01
3.510460819173061253e+01
4.665676361108749859e+01
1.675235147113270529e+01
-2.630781349406381420e+00
-2.908280246581742290e+01
-3.651291628611598838e+01
-1.721905802205725777e+01
-2.025191990031497635e+00
1.680412848465021014e+01
3.522918712747600267e+01
4.894686677454190971e+01
2.207676055575905494e+01
-5.230682497019274280e+01
-6.277248425979779967e+01
-1.207121417808442132e+01
1.439414910774025635e+01
3.722814275641209036e+01
2.951206077162656172e+01
-2.387558125330674486e+01
-2.888040514282689131e+01
8.945240704420147182e+00
1.158280440709767589e+01
-6.456159302002779654e+00
-9.894775925817366868e+00
-8.983507295589673092e+00
1.458846084433624135e+01
6.743071325713877684e+01
4.528013820049340410e+01
-5.415658491030590227e+01
-8.401146250194136655e+01
-5.944141924588987536e+01
-1.464373434754063297e+01
7.934267945674670841e+01
9.264280844849963614e+01
1.810827931506841537e+01
-1.846373194178109856e+01
-4.332999453608335472e+01
-5.519199075928744946e+01
-3.390426376281095600e+01
-6.457054646708068724e+00
3.501783533544077187e+01
6.287886759857390473e+01
7.211792644531691110e+01
2.993730987470036098e+01
-7.729321346093101397e+01
-9.846989246186602429e+01
-3.525101506569535559e+01
1.021540369505392043e+01
6.826252680403142392e+01
6.371624016560329551e+01
-2.261408581958939479e+01
-4.054714882112904206e+01
-5.278322768914790686e+00
4.496423832321145397e+00
1.328881849870088772e+01
9.924984731279568706e+00
-1.555711078025543337e+01
-8.729351098867809355e+00
2.831959331680435810e+01
2.529349984992813916e+01
-1.141291686746626866e+01
-3.417546979877734969e+01
-5.427573408672430588e+01
-2.720167021263637963e+01
5.885811250839744702e+01
6.972214142637351131e+01
1.029249728401241981e+01
-1.617041806316157349e+01
-3.336820950947942066e+01
-3.472655308739999214e+01
-3.872200072907762802e+00
8.140884048599001943e+00
6.151212035798306665e+00
2.025224970399662183e+01
4.272163909921444969e+01
2.267780641952152010e+01
-4.085000526728006065e+01
-5.269128312044112761e+01
-1.824312981342990270e+01
6.430939164194459323e+00
3.915515821447874600e+01
3.409869349594639942e+01
-1.927742515718524530e+01
-2.628401753091194948e+01
4.768269329672024881e+00
4.105206528942940025e+00
-1.409719193119446423e+01
-1.313754687521884712e+01
-1.123472051116364945e+00
2.590155722056132603e+01
7.467622831632225200e+01
4.664212034922796590e+01
-6.376445007668158382e+01
-9.554315887843839050e+01
-6.265401706879287502e+01
-1.238881721297875949e+01
8.736533859677162184e+01
1.011193244259489745e+02
1.932344375586290397e+01
-2.003103247938299347e+01
-4.474636766781983255e+01
-6.388697954902478671e+01
-5.594267639127131275e+01
-2.058961772708943627e+01
5.064989136171405448e+01
9.466585137622767832e+01
1.108777496748890883e+02
4.786971099812448927e+01
-1.173089013452836866e+02
-1.516610105830457371e+02
-5.875434838939882098e+01
1.208044842103431726e+01
1.077925660865299733e+02
1.040716523653856171e+02
-2.718759108178986494e+01
-5.801171444516837994e+01
-1.370310468445962648e+01
-1.267987617089779029e+00
1.655592180685890114e+01
1.580627230819240836e+01
-1.593585886292477305e+01
-1.471642228558460097e+01
1.395153367755632168e+01
1.405787627140810336e+01
-5.923977352634427263e+00
-1.034430306454244786e+01
-6.678582650133040310e+00
-1.331957644177926392e+00
1.117068648202156567e+01
6.092102307713721743e+00
-1.813333655794356858e+01
-1.622422324765891588e+01
8.894630104639256629e+00
2.280481504265824810e+01
3.293555359659393389e+01
1.708546141747800107e+01
-3.259056138277995984e+01
-4.620304920532196746e+01
-2.692346517033635678e+01
-4.383219751234671335e+00
3.581846653631567534e+01
4.534496726988447790e+01
1.896968639319734251e+01
-1.104262022222621820e+00
-2.642111570326444436e+01
-3.375968568465359709e+01
-1.570635402679445924e+01
3.586191751700592345e+00
3.184808508917108583e+01
2.367280730631205898e+01
-2.764414025926794594e+01
-2.853448743674438148e+01
1.441745801616907841e+01
2.200585095193135388e+01
8.282190207475832011e+00
-1.255052532768305751e+00
-1.850601520827179769e+01
-1.223217666013975169e+01
2.179954442841529882e+01
2.064362743940951361e+01
-1.154238521186520394e+01
-1.781955644768596159e+01
-7.432209674059735427e+00
3.597583086160138777e-01
1.447758019319253542e+01
2.034573365310647031e+00
-4.109843948581539763e+01
-3.448163857669634069e+01
1.898768050128535023e+01
5.950390776019659711e+01
1.016511054116699739e+02
5.716686474357290138e+01
-9.163885368646364782e+01
-1.352294976736928618e+02
-8.623388936300372620e+01
-1.471742056604073667e+01
1.229159329772705007e+02
1.314820169758104385e+02
-4.496279038926158655e+00
-4.993658253805065073e+01
-4.225831038512535542e+01
-3.506126917952480682e+01
1.007991090915738752e+01
2.118197339369214660e+01
-4.017831894965302908e+00
2.693684626016401129e+00
2.860660636303725468e+01
1.651772019546106307e+01
-2.766409701952657585e+01
-2.864501073113214602e+01
8.051485986574853371e+00
1.691078358809621562e+01
9.448592484800151681e+00
-5.603367176552040085e+00
-3.942489109967311123e+01
-2.665386163023701016e+01
3.604236206742007198e+01
4.825085477542926782e+01
1.937187110844393700e+01
-3.667518726841110244e-01
-2.846987812318906208e+01
-4.230622314765791714e+01
-3.499676974702470744e+01
-1.277883146947943160e+01
3.317708427709224139e+01
5.730001659609517617e+01
5.850043004804346936e+01
2.194600087825437029e+01
-6.689860831397292884e+01
-7.995310642634397880e+01
-1.653805871419609019e+01
1.768390734694180466e+01
4.751233463166441595e+01
3.994941660771115011e+01
-2.388935314876924210e+01
-3.260818777754720088e+01
6.365717439438991043e+00
7.154452825949418227e+00
-1.291344062638471968e+01
-1.338243740622152345e+01
-4.655976360316959273e+00
2.332492066147672816e+01
7.781662935254112767e+01
4.891799876074366438e+01
-6.819935706149711052e+01
-9.552025119663791486e+01
-4.799445777711772365e+01
-2.558460494632134541e+00
7.409527068425315122e+01
8.048606179575492092e+01
2.878250271690467876e+00
-2.714418699071825358e+01
-3.082808919299274919e+01
-3.170514147032516306e+01
-8.006824196524746640e+00
4.525810265483441341e+00
7.045652201828641381e+00
2.651053821338646088e+01
5.732038374313481910e+01
3.175822250688235115e+01
-5.271901312994297939e+01
-7.195549810511055000e+01
-3.389024103100982899e+01
1.207263448884001722e+00
5.734346723880165797e+01
5.463590809896127354e+01
-1.873114166868970187e+01
-3.365424539443016272e+01
-4.905032806272787482e+00
4.206805311787629620e+00
1.444034648630638706e+01
1.080853657159570425e+01
-1.484444808398380822e+01
-1.244562085358778702e+01
1.525509232796983916e+01
1.631355903571116173e+01
-2.503187599091321491e+00
-1.692114935113271912e+01
-3.529136115653887629e+01
-2.008369865570579549e+01
3.492785478553345513e+01
4.301227034847200059e+01
8.944984560804353890e+00
-9.048470875099548394e+00
-2.631334279751175842e+01
-2.218312671664575930e+01
1.328315194990727299e+01
1.608631714786092104e+01
-9.595558380125778442e+00
-5.021442699209117677e+00
2.072830742949353677e+01
1.527055539409550988e+01
-1.528251852577453107e+01
-2.076937433831892221e+01
-7.664332483689388020e+00
2.712193603704419864e+00
1.883642658477199561e+01
1.395958323587359295e+01
-1.612057418605074588e+01
-1.569889542394585291e+01
1.144233425890553058e+01
7.534280082049200189e+00
-2.008134538294243754e+01
-1.842493460450021203e+01
5.752258120276430020e+00
2.694252874334393866e+01
5.388084140880627615e+01
3.066100603882720677e+01
-5.096112138142268577e+01
-6.891674430313072719e+01
-3.063608704351940304e+01
2.425947185336739587e+00
5.359581794631080243e+01
5.677798900816679151e+01
8.786373259059484520e-01
-1.837831968078958411e+01
-1.494939018377995588e+01
-3.128622606232939773e+01
-5.335551652474528339e+01
-3.055390667068423127e+01
3.777125797118925021e+01
8.438464671610064727e+01
1.175895462579639599e+02
5.892936363015157042e+01
-1.137812346869332458e+02
-1.584792817931453328e+02
-8.454549836505530891e+01
-3.976686310069152519e+00
1.332841490750700473e+02
1.342346405579202724e+02
-2.431506316854963146e+01
-6.558143424060024529e+01
-2.618064785813281503e+01
-1.429832848325010630e+01
1.468261499176254858e+01
1.828247854248904858e+01
-1.448052514199026142e+01
-7.968427491011865982e+00
2.946785662633748970e+01
2.125419725562770878e+01
-2.452500152308499537e+01
-2.687025582293437154e+01
5.285418783466344195e+00
1.369891404119115919e+01
1.039169612646493590e+01
-2.850873045746092238e+00
-3.575060920685650956e+01
-2.478066448491423657e+01
3.210740483930197797e+01
4.374113337783532529e+01
1.929133199071644356e+01
1.242306802493959195e+00
-2.630366725274594586e+01
-4.143836860376796949e+01
-3.862503969450615671e+01
-1.581511144925202572e+01
3.577919115328134581e+01
6.133797728829491547e+01
6.106030934891710871e+01
2.259219748221205037e+01
-7.021008871958207465e+01
-8.447285955687085846e+01
-1.918557642917602379e+01
1.725794091814528386e+01
5.083663976343694202e+01
4.498569815341779332e+01
-1.962540696637411131e+01
-3.081581386458735494e+01
2.866578177256616566e+00
7.261086175947180088e-01
-1.981455786403537189e+01
-1.551282473938309003e+01
4.971716852237460849e+00
3.188175631064770954e+01
7.221528244713162792e+01
4.179436393456070675e+01
-6.719193991568445767e+01
-9.257466840318058132e+01
-4.542618700693513034e+01
-1.616081585745173577e+00
6.989861417617447614e+01
7.997028972527769497e+01
1.531906487880019618e+01
-1.717270100399825239e+01
-3.767631575118299736e+01
-4.942444903734947559e+01
-3.485941586462545416e+01
-9.869048370969659700e+00
3.208961494625582844e+01
6.400091370839034255e+01
8.316313021059697519e+01
3.817536908977136534e+01
-8.507729535231362661e+01
-1.117693928693442587e+02
-4.651041793351625131e+01
6.670601116193546787e+00
8.286727266251944002e+01
7.941110915261671721e+01
-2.366733962047306150e+01
-4.635537763669981359e+01
-8.721640331630743148e+00
2.734414542461810704e+00
1.728081166161771520e+01
1.414608532163184940e+01
-1.732190528897953996e+01
-1.726436332117142314e+01
9.919844346831432347e+00
1.232768388800006854e+01
-1.577633705436416456e+00
-5.631337930451475238e+00
-7.086771166455449134e+00
-3.406232436916520001e+00
9.269354158939105304e+00
6.013817802158389902e+00
-1.315880291351525244e+01
-1.198122066730079460e+01
6.467475292947749921e+00
1.748739993611540555e+01
2.696220993944920963e+01
1.507865305466317629e+01
-2.392280631057054308e+01
-3.976377656912772807e+01
-3.584551457426667298e+01
-1.331570473906620578e+01
3.961765837097199494e+01
5.391282299933355660e+01
2.870993477077493594e+01
3.059880898377915770e+00
-3.834820931229029384e+01
-4.608290425743603436e+01
-1.286503302461879628e+01
9.596746293048500576e+00
3.330438911030815063e+01
2.322894189165162260e+01
-3.157167701335607646e+01
-3.232649106764516489e+01
1.560873550414329536e+01
2.703524095629481039e+01
1.735399804251775535e+01
3.683150231745884184e+00
-2.759630153782651263e+01
-2.187580287741351270e+01
2.421233738844398076e+01
2.622941351841064517e+01
-7.891189279869465167e+00
-2.209759037618896826e+01
-2.964563839315314553e+01
-1.448651713156277054e+01
3.357214023016618398e+01
3.565076727246118082e+01
-6.661082906086409849e+00
-1.811231852065283832e+01
-1.172609833739571350e+01
-3.374972980966917113e-01
2.850358240321567038e+01
2.118851828716905317e+01
-2.490233047019005497e+01
-2.949817943579524382e+01
-3.078396128795451991e-01
9.424571708326178410e+00
1.223631963938484368e+01
7.710559248598214843e+00
-1.234731701421532435e+01
-1.221181107238242980e+01
7.580393028605727501e+00
9.694642649615360597e+00
-3.656013719670132556e-01
-4.251054312054688644e+00
-7.440039524674575411e+00
-1.236894478944017939e+00
1.753342410009546626e+01
1.245605649487489686e+01
-1.621722378228739814e+01
-1.546675058992386020e+01
1.023157441894346498e+01
1.346794818129841431e+01
1.705735878103246339e+00
-9.911681627189363297e+00
-2.908447424956689176e+01
-1.814455921081713186e+01
2.698823362271744486e+01
3.381242929958399657e+01
7.412956120670960658e+00
-6.979443986793283372e+00
-2.197504658350136708e+01
-1.644846208244732466e+01
1.751450074480174735e+01
1.764503877712669322e+01
-1.260197251328039947e+01
-1.335639023208287490e+01
6.397731454230664028e+00
7.699110627381712035e+00
-1.619902122887612483e+00
-2.404382197965150514e+00
4.332830467656743068e-01
2.242320639287092021e+00
5.480078200313116099e+00
1.061817881989885581e+00
-1.207766659590532043e+01
-7.005746882559587441e+00
1.600490055047193039e+01
6.654195035020578963e+00
-3.287889814724526616e+01
-2.690208458064968156e+01
1.948493334443649161e+01
3.798497385899445078e+01
4.000932039404214891e+01
1.656832644789842490e+01
-4.616312066145178505e+01
-5.414489126641817052e+01
-7.581004981814595922e+00
1.422807687158458378e+01
2.876792161939551917e+01
2.523856888687823741e+01
-9.770876548495307290e+00
-1.602822211547475817e+01
2.790051634831778316e+00
-5.527964070605501767e+00
-3.216092801096827003e+01
-2.291537212017396641e+01
1.799116788451179616e+01
4.763530513592422011e+01
7.481328166096142240e+01
4.000104777957837854e+01
-7.015563148645617275e+01
-9.925136850593575844e+01
-5.510936726699952715e+01
-4.427139241511047985e+00
8.476244977066394881e+01
8.664398620204499935e+01
-1.258521006439312728e+01
-4.020982595412984040e+01
-2.017449563327030404e+01
-1.294289779525103512e+01
9.457321771631319152e+00
1.243010170426364702e+01
-9.707778974346267020e+00
-3.455624366461962360e+00
2.502653378205988943e+01
1.731052604430209740e+01
-2.137290237000342685e+01
-2.367662461041792810e+01
3.628545667498344951e+00
1.167983792124795528e+01
1.073345642067157968e+01
-8.601229389666928959e-01
-3.145020614444167961e+01
-2.272427928572357914e+01
2.656667332063857856e+01
3.497760913011131834e+01
1.082394415561795142e+01
-4.146674973994518787e+00
-2.370160009519111455e+01
-2.332010522540015529e+01
3.772343581795401413e+00
8.865646615776000772e+00
-2.939721653205683793e+00
6.273690373390313546e+00
2.995472900598952037e+01
1.796739673073333421e+01
-2.770582333217213389e+01
-3.363680862515289505e+01
-5.513122973058031562e+00
8.834855023273638253e+00
2.194513901008562584e+01
1.570265247944676545e+01
-1.829568459245573564e+01
-1.778487700161778662e+01
1.434275593838660789e+01
8.510044268320763550e+00
-2.700083018533999635e+01
-2.361035235638726704e+01
1.079824608435342803e+01
3.349783972531807308e+01
5.522807665894466567e+01
2.894322199784443939e+01
-5.643168401251378441e+01
-7.007040213381142735e+01
-1.753658820868456303e+01
1.200398944300648552e+01
4.241834215478841230e+01
3.930123751338382476e+01
-1.256448257392597512e+01
-2.345741019208642086e+01
-1.382117831353247395e+00
-4.148971827469706497e+00
-1.778576246344750089e+01
-1.196240175043052645e+01
7.814213482130316635e+00
2.951015920178575414e+01
5.790345450189388288e+01
3.357342876884661820e+01
-5.050278082309542782e+01
-7.444311927597345857e+01
-4.637501762862304133e+01
-6.187930438307802206e+00
7.070900874564813421e+01
6.920702209756997547e+01
-2.008947210483594503e+01
-3.876449820815945912e+01
-7.054605808451865023e+00
3.989407813384460155e-01
8.412414884657074765e+00
6.807151474275134007e+00
-1.319634704868939146e+01
-7.140996960168344287e+00
2.282603739702633305e+01
1.719684295577976485e+01
-1.930159556033870416e+01
-1.869994414058338705e+01
1.188918703292908496e+01
1.617695142001464603e+01
3.611740994269220906e+00
-1.241571883897037587e+01
-4.126782622186318861e+01
-2.548456977062925688e+01
3.970268861779785396e+01
4.990877463554189575e+01
1.280926916684323658e+01
-7.226352050179315256e+00
-2.828006647737506896e+01
-3.200537646523193303e+01
-8.402727143115642505e+00
3.219159434899412808e+00
8.835993379710922468e+00
2.392626277225171805e+01
4.291596499362212569e+01
2.168236952916740634e+01
-4.287493591065140919e+01
-5.334761024635687221e+01
-1.412075443850644696e+01
9.679487682703729945e+00
3.605197201164678944e+01
2.913674030410603066e+01
-2.297691695704745740e+01
-2.694805639117471685e+01
1.079876151335771617e+01
1.207458141840655585e+01
-9.176623616161245778e+00
-1.103858344444656758e+01
-3.490027713631619122e+00
1.228915910930929556e+01
4.289513788693508189e+01
2.755730125000390629e+01
-3.700780957674196259e+01
-5.040930450457211975e+01
-2.094350408880833214e+01
3.092243724990183740e+00
4.002719734033043153e+01
3.419528342976082769e+01
-2.361991797813636396e+01
-2.856950626324814380e+01
1.009805149306382610e+01
1.793619783913996812e+01
1.101817839035867230e+01
3.733086089270936103e+00
-1.459610386455687170e+01
-2.378813872421444131e+01
-2.307629227566583197e+01
-1.213590779111637197e+01
1.467817008493480024e+01
4.172435771400920146e+01
7.073867403547275501e+01
3.728083131067482014e+01
-6.842346536305882410e+01
-9.171116333253574737e+01
-4.024798304394595050e+01
3.093782529026739336e+00
6.838173376337653053e+01
6.841683828669279421e+01
-1.224569946287428479e+01
-3.426236339617419446e+01
-1.519574085114759932e+01
-8.415683712966622210e+00
8.976048509850116375e+00
1.034019930887864192e+01
-9.796317554014787987e+00
-1.911896259027502820e+00
2.954405196113942011e+01
2.224842705171375457e+01
-1.910071887569965199e+01
-3.253891080657420076e+01
-2.670957554546299662e+01
-7.162972072141780444e+00
3.821170695191326416e+01
3.426484668688662083e+01
-2.178737446567315672e+01
-2.920948638552819077e+01
2.395953342744420178e-01
1.410862617187185286e+01
2.844418483730666125e+01
1.439566125278031983e+01
-3.712052227583395592e+01
-3.016985172027026252e+01
3.258044652644851169e+01
3.317018239079057196e+01
-1.554929627745726783e+01
-2.601934829475225541e+01
-1.513618381865224016e+01
-1.765266164026260132e+00
2.768706567399139473e+01
2.056252870688197021e+01
-2.687959071058211080e+01
-2.638595342885170680e+01
1.483629896232214662e+01
2.135856193055961683e+01
5.910153522982357188e+00
-3.629623880429808658e+00
-1.863817418964313788e+01
-8.413736610776517466e+00
3.212721619636327830e+01
2.600915379153185825e+01
-2.369611559739323425e+01
-3.214060887519196541e+01
-1.021476027886557603e+01
3.198581205555781182e+00
2.184711182126633844e+01
1.848758073597510432e+01
-1.326019061640053920e+01
-1.676825027278100322e+01
3.137624097598896267e+00
7.936211963400175762e+00
6.514150954749413636e+00
1.795314519314910484e+00
-1.188725429426918190e+01
-5.712546960959500986e+00
2.128359442259348455e+01
1.794956811630257931e+01
-1.259944723414480983e+01
