-3.870395633035909100e+01
-1.883024753270124663e+01
-1.167967412730399523e+01
-2.447337166408893694e+01
-2.781358609281753402e+01
-2.923012968131777001e+01
-2.690171944022775463e+01
-1.701456973305803189e+01
-6.226812886906629707e+00
7.116273944623643821e+00
2.815055619346101778e+01
5.665467991941343939e+01
9.189257806845566279e+01
1.351801775722985894e+02
1.317218140060059000e+02
7.641098232467568607e+01
-3.785112297478845367e+00
-1.243256558345952101e+02
-1.779392077848428357e+02
-1.550652924239551282e+02
-1.206362931754713799e+02
-4.647937106884232605e+01
3.310319169847485199e+00
2.041422863780912067e+01
5.958127244389162058e+01
1.050046668147766695e+02
1.079985895961379612e+02
6.952391351533123043e+01
4.470122980440076610e-01
-1.119605540032557656e+02
-1.514751926940758153e+02
-1.102985092662987086e+02
-5.556054514422278601e+01
4.231915839168915738e+01
1.063194078447287865e+02
1.268959535009692132e+02
1.658064194450412572e+02
2.037023345910691319e+02
1.846187915603647127e+02
1.086586856065204927e+02
-1.319236289316792465e+01
-1.963462676582375082e+02
-2.867389777908753672e+02
-2.742135880638632557e+02
-2.467899366197813720e+02
-1.651929284483221352e+02
-9.057741793266872321e+01
-3.108135273241878238e+01
7.619790034302184267e+01
2.177319860515612504e+02
2.832263010025606036e+02
2.708970427718237488e+02
2.241828920141712160e+02
1.149517855459860698e+02
3.603555301317020110e+01
-6.942408657309044884e+00
-8.368069494495848915e+01
-1.733791701394995926e+02
-2.143196457062053071e+02
-2.075945626311372507e+02
-1.670711226705522279e+02
-7.651646148391499480e+01
-1.133491169233856510e+01
2.602691714595171746e+01
8.716970182585866667e+01
1.555874393315784801e+02
1.728623468785778812e+02
1.379410719436121724e+02
6.609673372531680968e+01
-5.885856435883724203e+01
-1.122324310383615824e+02
-8.618333290588998352e+01
-5.550156128534539590e+01
1.084782173763029256e+01
3.757936116749566224e+01
1.400848764062349794e+01
1.672389270136942940e+00
-1.889626723351112858e+01
-2.516541126063812683e+01
-9.134467018781936787e+00
3.113030645520368012e+00
1.888530849446156168e+01
2.873089790523331999e+01
2.889052249272281259e+01
2.994700808039907258e+01
2.852843829473258452e+01
2.310666449321436389e+01
1.439932416133548898e+01
5.961670566049059872e-02
-2.032883918678171042e+01
-4.277232819275604214e+01
-6.772306595902351489e+01
-9.771785054623778422e+01
-1.321736879918861121e+02
-1.277038739812014967e+02
-8.024302097815844093e+01
-9.846119784165164646e+00
9.594816752081176503e+01
1.656580980226530357e+02
1.935899231887403289e+02
2.253058549335490852e+02
2.427541110139040370e+02
2.039484317656248038e+02
1.068005970781729985e+02
-4.431337294354010226e+01
-2.627514436984971553e+02
-3.628238548683749514e+02
-3.319033260736098896e+02
-2.717872532194079440e+02
-1.342368100703681080e+02
-3.718836309336473533e+01
6.733634893619580453e+00
9.571868563010157516e+01
2.017835115149435126e+02
2.536626463886769898e+02
2.550453909572375153e+02
2.187635496705885885e+02
1.269480735182487905e+02
5.160803298070925393e+01
-6.263828752980950654e+00
-9.820683317511472410e+01
-2.095662848786710128e+02
-2.514118327718743160e+02
-2.206549355034133271e+02
-1.492041349731731543e+02
-1.294230908278145797e+01
5.953565874451886941e+01
5.993231072672441684e+01
7.194702459207594814e+01
6.447103650992977464e+01
7.325234583887068140e+01
1.073438912686734312e+02
1.247698404000456520e+02
1.349774721083740019e+02
1.154512875393387930e+02
5.789415985583576685e+01
-2.060079328151933709e+01
-1.288925996710222535e+02
-1.906319236146594562e+02
-1.985956349510954055e+02
-1.977205384857871309e+02
-1.674860086944289890e+02
-1.187965179875630781e+02
-5.335397951386308080e+01
5.237520608343793782e+01
1.977254088576557649e+02
2.632912113362102673e+02
2.429308329982868884e+02
1.946817841734475678e+02
8.746314049389562228e+01
1.374772196317919004e+01
-1.866191919116756281e+01
-8.142331312979196412e+01
-1.529315507031146524e+02
-1.786979756407787647e+02
-1.605498876322113802e+02
-1.079256806528845232e+02
-6.548307020474887885e+00
5.125860827904803330e+01
6.140098078374385437e+01
8.164218747949902877e+01
9.033113921299975857e+01
7.995063201030733069e+01
5.340647761651288050e+01
-3.127910240857648905e+00
-9.252474014701800797e+01
-1.184505521049025845e+02
-7.637566038464939311e+01
-1.599948199191025111e+01
8.705787188288549316e+01
1.157931931238378667e+02
5.832380044428588661e+01
-8.997890396974391081e+00
-1.168153667596996144e+02
-1.505347206290084330e+02
-9.494939750926306488e+01
-3.005891612355814857e+01
7.533602159197431547e+01
1.300702611128429282e+02
1.207948289555665440e+02
1.173013522029499143e+02
9.500210783447505491e+01
6.652081191830134799e+01
3.811258219442535733e+01
-1.685181811946334562e+01
-9.513298916478878198e+01
-1.375363871670979563e+02
-1.433095277295430776e+02
-1.389966333007424453e+02
-1.101337544110797211e+02
-7.051203311984471611e+01
-2.071903446485647748e+01
5.859587681623050059e+01
1.658830633780716539e+02
1.999344767280898623e+02
1.548541938537461249e+02
7.878728826134238261e+01
-5.515720501330184788e+01
-1.129411884595350557e+02
-8.285991020611413660e+01
-5.256442191145611531e+01
1.199108683028185496e+01
3.461354919304181976e+01
2.809411047500818270e+00
-1.911090512206445524e+01
-5.147730151634868889e+01
-5.818450145171006938e+01
-2.963143866177999897e+01
8.221069850480149377e-01
4.441902177433284749e+01
6.568870549609130194e+01
5.846868282854849497e+01
4.926668260101982355e+01
2.785584110545654468e+01
9.282007811086169013e+00
-3.580658774441219272e+00
-2.685442678718217024e+01
-5.680609140346010832e+01
-6.823218029280647556e+01
-6.080317326800745548e+01
-4.376937762663276743e+01
-1.064776930963427226e+01
4.728772902497142994e+00
-6.468205972479990074e-03
-2.885604104423577176e+00
-1.219713266825757003e+01
7.311223153449028622e+00
6.059912460967186831e+01
1.243816698535225811e+02
2.086060595386101113e+02
2.127346847514181434e+02
1.257835242864297385e+02
3.742700501055867601e+00
-1.816560874035937445e+02
-2.705899813525603008e+02
-2.475173755654462298e+02
-2.135608158995761130e+02
-1.266975100081193233e+02
-5.418148049203136907e+01
-6.642066739299051115e+00
8.397342036909807916e+01
2.016599473057897853e+02
2.411224655643202368e+02
2.010104519970292358e+02
1.198595682628249506e+02
-2.943018558926749506e+01
-1.012920864337297786e+02
-8.544255701909372647e+01
-7.565929842815116046e+01
-3.611078996709353106e+01
-1.621417283140318943e+01
-2.647380767659911882e+01
-1.418418229687724619e+01
7.863887220456291516e+00
2.025687538488663364e+01
2.801459857093217920e+01
3.106479173501551472e+01
2.622453991817791419e+01
1.490540037926838401e+01
-4.352029874873572624e+00
-3.490861263463429509e+01
-7.769277229770270310e+01
-8.317448362040470045e+01
-4.779570425731536432e+01
3.490047578049115806e+00
8.400566392738194565e+01
1.116595188285981237e+02
7.875861726722393996e+01
3.602396884639555452e+01
-3.814438078513202868e+01
-6.986074910268985150e+01
-4.995383278715548414e+01
-3.190101004082720948e+01
3.772639527009679306e+00
1.773831301614507439e+01
2.463913101249397108e+00
-7.258712317451972318e+00
-2.228933072209681399e+01
-2.872653165895775373e+01
-2.191227824598969676e+01
-1.724834355140835029e+01
-1.026035468834506226e+01
1.259024508509324036e+01
5.113932852881035274e+01
1.028683181667793036e+02
1.714309401850450740e+02
1.751558647434942486e+02
1.070057772137510455e+02
8.935446921011442001e+00
-1.415102370282020559e+02
-2.185009081562718052e+02
-2.104370765886533832e+02
-1.971584186174142701e+02
-1.459752730250689865e+02
-8.911486182507354670e+01
-3.313063817051087767e+01
6.526898796067892761e+01
1.992588380189601764e+02
2.516143812863332698e+02
2.182289223822736233e+02
1.509653901150362287e+02
1.959688980195836905e+01
-5.271670181164974878e+01
-5.616689661257797184e+01
-7.626733603365241265e+01
-8.304105980629735484e+01
-8.446839643838252698e+01
-8.782944247407412774e+01
-6.538980182971509691e+01
-1.930822899528659065e+01
8.060513474774719356e+00
1.857672083409481800e+01
3.210939925100336012e+01
3.977489691917697456e+01
4.035363187641394234e+01
3.431693913830734033e+01
1.524353814782956107e+01
-1.800973386738082738e+01
-3.547896254423446294e+01
-3.651290065473670410e+01
-3.723357785283487686e+01
-3.056968372066806694e+01
-5.696099421585534728e+00
3.803835445618502575e+01
1.014943918985718341e+02
1.884962720435856625e+02
1.984355719882856306e+02
1.234092056081314865e+02
1.504440851365531984e+01
-1.539205755366047867e+02
-2.394276933809276215e+02
-2.280670621016258792e+02
-2.124819863658376846e+02
-1.553721230893014251e+02
-9.425926039383425348e+01
-3.712335908110014060e+01
6.559930492836998894e+01
2.056412882725086320e+02
2.651061409600022785e+02
2.406906256088313967e+02
1.835414094771014106e+02
6.356113473298279359e+01
-1.047406038579329035e+01
-3.032646906096936590e+01
-7.458949155417165855e+01
-1.175017917272327139e+02
-1.403651123837827868e+02
-1.482472921926170386e+02
-1.300118385414381521e+02
-8.096852376413829688e+01
-3.738605488800664034e+01
2.570654780642685822e+00
6.181776464704068985e+01
1.337945189689176573e+02
1.584527787032244532e+02
1.323876766128188933e+02
7.974602580350030223e+01
-1.608805063640794941e+01
-6.171506409913698121e+01
-5.037560697178075486e+01
-4.191509788604539466e+01
-1.318218696734490081e+01
-7.010676962976894799e+00
-3.109533314681114646e+01
-4.615920722546157862e+01
-6.350804509327660696e+01
-5.924322725109036725e+01
-2.668040153524132663e+01
1.419679389494212529e+01
7.133284400970082118e+01
9.457617658191591659e+01
7.799298289830758790e+01
5.252528813726249268e+01
4.259877475135819935e+00
-2.342959050801599119e+01
-2.560019859749494486e+01
-3.515230879394212593e+01
-4.111678161974457169e+01
-4.254475663561488830e+01
-4.209142722824184801e+01
-3.138960874081048757e+01
-1.032143853541971978e+01
-7.717587094516920043e-01
-2.699161506974108171e+00
-5.061640477828056817e+00
-1.283743838810281090e+01
7.068966625915098057e+00
5.832667710321105403e+01
1.213489750558176752e+02
2.052744669448387924e+02
2.102635000651316375e+02
1.259215723991826934e+02
7.268749745515074245e+00
-1.735681501921927179e+02
-2.667337585165908536e+02
-2.577323001228585895e+02
-2.426030518572224821e+02
-1.821765166430060674e+02
-1.146011609817628312e+02
-4.775882905411866375e+01
7.006431564733088635e+01
2.307881536057569463e+02
3.032744756974398683e+02
2.835720136988004469e+02
2.295504427955913513e+02
1.077260068178637056e+02
2.335978216865030532e+01
-1.574613239947032461e+01
-8.958031868429944211e+01
-1.739160673874924044e+02
-2.138268241803528156e+02
-2.119383584885885341e+02
-1.760743088474838203e+02
-9.200327545297749054e+01
-2.910952459636005329e+01
1.126459643984800252e+01
7.618604157292529067e+01
1.509099205580170917e+02
1.831305480423968106e+02
1.722061389411712184e+02
1.321307189685017249e+02
4.861635675754776997e+01
-3.967759162540505535e+00
-2.221647932983385942e+01
-5.533541464037549673e+01
-8.622648199832241289e+01
-1.058709035461017294e+02
-1.172458841319815122e+02
-1.113449346555117643e+02
-8.562059785059129524e+01
-5.565539072992591230e+01
-1.920885706115658209e+01
3.461495438353497178e+01
1.039580046199891541e+02
1.386033002976804198e+02
1.354841716513112431e+02
1.179021674190457816e+02
7.232356799189224716e+01
3.247688350168581195e+01
5.156164844010249215e-01
-5.205674450658565888e+01
-1.180989384745101205e+02
-1.447176269374347157e+02
-1.302964427209103064e+02
-9.501435953429353276e+01
-2.484902821758113944e+01
1.415921605571994846e+01
1.761955155203905221e+01
2.985560110989715454e+01
3.503059746154900012e+01
5.559536481669090335e+01
9.706980284218090560e+01
1.363069307923765336e+02
1.796466255546658601e+02
1.680125703266685377e+02
9.269553096803775816e+01
-1.368223457442201152e+01
-1.690232131445565642e+02
-2.498401892635394290e+02
-2.448752206053075895e+02
-2.293048960500011617e+02
-1.706027560746818494e+02
-1.072989583079418452e+02
-4.539542305823162849e+01
6.175025502429281943e+01
2.061953944557067189e+02
2.787773567382367332e+02
2.765479834451588204e+02
2.469014780950639363e+02
1.620235789246074205e+02
8.502734278917822053e+01
1.971531677163374852e+01
-8.902036711636085897e+01
-2.282447125049367003e+02
-2.921659331616262421e+02
-2.778132824549937254e+02
-2.269130443426669501e+02
-1.117713376090692350e+02
-3.236592664126700214e+01
5.229670318144381547e+00
7.401670001191378390e+01
1.512519809477575734e+02
2.026619645447894413e+02
2.319622919088994593e+02
2.383567489063597691e+02
2.132145443493903088e+02
1.571551306726687471e+02
6.526723853781334128e+01
-7.199643646796012320e+01
-2.586427864117351874e+02
-3.418119288750576743e+02
-3.109612172954527409e+02
-2.443641878551576099e+02
-1.013359638635471640e+02
-7.544538097586176661e+00
2.578963009206600532e+01
9.477053984453155522e+01
1.694829695151839530e+02
2.079230498745496618e+02
2.151692792260517422e+02
1.881434084162345073e+02
1.162569458833195739e+02
5.470575632872764515e+01
2.501703995242360090e+00
-7.770939769990941670e+01
-1.753276733111238173e+02
-2.155940100990279689e+02
-1.952999813868843546e+02
-1.427320484766180471e+02
-3.749677953844233258e+01
2.546354729021560104e+01
4.021400466950571229e+01
7.101012301752081157e+01
9.536537230040008239e+01
1.080605822207132434e+02
1.134995236665138520e+02
9.639651923444667148e+01
5.519021855324143644e+01
2.416718105000931871e+01
1.877426128013156337e+00
-3.080803950989841056e+01
-6.713153320180192907e+01
-9.478687285964775810e+01
-1.140901212305201966e+02
-1.260452173980841479e+02
-1.271701237965020255e+02
-1.031132595865863806e+02
-5.070785457945358132e+01
2.710812818985426631e+01
1.360275647295567580e+02
1.922832485619200042e+02
1.898206129641292250e+02
1.744624883042996260e+02
1.242178167346978910e+02
7.262314987713840253e+01
2.317381118662052941e+01
-5.957580222575967355e+01
-1.688773528897932010e+02
-2.232162151387838094e+02
-2.201432197844313237e+02
-1.943878938053044294e+02
-1.249336884978587250e+02
-6.934744379739086639e+01
-3.120531635752244171e+01
3.594283051421980701e+01
1.196442894212055421e+02
1.878286911158613179e+02
2.429684912280309845e+02
2.917090874913325251e+02
3.265685085417007372e+02
2.795985806021273561e+02
1.415174140542858652e+02
-6.305135577055224161e+01
-3.562865811719998419e+02
-4.875065713914714252e+02
-4.370718590651041495e+02
-3.457155985208314064e+02
-1.473676209171268852e+02
-1.511957921576246022e+01
3.228857483984118204e+01
1.349998294711598135e+02
2.511975708867983315e+02
3.047254123053608055e+02
3.023761338939515895e+02
2.482432708333482765e+02
1.233189581847561982e+02
3.372269250313065925e+01
-1.900163198236593587e+01
-1.042819605677568262e+02
-1.994669409963152589e+02
-2.404876931468674854e+02
-2.272505644071941617e+02
-1.733351330524886009e+02
-6.105738235803892877e+01
1.198796209372809685e+01
4.203314720937235904e+01
9.296720427821415456e+01
1.426326205428132141e+02
1.551627014883468973e+02
1.319910731318229580e+02
7.288538546863576073e+01
-3.244893348106762687e+01
-8.043772173926538471e+01
-6.629055273915122370e+01
-4.992010757867976167e+01
-6.157762571970655685e+00
9.177718211477216670e+00
-1.190393036575121855e+01
-2.213397003703509469e+01
-3.571661724920696201e+01
-3.424441714670933834e+01
-1.102133897740635504e+01
1.429775023437885295e+01
4.802294258956114703e+01
6.053976922874704059e+01
4.718902277957104019e+01
2.749856517055918914e+01
-7.202437488094255436e+00
-2.271635390571234225e+01
-1.520059463947812617e+01
-8.653997586060409475e+00
5.846384585690794999e+00
9.144380249967960506e-01
-2.774024440511411882e+01
-5.979542392787897143e+01
-1.028840592875498743e+02
-1.061697176314896183e+02
-6.326524394768755144e+01
-4.582709243373630059e+00
8.431080350547880187e+01
1.354206107903708300e+02
1.417355509123784998e+02
1.484155414410312233e+02
1.376856611970635242e+02
1.077367452555936325e+02
6.060042514453122919e+01
-1.811310995706655547e+01
-1.300518630158227609e+02
-1.943918725481825334e+02
-2.076999931839373517e+02
-2.112731447220518817e+02
-1.847897022853974534e+02
-1.330174242623065766e+02
-5.629255428623391566e+01
6.562615600745021993e+01
2.342267155198381658e+02
3.014851379859065901e+02
2.586807236525738745e+02
1.794757267363682161e+02
2.499147935745904192e+01
-6.044604531565248351e+01
-6.387649438779754973e+01
-8.837229111486213640e+01
-9.842212330264629827e+01
-1.005277075319789333e+02
-1.034449074932092856e+02
-7.569684072803003971e+01
-1.922904121410219958e+01
1.457736433661515818e+01
2.775794392359354745e+01
4.489343039253294876e+01
5.516090863323464077e+01
5.200210960144799799e+01
3.556363473772479011e+01
4.027755205311780440e-01
-5.629607618794992163e+01
-7.765859140450119469e+01
-6.095766260652136026e+01
-3.672339185568367270e+01
9.294193012008657107e+00
4.832755306924386218e+01
7.709739736717267533e+01
1.215197418654092587e+02
1.749713052027514664e+02
1.706992805859227644e+02
1.051799231265067505e+02
5.088036866228613064e+00
-1.478849591303644786e+02
-2.292138450774746161e+02
-2.291965722610965202e+02
-2.238239660864060454e+02
-1.812680308106993721e+02
-1.225392632011496374e+02
-5.253477207613706668e+01
6.599773022692993152e+01
2.296653942003902102e+02
2.996352563193813694e+02
2.699147493341364452e+02
2.058415184735312096e+02
7.159170127694281405e+01
-1.132033287521342579e+01
-3.275152550935654006e+01
-8.228823501005881269e+01
-1.309013087037583603e+02
-1.572020533743498447e+02
-1.671161001694924835e+02
-1.482261093901898903e+02
-9.529362059333138291e+01
-4.662432419885966794e+01
3.999262539960724006e-02
6.921218485393048070e+01
1.541905351115069323e+02
1.842980647088369892e+02
1.554231819619905082e+02
9.682316549193939181e+01
-1.098527829569825798e+01
-6.386995962494731316e+01
-5.419994089777789270e+01
-4.952090962230712989e+01
-2.409590560058035180e+01
-2.145174424372006783e+01
-5.000151273329660029e+01
-6.811467595167000866e+01
-8.734001916554599632e+01
-8.056851278845384456e+01
-4.029627338726086094e+01
1.191163446848830354e+01
8.519441894377179381e+01
1.220260297088464512e+02
1.159887181745512379e+02
1.027646034326609907e+02
6.663704871987918921e+01
3.283233239898839884e+01
4.705334947113570365e+00
-4.364325203966443922e+01
-1.066069403263685018e+02
-1.314767427820380590e+02
-1.167462088638596640e+02
-8.366885407689919418e+01
-1.851797617831863363e+01
1.666324847734283310e+01
1.742009632608006697e+01
2.569942666313320601e+01
2.649192745365096258e+01
4.467861926620449253e+01
8.583128924329203358e+01
1.262648482982465765e+02
1.730136834334385298e+02
1.644515952953958333e+02
9.185430931133581112e+01
-1.023811634873054288e+01
-1.602232394265525102e+02
-2.390941369502629072e+02
-2.357986823869303521e+02
-2.237173651242640346e+02
-1.715367841859338967e+02
-1.120691720356234953e+02
-5.092498050301286838e+01
5.469629266504854570e+01
1.982292040049766797e+02
2.737992772473937180e+02
2.785217428760439589e+02
2.593578918021373738e+02
1.894715114664123803e+02
1.139314813971964782e+02
3.512223039203244923e+01
-9.256406032250554006e+01
-2.610439895389322373e+02
-3.365887334594630715e+02
-3.135172024465350091e+02
-2.510761429359178862e+02
-1.142095402413420828e+02
-2.532535541807126833e+01
6.599048593734543999e+00
7.148921719824862464e+01
1.407295614234053289e+02
2.008526087400200311e+02
2.589840462525794464e+02
2.997411096489800570e+02
3.205073257632708987e+02
2.669496145930999660e+02
1.279924257320876109e+02
-7.478027808820262123e+01
-3.608371583346748253e+02
-4.872745480258951147e+02
-4.346437245372775919e+02
-3.377143344187591651e+02
-1.319700620211725663e+02
1.108171487516870002e+00
4.269607451647839014e+01
1.358878325434429257e+02
2.366958587919010029e+02
2.839104496451586215e+02
2.854493181153401338e+02
2.363432841869032757e+02
1.213894291995577817e+02
3.743382589664020799e+01
-1.525655077712438867e+01
-9.849929077415823997e+01
-1.920163166554234806e+02
-2.322092538202240348e+02
-2.183086783256949843e+02
-1.655502090891226601e+02
-5.627613188244721698e+01
1.441627575003989037e+01
4.256750181787514720e+01
9.076304183221530764e+01
1.373017539977487331e+02
1.464256848789377159e+02
1.194651671631930014e+02
5.643849908865556131e+01
-5.293048273712530971e+01
-9.953611859395364547e+01
-7.794250326733902057e+01
-5.061086975822758660e+01
9.286951398264132962e+00
3.544315674894167500e+01
1.904854566870055876e+01
1.392935232488958341e+01
3.220961322863066467e+00
-1.469192086889154147e+00
6.140923868572712330e+00
7.309220356637435856e+00
6.172240711067231267e+00
1.819546362980697163e+00
-8.455962914818870857e+00
-2.097008101985557360e+01
-3.695284665097663890e+01
-3.653443968415850662e+01
-1.746140129093353011e+01
9.588089966128178432e+00
5.032171599766125780e+01
5.864438448766615153e+01
3.017265446171396803e+01
-8.119172109408372862e+00
-6.863258332913061111e+01
-8.577663355120331801e+01
-5.250192305081275634e+01
-1.063700384459906978e+01
5.737638757876467110e+01
8.842867371240342322e+01
7.461946472975238009e+01
6.090954548422105574e+01
3.051153027554949304e+01
1.215457811454333381e+01
1.148009144414514893e+01
7.564067169072847818e-01
-1.236038780366234668e+01
-3.480285643581298416e+01
-7.044381445753923288e+01
-1.101534051655109749e+02
-1.567947088046438751e+02
-1.485474400136926647e+02
-7.829632957343162047e+01
2.235759648207525530e+01
1.714431133644164049e+02
2.288923419792344873e+02
1.820260675293260704e+02
1.137602247296115934e+02
-1.309459277037665892e+01
-7.708890264685409477e+01
-6.423787764316722360e+01
-6.443589967221993220e+01
-4.657546520463348116e+01
-3.431415700611944430e+01
-3.693868569740089214e+01
-1.793277767536610412e+01
1.595515030505863052e+01
2.972129320221687010e+01
2.573803532634372360e+01
1.606372433014318446e+01
-6.844643613973348195e+00
-1.967565838904324238e+01
-2.083753028111406280e+01
-2.768978361518474784e+01
-3.491404976701790730e+01
-3.530871019764652630e+01
-2.989946184136083929e+01
-1.812855245767585544e+01
1.742834465055573823e+00
3.337728418208918413e+01
7.825289509421436662e+01
1.365269063173385859e+02
2.101667141824105158e+02
2.091143996285710784e+02
1.253343735030881874e+02
3.461220515686579180e+00
-1.816856658888987681e+02
-2.779764210119168411e+02
-2.719525501734913178e+02
-2.586638815426722431e+02
-1.986682775245286336e+02
-1.288220402894278607e+02
-5.648845543480852172e+01
6.969829498374579657e+01
2.422933182553275060e+02
3.244495957430002591e+02
3.119166863727614896e+02
2.660048534459755842e+02
1.518404128357645959e+02
6.087605070705551924e+01
-3.480410179926924918e-01
-1.065239286214573298e+02
-2.375398730156678937e+02
-2.958723060969232961e+02
-2.806804547951946347e+02
-2.238816569200646427e+02
-9.997822701555557501e+01
-1.988173878477709167e+01
1.061203325968173949e+01
6.809003786345236620e+01
1.271660485785943280e+02
1.790768490949734542e+02
2.296758910995187080e+02
2.637852982284308041e+02
2.795532913588854171e+02
2.315146410582663350e+02
1.099417045405951541e+02
-6.706351042122437889e+01
-3.160346159861281876e+02
-4.266475068912537836e+02
-3.820484720803198684e+02
-2.986700644909361699e+02
-1.205997499275163420e+02
-4.790118041890792711e+00
3.258075817973586652e+01
1.154226523391687635e+02
2.057727205561543826e+02
2.506161371254703738e+02
2.568862175486647743e+02
2.204534607364751366e+02
1.282176744892632030e+02
5.378146209880284090e+01
-3.590986843998401401e+00
-9.252188520372985181e+01
-1.983753973528592098e+02
-2.404849584972895116e+02
-2.158839652983360509e+02
-1.525533874947082893e+02
-2.836218266192965132e+01
4.376978463875602898e+01
5.712278241859569761e+01
8.633391152398215240e+01
1.045706170222931917e+02
1.070535797738446036e+02
9.863153754817037111e+01
6.016910561674425395e+01
-1.011397895959253823e+01
-4.385335342129634029e+01
-4.017645325459341166e+01
-3.484723901443274485e+01
-1.193888872225856090e+01
-8.592354707336751218e+00
-2.954709178725028806e+01
-4.414288667943676359e+01
-6.162105172030341294e+01
-5.780346783615289752e+01
-2.708267735739869764e+01
1.212320556027247065e+01
6.747904873769746814e+01
9.141569931952616912e+01
7.849564679477543905e+01
5.815366079785937359e+01
1.731655190840248082e+01
-6.314843550433062447e+00
-8.302736483890582164e+00
-1.805714182753621699e+01
-2.609166572623552227e+01
-3.393131145682809802e+01
-4.437494141752883081e+01
-4.919395376695261746e+01
-4.912939724122436047e+01
-3.844286271694165436e+01
-1.478501952293676425e+01
1.894940916701815325e+01
6.537925245116601047e+01
7.837375968843770124e+01
5.397364681837813549e+01
1.675889476433038894e+01
-4.582862301000839977e+01
-7.066310651199499659e+01
-5.169089270129040870e+01
-3.002381991436700659e+01
1.070298716213437018e+01
3.818558888493500092e+01
4.716923980912252290e+01
6.677006030040790563e+01
8.867198639278311134e+01
8.385094802939194381e+01
5.250873713494498674e+01
1.835850489797502316e+00
-7.584311965748031525e+01
-1.177765944735326258e+02
-1.198550891229829318e+02
-1.191125377715915477e+02
-9.975360091611193525e+01
-7.028085674622658985e+01
-3.276858642158554602e+01
3.033444467444956771e+01
1.179913923653699186e+02
1.577054659663034784e+02
1.462549531251435440e+02
1.184194476390582480e+02
5.554130254171331416e+01
1.086082646508550908e+01
-1.116728231496214008e+01
-5.241878934842374349e+01
-1.005751801268167185e+02
-1.188391196502108045e+02
-1.079484434693035837e+02
-7.610452068967320827e+01
-1.367537343114037718e+01
2.166434513538848350e+01
2.713517639386591895e+01
3.938675670738041390e+01
4.485802342156261346e+01
5.204683055449260110e+01
6.425455008644505028e+01
6.667411316474120042e+01
6.142612609455276385e+01
4.885516105111641139e+01
2.620113149244792083e+01
-5.741280638539017822e+00
-4.827016420272646968e+01
-8.220785274856474700e+01
-1.062245723198680594e+02
-1.311681713779045140e+02
-1.520726827094972293e+02
-1.335526858602753464e+02
-7.211785785742972621e+01
2.007991014253187601e+01
1.539428288068572783e+02
2.164660689550889572e+02
1.989848545414007219e+02
1.656938861786892119e+02
8.703605446593229544e+01
2.760066489829216607e+01
-5.198256459788058947e+00
-6.785505120623760433e+01
-1.451834250520893477e+02
-1.719076796759150909e+02
-1.481665640292519299e+02
-9.370211051156954341e+01
8.398244015190954315e+00
6.074904309139265024e+01
5.742337881450937687e+01
6.042425665676830704e+01
4.619185755266304483e+01
3.564555921580379305e+01
3.463548530170404405e+01
1.412030354503619201e+01
-2.076367833673269203e+01
-3.525486784432997922e+01
-3.072962191090876161e+01
