2.775591618417464801e+01
1.109339179204541637e+01
-8.206639294138684537e-01
-1.811425084323449042e+01
-2.051855770697509129e+01
-3.463937827656126345e+00
5.254296023298581808e+00
1.060563588698626702e+01
1.127400667348599406e+01
2.365282805764828744e+00
-2.227335492471448575e+00
-4.005953488964160591e+00
-9.863035026519080262e+00
-1.768954837692078641e+01
-1.000555293495087916e+01
1.418698203534078850e+01
2.713639706538348406e+01
3.155963695086725096e+01
1.428284508542741804e+01
-3.224538480387452921e+01
-4.613670398714275223e+01
-2.890105750683135710e+01
-5.534881952898993873e+00
3.755461831949818219e+01
4.709298544829272970e+01
1.826217665284133673e+01
-3.130535655964454378e+00
-2.944878804842369746e+01
-3.396625999622991543e+01
-8.345266869601903892e+00
7.169561683782753825e+00
2.012533952331946097e+01
1.750821939941321048e+01
-8.631524964279410739e+00
-1.350737540574565010e+01
-3.496602878164893902e-01
5.455983623761794021e+00
1.166168697675122345e+01
7.758282868858113801e+00
-1.018990047268680854e+01
-1.375692762372490030e+01
-4.855215052272591869e+00
1.456275954528825745e+00
1.033591619487072855e+01
7.385444801198720377e+00
-1.025073912376758578e+01
-1.086926306516782503e+01
3.359688300680022444e+00
9.587735854293599758e+00
1.299423644552031476e+01
5.782905877120376736e+00
-1.640895945591788774e+01
-1.525291169727782403e+01
8.757617145479301257e+00
1.142297342387224646e+01
-1.528330507351807643e+00
-5.927511849903490670e+00
-8.450789560653488408e+00
-4.705144351125067459e+00
9.002481977630530707e+00
1.067983989218001994e+01
1.095676831571867238e+00
-2.470469821314676295e+00
-3.805672430616193758e+00
-3.320895016343094586e+00
1.668010037203156104e+00
3.382001640036237600e+00
2.261651570260096555e+00
-2.040180877947038507e+00
-1.136833628004124641e+01
-8.040392426921295410e+00
8.634366902206993544e+00
1.158637229482557274e+01
3.302470739979802339e+00
-2.945397431679221967e+00
-1.194041533207293071e+01
-3.748461590715330694e+00
2.479460468967770481e+01
1.895987182959865436e+01
-1.970518700671152246e+01
-2.657006693166943023e+01
-9.318473440859039059e+00
1.554300882112216176e+00
1.674231684780134088e+01
1.810390826504981021e+01
9.563413935888609441e-01
-5.497968785876890863e+00
-5.524972602900423801e+00
-6.944653408776873427e+00
-5.012199214220025567e+00
-3.831585868326789490e-01
7.189534023444344335e+00
7.353050313599430510e+00
-7.831059896499261708e-01
-3.154462274615395412e+00
-1.716261647865726658e+00
-7.539447831236492092e-01
2.083674930200381858e+00
2.043008660960164757e+00
-1.317294745759115093e+00
-3.664312586386379245e+00
-6.030113851264266245e+00
-3.690307500249105477e+00
4.448874847470492888e+00
1.084953910590509274e+01
1.663843954092124022e+01
9.080162263557005176e+00
-1.455938325564484437e+01
-2.474566946540520007e+01
-2.352145677909714649e+01
-9.422204896195882640e+00
2.470340005437416764e+01
3.446081341502853945e+01
1.967625005378329917e+01
1.684373875339661542e+00
-2.955208279749086842e+01
-3.092084920433764239e+01
2.272502143652689544e+00
1.275997366108200204e+01
8.965699124105000806e+00
6.737523686112952603e+00
-3.349961555511121070e+00
-5.440477694160445132e+00
1.559026878308928277e+00
6.808943271896243932e-01
-5.180128475844591129e+00
-3.213415559138796063e+00
4.837477015862670982e+00
6.534213786058415963e+00
3.331646252778838413e+00
6.221686191650548370e-01
-3.781507520861205673e+00
-7.390921012897639031e+00
-9.616654083805652675e+00
-5.529372144362275421e+00
6.312456692098599831e+00
1.282347745314386067e+01
1.488990047448642429e+01
5.054756252046923137e+00
-2.055128947926684901e+01
-1.596691819759514175e+01
1.927925811563098435e+01
2.016570737004440517e+01
-7.006503938432254053e+00
-1.978587831047680723e+01
-2.844127861898899567e+01
-1.476337881643572558e+01
2.947295250394868660e+01
3.766633690054946726e+01
1.229209369482924785e+01
-3.480708812753308568e+00
-2.211586855121262118e+01
-2.412287991312217983e+01
-2.371118804978030070e+00
7.464530729871289516e+00
1.067716970260882725e+01
8.429722539420561489e+00
-5.826474073178762758e+00
-8.347929431440519465e+00
1.443478671926637924e-01
5.747267397659967081e+00
1.298294861160445457e+01
7.755661882951860875e+00
-1.274263002537704104e+01
-1.861938737336815208e+01
-1.214839580379990913e+01
-3.625329496972102827e+00
1.285597291533738940e+01
2.291566338423102422e+01
2.544712638200717336e+01
1.211667103298722381e+01
-2.232989016174659724e+01
-3.539679158248507207e+01
-2.809698413047382459e+01
-6.357018241395488545e+00
4.032373250829992628e+01
3.544741211562465111e+01
-2.458155247248992481e+01
-3.190622011584996542e+01
1.531981006958112790e+00
2.031420937610723598e+01
4.203940024902376393e+01
2.429374267569110302e+01
-4.335856657555562066e+01
-4.982223875971975247e+01
-7.114606436428478897e-01
1.621132978407184311e+01
1.941899545417402351e+01
1.297247783101934360e+01
-1.707082132634495508e+01
-1.817909676099058913e+01
9.092708428952963828e+00
1.538615025345018772e+01
9.410367029293114527e+00
2.399266309261159691e+00
-1.340591231404576433e+01
-1.572154230501614514e+01
-3.124636588464611009e+00
2.849831506437930262e+00
6.695711621976021988e+00
1.100731495488343192e+01
1.263449576023932686e+01
6.530242486953377501e+00
-8.686540642620693475e+00
-1.943874302739210691e+01
-2.667831898880622177e+01
-1.169041258750924683e+01
3.065643875681686126e+01
3.310196549121451426e+01
-3.140256197280824502e+00
-1.418361971299937885e+01
-1.140633285551078124e+01
-4.917818138264161476e+00
1.574303874314783691e+01
1.366028184895820985e+01
-1.236105641434988911e+01
-1.412907961605356810e+01
2.752741426813962722e+00
6.512288493516534160e+00
4.157570733500405957e+00
-6.931974033939126700e-01
-1.284800883636546587e+01
-9.774047576913130086e+00
9.443995825022593493e+00
1.347766086975719979e+01
5.728885624826324019e+00
-3.615990297484131810e-01
-1.022298608299872491e+01
-6.171181004284500560e+00
1.444739752993572957e+01
1.471044141859750454e+01
-2.954283765560288710e+00
-1.809792053885555418e+01
-3.747433830266170673e+01
-2.104498905575128020e+01
3.731179647902838070e+01
4.566616377491181566e+01
8.976586953242417621e+00
-9.313893324058369672e+00
-2.537338018674214624e+01
-2.157980399079335854e+01
1.269829899234927062e+01
1.718481939783493218e+01
-4.057672744271507703e+00
-7.192401551555133388e+00
-1.822756674808290178e+00
-1.223620129563240955e-01
3.672018665105471147e+00
3.661952331222352974e+00
-1.332056349739044299e+00
-1.967020839154530742e+00
6.552514935839574006e-01
1.547822912711731336e+00
2.137633977815187158e+00
1.224937159730735470e+00
-1.950621491990777168e+00
-6.881780048040415210e+00
-1.422115246312844761e+01
-9.805985956328333586e+00
7.556735446439541093e+00
2.326915423199523048e+01
4.045507393032894328e+01
2.235389357960960055e+01
-3.707985904973553204e+01
-5.211285685950417701e+01
-2.754468153218436299e+01
-1.350318998905146728e+00
4.361434039334978507e+01
4.139629508938708824e+01
-1.589694992293417997e+01
-2.746149840713278678e+01
-5.149519984348708945e+00
8.212488283859917360e+00
2.939281897976666968e+01
1.989280682131791522e+01
-2.725487929387630359e+01
-3.417733456102030942e+01
-6.869280554926804783e+00
6.001719332616453961e+00
1.754843946081168937e+01
1.680521707423592659e+01
-3.816479810471572698e+00
-9.090110327218368980e+00
-2.193005589597877059e+00
-7.269527273949063506e-01
1.224398724717469911e+00
2.349406980680436074e+00
7.997495581679285870e-01
-4.270643406504409656e-01
-2.172727541125939688e+00
-1.108763456188397223e+00
3.383871835004734763e+00
1.822930233365780417e-01
-1.060963045020098150e+01
-8.697118875798768300e+00
4.973927711801976237e+00
1.290580194212020437e+01
1.846020275179859382e+01
8.464467096231487631e+00
-2.147573713412590379e+01
-2.202100744970316626e+01
5.857606756261676928e+00
1.204106986004486046e+01
4.465912780322298659e+00
-1.738130490960207108e+00
-1.460212659166135118e+01
-1.093503550958858028e+01
1.168238256326131896e+01
1.634464409737699597e+01
6.773902077632736329e+00
-8.139510153945621607e-01
-1.287631461437557334e+01
-1.146815574172828889e+01
6.298361800317721304e+00
8.519471253966770519e+00
-1.700935537587675572e+00
-2.760634389462216287e+00
5.104983175096799997e-01
1.514198911649284440e+00
3.023949799121039561e+00
1.229570257474209422e-01
-8.187605085471441058e+00
-5.254049031422512783e+00
8.815412907108431284e+00
6.156254153970830423e+00
-1.153204521765117896e+01
-1.121773532160429454e+01
3.640922532522751887e+00
1.317225623024524239e+01
2.270984369089244836e+01
1.173924983190892135e+01
-2.454695425419734889e+01
-2.854376814739664070e+01
-2.577442677122800063e+00
7.397545467612435921e+00
1.127491916377434578e+01
1.155520996269617306e+01
1.130459660231405650e+00
-3.782039926461614243e+00
-4.409821769536698355e+00
-5.608848917145556889e+00
-4.353253591272848055e+00
-1.025948568754541324e+00
4.639696980389098613e+00
7.030042669515822240e+00
5.751029531837101416e+00
1.660693479766602199e+00
-6.941074164232546195e+00
-7.795241847854357253e+00
-3.868429406638411727e-01
2.771315233065745343e+00
4.048312739558943996e+00
1.182687833294159052e+00
-8.196270586377297107e+00
-6.815894832480376309e+00
5.223727179542955845e+00
9.998111994844924411e+00
1.034517949995435337e+01
4.672080068677613163e+00
-1.060322320480471525e+01
-1.484933024515821920e+01
-8.302198908528010790e+00
-6.969037041576292557e-01
1.245712629135406679e+01
1.292794156389480342e+01
-1.343813380873878804e+00
-5.378545208064920757e+00
-2.691373297120986052e+00
-1.332299199308790705e+00
2.783216566800182257e+00
3.715433009694114830e+00
7.608947532371472811e-01
-4.223261375426736741e+00
-1.292668791549155216e+01
-7.838083829780455147e+00
1.237035566575002399e+01
1.599789999597165391e+01
5.377155353684324623e+00
-9.729606989436859754e-01
-8.654345659296216908e+00
-1.073292985815630907e+01
-4.383709472158994203e+00
7.135742430233424916e-01
6.862715253162172679e+00
6.777375265989549646e+00
-1.566005656740194318e+00
-4.771723368513169028e+00
-4.554599747333500481e+00
1.407387354503179422e+00
1.604279261951229785e+01
1.099538971141946675e+01
-1.441032663277739978e+01
-1.727611918783400213e+01
-1.397555490200006689e+00
4.551472388354237175e+00
7.466763042568490327e+00
4.850513872564251372e+00
-7.845850531946085837e+00
-7.909820311640987534e+00
4.018220060353906220e+00
9.612460800536856809e+00
1.278833825807012481e+01
7.122963786873997449e+00
-1.098583965894640890e+01
-2.015387984704770119e+01
-2.185751247686168597e+01
-9.185016617994728350e+00
2.357062723824822825e+01
3.334099904665248459e+01
2.082035627834970271e+01
4.609183383766531250e+00
-2.481029464990601596e+01
-3.631037000600888121e+01
-2.686157130011156013e+01
-7.041948861408977578e+00
3.208832251017454951e+01
4.203474403849607910e+01
2.007410437498382905e+01
-4.661088998293667629e-01
-3.091147687699095314e+01
-3.446570870678289822e+01
-4.569720930168696071e+00
9.663789264201014362e+00
1.672948568057077523e+01
1.629078097096451927e+01
-3.281396418010134597e-01
-6.725563260121849574e+00
-4.835762245962970773e+00
-9.661712289870568071e+00
-1.683806309231528431e+01
-9.812504843373591967e+00
1.130757581365670461e+01
3.005926452319599207e+01
4.953438943788649595e+01
2.749179351915485725e+01
-4.327976005672743298e+01
-7.016273689467354302e+01
-5.945304817941359232e+01
-1.965673391874139497e+01
7.042920755903679719e+01
8.798290050209938329e+01
2.977731837210998123e+01
-9.396343784146719003e+00
-5.512668038714744512e+01
-5.921007264248848401e+01
-4.816065240715562190e+00
1.805968616572488372e+01
2.210814503980960666e+01
2.442403767678207416e+01
9.514257113195778714e+00
-3.301292847028954203e+00
-1.548733452415908651e+01
-1.840930637087353716e+01
-7.302722287508361276e+00
2.375692755547105683e+00
1.410894870257431855e+01
1.350710284039778308e+01
-3.044631266514779444e+00
-6.703998764470216365e+00
-4.434035304175820702e-01
-1.906622173250819507e+00
-6.674252174599585530e+00
-3.483253057628017846e+00
6.256263384804315208e+00
9.267688588069395550e+00
6.745435831065854870e+00
1.977757497610932891e+00
-7.807748268826733451e+00
-1.202663517184245023e+01
-1.019255051903766329e+01
-4.067483050487046725e+00
9.288484537640719907e+00
1.593020016783323811e+01
1.562671998684800734e+01
5.245904694153726844e+00
-1.944601829458155251e+01
-2.043604371966957345e+01
2.883977465724057776e+00
9.827059054152075035e+00
7.028920403374784520e+00
2.196039683797972764e+00
-1.148807838836524908e+01
-9.720197730248310464e+00
8.582303100163832354e+00
8.336437604721769645e+00
-6.942263180181779347e+00
-8.613327823625857249e+00
-1.522963763666290937e+00
1.236025144063147785e+01
3.827184741299979009e+01
2.539267357093104849e+01
-2.929774107430025865e+01
-5.189934312923905679e+01
-5.055406628342598196e+01
-2.008844028080600452e+01
5.599385670970375628e+01
7.300397289116307320e+01
3.065237223525571864e+01
-3.423026072686271348e+00
-5.105632103070914241e+01
-5.543384846325182735e+01
-4.185357774508129403e+00
1.691683089596520162e+01
2.104444542399941653e+01
2.255494252047287418e+01
6.928129902694980302e+00
-4.078689348123349490e+00
-1.187080047207418332e+01
-1.586419060498984202e+01
-1.136011112722303196e+01
-1.865188000787727951e+00
1.503879768912093695e+01
1.711265898690919585e+01
2.678182032804118595e+00
-3.881351683590723134e+00
-7.145365127324224908e+00
-6.645631199462266991e+00
1.822302764983065426e+00
5.294578624423644797e+00
4.755539239250436978e+00
-1.780509895644092344e+00
-1.740256527496567784e+01
-1.211771118136898551e+01
1.488733624508262565e+01
1.841710296977704431e+01
2.561374584571554980e+00
-5.203650098043942407e+00
-1.236782572039580685e+01
-6.663367207431377004e+00
1.680242902405709771e+01
1.391294873595533943e+01
-1.398285851707721505e+01
-1.517985298034606600e+01
4.253370305410648200e+00
7.931942465801720132e+00
3.227112038854682119e+00
4.244145272091305321e-01
-5.707056672922548479e+00
-4.188319909396892804e+00
6.353941675608046680e+00
8.734768157951604550e-01
-1.958294741122913862e+01
-1.543448331064375445e+01
1.102179267729613166e+01
2.923985716768995147e+01
4.592536226603591842e+01
2.546067776481086753e+01
-4.067693449936535188e+01
-6.582880671507464854e+01
-5.562650254162631569e+01
-1.883022341753826367e+01
6.438257618909315738e+01
8.302589933080379581e+01
3.426289233155376479e+01
-4.649606280861044993e+00
-5.762325030718533725e+01
-6.219599246030981021e+01
-4.017888987069862416e+00
1.942075548512367789e+01
2.270473716911714490e+01
2.357835143437236880e+01
5.477350337925995127e+00
-6.311223416685530552e+00
-1.297931914829077371e+01
-1.310504474740213254e+01
-8.848386771317779953e-01
5.098186371983008947e+00
6.585551246282225435e+00
4.749789610653747829e+00
-4.245135078008313023e+00
-4.598312623385722553e+00
3.538131884303169272e+00
2.969060237552143100e+00
-3.902793204752718736e+00
-2.948752339062068017e+00
3.821544619161681755e+00
2.936314880308055209e+00
-4.060328988203278477e+00
-3.948545045757187122e+00
1.638612561000991841e+00
2.825163612913670796e+00
1.445481646080146287e+00
-7.374123658656501767e-01
-5.343502648301418745e+00
-8.184220387739465918e-01
1.368253104957391209e+01
9.789762925340609101e+00
-1.176588874319563516e+01
-1.447429321279603620e+01
-2.086081697539141189e+00
3.365776040359754973e+00
7.757591283577770724e+00
6.854120011371831467e+00
-2.787088517659356501e+00
-4.489023875660327789e+00
5.828880153933576613e-01
-2.476083457412072697e+00
-1.134131038732538066e+01
-7.864302830720758308e+00
6.910906372499660222e+00
1.966369386921698847e+01
3.362935918661570867e+01
1.936788979144923672e+01
-2.809341722532559160e+01
-4.916022525886936023e+01
-4.865052795431250132e+01
-1.949730469095727159e+01
5.278050036269522138e+01
7.093156208342389846e+01
3.496701572087635412e+01
3.595279254148358028e-01
-5.381043017595977318e+01
-5.995901234228924181e+01
-7.487154261530579724e+00
1.552464616883932180e+01
2.406600884078722657e+01
2.711091750735394257e+01
9.892392737135198288e+00
-4.195627752880631611e+00
-1.795842726272571355e+01
-1.919097211672559311e+01
-2.348700702732172463e+00
6.045866499370333713e+00
9.722315581110427374e+00
8.890537855419671232e+00
-1.491517429515199167e+00
-3.905616337925644554e+00
8.062564204575420890e-01
-2.696899292004499848e+00
-1.178831275313895510e+01
-6.802303049199192486e+00
1.143798772160425692e+01
1.467693010752481797e+01
5.178350416187031513e+00
-7.871019730324122499e-01
-8.223751360935469989e+00
-1.167721083841364127e+01
-8.768299268796091894e+00
-2.723028501223527797e+00
8.784509040189572460e+00
1.447715459877395716e+01
1.372446196159581788e+01
4.753715068926709364e+00
-1.603602480478104653e+01
-1.867636497726239497e+01
-2.663013173488062435e+00
5.330638569984309072e+00
1.109421929815080610e+01
7.677513164522569156e+00
-9.797828494926683618e+00
-1.015141567850549009e+01
5.359063961194411085e+00
5.499598540961082804e+00
-5.133039906387680595e+00
-5.948672906027403506e+00
-1.032579975660933735e+00
1.038425292017834245e+01
3.204285670841625233e+01
2.157622806479760058e+01
-2.321493207120016322e+01
-4.378327916317198998e+01
-4.707861240221108545e+01
-1.986915398745199468e+01
5.157850959388206036e+01
6.555848448643114068e+01
2.282958805652482326e+01
-6.555170761303843463e+00
-4.287306371496805468e+01
-4.350006107259035559e+01
4.087663167514175910e+00
1.888465036984611345e+01
1.072895858701347116e+01
9.120711778974797568e+00
5.423645212851837538e-01
-4.214739415112593868e+00
-3.015050956221036138e+00
-4.273514429856406061e+00
-5.230614249486962741e+00
-1.929921891165942816e+00
5.345508806231527466e+00
6.731924527875476905e+00
2.290247242433732566e+00
-1.056757029592647168e+00
-5.343897529058224904e+00
-3.336613713489137378e+00
6.495507861459750565e+00
6.511837793668096452e+00
-2.293158736098287687e+00
-6.004810179839765283e+00
-7.505633142309153349e+00
-2.889647312458543560e+00
1.055328834177465325e+01
7.683733598888199623e+00
-1.157631761427149364e+01
-1.122110468005852191e+01
5.478144317415821973e+00
1.199481130008532936e+01
1.383728760620461706e+01
6.508138885757990266e+00
-1.491138387089629447e+01
-1.879443661735505700e+01
-5.700148744047445426e+00
2.317618883721860534e+00
1.132245274909809751e+01
1.131670076050033913e+01
-1.487467304957970526e+00
-5.546143066742390104e+00
-3.329874210444747629e+00
-1.780273495595868560e+00
2.853011811011702203e+00
3.011547086144671592e+00
-2.006120893975638975e+00
-1.248631648650426307e+00
4.061788836111207779e+00
3.468573601998994338e+00
-1.759495010691491501e+00
-6.438151665425445813e+00
-1.230189527082115042e+01
-7.203543949242443567e+00
1.063175898067825997e+01
1.819416440797439449e+01
1.745785101144413787e+01
7.071187886151117041e+00
-1.835704770257638074e+01
-2.714542591227080592e+01
-1.939636048997637019e+01
-5.200491754308355752e+00
2.299122916645265846e+01
3.071168207240326709e+01
1.588107517587045692e+01
5.890290923364986941e-01
-2.340579775563524123e+01
-2.594194368813053586e+01
-2.509484746556544188e+00
7.643763291160777129e+00
1.113841151819080544e+01
8.045778299241154841e+00
-8.661638564232763571e+00
-1.025261658507761631e+01
2.546745759892760308e+00
1.169257502049108588e+01
2.265607721975731437e+01
1.452207063280206434e+01
-1.684082162946081596e+01
-3.329506531028516036e+01
-3.889132457627479056e+01
-1.762319336184828344e+01
4.036317790423076701e+01
5.413523301240967101e+01
2.528967357233582192e+01
-9.866392252482443226e-01
-4.139926186081422088e+01
-4.342307204850805391e+01
1.579691182356521173e+00
1.633151878545309543e+01
1.178172800348636251e+01
1.263650622226624520e+01
6.386456967047998035e+00
-7.660494771597606833e-01
-7.877543172675442129e+00
-1.171362367412833549e+01
-1.023748561585316708e+01
-2.808336880284401538e+00
1.275284802738511303e+01
1.265227956114673979e+01
-4.042815992854094986e+00
-7.955781852751854011e+00
-3.174351312971981809e+00
4.879831246709582793e+00
2.152149983574772563e+01
1.583197889043886342e+01
-1.405015259504638792e+01
-2.803972034077240849e+01
-3.150781732001137314e+01
-1.354891786041949153e+01
3.506389209232494153e+01
4.119605250290123877e+01
5.396624554369727989e+00
-1.131633975396887060e+01
-2.245603799206446283e+01
-1.483442013043871555e+01
2.235414383628018342e+01
2.229211843311043850e+01
-1.265457278630128712e+01
-2.052642595682133475e+01
-1.185748332317209375e+01
-2.783526031279734525e+00
1.652971568404466041e+01
1.759432264609625562e+01
-1.927653254518952641e+00
-8.051266082028595505e+00
-6.156994948202232365e+00
-1.354360524100873597e+00
1.219527491692143073e+01
1.004211694813987421e+01
-8.682446569127920455e+00
-1.334717614527841434e+01
-7.889896851858197557e+00
-1.606807109062593941e+00
1.085866835958920795e+01
1.175102192405958945e+01
-4.932283779999924178e-01
-4.994643224345659327e+00
-5.233973505048785668e+00
-1.941362939785196584e+00
8.612524963980748183e+00
7.061765241695500350e+00
-6.825134055448132564e+00
-8.920243353696722721e+00
-2.137218149096054898e+00
1.160072069413906171e+00
4.800158332369519165e+00
5.374676564810694224e+00
1.111331495165004180e+00
-8.251701604791421563e-01
-1.488888723490694677e+00
-3.444724477362784310e+00
-5.627990434119337415e+00
-2.889001650879410743e+00
5.140987404054211396e+00
6.241252780128426991e+00
8.588797181129013136e-01
-2.100555195790914098e+00
-4.879228273141271721e+00
-5.358502030355138945e-02
1.438238190336166866e+01
1.114255315847200123e+01
-9.456665407915879840e+00
-1.799357189933793677e+01
-1.882719434972394978e+01
-7.933757869188466039e+00
2.088908239650492149e+01
2.672052307473388311e+01
9.815027377481019499e+00
-2.092278229235265741e+00
-1.720405852395708735e+01
-1.935790079041965583e+01
-3.770495794810417411e+00
4.326769594510834871e+00
9.224908913766332930e+00
1.200261205543885268e+01
8.354904862276598010e+00
1.878752216612517900e+00
-9.010660142488370994e+00
-1.627943650023155442e+01
-1.919274157428531069e+01
-8.873322476076472398e+00
1.819416806451757296e+01
2.937696578922738055e+01
2.584701225567391702e+01
8.887617780924752964e+00
-2.970019483117170722e+01
-3.915992860096579875e+01
-1.852910883017591459e+01
-1.888973124757700184e-01
2.694858973213041864e+01
3.287645456792203191e+01
1.178356257239024529e+01
-3.422593840437332169e+00
-2.058303522381645578e+01
-2.240417502440848452e+01
-2.606964631219912842e+00
7.000554106752296057e+00
1.121971560264416112e+01
8.820656199973877065e+00
-6.225664260828082774e+00
-8.018831822882106053e+00
2.544156722483054800e+00
4.242698526972782602e+00
1.374766261831432912e+00
8.657197550986994727e-02
-2.536607288119779202e+00
-3.886808347912159345e+00
-3.434785586173082716e+00
-1.238654477480190641e+00
3.595519449007512414e+00
7.796114251252710403e+00
1.154424760524096172e+01
7.531083100702660182e+00
-5.769730426904918552e+00
-1.702807120230237814e+01
-2.799175934100696495e+01
-1.329453291640988510e+01
3.178831008518285373e+01
3.269267163864870440e+01
-8.520979460896226598e+00
-1.804508286670643002e+01
-7.822811619240818359e+00
2.292720095861437102e+00
2.426159608345993490e+01
1.740685184104118477e+01
-2.176008272309562841e+01
-2.668918153564538542e+01
-3.389298646058577891e+00
6.011591299806324784e+00
1.227262202111839606e+01
1.139751224645636185e+01
-2.992015851289306916e+00
-6.496055913782396551e+00
-8.678080897717085351e-01
-1.901487568924206784e+00
-5.666207173588987622e+00
-3.059988902110537978e+00
4.581318603632542619e+00
1.056100986801388153e+01
1.616397351523970016e+01
9.093311939207330497e+00
-1.312535018125659292e+01
-2.614347124782365128e+01
-3.225910750793219250e+01
-1.567217970819104700e+01
3.065465758540408103e+01
4.718962733785878072e+01
3.614859685646703724e+01
1.002080451416956741e+01
-4.503339273821193700e+01
-5.489446753341860585e+01
-1.621828964386875427e+01
7.309064379218720653e+00
3.121091307452071817e+01
3.470945399706985057e+01
6.794349056274655574e+00
-8.183597422651795128e+00
-1.705784151568847307e+01
-1.848163182646190705e+01
-4.269324582360695786e+00
4.199289633170998570e+00
9.455840986281280891e+00
1.067203033042308391e+01
3.580947240566653811e+00
-1.705519137968273702e+00
-6.696174444767781786e+00
-7.508017427580069736e+00
-1.959399243804687440e+00
1.766276663202676289e+00
5.091637558031131050e+00
5.603707054965487266e+00
1.668469834799694684e+00
2.820177793196751992e-01
6.205692035399140716e-01
-5.151771548603623074e+00
-1.642250864326775073e+01
-9.550516157362535452e+00
1.600924103844261381e+01
1.837357391251037697e+01
2.073118740837244511e-01
-6.676419216634039699e+00
-9.216230833893224172e+00
-4.203208607791851570e+00
1.378928118447460704e+01
1.140597061673375912e+01
-1.110978024877586812e+01
-1.307226674057322313e+01
7.307672701987218966e-01
4.473056472944842987e+00
4.198770626240114545e+00
2.151425339900244982e+00
-5.461446329917388098e+00
-4.942487416555732871e+00
3.863089165977354966e+00
5.981044201417086370e+00
3.629216878679519809e+00
1.075710371212087235e+00
-4.171925724130185031e+00
-7.139765151339181770e+00
-7.437132301684715507e+00
-2.908628837734783090e+00
8.172123197047630683e+00
1.272720114330543950e+01
1.101815308662875204e+01
4.572372850916160303e+00
-9.895775981895978290e+00
-1.883505564001883670e+01
-2.228369906511450793e+01
-9.910242259712479296e+00
2.298011532686133052e+01
3.105707833976984844e+01
1.523098107769486198e+01
-2.846587239538285186e-01
-2.498817321480337128e+01
-2.603099345160596911e+01
1.390288578567268951e+00
9.780132624342341430e+00
5.774127432510750779e+00
8.207290166642433604e+00
9.690108002475405158e+00
3.650712918392517103e+00
-9.208935489293592624e+00
-1.524007612625609376e+01
-1.482234560265471046e+01
-5.257380332938668133e+00
1.738002815326861494e+01
2.248561441865023269e+01
9.887974747746776316e+00
1.492023751401947429e-01
-1.312311506591386490e+01
-1.965245560290003013e+01
-1.626222140405861083e+01
-4.497726981514733602e+00
1.988461697947353812e+01
2.510606380808029670e+01
1.002813807223900788e+01
-1.025689901231562562e+00
-1.492729419367669763e+01
-1.952175855483614342e+01
-1.070112560156928616e+01
-5.881494766397150631e-01
1.500846918247557404e+01
1.701647387940775147e+01
2.648844861538523610e+00
-4.619735306962160060e+00
-9.123970101309174296e+00
-5.959142632350673985e+00
9.369344747009337837e+00
9.840174402840062839e+00
-3.587049707722177683e+00
-1.058287025736614062e+01
-1.588654181142123178e+01
-8.432689513451800067e+00
1.596604999522127244e+01
2.188816020288936670e+01
1.096427991090668108e+01
9.120269216102976362e-01
-1.526634689743395157e+01
