1.107750949986660771e+01
1.178804009603314285e+01
1.235920002585719857e+01
1.277248923423071503e+01
1.321298065852346504e+01
1.362382733607828911e+01
1.366248636354798407e+01
1.331238312190299133e+01
1.269133702929824992e+01
1.170324346286176365e+01
1.058538931551513684e+01
9.339700896374409922e+00
7.759142411091135116e+00
5.885696013892922629e+00
3.893246392117672539e+00
1.765601887328592579e+00
-5.593543761324989427e-01
-3.046504039756186888e+00
-5.864222871034107776e+00
-9.027996106313711522e+00
-1.243083184354601656e+01
-1.611620258565497110e+01
-1.877447095851836778e+01
-2.026630374685471381e+01
-2.124126373495915487e+01
-2.132108317157483413e+01
-2.123941292655183233e+01
-2.103197615498408268e+01
-1.998975012023852571e+01
-1.824868959911822941e+01
-1.679715657862627509e+01
-1.561701957701927590e+01
-1.430845074521173643e+01
-1.310367639793001615e+01
-1.121623130883213548e+01
-8.584529871338078877e+00
-5.781412264318891658e+00
-2.620611247108074249e+00
-2.363896930275428687e-01
1.202751788385714615e+00
2.370419552324747325e+00
2.929987970871677838e+00
3.410333939639067502e+00
3.855260979936854682e+00
3.696861286481374353e+00
3.034651534692920372e+00
2.910669967925249235e+00
3.331515890570989402e+00
3.852051408219322237e+00
4.727336459461746188e+00
5.189371240397854912e+00
5.179911069475163110e+00
5.287458430338530135e+00
5.335497913765141043e+00
5.575243627415293446e+00
6.094415097278690574e+00
6.646086022371370916e+00
7.317274227295899713e+00
8.098093176682938932e+00
8.971868512336774515e+00
1.002415589156573361e+01
1.125547907647983159e+01
1.225843823515406150e+01
1.301464929945478843e+01
1.372402513787404388e+01
1.428231056033030555e+01
1.494958524280909096e+01
1.574843635835177302e+01
1.646306995713485222e+01
1.715237409056213380e+01
1.735650041301119728e+01
1.700215985109896621e+01
1.634534939764496642e+01
1.524423315612483698e+01
1.391075010964648229e+01
1.235431788786185336e+01
1.033641110484719583e+01
7.890823491846916227e+00
5.434223660049605442e+00
2.962244290480654296e+00
2.869336362531204054e-01
-2.495017119989344945e+00
-5.703867046351051684e+00
-9.370400328260744871e+00
-1.326189107570920100e+01
-1.745740197007227579e+01
-2.063124013825870051e+01
-2.262812376759760369e+01
-2.413090315243275796e+01
-2.475277066744473231e+01
-2.520876711293845318e+01
-2.553644085689457199e+01
-2.502742437040766887e+01
-2.381316350976580765e+01
-2.294858249101674375e+01
-2.242009749549727005e+01
-2.179206165302099762e+01
-2.131408702141489897e+01
-2.016088058404402616e+01
-1.826692931904246464e+01
-1.623886442364945282e+01
-1.388155629151776616e+01
-1.192039822630515822e+01
-1.048605646079872322e+01
-9.089937023233028768e+00
-7.950939099717070135e+00
-6.782035755096594620e+00
-5.547373319977742412e+00
-4.586500588545248114e+00
-3.843410043321485503e+00
-2.554592201891090042e+00
-7.031890728721059691e-01
1.376816387806888198e+00
3.877582009162091392e+00
6.264066483543097696e+00
8.497805777475551992e+00
1.100422351945082333e+01
1.366380611030040804e+01
1.581845831567925487e+01
1.744994100930125569e+01
1.878212993797548691e+01
1.963741829676769868e+01
2.049536257750178336e+01
2.136604007973484443e+01
2.185083364414015961e+01
2.204091900343198063e+01
2.224991754786656983e+01
2.245066891284551502e+01
2.254645517344851413e+01
2.260406929025399592e+01
2.232060922350559196e+01
2.167458951545773971e+01
2.086508556298841910e+01
1.981837177238734071e+01
1.857273383584739079e+01
1.714496360547905240e+01
1.545704480292630834e+01
1.351788080993856056e+01
1.134282528823440472e+01
8.917406997753579034e+00
6.236784778335630719e+00
3.296926770180763633e+00
-7.715824133482263036e-03
-3.692331565432808826e+00
-7.715567490451514132e+00
-1.211164636847109044e+01
-1.683359855638471814e+01
-2.188519720578359440e+01
-2.732444677336048144e+01
-3.314785790404156529e+01
-3.694658042380124385e+01
-3.848713518289153512e+01
-3.890029301356957347e+01
-3.749287485277159249e+01
-3.566913346643421079e+01
-3.348497518501013559e+01
-2.960886515179154799e+01
-2.429796894470893420e+01
-1.927416485436283722e+01
-1.449012105240657355e+01
-9.257729398356360662e+00
-3.974388899243961326e+00
2.766361233108888928e+00
1.107799395003354270e+01
1.995549423804439471e+01
2.973669477129312710e+01
3.648033549632360462e+01
3.969649020797011474e+01
4.149258279340965316e+01
4.071520141050729791e+01
3.941746179709165432e+01
3.772195731950827025e+01
3.355834912752396093e+01
2.730677850196947887e+01
2.220355453078593655e+01
1.822302424157098599e+01
1.401817296300843019e+01
1.036175293238800421e+01
4.760401720044633578e+00
-2.981134887437583370e+00
-1.101032910033586099e+01
-1.991228592070352832e+01
-2.621377729784959598e+01
-2.937991489171591653e+01
-3.147757725405949714e+01
-3.146630348473333072e+01
-3.093396006495682471e+01
-3.000622043550835372e+01
-2.694488923030257865e+01
-2.204063621957905283e+01
-1.851850851499824913e+01
-1.639405151053005127e+01
-1.427071381413529139e+01
-1.293236822768304428e+01
-9.995756370739055541e+00
-5.271288043677208712e+00
-5.734505290525612198e-01
4.652124711401456558e+00
8.493779754875822263e+00
1.057024974931166916e+01
1.218777182836941009e+01
1.275218187987815455e+01
1.295591898663500885e+01
1.288055438351835313e+01
1.163716710806947674e+01
9.347842554415265681e+00
8.103191950495352458e+00
7.942235008749354286e+00
7.917447043138991170e+00
8.546076763666398790e+00
8.354963853390435347e+00
7.223268878087457878e+00
6.303540567911110948e+00
5.255718941617771200e+00
4.318733477920179809e+00
3.641232772295123876e+00
2.863065893471453460e+00
2.083374347230093626e+00
1.425974380467969649e+00
8.658849727892379278e-01
4.354798589256810848e-01
1.631639433613531198e-01
-5.830355584293986926e-01
-1.844028965120513730e+00
-3.292168391972988051e+00
-5.093171589197125648e+00
-6.873466158726600383e+00
-8.599013541429725294e+00
-1.059500513463262372e+01
-1.277824807998851142e+01
-1.417035186194694418e+01
-1.471288863385557732e+01
-1.480760539505926587e+01
-1.418403546102151402e+01
-1.348171193078365704e+01
-1.272230376178146471e+01
-1.134401125035478586e+01
-9.468464152104603571e+00
-7.664698931369550827e+00
-5.903936503971792149e+00
-3.984054165831333538e+00
-2.033177149316723664e+00
4.468282306646577662e-01
3.492228416518850853e+00
6.757870761778354662e+00
1.036286214637458869e+01
1.293864224857012424e+01
1.431704538174189523e+01
1.523185349742448658e+01
1.528396096819599848e+01
1.518682921068533176e+01
1.498453573021706120e+01
1.396017321167094849e+01
1.224702318251968514e+01
1.096095366386856007e+01
1.009360373757343687e+01
9.182955264130134410e+00
8.496078186871509175e+00
7.174175586114683867e+00
5.151079545276370020e+00
3.066258801508644716e+00
7.189875886157758300e-01
-1.083205377674890224e+00
-2.195202683044316760e+00
-3.145880814171288620e+00
-3.689444041454787548e+00
-4.148686500675447419e+00
-4.558447420472889533e+00
-4.534749989297710115e+00
-4.137253991002808107e+00
-4.196278942795629519e+00
-4.725123516736680962e+00
-5.356314377318112996e+00
-6.295456091034096424e+00
-6.950956208199023934e+00
-7.276633254551353680e+00
-7.734306853478588373e+00
-8.188550830103695333e+00
-8.330634145975885474e+00
-8.179065426581333398e+00
-7.779952534765722127e+00
-7.055696139381679721e+00
-6.289157911339649409e+00
-5.478991275020356433e+00
-4.414444534294149847e+00
-3.148896426620666933e+00
-1.723646149772449343e+00
-1.141609327624598380e-01
1.667845066747609017e+00
3.621108365783975547e+00
5.836302639301717221e+00
8.319880388015516104e+00
1.103095958947379351e+01
1.399440946408584630e+01
1.594417499280523920e+01
1.675294277092262618e+01
1.703628893094367669e+01
1.643068207825024984e+01
1.565887109224363805e+01
1.475487325485441659e+01
1.302903714663238688e+01
1.061595584586253516e+01
8.441676927605657355e+00
6.486237918481664977e+00
4.379785310551381983e+00
2.339029944919867265e+00
-3.801215713736189605e-01
-3.835411801298640011e+00
-7.487628676106261594e+00
-1.151312745126610082e+01
-1.433476656526341486e+01
-1.574206993707399604e+01
-1.660834840025937709e+01
-1.646880451388070199e+01
-1.611309059573114766e+01
-1.559288480627548168e+01
-1.409245437136739554e+01
-1.175761112784926787e+01
-9.933710691474090027e+00
-8.615765913878007609e+00
-7.236327036001648949e+00
-6.118537636624274967e+00
-4.240045900725143646e+00
-1.520386408233453279e+00
1.274767049073668890e+00
4.384640364312653027e+00
6.662230696200270863e+00
7.914663401116159847e+00
8.858333295588012746e+00
9.145977258834337320e+00
9.267384042810720146e+00
9.267157884788497668e+00
8.584985661868426376e+00
7.310159703177014023e+00
6.568808906211547338e+00
6.372525799011039993e+00
6.226427160678055017e+00
6.406437275492714356e+00
6.095280345506033370e+00
5.227803674854226479e+00
4.433278330215155272e+00
3.522571648838797476e+00
2.624409857468424700e+00
1.817836003569886616e+00
9.032225594195362195e-01
-6.745968334564232671e-02
-1.026790512962429514e+00
-1.990596144775155008e+00
-2.944393097614252497e+00
-3.874398873393691822e+00
-5.122023802531759706e+00
-6.711211125434752844e+00
-8.467594992656813702e+00
-1.048209527122381424e+01
-1.255648067486163733e+01
-1.467435227881674642e+01
-1.701201755341310218e+01
-1.952680301611102820e+01
-2.105715435322195717e+01
-2.150791436237743426e+01
-2.139503126365105246e+01
-2.038928863665802282e+01
-1.920099341807357263e+01
-1.785596328604900407e+01
-1.570150676466843009e+01
-1.286943036756408354e+01
-1.012453155888570144e+01
-7.438659665513799979e+00
-4.517809726468071219e+00
-1.536432982917537160e+00
2.147764149866907779e+00
6.585231155435065098e+00
1.132339985948663852e+01
1.651674955023576530e+01
2.034173799494298507e+01
2.257403866943577242e+01
2.418799104058146909e+01
2.465111763259487887e+01
2.491658309569642427e+01
2.504202119818508976e+01
2.406970523559844821e+01
2.217701849667442104e+01
2.085442888204902090e+01
2.009030333645908684e+01
1.926653880314120570e+01
1.873946511296775697e+01
1.736080532406552734e+01
1.504153368163975202e+01
1.263566476477592815e+01
9.874358412471599067e+00
7.624105057893482140e+00
6.056422405821354715e+00
4.563066867471002652e+00
3.410141129897279910e+00
2.287019749216889775e+00
1.150631023318984036e+00
3.962066980447234155e-01
-3.509946934266244822e-02
-1.101514003303797118e+00
-2.826256280515021757e+00
-4.781099603334703296e+00
-7.206923816532555982e+00
-9.438931559405801863e+00
-1.142692565333424071e+01
-1.370048436694760419e+01
-1.610993718803040409e+01
-1.778625647131347876e+01
-1.870099219509668131e+01
-1.915465827516430863e+01
-1.891110935248017810e+01
-1.859387747173336791e+01
-1.821551843027334172e+01
-1.725223081897022226e+01
-1.582144479988256869e+01
-1.434449490236290536e+01
-1.278525195764633970e+01
-1.100947340186919554e+01
-9.106421125904619274e+00
-6.671184469426858499e+00
-3.673645785765018434e+00
-3.792326593973549542e-01
3.311477858236561378e+00
6.031907625613761148e+00
7.624967394944569321e+00
8.811114861381902585e+00
9.195841175802614842e+00
9.512798259588944205e+00
9.807532477237018043e+00
9.359139404510315785e+00
8.307206521828476298e+00
7.738314095003430815e+00
7.643628504106930066e+00
7.581723674908912081e+00
7.813587488750884269e+00
7.499463475987370842e+00
6.577433959530800678e+00
5.673936597273256055e+00
4.594393920105576790e+00
3.702325264475454070e+00
3.097189301791412941e+00
2.463614708558143906e+00
1.918966584680595222e+00
1.394512096902824405e+00
8.661528602380919040e-01
4.741332071697407224e-01
2.052476553288433148e-01
-4.416410100785197468e-01
-1.487384082753762771e+00
-2.697617779022125184e+00
-4.201405297277509554e+00
-5.672586990791126382e+00
-7.086364701907640118e+00
-8.713326845251113895e+00
-1.048155462872201227e+01
-1.161835965482752719e+01
-1.207801334025521101e+01
-1.217303148539790669e+01
-1.168927199745790979e+01
-1.113613631171407015e+01
-1.052955631948327664e+01
-9.422618579674718831e+00
-7.911564590275827591e+00
-6.448213681253480267e+00
-5.009230414094980155e+00
-3.433391698369890221e+00
-1.822062448852702632e+00
2.216308388819359654e-01
2.727061658656446674e+00
5.420157364187815574e+00
8.396213585289993730e+00
1.054858035263591809e+01
1.174210805908373878e+01
1.256970503258139971e+01
1.270902767165989644e+01
1.273873188189813099e+01
1.269476987579371219e+01
1.199715236703289101e+01
1.075430631284226735e+01
9.867678827150246690e+00
9.330726927169919804e+00
8.771020796171532297e+00
8.404549804559927395e+00
7.537764493291178702e+00
6.117607419767869814e+00
4.660989631775679598e+00
3.006088761123711262e+00
1.682373481707604590e+00
7.947247614533932136e-01
-2.617051757169397419e-02
-6.173124517429814384e-01
-1.168604740456867574e+00
-1.705484979860105499e+00
-1.985603766015771932e+00
-2.044338302006369013e+00
-2.463666526771473908e+00
-3.256803144900479730e+00
-4.162792571780986606e+00
-5.327320231282486773e+00
-6.344969079402892120e+00
-7.184446535341496798e+00
-8.167177132068673018e+00
-9.201284994607986434e+00
-9.877452802348667404e+00
-1.018994487036811947e+01
-1.026460694431289866e+01
-9.991985085823413826e+00
-9.681904731307700018e+00
-9.338897001722546776e+00
-8.709953714035778560e+00
-7.853560696478031566e+00
-6.939201155310102287e+00
-5.946856713403086303e+00
-4.829316324663241566e+00
-3.620573641800007181e+00
-2.144393891780589367e+00
-3.878500075391629887e-01
1.538297370473884484e+00
3.677931853002209817e+00
5.162567915116162531e+00
5.897339530722089052e+00
6.325076009237259100e+00
6.195457189952453980e+00
5.986650897301289298e+00
5.725063848777434572e+00
4.946247685744506128e+00
3.740180573707024170e+00
2.774360892100514953e+00
2.039640352592578587e+00
1.266341491258864416e+00
6.130178918194151283e-01
-4.446018624266357411e-01
-1.946182314037109284e+00
-3.505478096332548255e+00
-5.245242483561855629e+00
-6.181007683613261250e+00
-6.174843013562544947e+00
-5.780027856545008724e+00
-4.704117327409357507e+00
-3.426802093925111592e+00
-1.979646774418053035e+00
1.430764336440750184e-01
2.854206823639271029e+00
5.297122488472084889e+00
7.474463179424986059e+00
9.752347187545492346e+00
1.192547161987480742e+01
1.464245160218670350e+01
1.795586285190114850e+01
2.138036523595490834e+01
2.506863293907868950e+01
2.746214127816675798e+01
2.835371042582765710e+01
2.858754823659304733e+01
2.770187870481150938e+01
2.648437448402008698e+01
2.498021457941365142e+01
2.237456618410908149e+01
1.880921031174822033e+01
1.559709451884368470e+01
1.272755062688229266e+01
9.642592674458295932e+00
6.653814775210719290e+00
2.751639929580631083e+00
-2.147273897121548814e+00
-7.296124688405480896e+00
-1.293466639849989441e+01
-1.737135610466529911e+01
-2.036300031497849972e+01
-2.288430192322545764e+01
-2.443303993525392670e+01
-2.582091759609475901e+01
-2.710749825510451316e+01
-2.743219655484864106e+01
-2.694517376207651438e+01
-2.716454625242507603e+01
-2.809336103224553938e+01
-2.908355468579091152e+01
-3.050325539406420461e+01
-3.121883161207836110e+01
-3.114175839531023726e+01
-3.113119342002299561e+01
-3.092376574766672448e+01
-3.002159597097297450e+01
-2.846035134471693340e+01
-2.627654812869147349e+01
-2.334239972360879278e+01
-2.013310186225111309e+01
-1.663657834146654224e+01
-1.249681944022651159e+01
-7.797819179732418782e+00
-2.558145986296729291e+00
3.272884356850831900e+00
9.660427171420151282e+00
1.662072617460759361e+01
2.428699912912578540e+01
3.267477200756646738e+01
4.174487735457977777e+01
5.154028473988061876e+01
5.779655898633195932e+01
6.008898091089363191e+01
6.045714710287568749e+01
5.767356342826590065e+01
5.419183622205294881e+01
5.011748837178168259e+01
4.311118867169375335e+01
3.362467887461217231e+01
2.474873205446151303e+01
1.640725017970744304e+01
7.361919766519530839e+00
-1.669652142188963406e+00
-1.319132504233391856e+01
-2.740268895058973087e+01
-4.250334718700974435e+01
-5.909172712063048749e+01
-7.033965481890190574e+01
-7.538934505994021151e+01
-7.789910195708404217e+01
-7.586687428667610789e+01
-7.283207635617472420e+01
-6.900474692182413605e+01
-6.080129168922925231e+01
-4.887418248785147767e+01
-3.884790837517054740e+01
-3.067715244566737454e+01
-2.201303108621702620e+01
-1.419693167451086602e+01
-2.895959385828742239e+00
1.223233908606423448e+01
2.797165252374178834e+01
4.534092683789749856e+01
5.770745828431714841e+01
6.408249160243454412e+01
6.834031486640124342e+01
6.850063117391401590e+01
6.766873707009908401e+01
6.607700384973303187e+01
6.037539883557018072e+01
5.113230014395050915e+01
4.438565462804501038e+01
4.015133811244202633e+01
3.582830345838409158e+01
3.287908664671967784e+01
2.680975333689024609e+01
1.726239286234687498e+01
7.642742863138145104e+00
-3.097097122594160812e+00
-1.104485495624389024e+01
-1.545583950962371489e+01
-1.894210972231676493e+01
-2.029769687345135765e+01
-2.101266950280611567e+01
-2.125164050377270897e+01
-1.917076424572458393e+01
-1.503697549003924827e+01
-1.300964362773201799e+01
-1.315907981998197052e+01
-1.361741060723713836e+01
-1.541243519809311735e+01
-1.559351908783622775e+01
-1.392199290494521868e+01
-1.269970498260265224e+01
-1.124639816137118054e+01
-1.025090773721535875e+01
-1.003139505315931856e+01
-9.768897342024326136e+00
-9.722664040180346134e+00
-1.002007384918559652e+01
-1.060682012968173105e+01
-1.166341376099935978e+01
-1.322514734412223980e+01
-1.388405017082405735e+01
-1.356350394888699284e+01
-1.297703104467313295e+01
-1.176073362225219654e+01
-1.078153160751440787e+01
-1.011790198811148045e+01
-9.035614627340372351e+00
-7.730487952143564101e+00
-6.630724750621377339e+00
-5.689567805999669048e+00
-4.841711185530527040e+00
-4.182985035151374653e+00
-3.293217229900816889e+00
-2.163329394633834557e+00
-1.081063951925087308e+00
4.268805063607386541e-02
1.214294990053084611e+00
2.404872257087077969e+00
3.674336438808421867e+00
5.018267842992796268e+00
6.356467186037248140e+00
7.693650754964515670e+00
9.065279765807810364e+00
1.045497606071241137e+01
1.158309635309191776e+01
1.242168771022785911e+01
1.308864259368820626e+01
1.350089419216237019e+01
1.382897616126383333e+01
1.407487679641733180e+01
1.407550985509097963e+01
1.385927637810067203e+01
1.363152566422080803e+01
1.338390004557931334e+01
1.303027390184957568e+01
1.261597081796484332e+01
1.196725419582559979e+01
1.106752763678577267e+01
1.003601705415279532e+01
8.828839943720188543e+00
7.766095906451685238e+00
6.888413134073237742e+00
6.009782864362508192e+00
5.222075239738233066e+00
4.362204295537793541e+00
3.415429571701869893e+00
2.544198089106176841e+00
1.715265815782749170e+00
6.444156119776689451e-01
-6.716410090350483086e-01
-2.117909793193480272e+00
-3.765748796261353171e+00
-5.407165626225983956e+00
-7.029317477522583957e+00
-8.795247349626244215e+00
-1.065930446680189725e+01
-1.211650776924952488e+01
-1.313402384144552570e+01
-1.391632520066110246e+01
-1.432186650667133954e+01
-1.468034414972061441e+01
-1.500085863600753378e+01
-1.499050131112975137e+01
-1.471035933298459497e+01
-1.446582246417306550e+01
-1.424135373117246495e+01
-1.392443675804733871e+01
-1.358317256357930169e+01
-1.295030900692415976e+01
-1.200487564813390762e+01
-1.093073025870242532e+01
-9.662942964659064771e+00
-8.520729958457659237e+00
-7.550567739126154088e+00
-6.551120673139603667e+00
-5.614800582657943018e+00
-4.594213417132246846e+00
-3.472509073086435638e+00
-2.404358631465977503e+00
-1.358944665793883066e+00
-3.233823710359240433e-02
1.581674158708670896e+00
3.357604249623955095e+00
5.372820336968507249e+00
7.411629028396292895e+00
9.461011192498300915e+00
1.169353498410709413e+01
1.406254402959245198e+01
1.578845254171705470e+01
1.681225404439009097e+01
1.746692959899197106e+01
1.753209654429373288e+01
1.749812141908745033e+01
1.738055216225830435e+01
1.673464940844957383e+01
1.565102861894727582e+01
1.462951752048619092e+01
1.364910621417099890e+01
1.251995145583901881e+01
1.135501743745223990e+01
9.727913082498034214e+00
7.604914343447029879e+00
5.283531415340513071e+00
2.660646805098491718e+00
6.728989536426490670e-01
-5.601435129726000106e-01
-1.558365547002034113e+00
-2.048881557605643167e+00
-2.509448544599131914e+00
-2.974057057644407198e+00
-2.958925887703040214e+00
-2.555215205824822977e+00
-2.555753416113837773e+00
-2.959888213368598642e+00
-3.439413090953271634e+00
-4.186941642719840928e+00
-4.603492875100450021e+00
-4.645097464157336375e+00
-4.765123205922109584e+00
-4.825863816519122551e+00
-5.032837152854005680e+00
-5.453912853597210564e+00
-5.891465152511004888e+00
-6.415222072608965931e+00
-7.010444213135428093e+00
-7.663024069875194577e+00
-8.444285512634657209e+00
-9.352593662103327432e+00
-1.006774589689440091e+01
-1.057522505132108392e+01
-1.103020820904105292e+01
-1.135042093079229630e+01
-1.174041657288777962e+01
-1.221722220641546919e+01
-1.261049961707177580e+01
-1.296606748399343090e+01
-1.299916531040754819e+01
-1.265957745211263408e+01
-1.211190681787759083e+01
-1.126662189191467967e+01
-1.024542331214095547e+01
-9.053675075873767852e+00
-7.546143125871205726e+00
-5.740984793219533699e+00
-3.909444404103819437e+00
-2.049271662002087879e+00
-3.499954886249462271e-02
2.070586725687150409e+00
4.473947142590915860e+00
7.195851011499908800e+00
1.008625119498952927e+01
1.319662104850801576e+01
1.550453548059021358e+01
1.689294355038160589e+01
1.788122900174496621e+01
1.817143158408757841e+01
1.832134571787261024e+01
1.835887452487628480e+01
1.773463870711332646e+01
1.655089036980859163e+01
1.560985376737588126e+01
1.489947408856976452e+01
1.408945189613451987e+01
1.336883010848722364e+01
1.210602733953166776e+01
1.025057010835529425e+01
8.264568080554804297e+00
5.998188913682960255e+00
4.180523510044012347e+00
2.928572729494632210e+00
1.786178609688188867e+00
9.709069360907586210e-01
1.621781854404382162e-01
-6.715980828334737751e-01
-1.174710244995797126e+00
-1.408551431660164832e+00
-2.082243955591728035e+00
-3.205385660735868836e+00
-4.472488644554887927e+00
-6.059482405424729379e+00
-7.455253319154167002e+00
-8.622210316063370072e+00
-9.958734787381168019e+00
-1.134899836029956077e+01
-1.223321509269106500e+01
-1.259781522792106045e+01
-1.262129259922478930e+01
-1.215180069264177121e+01
-1.160317265191656411e+01
-1.098088719808480107e+01
-9.940917442261479664e+00
-8.560169556613294262e+00
-7.089220971463246812e+00
-5.501397601400303650e+00
-3.719984401276771990e+00
-1.795755523796170872e+00
5.241594493661818621e-01
3.259594315026501654e+00
6.250222861025625853e+00
9.559508412948423128e+00
1.186940280069853948e+01
1.303633570178253365e+01
1.372991772815935185e+01
1.357008649056188432e+01
1.328453384087700506e+01
1.291277925078589384e+01
1.174856211271269046e+01
9.928531216986780095e+00
8.464956031855303209e+00
7.343511785392395907e+00
6.155084701549545123e+00
5.139859974913099983e+00
3.501689639557384215e+00
1.180098861986511372e+00
-1.239064671068382140e+00
-3.942447986564938223e+00
-6.117521494897374623e+00
-7.625414911982850263e+00
-8.987755140540659937e+00
-9.959511638994463567e+00
-1.087926737835396196e+01
-1.178217532093918862e+01
-1.227790083893791717e+01
-1.243009591373688494e+01
-1.305075531862629035e+01
-1.415179798187539895e+01
-1.537803320833196707e+01
-1.693058215793821120e+01
-1.822770887727279998e+01
-1.922507410538705841e+01
-2.037624551384623928e+01
-2.154855904780137621e+01
-2.213249853498408726e+01
-2.211495579493393748e+01
-2.168496095300519144e+01
-2.067727978245354592e+01
-1.954577958349677402e+01
-1.829540354146971382e+01
-1.654971447675294627e+01
-1.439260025894712491e+01
-1.208627323523291075e+01
-9.600115459796807471e+00
-6.855283255940698872e+00
-3.903669851794777657e+00
-4.746249490794847148e-01
3.453656113143143802e+00
7.712296700254634985e+00
1.236994404381377599e+01
1.628583616400415579e+01
1.933529787515750442e+01
2.211015410596170128e+01
2.428312136780664687e+01
2.648052810288437442e+01
2.874059382402089113e+01
3.045722003163412239e+01
3.175059547428165274e+01
3.351113386964824770e+01
3.573063920306464780e+01
3.805200662293297853e+01
4.068930372067942614e+01
4.295107779860992991e+01
4.478761740418200077e+01
4.671450523583333592e+01
4.857219075806938235e+01
4.901869192046799384e+01
4.796733518947308283e+01
4.592655523984673493e+01
4.251517197087108713e+01
3.861663731364000540e+01
3.424323534852714346e+01
2.860263096767857860e+01
2.185075590313550720e+01
1.475403853348717753e+01
7.258430002262386438e+00
-9.254660677923327583e-01
-9.635927037247958182e+00
-1.957425418117058769e+01
-3.080412779982707860e+01
-4.286410411105260465e+01
-5.593244586151661224e+01
-6.529006865348850397e+01
-7.042628491727560913e+01
-7.369715743483922665e+01
-7.373732315161072393e+01
-7.317279202335500088e+01
-7.213309022873244203e+01
-6.806948370426151484e+01
-6.146790774671776347e+01
-5.592010358918614799e+01
-5.136335765289895505e+01
-4.633927318204825951e+01
-4.169264973958000553e+01
-3.457348816627853694e+01
-2.475794237580589652e+01
-1.432481307384216329e+01
-2.599172592222981137e+00
6.155833807094909460e+00
1.131303166237015390e+01
1.538449169589521581e+01
1.710531757537525976e+01
1.847858385718868135e+01
1.966543508805282414e+01
1.852298101628366922e+01
1.542670547807447790e+01
1.426439571236199733e+01
1.505620567490858797e+01
1.614232604960295703e+01
1.847211662098277074e+01
1.917025592061759554e+01
1.801719381230281414e+01
1.720998569701831471e+01
1.608602707081999483e+01
1.553912892727689155e+01
1.589007935071182409e+01
1.623309556280734967e+01
1.687834457110307440e+01
1.781098658973526838e+01
1.896686356525789563e+01
2.063931366138991663e+01
2.283204081625468618e+01
2.405185099519952274e+01
2.422655913773008862e+01
2.408750605600557648e+01
2.324977812174970992e+01
2.265666165847456881e+01
2.238771435954334876e+01
2.165238157264864682e+01
2.066177254658493467e+01
1.950850540338710459e+01
1.810423898275267618e+01
1.655024761788878251e+01
1.484228398481046618e+01
1.273567777607169305e+01
1.022718991710453551e+01
7.424048738317243767e+00
4.266561056061104473e+00
1.001362969102822742e+00
-2.350250098648106523e+00
-5.957164832007686428e+00
-9.758125904171324194e+00
-1.387859299364158083e+01
-1.834297680508191064e+01
-2.304253057604946520e+01
-2.801238629773819611e+01
-3.148046851464954443e+01
-3.325500562470755739e+01
-3.419361676716471266e+01
-3.377933597624531359e+01
-3.301126972395424986e+01
-3.192935736116315226e+01
-2.956177961922376696e+01
-2.608798853711984478e+01
-2.284879339105733465e+01
-1.981356619053558177e+01
