-2.857795674063391189e+00
-5.329549076929023244e+00
-4.979346085415620848e+00
-1.665906589109772185e+00
3.287513024168269737e+00
1.078519782757529555e+01
1.235686545827431893e+01
7.281414697381057621e+00
3.894892399042007569e-01
-1.056926463886639844e+01
-1.509367057549339819e+01
-1.206331565878903334e+01
-8.408691039151413804e+00
-1.359618150391830760e+00
1.923749199641903607e+00
3.902345396023507718e-01
-2.188054819530977357e-01
-1.794605553741428938e+00
1.189623275342258923e-01
6.465388600978100975e+00
1.361527979352496054e+01
2.289715683325056972e+01
2.264844681876248700e+01
1.145090436184559657e+01
-4.062943021723649295e+00
-2.723225698820788310e+01
-3.450270747695657292e+01
-2.355750019027145825e+01
-8.546861478268235501e+00
1.685298249985731189e+01
2.698088605812865026e+01
1.893626882499595254e+01
1.036935672938773756e+01
-5.470481724713981642e+00
-1.315501509467156005e+01
-1.012468336395392576e+01
-9.351188646919954550e+00
-6.689204380477835166e+00
-3.457258959983158242e+00
-9.507305415547592231e-01
4.829932268727555211e+00
1.337814013352643450e+01
1.447451966012945590e+01
7.841479260083193736e+00
-2.002522226161238983e+00
-1.764295620839259016e+01
-2.203605663184655228e+01
-1.364634064063514884e+01
-2.805352534237822049e+00
1.496506023272708674e+01
2.186610927092612755e+01
1.578997862886866699e+01
8.997909047557833162e+00
-3.240943946193207470e+00
-8.783469487453521296e+00
-5.732710651319931294e+00
-3.830552790050810508e+00
1.935367295444807290e-01
1.407204112715585875e+00
-1.479584813418342915e+00
-3.445898047529749597e+00
-5.944914326596692611e+00
-5.864331287016473659e+00
-2.362378913386651291e+00
1.913316985834725648e+00
7.977208763907263744e+00
9.559060712101160817e+00
5.887482885528864784e+00
8.353697547423819536e-01
-7.352197501152665460e+00
-1.023669467741016348e+01
-6.898645288366610728e+00
-2.883456982053687945e+00
4.050747331286837394e+00
7.061364616537090022e+00
5.208195554728345833e+00
3.638758300743088370e+00
5.288332539641273922e-01
-1.412035400219432413e+00
-1.543521327206766713e+00
-2.664894644792559220e+00
-4.022338358317329998e+00
-3.279988425408474129e+00
-5.238834570380415112e-01
3.740273691384880639e+00
1.010179509359007888e+01
1.159985375998237345e+01
7.708139036132915400e+00
2.264969632720973625e+00
-6.561785346343309122e+00
-1.094968072543197479e+01
-1.008512351140421792e+01
-9.272656156769860658e+00
-6.482504787617876296e+00
-3.507176913818796482e+00
-8.252787307079278989e-01
4.122491350130849774e+00
1.091675055714096665e+01
1.185788962126532908e+01
6.610659224610038187e+00
-1.434387063440710541e+00
-1.430030311949220589e+01
-1.850300262376596550e+01
-1.287193582396800373e+01
-5.602748457832518625e+00
6.820972850370258911e+00
1.458356520700672831e+01
1.643325153315237586e+01
2.003512587135953638e+01
2.287038889906930095e+01
2.008700663885664639e+01
1.184327939982468614e+01
-1.622434966158951442e+00
-2.167332095682299808e+01
-3.165570608079607240e+01
-3.055867482921771838e+01
-2.765735046043861800e+01
-1.871730726971433612e+01
-1.015067541349617564e+01
-2.759785969095450042e+00
1.016688117949534131e+01
2.725722870515938112e+01
3.345505239967180700e+01
2.827529669319401151e+01
1.798326218042524971e+01
-1.342724364818353777e+00
-1.122701222238512919e+01
-1.026795545176929814e+01
-1.078332390902711779e+01
-8.235226443042581224e+00
-6.442051621246655202e+00
-6.602281590876774686e+00
-3.224904712981702559e+00
2.708529544549087564e+00
5.467069183412522015e+00
5.387400049042852856e+00
4.576076754559152526e+00
1.787920428893179814e+00
-1.350496165367954249e-01
-1.003594562524650069e+00
-3.207075183921710426e+00
-6.142925600725195778e+00
-6.525151931221281565e+00
-4.333931997979451722e+00
-7.182464889133385322e-01
5.165156578617372318e+00
7.177838550213377466e+00
4.847247449234579619e+00
1.846306528248379930e+00
-3.400924349949914660e+00
-5.785054955212437733e+00
-4.669596495607758690e+00
-3.812089223391712078e+00
-1.874398272602591398e+00
1.469657147922229790e+00
5.991237578445699263e+00
1.265491154404351981e+01
2.158257366812933142e+01
2.222007362397817332e+01
1.381083949303352121e+01
1.519539928023346365e+00
-1.751103284881899924e+01
-2.774351806922000918e+01
-2.779308876819187191e+01
-2.759578364303461129e+01
-2.315406544347802154e+01
-1.642051901757719889e+01
-8.041895539090891276e+00
6.315917067567988319e+00
2.636589920968186007e+01
3.615030531614204534e+01
3.504987243451751766e+01
3.068369931383202953e+01
1.898973735656683814e+01
8.983267004603339601e+00
1.385989095188403741e+00
-1.169312410031212579e+01
-2.831064390355899718e+01
-3.530100916407642586e+01
-3.238276048999205159e+01
-2.446678492782765701e+01
-8.112604281545648277e+00
1.717509987407068728e+00
4.079974333136965114e+00
9.253889821993530163e+00
1.371696524151643537e+01
1.717917382240406354e+01
2.044408688519436978e+01
2.089825643939947497e+01
1.848753309208643714e+01
1.339627008699020827e+01
4.915836877556508888e+00
-7.318448987924843330e+00
-2.369901657273485185e+01
-2.994111270852828710e+01
-2.493317812538415623e+01
-1.598296889672640120e+01
7.834603988235073757e-01
9.559644095649208140e+00
8.927623728385590596e+00
9.873877997406342644e+00
8.461319763830093876e+00
6.642519072051537243e+00
5.392073949296674051e+00
5.860939107495356515e-01
-7.277004603478598455e+00
-1.019800200343932417e+01
-8.182154009768039415e+00
-4.796933416816453466e+00
1.856048633346021104e+00
5.925024683017402261e+00
6.888619568113138136e+00
9.144519402234076111e+00
1.129255465610814113e+01
9.982747252449282627e+00
5.282319158107734225e+00
-2.319310598381300270e+00
-1.373829199208854845e+01
-1.793836869748485086e+01
-1.416558351092401580e+01
-8.541559515053881668e+00
1.789727485299010601e+00
6.605595737346362739e+00
4.798819746626731053e+00
3.685152658719625496e+00
6.476369234664105523e-01
3.573427904131482036e-01
3.805391978536312614e+00
6.645078168636406879e+00
1.018521248552510272e+01
1.013160708127624510e+01
5.614030143931414862e+00
-2.932687973363080625e-01
-8.915499850320381725e+00
-1.307959912193724961e+01
-1.198002346281982966e+01
-1.021137668556440303e+01
-5.834386903820418802e+00
-1.990718351080269954e+00
8.494704468213021276e-01
5.871067035292456993e+00
1.234097991129396732e+01
1.350060996260298829e+01
9.108661753671048800e+00
1.847600395074852964e+00
-1.007518332035166786e+01
-1.393696767315020679e+01
-8.708604744522356000e+00
-2.048999561576428707e+00
9.329721092074590771e+00
1.269688875427428165e+01
6.514514144548115837e+00
-4.014609180384063336e-01
-1.144347178452834868e+01
-1.467656830259704748e+01
-8.402886411119810717e+00
-1.118295401932487110e+00
1.046557127725696823e+01
1.467082471459723081e+01
9.863916634219858537e+00
4.376726104258913175e+00
-4.991932745887934786e+00
-8.660720100536874355e+00
-5.205245915171171411e+00
-1.889067568620471427e+00
3.895109596671621155e+00
5.423478559518907893e+00
1.517358090428416517e+00
-2.461516075495268741e+00
-8.401168407835321261e+00
-9.631621806015880694e+00
-5.092118435931749509e+00
4.797265791716655570e-01
8.986898301753409868e+00
1.201705091228642708e+01
8.508402782602104253e+00
4.095604560636528113e+00
-3.521035982206488502e+00
-6.653696305354444007e+00
-4.289643647920675207e+00
-2.051431658375947986e+00
2.112254937137601374e+00
2.960444063747528887e+00
-4.082568493449100777e-01
-3.805606547828817909e+00
-8.691562948896846663e+00
-9.707008513582005449e+00
-5.998659844786839557e+00
-1.316326311587155073e+00
5.878010315184448054e+00
9.884463640301632381e+00
9.980065134005188909e+00
1.021546665344686033e+01
9.065863886648990899e+00
6.501741351805517155e+00
2.754319708392029220e+00
-3.467466437154346437e+00
-1.224306278549148352e+01
-1.525331332967968478e+01
-1.203903712382516922e+01
-6.717261488877583453e+00
2.881955291855573975e+00
7.446865950534626855e+00
6.121914709732200421e+00
5.241221627296326346e+00
2.454495473240871917e+00
8.828828351154593967e-01
1.246055716047610229e+00
1.349845608073392267e-01
-1.622671593715811600e+00
-1.905238132138230123e+00
-9.462171258309022281e-01
8.622061306108964596e-01
3.980191145759097715e+00
3.662790472822227361e+00
-4.367976667147278058e-01
-5.674828779650245458e+00
-1.328787833961842324e+01
-1.445054338101809144e+01
-8.233431972740211435e+00
1.349669842486291294e-01
1.306726102660400990e+01
1.829748830454920139e+01
1.451401475768980909e+01
9.640249705359762444e+00
4.111832559813143328e-01
-4.218562726114081229e+00
-3.025372000065420952e+00
-3.049837977160144931e+00
-1.955101759959198660e+00
-2.474564890102653791e+00
-5.477050390605696428e+00
-7.780490233540786171e+00
-1.021273480021152125e+01
-9.223538085125982278e+00
-4.066265035786768678e+00
2.940250839232748881e+00
1.294175783317057160e+01
1.605455282200933098e+01
1.129811612877669802e+01
4.412363888586396499e+00
-7.293109730398792401e+00
-1.200261825583910280e+01
-8.468088800542702188e+00
-4.656947861136231381e+00
2.515845662200036248e+00
5.996558652650035626e+00
4.639313034116963053e+00
4.372977524225306389e+00
3.315966648822556095e+00
2.146529156244326053e+00
1.473081026245146585e+00
-5.483523313697751256e-01
-3.656718917654502743e+00
-5.014373647228567599e+00
-4.670028757403991371e+00
-3.797577397470536464e+00
-1.736996366940395164e+00
-3.147889683248648041e-01
3.256789171256124216e-01
1.616715273906749628e+00
3.141580322466886344e+00
3.480557954090344630e+00
2.645339010801887714e+00
9.986699717696266854e-01
-1.833178154445558539e+00
-3.253812073201942212e+00
-3.106757560119228323e+00
-2.978560233823532855e+00
-2.231575135364826323e+00
-8.627535985828096443e-01
1.053686372910990876e+00
4.049807233538482265e+00
8.168233586088017972e+00
8.214764053085882978e+00
3.825016738029406671e+00
-2.463798651658667627e+00
-1.205457804099369845e+01
-1.404741387631283089e+01
-7.424957202111780674e+00
1.406805539720692222e+00
1.536418130940383087e+01
1.945944460926323671e+01
1.206156333401769132e+01
2.791502309436947549e+00
-1.236410497864153157e+01
-1.803370464125596584e+01
-1.229811689678350817e+01
-5.871790829253869859e+00
5.367715624530187135e+00
1.049920005421162550e+01
7.830048386416744499e+00
6.019285895186005320e+00
2.116509456120065025e+00
-1.422802176355949744e+00
-3.675580252628380951e+00
-8.253922222696679967e+00
-1.444954901619810173e+01
-1.454083220009168542e+01
-8.300600695208732560e+00
1.134919632731925976e+00
1.577279122273850653e+01
2.148531798533813131e+01
1.709300920472815122e+01
1.108961489112190968e+01
-1.971130220650349485e-01
-5.659212532172612775e+00
-3.917488806633955711e+00
-3.378547623154563251e+00
-1.171618267803465008e+00
-2.228267472209017441e+00
-7.715402607062851636e+00
-1.297751660561514520e+01
-1.945334679139365264e+01
-1.898994136276466449e+01
-1.031537623912114476e+01
1.554882050597980570e+00
1.905264479371171049e+01
2.707320579189875787e+01
2.409924678504467366e+01
1.949682022525913183e+01
9.236048368139538667e+00
2.101409797690196868e+00
-7.416821416841098413e-01
-6.962234358346020890e+00
-1.440421576532520476e+01
-1.785869628669971831e+01
-1.765921029356332284e+01
-1.464122259656718228e+01
-7.519445558981092681e+00
-2.266340560578341545e+00
9.864928021246166523e-01
6.316370958201425800e+00
1.245036433301337198e+01
1.465957822820471002e+01
1.286986040526198138e+01
8.388062015060970822e+00
-7.971550131537916140e-02
-4.644025889078237768e+00
-4.867281314605612863e+00
-5.742614586023758960e+00
-5.379077796366736663e+00
-4.352752792042180019e+00
-3.026086844318002900e+00
4.068435256743591077e-01
5.850466270173583005e+00
7.652186058324973672e+00
5.665979078125298329e+00
2.610739953615616837e+00
-2.908233813638966048e+00
-5.695108956653599286e+00
-5.253942491885474020e+00
-5.248974722900386247e+00
-4.380020617502526470e+00
-2.902054758655884470e+00
-1.105652352477675793e+00
2.188956918082586078e+00
6.925712178380194928e+00
8.330677499683735832e+00
6.198328050682604839e+00
2.807436679480917796e+00
-3.067448541550044538e+00
-5.589498658035910061e+00
-4.226557699717266026e+00
-2.822411904303801400e+00
1.130320407983456676e-01
8.088037344798814088e-01
-1.328006854480087817e+00
-3.276167977566455392e+00
-6.052956506057448394e+00
-6.899189320001906545e+00
-5.290153238278796799e+00
-3.361934392629456703e+00
-3.073364171220432928e-01
4.489560652065913260e+00
1.097698685260743368e+01
1.958551252718104507e+01
3.053997247813401472e+01
3.032570583902850103e+01
1.779835412007705031e+01
-4.181881323127022432e-01
-2.807848084954638423e+01
-4.077247026050215339e+01
-3.632202124553955969e+01
-2.970097115449782521e+01
-1.452827993993701483e+01
-3.449088724349642643e+00
1.770844483166227556e+00
1.262179010275959357e+01
2.602297791309121422e+01
3.003010222213086422e+01
2.480115414300966137e+01
1.368972609629064685e+01
-6.363789781149505664e+00
-1.537906848794484560e+01
-1.209576088863024879e+01
-8.840700544463425459e+00
-6.954449839363278096e-01
3.189461564061152110e+00
1.274687044439167583e+00
1.949706047580101576e+00
2.857494587935682784e+00
3.714205954331271542e+00
5.430748303878922378e+00
6.342719909567785308e+00
6.610213224872473425e+00
2.448556997654296019e+00
-6.865859291208231241e+00
-1.944501949859695600e+01
-3.656241334318957570e+01
-3.780653846813612518e+01
-2.130597489856046778e+01
2.076823995025282699e+00
3.796275373654273011e+01
5.149593994638076566e+01
3.933100761981674509e+01
2.299282215235094995e+01
-6.737725287308906630e+00
-2.081506086157143542e+01
-1.561853726987300561e+01
-1.283813356800625805e+01
-4.911414898096385429e+00
-1.315306029173935354e+00
-4.634770638952597999e+00
-4.186826549774519179e+00
-2.658784476965665444e+00
-1.333919934565586995e+00
1.003198837166723312e+00
2.905357848444590108e+00
4.432916554405209375e+00
4.461702922397936533e+00
2.560054963753183088e+00
-6.538444672695401527e-01
-5.675374348181248862e+00
-7.719153905953854533e+00
-6.421458411035047220e+00
-4.577648905761232179e+00
-9.473733474672130228e-01
3.179991205363580153e+00
7.611115385955049994e+00
1.403831909595929872e+01
2.222061570150092535e+01
2.186932423106728862e+01
1.225417384524733322e+01
-1.889168754117100057e+00
-2.338923469684106138e+01
-3.194704138831872342e+01
-2.579051201573555119e+01
-1.710389729769547174e+01
-5.621352975553980391e-01
8.088696687592440426e+00
6.925854653836020169e+00
8.000818498321400796e+00
7.281932055202315901e+00
7.340664306573442488e+00
9.437145029183300338e+00
9.105591440966135153e+00
7.141473354141259833e+00
4.822103339087477458e+00
1.536902335140577724e+00
-2.795738934990293689e+00
-8.137275411856116136e+00
-1.088693865667023530e+01
-1.070311001796895134e+01
-9.350399141876730269e+00
-5.802967146846862434e+00
-2.529926069966629054e+00
3.199704842418784057e-01
4.886466863703555319e+00
1.065899247898287605e+01
1.196860159036686611e+01
8.534445338975274353e+00
2.696705365640416741e+00
-7.078877600827016003e+00
-1.069528554139059828e+01
-7.344203194793379907e+00
-3.218171647963024018e+00
4.270425223638577350e+00
7.317480807674183296e+00
4.894226447486373921e+00
2.880147855381336441e+00
-7.781701765655560932e-01
-2.449361561806669751e+00
-1.327518243676651277e+00
-8.178660847773130405e-01
1.137217584872987075e-01
8.066938744431056962e-02
-1.388844610536109858e+00
-2.795194030353208348e+00
-4.594806490143094280e+00
-4.718802859327730914e+00
-2.815251663523582693e+00
-2.491546668184101698e-01
3.599516576587202810e+00
5.769788580909366082e+00
5.943491124222868294e+00
6.085618466596546483e+00
5.414238588632442450e+00
3.915872820380521091e+00
1.680179835748765171e+00
-1.961614620214182425e+00
-7.066966066120341061e+00
-9.160888980675778726e+00
-7.999159559728160396e+00
-5.816043623914858074e+00
-1.448584510380980017e+00
9.916598499274458245e-01
1.128749942799913475e+00
1.942304781077659248e+00
2.423846365392700708e+00
3.359561505452212771e+00
5.074396722579890273e+00
6.399180116660182271e+00
7.573215218224597756e+00
6.653892796920067632e+00
3.264459475543365130e+00
-1.517701790414879293e+00
-8.330920520769058868e+00
-1.149441681751134503e+01
-1.050239105256237693e+01
-8.656965405731249064e+00
-4.444124982080060349e+00
-1.485769350188734572e+00
-1.949692878590396916e-01
2.478230831833266645e+00
5.665028846728101364e+00
7.658915603898237556e+00
8.625960400068056089e+00
8.724267864059711997e+00
7.545784152966839464e+00
5.584258823364394608e+00
2.709812464611582872e+00
-1.720341601630514861e+00
-7.726598390910339731e+00
-1.042018435399964993e+01
-9.495950182634556924e+00
-7.376687236804648329e+00
-2.766226492207696008e+00
8.100677488778933455e-01
3.062445934643701406e+00
6.833334948526046837e+00
1.131998548762818935e+01
1.019769095172706130e+01
3.142246951280983858e+00
-7.460473696816521283e+00
-2.336228985552019211e+01
-2.674469917483671111e+01
-1.611785117410163792e+01
-1.533054458583844815e+00
2.174650697875580363e+01
3.082719506720798819e+01
2.330087070688681905e+01
1.413584576674605131e+01
-2.709771895858394508e+00
-1.062196331968656082e+01
-7.245152172503963151e+00
-5.581747611330390768e+00
-1.240427755244188468e+00
-2.776289611469638929e-01
-4.354113874111043891e+00
-7.017785322652573932e+00
-1.004996215875696386e+01
-9.166061285265140413e+00
-3.206071977903516945e+00
4.391993325388032332e+00
1.505674074988522548e+01
1.737330453785969908e+01
1.006970544726496719e+01
-1.558671555610393888e-01
-1.647825174559074313e+01
-2.153366826069985862e+01
-1.352364411812533795e+01
-3.481031735153593765e+00
1.321285479185688949e+01
1.975939040378141343e+01
1.404907376445630085e+01
7.986572514208305940e+00
-2.909375807932680580e+00
-7.706403682512409148e+00
-4.590013178881287459e+00
-2.502007151260063900e+00
1.535053859995754388e+00
2.346131393832963319e+00
-1.330130926641472033e+00
-4.596611485419100696e+00
-8.984489614939931812e+00
-9.048823263399064842e+00
-3.785665439848287850e+00
2.966122863609158777e+00
1.284213986657149320e+01
1.499525873187217329e+01
8.210281502764306794e+00
-9.294073225831456231e-01
-1.540917292268343353e+01
-1.953470194744974364e+01
-1.160091748494515862e+01
-1.649843701476794600e+00
1.452596341613630315e+01
2.056638308932305392e+01
1.444636946389857890e+01
7.518422755330749219e+00
-4.603200638744471718e+00
-9.439989780288721377e+00
-5.114950349540718477e+00
-1.245394398960141480e+00
5.550681248503023468e+00
5.790667244624333243e+00
-2.186205963000956931e+00
-1.109135822926950432e+01
-2.362828885445016169e+01
-2.551227770248705440e+01
-1.484510490591867438e+01
-6.728317549900927341e-01
2.104190058393069407e+01
3.018231167792383118e+01
2.452815859816159971e+01
1.716981580651402339e+01
2.726642910863770197e+00
-5.869466027025754151e+00
-6.783367927136369602e+00
-1.077107941576434413e+01
-1.451015964943335490e+01
-1.345289076945442552e+01
-8.171450156933280695e+00
1.829340075819687161e+00
1.770365587613198244e+01
2.226765658688706040e+01
1.452354232746685270e+01
3.781591676213310826e+00
-1.433997361445343977e+01
-2.165613715258800909e+01
-1.622633453799402403e+01
-1.042536596331224352e+01
4.833962422702663408e-01
5.932608966553124752e+00
4.151235998718044939e+00
4.104043267576146903e+00
2.954964701292743356e+00
3.225047161204794843e+00
5.991543422671636421e+00
7.770342024105163503e+00
9.394498865013295230e+00
8.594782104857136673e+00
4.684175753488082350e+00
-6.147597262081947456e-01
-8.115279649862701561e+00
-1.237619725146412186e+01
-1.284928844796360714e+01
-1.289152042523512343e+01
-1.104563638781957202e+01
-7.810797045039017839e+00
-3.324461447758371158e+00
3.939268308606285629e+00
1.398595958527324434e+01
1.779032771850031835e+01
1.484861248901560060e+01
9.574146774278982974e+00
-3.995707515436324186e-01
-5.675399583418016647e+00
-5.419965897800339327e+00
-6.198135870511167766e+00
-5.681089265114028564e+00
-4.360905639530360034e+00
-2.764687822057093847e+00
1.226741762797794344e+00
7.499870872205328887e+00
9.345960929272584039e+00
6.580413198943898756e+00
2.408524772803624092e+00
-4.833663360231449602e+00
-8.567790746389565726e+00
-8.174398731729223044e+00
-8.209828535267860161e+00
-7.019536783879002151e+00
-5.284543597479086863e+00
-3.381938046277983556e+00
3.690291054485276834e-01
5.811216214330758412e+00
9.116599289537616002e+00
1.025603081687411411e+01
1.100508949435003458e+01
1.044802395286227004e+01
7.838594288882813288e+00
3.074832797092670766e+00
-4.294700776554321031e+00
-1.462625003334382789e+01
-1.745908322644916666e+01
-1.205106497077364835e+01
-3.780160745890037255e+00
1.014364265359811057e+01
1.547964364018900341e+01
1.087761496385924431e+01
5.558278818225764972e+00
-4.168870049018263302e+00
-9.577232823202507461e+00
-9.346911638701397962e+00
-1.072211076310164835e+01
-1.141560366067131405e+01
-9.846368294714757496e+00
-6.520176450839049842e+00
-3.387119588102607270e-01
9.071679730518418694e+00
1.481218089014092243e+01
1.667086419514788886e+01
1.835796191173950831e+01
1.821495012632629695e+01
1.470806504946634163e+01
7.765368229984092707e+00
-3.305878419132658674e+00
-1.912488244437195206e+01
-2.599525099455309629e+01
-2.305813379387014450e+01
-1.753193173703922625e+01
-5.853235639426465298e+00
2.217206843147764062e+00
5.720083454142162793e+00
1.242736531282953472e+01
2.001563491077275714e+01
1.943474615570152153e+01
1.056577172406644571e+01
-4.098308312314758339e+00
-2.701629017047117287e+01
-3.319334437869024867e+01
-2.076465137377960701e+01
-3.888400867755729351e+00
2.394548133725619365e+01
3.406770343208449248e+01
2.335127885261193725e+01
1.097927887577982808e+01
-1.060620025686015566e+01
-1.955819843718368389e+01
-1.269697105392177860e+01
-6.741836693842740758e+00
4.185325220190669882e+00
8.896767872060189930e+00
5.045969144894343117e+00
2.810706239661997508e+00
-9.701089752499726382e-01
-2.399758700888656282e+00
-1.306982600070280554e-01
1.402173809935177928e+00
3.459452407883893521e+00
2.443555235998134290e+00
-2.479909367557898037e+00
-8.563040185187906772e+00
-1.695085410656072256e+01
-1.798153236007875577e+01
-1.058055931130144423e+01
-3.394643380233836605e-01
1.543878389826027409e+01
2.230407017539653225e+01
1.878691593052699105e+01
1.413203563555211240e+01
4.520313638885011365e+00
-1.495095401754936493e+00
-2.684247326441569825e+00
-6.375826814715292556e+00
-1.039721460259838359e+01
-1.157500349716051602e+01
-1.034427754514338993e+01
-6.510341971746691492e+00
6.895292312818107616e-01
4.300614452940441979e+00
4.076705473520144452e+00
4.084097451444680615e+00
2.683568154292555352e+00
2.199704710889511361e+00
3.067105396786762306e+00
2.855226012408877079e+00
2.138942370723418751e+00
1.367259369844426420e+00
2.519160494143205531e-01
-1.021559928040918219e+00
-2.445980724628403991e+00
-3.381163304181229901e+00
-3.718289056615335042e+00
-3.776201693683443494e+00
-3.345604722409959653e+00
-2.583417996860982502e+00
-1.470929882466525784e+00
2.793986314506969881e-01
2.673410919289870957e+00
4.047414275485078150e+00
4.315078134980794289e+00
4.304544826269157909e+00
3.585030391969976638e+00
2.085592069120304259e+00
-2.182449952728592324e-01
-3.684333852950574695e+00
-8.403199917705455491e+00
-8.817220957133812931e+00
-4.507560165743168312e+00
1.770113295293668676e+00
1.152708809715655214e+01
1.410202854348040447e+01
8.505137812016675625e+00
1.133979472888146267e+00
-1.084094487024946574e+01
-1.458580646375398082e+01
-8.642864405767390679e+00
-1.523409412391621087e+00
1.020062979766962030e+01
1.471219193438899353e+01
1.042770668709603399e+01
5.856350185422772192e+00
-2.188954097497105789e+00
-7.464838713052223795e+00
-8.830376488121341794e+00
-1.193863307567665188e+01
-1.511464984836222136e+01
-1.316493509791500927e+01
-6.134163985968717370e+00
4.879393023985319822e+00
2.127225504811610435e+01
2.572624276836427626e+01
1.694487265454316827e+01
4.452363930779509538e+00
-1.630795537063127654e+01
-2.360100802631542649e+01
-1.517424301113556773e+01
-5.286941858074624356e+00
1.177006966465637205e+01
1.775111848090931588e+01
1.013481255728699360e+01
2.377330458739189467e+00
-1.043388089235261340e+01
-1.505566557283779439e+01
-9.265034937552126593e+00
-3.434719242314281828e+00
6.127290005229294678e+00
1.085695959318651127e+01
9.168719739865055729e+00
8.233846018531652433e+00
5.651790855430564697e+00
3.408288554643586821e+00
2.278917103563028679e+00
-6.908316765024803408e-01
-4.915691426491784810e+00
-7.693406459954011289e+00
-9.205791373479570439e+00
-1.031849443944963696e+01
-1.043877172944823073e+01
-8.227044936998334279e+00
-3.458749506532593276e+00
3.760290248253474132e+00
1.395059162973123179e+01
1.700545979325134027e+01
1.216208715974411092e+01
4.764923864265269593e+00
-7.884335804624797994e+00
-1.301636496959068623e+01
-9.390443225741504918e+00
-5.443579324258882579e+00
2.124096936832752913e+00
6.458836481163493737e+00
6.425703412001404047e+00
8.037724047885649981e+00
9.494240834646225480e+00
8.497419957479026564e+00
5.419630019930312237e+00
-8.594857161804531076e-02
-8.570554191178036518e+00
-1.336552989631471355e+01
-1.417908590144807413e+01
-1.473576304641088086e+01
-1.340574518804378457e+01
-1.037310971597325882e+01
-5.759454354932968201e+00
1.911063950037360515e+00
1.274429937891450848e+01
1.893143112041166631e+01
2.013778571910581761e+01
2.031839587734737762e+01
1.750214022806947156e+01
1.239892519501998969e+01
5.052549824321662442e+00
-6.623388899609349956e+00
-2.271004338023496061e+01
-2.884343196724645253e+01
-2.417504508908104199e+01
-1.579590557021524155e+01
7.677576817114156738e-02
8.424950658461161979e+00
7.908568590976583934e+00
9.022946140745569110e+00
8.042017107695031086e+00
7.201637143967467125e+00
7.491612642996597238e+00
4.841835634176474557e+00
-1.458324018166275993e-01
-2.802595970220211008e+00
-3.401719930222625088e+00
-3.825697246900926274e+00
-3.085765629753823625e+00
-2.823102575212921295e+00
-3.183765884611841734e+00
-2.588710555165761207e+00
-1.373958245930634314e+00
-7.701044781751907875e-01
-6.588852879667468354e-01
-6.538204606830588794e-01
-1.008607980420371364e+00
3.357000371004570383e-01
3.560280677899444246e+00
7.489889668267061928e+00
1.267323814599342491e+01
1.262245837381369284e+01
6.661093985914137150e+00
-1.683961697059061180e+00
-1.423161932243468364e+01
-1.857253587150001195e+01
-1.350777705847669985e+01
-6.542516603734375380e+00
5.634590888340069270e+00
1.087123229017572612e+01
7.753304268623359086e+00
4.906496766122171671e+00
-8.471076732388389541e-01
-3.549132963191859780e+00
-2.042257740747168704e+00
-1.787874022235673710e+00
-1.161529638633147066e+00
-6.352038774306205671e-01
-8.109690292306075410e-01
