1.348786695165319571e+01
1.225042498141567116e+01
1.121389664156079924e+01
1.047031615116461545e+01
8.572273185794557548e+00
5.861657793635582259e+00
3.891880228520295582e+00
2.615720691874552362e+00
1.510892546312618823e+00
9.485293320949663709e-01
-3.674342591440354355e-01
-2.507530943615737140e+00
-4.524988312275681324e+00
-6.709360095311554417e+00
-8.340150266912534249e+00
-9.245791083255500808e+00
-9.973425402385426963e+00
-1.029257143986125556e+01
-1.038793212197649929e+01
-1.029277809201156302e+01
-9.702758678123553082e+00
-8.646772431447455887e+00
-7.361197045973821851e+00
-5.802933458369273545e+00
-3.857932169956092672e+00
-1.557562011652214196e+00
1.331168881099115353e+00
4.848352325820163955e+00
8.873389154603026796e+00
1.348069770609038898e+01
1.584995868143923659e+01
1.570130342416231883e+01
1.442835974596790116e+01
1.122661717306515072e+01
7.719046045016214386e+00
3.992228990536969668e+00
-1.486293591208240006e+00
-8.406261381473266070e+00
-1.226784017992738107e+01
-1.285713658797348913e+01
-1.212262224314627801e+01
-8.865330824049840075e+00
-6.123269271121843715e+00
-4.062500049848448924e+00
-1.296689237011867668e-01
5.045610101543270609e+00
7.956697294447224067e+00
8.592737525668484366e+00
8.202358920936518416e+00
5.894493233321654202e+00
4.378542486464040984e+00
3.775218681803697685e+00
1.975484595808256971e+00
-4.492641254561327013e-01
-1.830695219304073085e+00
-2.257727719069312133e+00
-2.132230162019305375e+00
-1.051636681956437114e+00
-5.367057750230662672e-01
-6.312838095132941030e-01
-2.386242602041839800e-01
3.207428544372807333e-01
3.051544892789369579e-01
-2.386599919854112128e-01
-1.183701992543299220e+00
-2.713203575108940502e+00
-4.107643294669359513e+00
-5.359660465080382075e+00
-6.987907464998487583e+00
-8.848005434839159022e+00
-9.609155921432364522e+00
-9.197299349974437987e+00
-8.141285679655197782e+00
-6.073067872623441055e+00
-3.905750935859489736e+00
-1.668472940931666093e+00
1.424764195560172197e+00
5.198835283771960469e+00
7.813710592553859691e+00
9.199430621473050351e+00
1.012127234036005596e+01
1.009348930089100804e+01
1.040856251274399646e+01
1.113411397300379591e+01
1.120659219279403551e+01
1.089559213442533192e+01
9.906849860654446616e+00
8.068369266520063476e+00
5.688375996672625945e+00
2.630292202526412382e+00
-1.227848299301657509e+00
-5.897876495376448425e+00
-1.146736661032075233e+01
-1.799260321555327735e+01
-2.099676759348584199e+01
-2.007628450394881980e+01
-1.740230423171341556e+01
-1.171392165244606254e+01
-5.645923503271125021e+00
6.586691416740242389e-01
9.639543179059860023e+00
2.078457331278591980e+01
2.655915284856133596e+01
2.657397917357570094e+01
2.408265787803662406e+01
1.705926635526878954e+01
1.054024349761770729e+01
4.784041416395320212e+00
-4.489141665930109326e+00
-1.625171408657795880e+01
-2.305764430898561912e+01
-2.474403504968259426e+01
-2.417217586069589785e+01
-1.940604357093916477e+01
-1.591068224859708913e+01
-1.394021123634423631e+01
-9.104220134977932588e+00
-2.540904422506368388e+00
1.481983037140363058e+00
3.096859971514037912e+00
3.569719492136360639e+00
1.855927762688625915e+00
1.599265746329060489e+00
2.940504469734656290e+00
3.188000923115608565e+00
3.119871848511533319e+00
3.855447753014113133e+00
5.204564519496487129e+00
7.179597431182746625e+00
1.002339261677078674e+01
1.238823990035092848e+01
1.426864723908387056e+01
1.653761760622296251e+01
1.891469913669576641e+01
1.923571067749408670e+01
1.736276914030330332e+01
1.410920765063221438e+01
8.859641359980914288e+00
3.093733578858816280e+00
-3.165197223464106813e+00
-1.122194255944730656e+01
-2.081042109693797570e+01
-2.616875434260794009e+01
-2.691733719278021653e+01
-2.562474930071801182e+01
-2.070907381102214018e+01
-1.589298216284259446e+01
-1.136106458083660620e+01
-3.859436737822992569e+00
5.869233143246565199e+00
1.183003025326157953e+01
1.388731040907723902e+01
1.441872176075941958e+01
1.187448895128854431e+01
1.062716377770971832e+01
1.090418195823554548e+01
9.203329507072872673e+00
6.450072865220850105e+00
4.087598786724518263e+00
1.819547135270968674e+00
-4.226905024599459382e-01
-2.367474834868863454e+00
-5.774916369653873005e+00
-1.070415445923628184e+01
-1.608781566402800323e+01
-2.233139273866454744e+01
-2.506866411492621083e+01
-2.378454487149260643e+01
-2.084332023387549881e+01
-1.498747924569592449e+01
-8.484107251548584472e+00
-1.489403447411037140e+00
8.254305326596586667e+00
2.031171359309934488e+01
2.733466288914958398e+01
2.894515096969591283e+01
2.836920478702187509e+01
2.364038434222414864e+01
1.963787284168968128e+01
1.663063824496581233e+01
1.047843818194156995e+01
2.187815868967086796e+00
-3.161442537791798735e+00
-5.622342528969683784e+00
-6.952625697470065980e+00
-5.891072683800750553e+00
-6.491380311041304196e+00
-8.947385244584332042e+00
-1.018311540228312495e+01
-1.107250800198489316e+01
-1.142309666242796595e+01
-1.085888787369826680e+01
-1.007059650856203703e+01
-8.901046440147307948e+00
-6.665756765992796318e+00
-3.381242528045782070e+00
7.850520205447962807e-01
6.005860686112590052e+00
8.973949859780395499e+00
9.399649628236970145e+00
8.999110659548161806e+00
6.863258674260800163e+00
4.884832190161115584e+00
3.208638026466084536e+00
1.003608709148692824e-01
-4.046385546927628418e+00
-6.226782594322495257e+00
-6.387271581283236799e+00
-5.699978426074227222e+00
-3.393340150137251765e+00
-1.660154554527947024e+00
-6.126753469419373710e-01
1.499141377280378995e+00
4.211304160514430350e+00
5.550694789526627204e+00
5.535723311966635585e+00
4.784348277617912260e+00
2.795409071555001290e+00
1.164827329067145811e+00
-5.462505964593909746e-02
-2.090073448266903000e+00
-4.612751796390917036e+00
-5.761700657128163705e+00
-5.499932660586306810e+00
-4.484854664717629724e+00
-2.225478876617851931e+00
-1.290228797089182089e-01
1.756836876787652546e+00
4.564239777857824087e+00
8.010056798646703058e+00
9.724344583703446787e+00
9.617322051025887220e+00
8.623944271726628585e+00
6.110891393030113861e+00
3.760602848496108042e+00
1.643396518166817533e+00
-1.634680936526850870e+00
-5.733818996459702610e+00
-8.246376200511038590e+00
-9.118822767045770661e+00
-9.271637682935782721e+00
-8.077495814006795172e+00
-7.312756281099487055e+00
-7.058426856360652479e+00
-5.888232297423019013e+00
-4.171395322274157103e+00
-2.901953391129461934e+00
-1.996124504501221475e+00
-1.225143708756481153e+00
-8.137260758813079642e-01
1.986195753434886191e-01
1.850672023825820744e+00
3.485064871616078364e+00
5.315558235247454633e+00
6.387194822308172704e+00
6.540831685155510833e+00
6.381483756285877718e+00
5.622404280180046676e+00
4.651640761566711468e+00
3.508122919094130321e+00
1.738753791754904965e+00
-5.851533528015657737e-01
-2.117542023957629915e+00
-2.804597923291567874e+00
-3.250504313970033810e+00
-3.105592428234737579e+00
-3.278450165246752146e+00
-3.830312390426882985e+00
-4.012606114605245189e+00
-4.022191898094491513e+00
-3.519653734215369756e+00
-2.374996939812286989e+00
-8.776542694565302449e-01
1.102953285322428201e+00
3.564714317834019042e+00
6.506610748405522671e+00
1.006216146888956153e+01
1.424994303318357325e+01
1.622885190881378037e+01
1.575448056227941152e+01
1.419450097175603531e+01
1.075355204023150968e+01
7.123994161639446432e+00
3.399115070108138958e+00
-1.972564244186032045e+00
-8.659015896062006945e+00
-1.304808992695620340e+01
-1.500987982194923909e+01
-1.605455170031006418e+01
-1.523412740865056136e+01
-1.507211212961348146e+01
-1.570557223893136189e+01
-1.506194827265779956e+01
-1.367091233294748776e+01
-1.181702264247693535e+01
-9.256122839682088710e+00
-6.193729410833984872e+00
-2.615996595198403440e+00
2.200099945812398872e+00
8.290414330516968633e+00
1.534955838813435314e+01
2.357016230939959200e+01
2.746799008256516927e+01
2.650432050636865711e+01
2.342594116380448810e+01
1.667757410811181629e+01
9.380471723980441823e+00
1.715222253033509503e+00
-9.265294293488290478e+00
-2.295673069748510997e+01
-3.020654455362778634e+01
-3.054702587870835373e+01
-2.794708505951876276e+01
-1.995125445325670910e+01
-1.267454253496997651e+01
-6.438641147781738461e+00
3.944337892209698104e+00
1.722117230674494337e+01
2.454429286492576878e+01
2.572987834952531117e+01
2.415272950764634174e+01
1.751390569613361947e+01
1.232684905657736962e+01
8.889806590028548783e+00
1.976757446895237802e+00
-7.057317804771459535e+00
-1.229348706466839403e+01
-1.380312563435841078e+01
-1.348590128316912029e+01
-9.854074074032025621e+00
-7.727532770766531556e+00
-7.290475879334286091e+00
-4.873906770029358348e+00
-1.489902066561231919e+00
7.111395161501872231e-01
1.952197808285346392e+00
2.565181643482038254e+00
2.061178886694060797e+00
2.663374081150522432e+00
4.425195868798186716e+00
5.838364384327671353e+00
7.379738944056844829e+00
7.879571776804288774e+00
7.068457708996839450e+00
5.835041665381006659e+00
3.810688452462295039e+00
1.271880041055928334e+00
-1.726088215033782403e+00
-5.658312925539432214e+00
-1.048149869340546125e+01
-1.264910197141226611e+01
-1.190221183465027011e+01
-9.905497404424755459e+00
-5.685008049158407850e+00
-1.421074818933318662e+00
2.761932041632466195e+00
8.808197463364452418e+00
1.627961246288605324e+01
2.004207590286445750e+01
1.985733969517934128e+01
1.787531384297431813e+01
1.271993383329584759e+01
7.885480330478264577e+00
3.539406364039060726e+00
-3.263090195246581615e+00
-1.181194889920322311e+01
-1.701889496198425178e+01
-1.877422127986629619e+01
-1.902879488272127873e+01
-1.645972991798966945e+01
-1.481248013625895510e+01
-1.426071621053961280e+01
-1.179894158879421795e+01
-8.207474889879616597e+00
-5.615935496299074181e+00
-3.852809203273308558e+00
-2.422853119106139097e+00
-1.811025319079011098e+00
2.362058864557181614e-02
3.161496568046955780e+00
6.197324852329529676e+00
9.582977574543129151e+00
1.193731869522343381e+01
1.298509109264689876e+01
1.370475792685913241e+01
1.367309797819421568e+01
1.333778943910170867e+01
1.276556290580707476e+01
1.135058599489989106e+01
9.174769056119277622e+00
7.071044932635476066e+00
5.004855805688875670e+00
2.607685806152452379e+00
5.949523756250579831e-02
-3.298564554988236530e+00
-7.536717675067535538e+00
-1.220003574650660205e+01
-1.745842741384287322e+01
-1.996890586439524284e+01
-1.935979279857977531e+01
-1.733657367145458039e+01
-1.293213718118767019e+01
-7.988193208423673752e+00
-2.604429194235449607e+00
5.012611136331675432e+00
1.451812984570839760e+01
1.958369968394285721e+01
1.986017770370737523e+01
1.814554077057611892e+01
1.273618651079772057e+01
7.805258910743438250e+00
3.580115929579161360e+00
-3.504516452814458116e+00
-1.259276390439862681e+01
-1.722238784006768242e+01
-1.723052737178698735e+01
-1.511991611530735824e+01
-9.201729523782184117e+00
-4.169292324533986793e+00
-2.376174841615631972e-01
6.391497423619785678e+00
1.474648153886238511e+01
1.904048563242887582e+01
1.918014123081940525e+01
1.725560446869548770e+01
1.175950107884803053e+01
7.052068252764220446e+00
3.304892376760605099e+00
-2.962606434097416752e+00
-1.085609431630759403e+01
-1.543889620240701710e+01
-1.666203383729808607e+01
-1.626987131179212653e+01
-1.298698560275081704e+01
-1.061387726148967836e+01
-9.301773466026752146e+00
-6.055917257721155522e+00
-1.662569315085900667e+00
1.090285326482888673e+00
2.301022782785731469e+00
2.768518225188816739e+00
1.812253928911752965e+00
1.856667187155683685e+00
2.991985118037242319e+00
3.439684784761916969e+00
3.717481270977519348e+00
4.111189100909130367e+00
4.450353607757216778e+00
4.958802393915905604e+00
5.666411660310955334e+00
5.942242301097639512e+00
5.793385608675169607e+00
5.548380963705781710e+00
5.069337150696271443e+00
4.327554059397340502e+00
3.333992485580997478e+00
1.992304701323211580e+00
2.844246476925000322e-01
-1.692290201357846025e+00
-3.964666389753372933e+00
-6.610286037043864305e+00
-9.625934195779844771e+00
-1.101257502620182294e+01
-1.058562528272206293e+01
-9.291677368032406292e+00
-6.561543436838078058e+00
-3.588575921526748758e+00
-4.282329517766491622e-01
4.027800450518375541e+00
9.553141567431042702e+00
1.239167071500316730e+01
1.233624359879583565e+01
1.102961568157583194e+01
7.457847459031397896e+00
4.108777425347634349e+00
1.111850379907904918e+00
-3.659844413358272597e+00
-9.699623277876330718e+00
-1.273629524588348261e+01
-1.263238662580990734e+01
-1.108100421276659908e+01
-6.955634046831546513e+00
-3.300065880892168124e+00
-2.541047371361581098e-01
4.677274765609158003e+00
1.086847397553050065e+01
1.402776916227048609e+01
1.405061829076104551e+01
1.255389397038374710e+01
8.410782978294829348e+00
4.773159921153064644e+00
1.771897697872930610e+00
-3.143439096608867445e+00
-9.327720048048309565e+00
-1.265648152782658009e+01
-1.304722465950572641e+01
-1.202582429666886732e+01
-8.514729997982433574e+00
-5.590583110696928593e+00
-3.380076543669388922e+00
5.845518934835317593e-01
5.670900645387974670e+00
8.480937571690311927e+00
8.991179134918814597e+00
8.391651248799979257e+00
5.808413028488375041e+00
3.875217234656087140e+00
2.697724851260736578e+00
2.111971367780043352e-01
-3.037444214629368755e+00
-4.881408846733303442e+00
-5.360523256881804421e+00
-5.134132559471486168e+00
-3.659365194245752129e+00
-2.744427598117112233e+00
-2.452757157987089265e+00
-1.420262740923523559e+00
-2.537234051103376409e-02
7.644605659448544532e-01
1.013855190606097745e+00
9.232082449629629428e-01
2.609951247857638101e-01
-4.794279958582059464e-02
1.877460091581346913e-02
-1.948838541458936535e-01
-4.946947076057973125e-01
-4.161308077389329063e-01
1.625264307316600515e-02
7.188501425733339056e-01
1.808394943239257646e+00
2.841289385525731959e+00
3.813849557269412216e+00
5.050178829521785318e+00
6.462372743599693159e+00
6.902277954322247666e+00
6.292396362875119387e+00
5.113969845071399511e+00
3.045962671536878830e+00
8.417918123935271835e-01
-1.472552936944421909e+00
-4.562158677961799746e+00
-8.283917806199884382e+00
-1.035900346763602364e+01
-1.065675162993594682e+01
-1.016765025916369858e+01
-8.272799321351280710e+00
-6.480461096445581326e+00
-4.864958681514165661e+00
-2.130347481218780814e+00
1.419423879375363295e+00
3.432387111533516055e+00
3.853497408612887920e+00
3.603590458097551519e+00
2.071792856028412011e+00
9.746665876453809441e-01
3.964778285401183155e-01
-1.042575172484657697e+00
-2.982658131057155604e+00
-3.359231314757696207e+00
-2.138046223981036054e+00
-5.179242153075416799e-02
3.439788200270213370e+00
6.781621785218919563e+00
9.917652791854088434e+00
1.409422213848832506e+01
1.899593480447921934e+01
2.096328534268183574e+01
1.978702874629107811e+01
1.698254408081743705e+01
1.154461116039630220e+01
5.922264510129784831e+00
2.100719920133145013e-01
-7.709075356690784808e+00
-1.735786897568904408e+01
-2.312334564470200604e+01
-2.474552729539965412e+01
-2.458329971437892070e+01
-2.113347850990553312e+01
-1.824004973302782062e+01
-1.609162877707494488e+01
-1.146030670957067343e+01
-5.131400137915260729e+00
-8.206776721574188249e-01
1.539011257188469539e+00
3.207014282108485492e+00
3.271983529975118099e+00
4.767684285074516914e+00
7.843247216974811309e+00
1.023098696120880824e+01
1.259230477681914628e+01
1.387949898822121142e+01
1.373218742803802606e+01
1.310363445277497441e+01
1.162272067519561425e+01
9.315446544048688438e+00
6.223864174412933714e+00
1.979192699926079602e+00
-3.442315614398471890e+00
-6.709247514098684917e+00
-7.593835257129838645e+00
-7.724181825311995375e+00
-6.203813452366173209e+00
-5.084784875892259137e+00
-4.513617458367845003e+00
-2.695102596794998639e+00
-6.286937846813882291e-02
1.268628265066074068e+00
1.331672163059163916e+00
8.448366023624411802e-01
-7.130522433811160576e-01
-1.652614001570766877e+00
-1.893986623126339586e+00
-2.714077249464585506e+00
-3.748476972456496803e+00
-4.182343654636841990e+00
-4.078769394497153478e+00
-3.567493854509263596e+00
-2.452336923207425912e+00
-1.528925359712325571e+00
-8.065909857171060793e-01
2.802104585611288057e-01
1.570032713511267719e+00
2.532361649875669141e+00
3.178851586849377853e+00
3.651054610474787410e+00
3.813827068171797841e+00
4.133337649478462161e+00
4.620767695807235675e+00
4.926198868345443849e+00
5.144644091790996576e+00
4.854321771552274178e+00
3.968286169127098528e+00
2.744966468373440716e+00
1.047336709163187995e+00
-9.828485272326552558e-01
-3.340597936283834724e+00
-6.228359038051192620e+00
-9.630631023592551188e+00
-1.100051256127073707e+01
-1.012361128359822082e+01
-8.200171030278236017e+00
-4.515741138797153553e+00
-6.053090052915284236e-01
3.453512695446682379e+00
9.064296180661534308e+00
1.592918759258591876e+01
1.933825044049858022e+01
1.902727036096454682e+01
1.704064624017112450e+01
1.210217352458150941e+01
7.325446746235387607e+00
2.864872612120309192e+00
-3.952229730447069933e+00
-1.249750925533721180e+01
-1.750231923534253298e+01
-1.880919423817899983e+01
-1.851069880120194711e+01
-1.522441590201976069e+01
-1.272820865211308217e+01
-1.120271370341110639e+01
-7.570383056005858258e+00
-2.614451910286480718e+00
6.082678726654321411e-01
2.192096734821058046e+00
3.071137927273702939e+00
2.501149822709212600e+00
3.079184694395500355e+00
4.914670087059188397e+00
6.093977024362222217e+00
7.177392397858921136e+00
7.763566004032924184e+00
7.598546563438363322e+00
7.260499839315525783e+00
6.577200528790890566e+00
5.284873019787572623e+00
3.408770564106605505e+00
9.095438270791731394e-01
-2.284428257970711584e+00
-4.269549873690330344e+00
-4.900614031069935983e+00
-5.149828014983565794e+00
-4.503333996317194554e+00
-4.086266604679585690e+00
-3.987621059613795094e+00
-3.205005618238090381e+00
-1.978227173903915670e+00
-1.032348663766967434e+00
-3.014585731485610598e-01
4.040340552891173997e-01
9.266536069887100213e-01
1.945568034595079432e+00
3.497128405798896278e+00
5.123282040053418029e+00
6.981035728133677232e+00
7.762339677274459504e+00
7.295181060362977199e+00
6.312434623633173203e+00
4.431438058206086161e+00
2.300196223352592995e+00
-3.500440302485564870e-02
-3.242575250866826853e+00
-7.200602770526286278e+00
-9.406172955355613041e+00
-9.717643425249818279e+00
-9.251079034636818577e+00
-7.332309974456842738e+00
-5.596572401508574934e+00
-4.134485725427053282e+00
-1.543322270770255633e+00
1.841562701753113318e+00
3.865259972160215440e+00
4.504324239704071253e+00
4.563625038542339141e+00
3.492251392771419827e+00
2.914926872256561108e+00
2.909560909223084302e+00
2.197265404390272181e+00
1.121612353370588178e+00
5.374305869419957471e-01
3.732139723977210832e-01
4.561330564762082762e-01
9.834010352617584827e-01
1.124178512760378279e+00
8.536145026584109896e-01
7.472673976100320248e-01
6.260327030868029219e-01
5.455634582540146438e-01
5.698754051540733112e-01
5.449184759179119819e-01
4.987313131919881015e-01
5.478732256700254988e-01
6.800306152949024963e-01
8.630244869895686843e-01
1.120531867169275664e+00
8.785736331122679932e-01
8.197283873892874384e-02
-9.808156883600346321e-01
-2.471617232694632182e+00
-4.072479873269861272e+00
-5.764529294184510100e+00
-7.850690529914309934e+00
-1.026956306563163679e+01
-1.119847994321601803e+01
-1.049898617893015462e+01
-8.991998476118681083e+00
-6.168537925900791308e+00
-3.161842321925607990e+00
-2.236152831657176043e-02
4.270500847224110608e+00
9.498296154091853793e+00
1.270054517269254468e+01
1.373212978882788882e+01
1.386158781480766145e+01
1.229556598803244327e+01
1.103539256036586380e+01
1.018403976995787197e+01
8.052540470487096869e+00
5.051124669397982103e+00
2.903272549283738346e+00
1.550935983392382367e+00
4.383831198780051563e-01
-2.198251803359074774e-02
-1.288824992822888760e+00
-3.435763281030637550e+00
-5.399691789651145157e+00
-7.503698907156634235e+00
-8.945494335504454497e+00
-9.531700166927233653e+00
-9.870167408515005292e+00
-9.702804046549218242e+00
-9.228559648175316710e+00
-8.482463919688594700e+00
-7.126475910163384775e+00
-5.189759095669580269e+00
-3.655211254763827800e+00
-2.547347702758752774e+00
-1.399094899496662547e+00
-4.536339283165128911e-01
9.626143592877834942e-01
2.910284664324651605e+00
4.858282394411716609e+00
6.964434349387943257e+00
8.315801379355898248e+00
8.762119257108622605e+00
8.846804768650837758e+00
8.291057640540051565e+00
7.500874886739316239e+00
6.504681575504609903e+00
4.843061770177190972e+00
2.586091770671733236e+00
9.596967775724651872e-01
2.363138279346380100e-03
-8.382032925553306590e-01
-1.249516770425004086e+00
-2.081576413193093611e+00
-3.396931133137518710e+00
-4.512365043732220471e+00
-5.617477928552945698e+00
-6.113119198307467528e+00
-5.856826744243672778e+00
-5.260577199681206295e+00
-4.126043896689821189e+00
-2.629857095667318845e+00
-7.861885440226247246e-01
1.682416923235110495e+00
4.755972235547996974e+00
6.537139453492371466e+00
6.896463074759552114e+00
6.734280862308222204e+00
5.535863767545926351e+00
4.489332296341124184e+00
3.670216260855331480e+00
2.038543612690060236e+00
-1.597844257837853221e-01
-1.826398996305523603e+00
-2.996480417309075772e+00
-4.034947542274739618e+00
-4.679763960765292552e+00
-5.845818116201518144e+00
-7.581896782976390803e+00
-9.219431428639227377e+00
-1.096221791732259376e+01
-1.140481260789701778e+01
-1.033333591436906396e+01
-8.552297441798630828e+00
-5.637340767518339568e+00
-2.230893637504960836e+00
1.626926490185848007e+00
6.647226909000569783e+00
1.271949084005366437e+01
1.602973657111327199e+01
1.632014154688339147e+01
1.533970685995705630e+01
1.204561146565087704e+01
8.851425793786566132e+00
5.889973735485841466e+00
1.041575945932522895e+00
-5.206590584470148997e+00
-8.756781244654179730e+00
-9.498315194271624406e+00
-9.063823726560901406e+00
-6.385438743809067397e+00
-4.411934743996854813e+00
-3.291039214141986413e+00
-6.355170561325080847e-01
2.937396055414370988e+00
4.866923305806527544e+00
5.200836292766402913e+00
4.739880995162587318e+00
2.846431394452782371e+00
1.633846125500283186e+00
1.182992461597911715e+00
-9.954481669927831011e-02
-1.767693223201771913e+00
-2.446608012314990255e+00
-2.183972744960860357e+00
-1.322416038781737635e+00
4.820863499947492525e-01
2.015520286402356032e+00
3.250752417971388475e+00
5.090433723966398816e+00
7.287008720235951031e+00
7.675948731305757278e+00
6.145424532387107952e+00
3.546556811306749157e+00
-7.158746981338619531e-01
-5.146834055062310398e+00
-9.698113148064885891e+00
-1.564852435518365859e+01
-2.270987367477469476e+01
-2.572625794898384299e+01
-2.435939624147824745e+01
-2.086112449688454262e+01
-1.380959306270113984e+01
-6.542545045998536146e+00
7.907792385575542760e-01
1.111859903876762878e+01
2.378558607873619835e+01
3.062431378104749413e+01
3.123553131979751285e+01
2.907278305591738743e+01
2.194081026354038499e+01
1.537795339195901079e+01
9.653420332883731803e+00
8.596619854441112096e-02
-1.219889203083337392e+01
-1.922090804957610999e+01
-2.081855155820638004e+01
-2.004551023938918419e+01
-1.483186679062284341e+01
-1.106926402437695423e+01
-9.033443342939614595e+00
-4.009212282784904602e+00
2.772729961353264994e+00
6.929067043491522249e+00
8.617746869435649160e+00
9.094869940693110166e+00
7.292646917386249150e+00
7.004016338184408497e+00
8.370293077822330119e+00
8.607098848718029771e+00
8.524123849791566343e+00
8.058461544540250543e+00
6.890256721916281357e+00
5.607543487699206963e+00
4.108010825214395645e+00
1.695506655259231277e+00
-1.609607693408723117e+00
-5.575805594844727153e+00
-1.036778380988440418e+01
-1.321506086686254022e+01
-1.386046463264067441e+01
-1.375038765092212323e+01
-1.211683923646749683e+01
-1.051098691454870249e+01
-9.048707955793904745e+00
-6.284390486992008640e+00
-2.535464211921278466e+00
-1.739579329868449209e-01
7.754353941890551605e-01
1.240806246275999447e+00
6.230867989832039600e-01
6.825241522720036924e-01
1.518047031423055415e+00
1.749585363397922810e+00
1.758115367161764198e+00
2.447792809735640507e+00
3.746083238767494272e+00
5.489469195771913945e+00
7.891104306795348577e+00
1.007946283464641546e+01
1.203716414447527860e+01
1.437807304412837084e+01
1.692059972647864541e+01
1.743411700133728459e+01
1.575699053924001269e+01
1.280772168971957292e+01
7.954098516501701965e+00
2.641052569177271270e+00
-3.092837829434924135e+00
-1.054498804067469919e+01
-1.945037878039739354e+01
-2.440145218311780795e+01
-2.505290691306148787e+01
-2.380503640873821070e+01
-1.917768564669024656e+01
-1.467827896140129695e+01
-1.048162307361927859e+01
-3.533245256545408886e+00
5.464986826156539301e+00
1.082573578395512115e+01
1.241275487736074012e+01
1.248027867890279730e+01
9.553709742845153841e+00
7.768558580184186546e+00
7.336064056461514049e+00
4.933078664953383097e+00
1.431175127465178498e+00
-6.226268277334835455e-01
-1.392280283888234438e+00
-1.501658313372641995e+00
-3.533538118274305306e-01
-2.973731514097405215e-01
-1.417570147855386153e+00
-2.052651648105567883e+00
-2.711692166282825056e+00
-3.098812538097349911e+00
-3.011372881870796103e+00
-2.950502266758716630e+00
-2.792564155072500665e+00
-2.282433716132614698e+00
-1.454699813563612443e+00
-3.201395998450850544e-01
1.177720321774997636e+00
2.157063304772479650e+00
2.554714672186608304e+00
2.839247830547483531e+00
2.777903731857226166e+00
2.875853936168820457e+00
3.180985462875836056e+00
3.245786875800461324e+00
3.182619326068466759e+00
2.960192419133830022e+00
2.515939145047934922e+00
1.938708463980679753e+00
1.198346003582422048e+00
2.025832526343413209e-01
-1.053210193256799876e+00
-2.559504792067605283e+00
-4.345250671442540735e+00
-5.217403143400243692e+00
-5.067209276869748535e+00
-4.484834344851553745e+00
-3.135401334989306843e+00
-1.714452217110652876e+00
-2.632664193703153632e-01
1.862520491720384586e+00
4.525831979045656261e+00
6.015064513615208774e+00
6.254858007394240360e+00
5.971689093843498775e+00
4.710541443389734795e+00
3.639195458178722475e+00
2.818822859461830532e+00
1.272737158521371148e+00
-7.577986354163903648e-01
-2.261412656670660493e+00
-3.267779253359227809e+00
-4.100240490450946851e+00
-4.513976657789749325e+00
-5.357896257908095983e+00
-6.671888550528588091e+00
-7.830987205194179346e+00
-9.020670641533593326e+00
-9.203836471793627183e+00
-8.205903376713868269e+00
-6.642792548648801976e+00
-4.195712816808468304e+00
-1.300759075273076437e+00
2.014117747781837942e+00
6.262360654407996385e+00
1.137311489204279447e+01
1.415914518182671955e+01
1.439482976113378321e+01
1.355596860925370883e+01
1.076775925234171183e+01
8.025874250943914490e+00
5.440733183664392847e+00
1.247206125688518075e+00
-4.153403424273300892e+00
-7.253023529621563270e+00
-7.952141731385683698e+00
-7.660089986824076824e+00
-5.461877569260633614e+00
-3.870093146953016205e+00
-3.012583666418939377e+00
-8.510243953147317297e-01
2.088194104563509956e+00
3.455627262077361372e+00
3.275574381715903094e+00
2.308307461332734789e+00
-3.784525286245258441e-02
-1.865978146883541466e+00
-3.103736754590412428e+00
-5.201040344496352219e+00
-7.760553447245755798e+00
-8.925711995219723249e+00
-8.682518982510051941e+00
-7.635769819799730129e+00
-5.300253240803755261e+00
-3.132073130268780314e+00
-1.173520081790050185e+00
1.726899541266270433e+00
5.277130768844294550e+00
7.550236258719273508e+00
8.502624609425771141e+00
8.855736204464664141e+00
8.104574199134793488e+00
7.685705160941665781e+00
7.659509343385165536e+00
6.871913770574274771e+00
5.618630091010670569e+00
4.379138275874913333e+00
3.050234327223619424e+00
1.594208824940881675e+00
9.652942482093732068e-02
-2.038959569338192779e+00
-4.840210091264478542e+00
-7.955712511443095991e+00
-1.152865784280060879e+01
-1.313958114654971077e+01
-1.252371443896860725e+01
-1.093104708940554559e+01
-7.666593692667205140e+00
-4.048707950508845244e+00
-1.554538377805685101e-01
5.295721746462355384e+00
1.205417222769935570e+01
1.553530153583162488e+01
1.548072553866421863e+01
1.391300593417066445e+01
9.594374645594779594e+00
5.536538598800913924e+00
1.899476366814901951e+00
-3.900024151956791307e+00
-1.124806034135011323e+01
-1.499347767552509048e+01
-1.497377141803823797e+01
-1.322946046710421086e+01
-8.403545437254997807e+00
-4.170964763698155942e+00
-7.014145610773450112e-01
5.013815395581859846e+00
1.221836947124376316e+01
1.600951904787951108e+01
1.628808997812334880e+01
1.487399554442880323e+01
1.048683772494705835e+01
6.769787542865229213e+00
3.873940928001673889e+00
-1.126367599129395547e+00
-7.482237351473153275e+00
-1.136748931584331856e+01
-1.277555400499725913e+01
-1.302347946109816590e+01
-1.113449104377781929e+01
-1.011510499042527300e+01
-1.008713956289633629e+01
-8.715375951386768349e+00
-6.628027519426222369e+00
-4.948347734212251936e+00
-3.500270510701434024e+00
-2.169928276126434685e+00
-1.189419111003102048e+00
7.207138666301464713e-01
3.599859585968180120e+00
6.634261432764522404e+00
1.011113539260960614e+01
1.221439878001360846e+01
1.269428982617232116e+01
1.262022103032931852e+01
1.146319442667433464e+01
1.007178274577863242e+01
8.520358779475719402e+00
5.912644972178249247e+00
2.412693881035315790e+00
1.394492864991490055e-01
-8.436139157767590380e-01
-1.451792735383012678e+00
-1.140689177074498240e+00
-1.386966279723748530e+00
-2.286167493513985516e+00
-2.644058414980355209e+00
-2.781715591643822538e+00
-3.490787690369585139e+00
-4.705011913615190444e+00
-6.270622093579413914e+00
-8.371012381615345888e+00
-1.024891032565611582e+01
-1.188474877110493644e+01
-1.380760150305003719e+01
-1.585661001175462737e+01
-1.626260770360802255e+01
-1.489937839125156316e+01
-1.248105915628892504e+01
-8.505104664879942433e+00
-4.124043360578587780e+00
6.354338356150852629e-01
6.808309780765963382e+00
1.418545563901725615e+01
1.884060564459992548e+01
2.053967894102632030e+01
2.101970880671868613e+01
1.921412472834894203e+01
1.770295769231266902e+01
1.662035284788210276e+01
1.374450537003360395e+01
9.598472778743920131e+00
6.360251210125435151e+00
3.934773327068672888e+00
1.613518118918423117e+00
-9.516216944937685995e-02
-3.068051531573689150e+00
-7.411680148943472268e+00
-1.178648720233015545e+01
-1.661884291120210833e+01
-1.895475093070510653e+01
-1.836216322541099899e+01
-1.653973180981141056e+01
-1.260621182267081863e+01
-7.942240137389222632e+00
-2.644322325271204033e+00
4.779832310239536142e+00
1.408173080579065406e+01
1.930807040467368907e+01
2.011884469841794854e+01
1.920480796617601271e+01
1.496627290167569413e+01
1.127906446349617653e+01
8.369522412784322185e+00
2.916470545656109969e+00
-4.278360052040285133e+00
-9.270729137941177811e+00
-1.211935674259363260e+01
-1.417770942579618065e+01
-1.447442374958068356e+01
-1.618250190665260746e+01
-1.945721228555583338e+01
-2.190900314422170325e+01
-2.422656041096136548e+01
-2.450657402968234422e+01
-2.228222426214362883e+01
-1.892183295931154419e+01
-1.379735386339517333e+01
-7.388216459334696395e+00
2.517636699197839945e-01
9.957846864644372076e+00
2.167961225209249676e+01
2.917167062825284773e+01
3.199442977431811386e+01
3.311672360534958415e+01
3.083780321140059755e+01
2.903728641387696641e+01
2.795775046602673797e+01
2.418145650538584590e+01
1.850587300450730055e+01
1.378494644110850054e+01
9.818938484199842165e+00
5.748604077000605272e+00
2.209470042655483191e+00
-3.381640716141415481e+00
-1.117856507437671176e+01
-1.940729745796187800e+01
-2.866893014609857460e+01
-3.379133771138496201e+01
-3.409401862110596682e+01
-3.245943169060043942e+01
-2.737181161453960954e+01
-2.140654183165614910e+01
-1.474212465850714260e+01
-4.724185204714583364e+00
8.165413469469534391e+00
1.596699254821661107e+01
1.832339405269370758e+01
1.874491865228140597e+01
1.513245814724850291e+01
1.285167992773863155e+01
1.222672598897549889e+01
8.782518180483899428e+00
3.653072747956319866e+00
5.618677701628916887e-01
-7.024692364656154320e-01
-1.155104456339501207e+00
7.639396723859345761e-02
-3.344236462139921207e-01
-2.527093328903881719e+00
-4.134164079684121695e+00
-5.885253017858792290e+00
-6.678930677959468376e+00
-6.159741261698305159e+00
-5.368036858996036997e+00
-3.932526464566159508e+00
-1.893487726911456726e+00
6.809803182334800420e-01
4.153379521729343438e+00
8.527955670870948524e+00
1.048979786255700652e+01
9.798753459356898787e+00
8.047228559932726455e+00
4.331747253938814879e+00
6.658427116509384458e-01
-2.822513426905765677e+00
-7.925834319823275465e+00
-1.423192942056770249e+01
-1.726620653109335279e+01
-1.683033863098947336e+01
-1.477356282035763790e+01
-9.897973962482103261e+00
-5.264473258527938349e+00
-1.014942346148609564e+00
5.424487930231519428e+00
1.343363027445501778e+01
1.789518379139724757e+01
1.864475355359476438e+01
1.770193966816116671e+01
1.371572632716817530e+01
1.034616454586506862e+01
7.758871091208571436e+00
2.955625992671568003e+00
-3.312366104999617367e+00
-6.910680052274100760e+00
-7.819404763169440997e+00
-7.504509589157250637e+00
-4.910297830484863901e+00
-3.240943829645277940e+00
-2.634793012545313839e+00
-5.926747235259257618e-01
2.212788281410368096e+00
3.338314604113354900e+00
2.844036594985152266e+00
1.430102953922328002e+00
-1.513979903691779816e+00
-3.914130885675112470e+00
-5.705723718429728031e+00
-8.444694870687042609e+00
-1.170015539412075789e+01
-1.292897125143263892e+01
-1.205745739715856502e+01
-9.989386642184328480e+00
-6.041991864499292930e+00
-2.099151764544986420e+00
1.784296289144112757e+00
7.154205681682529239e+00
1.364095367539097126e+01
1.708118494016544986e+01
1.726700439740519144e+01
1.592974410557274645e+01
1.194323915045391971e+01
8.150215940498652500e+00
4.677474616906044602e+00
-8.834270577453986473e-01
-7.961824963023904189e+00
-1.192995794480784610e+01
-1.265631738021801844e+01
-1.196774684119550791e+01
-8.651855173190794446e+00
-6.050125817911826687e+00
-4.321846302037957166e+00
-7.548285325573346194e-01
3.956947394816843211e+00
6.515722914532473098e+00
6.940335182978019546e+00
6.331961364226541100e+00
3.856969854303022860e+00
2.147671325001829779e+00
1.309571799158955940e+00
-6.800017633091851588e-01
-3.268436777148191474e+00
-4.649285576785071150e+00
-4.884417360253064722e+00
-4.452386965600531710e+00
-2.905184682523208828e+00
-1.823743397086169393e+00
-1.252469461515366866e+00
-2.039087259749969294e-02
1.544480449982730486e+00
2.642836707113004557e+00
3.332018590305581895e+00
3.767754332161151964e+00
3.759293950624747360e+00
4.087631113800037852e+00
4.770719766863762423e+00
5.258620413827684636e+00
5.715444776392407000e+00
5.774359402228441240e+00
5.337642281951310963e+00
4.690004007504982475e+00
3.709582182826687280e+00
2.457282031338149153e+00
9.453036068410801684e-01
-9.720466466426851415e-01
-3.291314517608703305e+00
-5.143325239120216885e+00
-6.476983451275676984e+00
-7.712780452728138059e+00
-8.620689613362632286e+00
-9.752255165864211151e+00
-1.114875302374272970e+01
-1.233961874588810659e+01
-1.344421421587300713e+01
-1.334789909253428597e+01
-1.187381238779530435e+01
-9.620672184844496044e+00
-6.241807382377941416e+00
-2.253814523962359040e+00
2.327904539000484885e+00
8.089047699835321126e+00
1.495203747503875924e+01
1.897067904694340612e+01
1.985825739228234710e+01
1.945013616285221758e+01
1.666030371958835588e+01
1.395508205155366177e+01
1.147100780082619842e+01
7.021228854060619362e+00
1.100947973802794078e+00
-2.705899279433085169e+00
-4.355628821688090291e+00
-5.240303787146534553e+00
-4.449379723609068193e+00
-4.660784014952624510e+00
-6.019638164323975360e+00
-6.423414828238395380e+00
-6.448369313930807145e+00
-6.551321157729332434e+00
-6.524370539786015222e+00
-6.542927655702052370e+00
-6.661228848666615576e+00
-6.072582357217245708e+00
-4.764567421479315890e+00
-3.161849423473450660e+00
-1.077083742634747043e+00
3.889947357248531579e-01
1.111287282194748594e+00
1.760574655290262802e+00
2.034155961767535992e+00
2.475514122202306488e+00
3.150507718214921038e+00
3.530794353735754676e+00
3.738202928675572689e+00
3.992802738648622451e+00
4.241433947867034426e+00
4.458263497585702062e+00
4.677698937322255723e+00
4.644465185075705271e+00
4.342212544725811973e+00
3.915925773992452452e+00
3.301121586455579848e+00
2.835972617778780958e+00
2.558460807461355291e+00
2.254305000793083380e+00
2.015082079302909612e+00
1.668715925754784779e+00
1.191314663537749841e+00
7.447289744878543560e-01
2.878967454599339892e-01
-6.836955731371295863e-01
-2.201059193874983944e+00
-4.056940455972240400e+00
-6.391216844378049267e+00
-8.879848310063573891e+00
-1.151250074251024635e+01
-1.457680645061470770e+01
-1.801194282311502803e+01
-1.905527998213582919e+01
-1.746804040166151850e+01
-1.451058844470544784e+01
-9.398106627634605914e+00
-3.800674433053945922e+00
2.214566511597374721e+00
1.019067412034552866e+01
1.981543573317524576e+01
2.509517833382511043e+01
2.566500160025142563e+01
2.417449452114352582e+01
1.899127029104957742e+01
1.402417697192110424e+01
9.471602160904923906e+00
1.949221258470111851e+00
-7.755910073256007564e+00
-1.348928055961367178e+01
-1.510948742275380319e+01
-1.503390256341033293e+01
-1.166670892213224420e+01
-9.498278038034177584e+00
-8.752800858018348507e+00
-5.825001637132116272e+00
-1.658846170762502181e+00
1.132930395928976486e+00
2.744836401970530915e+00
3.786113541658280290e+00
3.653496616152958953e+00
4.814381173914465073e+00
7.358661006913155056e+00
9.567151369807923800e+00
1.197909853599776220e+01
1.290101924087092833e+01
1.198764970316278600e+01
1.042076171799759798e+01
7.674466102058302042e+00
4.286527419408260542e+00
3.282496913000979566e-01
-4.949898131101208243e+00
-1.145762073912705858e+01
-1.527604382490120294e+01
-1.615743337867308682e+01
-1.592243993008035474e+01
-1.351285436815335572e+01
-1.140891785518851087e+01
-9.762119088605054174e+00
-6.416017115347179001e+00
-1.882659138324484838e+00
1.113664189232938861e+00
2.598921084663433856e+00
3.537106629296784988e+00
3.253897640783370182e+00
3.904206192307919654e+00
5.597073962826604188e+00
6.696670114207137203e+00
7.670747472349376039e+00
8.129696803891423684e+00
7.845970148824467749e+00
7.325675340359445009e+00
6.403268259998603718e+00
4.884374385252649553e+00
2.786186365452495206e+00
3.935082446339566165e-02
-3.415648211731767692e+00
-5.306970619000060729e+00
-5.453395527475003668e+00
-4.991165538977515581e+00
-3.298831256140708934e+00
-1.724606772205903749e+00
-3.634800730790266332e-01
1.997576133328305081e+00
5.079341022420114982e+00
6.285585261023482140e+00
5.525996557703370726e+00
3.848268423445637687e+00
5.670356581817570518e-01
-2.498914544634390111e+00
-5.263287765302114174e+00
-9.227375878556857813e+00
-1.401742137540070487e+01
-1.608426828750871707e+01
-1.526692677007507370e+01
-1.299280232751887887e+01
-8.303435364241860128e+00
-3.648358074794257888e+00
8.736189006987722383e-01
7.329858286435362302e+00
1.523322056645198685e+01
1.938145261966625910e+01
1.953708375987769585e+01
1.784804731858224969e+01
1.291713061255185835e+01
8.324004873183667996e+00
4.232331847825631321e+00
-2.366846361589137082e+00
-1.074923590812190710e+01
-1.538717949444416000e+01
-1.613581114281043583e+01
-1.514485395138957458e+01
-1.096783337207761910e+01
-7.625151912098082185e+00
-5.302503054390587778e+00
-7.463206659452799041e-01
5.210251031515862330e+00
8.721605432161801730e+00
9.821588315711577977e+00
9.779852040166257865e+00
7.628464391883012397e+00
6.465157663839297797e+00
6.414735707482924987e+00
5.110324366658619333e+00
3.204595785341288305e+00
1.938429600056785551e+00
1.153067370977013173e+00
7.036626652067980991e-01
8.631429247618652711e-01
2.847955295390904862e-01
-1.062305562060117836e+00
-2.287532579496816432e+00
-3.682365296872843086e+00
-4.593500196296260718e+00
-4.871324123951825236e+00
-5.034251893878511908e+00
-4.880318044588829451e+00
-4.555821762606749203e+00
-4.099289469720853063e+00
-3.256901977469174980e+00
-2.056287124254140952e+00
-1.046134580007481940e+00
-2.291950323420801627e-01
6.479280482600014990e-01
1.454440815509152163e+00
2.577109936765970222e+00
4.052160690742483418e+00
5.584758220317884714e+00
7.267777787894248220e+00
7.670455444653006438e+00
6.617386128969852344e+00
4.848575245018103885e+00
1.942759480678011075e+00
-1.341847769884724428e+00
-4.967785740291310148e+00
-9.698620672395307452e+00
-1.539810324529178232e+01
-1.806064243656741652e+01
-1.740886623675160294e+01
-1.525985736376988200e+01
-1.051167759378241939e+01
-5.699603155125422482e+00
-9.534824691961354404e-01
5.964745229288044293e+00
1.455033739889101874e+01
1.943180776337797155e+01
2.039071987942550024e+01
1.965220367122093492e+01
1.578952878658019365e+01
1.252536058124595719e+01
1.004379189678476969e+01
5.249770305187942299e+00
-1.090833954801498695e+00
-4.913848069185123180e+00
-6.224562258821001670e+00
-6.449532067896420529e+00
-4.562424712893673018e+00
-3.750563399129337228e+00
-4.157400659648426533e+00
-3.324296356798152718e+00
-1.927577896205333374e+00
-1.484366898684863934e+00
-1.852926175954454635e+00
-2.776864199168898040e+00
-4.605973748553332747e+00
-5.818897685105366868e+00
-6.380040702016618326e+00
-7.336816177898395352e+00
-8.365726385307787893e+00
-8.510656536679469752e+00
-7.781099563885844006e+00
-6.395520847231577655e+00
-4.098525251561965455e+00
-1.714568342687644353e+00
7.553800598205456795e-01
3.955410446500621013e+00
7.731561192615344247e+00
1.005516836198862940e+01
1.081038358591683135e+01
1.086012052620189650e+01
9.650527908798016696e+00
8.548341783090659618e+00
7.615284087180246964e+00
5.680581091972580765e+00
3.017139409802902072e+00
1.024589702173390293e+00
-3.231927909560408096e-01
-1.522092292073561781e+00
-2.232571051439363075e+00
-3.594837428629869880e+00
-5.673019206366585188e+00
-7.621566491059112991e+00
-9.694497892208671530e+00
-1.037003747334619597e+01
-9.401995827699167307e+00
-7.684535345717362631e+00
-4.753751995828952914e+00
-1.275577071568875898e+00
2.706325560063911784e+00
7.952588507401138429e+00
1.435099098689855524e+01
1.753869569296874786e+01
1.721415407449769930e+01
1.538725112848573318e+01
1.086291899939405425e+01
6.387311808897874421e+00
2.111883362864822811e+00
-4.383620130940975024e+00
-1.254597034054537197e+01
-1.708704135742762276e+01
-1.781947828954975321e+01
-1.689571093150399506e+01
-1.292042449091218792e+01
-9.610744817856923916e+00
-7.149132145507105740e+00
-2.474541960541740249e+00
3.644696160276062802e+00
7.282107724638129831e+00
8.446281677894981854e+00
8.492139460637233128e+00
6.426399925265344315e+00
5.342554507283963083e+00
5.373289444110326940e+00
4.132063935400122290e+00
2.271664780452031795e+00
1.120247562666605079e+00
5.229441433069828005e-01
2.929575758941251884e-01
7.256227663411781714e-01
4.208114927981730369e-01
-6.567187597222018391e-01
-1.570989095315595385e+00
-2.625237963478410652e+00
-3.048220268645022379e+00
-2.672356205515548755e+00
-2.079032346198758319e+00
-1.029948551406564050e+00
2.724486999732018688e-01
1.787724590285802773e+00
3.831884067225223234e+00
6.368520607713678672e+00
7.206067819339926572e+00
6.185034459202117141e+00
4.325065594590864926e+00
1.023226630776670865e+00
-2.372100242543849991e+00
-5.787083629886492275e+00
-1.042603010210825332e+01
-1.601998862564526860e+01
-1.854525852306437272e+01
-1.776897794666118457e+01
-1.542048055817777374e+01
-1.040299329240645854e+01
-5.366804930255724138e+00
-4.339613681189852801e-01
6.685469145361050636e+00
1.546400756625371642e+01
2.032954023384511189e+01
2.104493339395702378e+01
1.991190856163695599e+01
1.544358627942002471e+01
1.149402121048600023e+01
8.247167170741871445e+00
2.485241738871729833e+00
-5.004478147381257180e+00
-9.474969948823975585e+00
-1.088348925714584681e+01
-1.096860756413343019e+01
-8.516027789361427125e+00
-7.147107120405871150e+00
-7.028155953214223928e+00
-5.318192771245325190e+00
-2.780428952396027054e+00
-1.070385924677995426e+00
-3.839680364576103511e-03
6.906402521342397405e-01
6.461903054175841543e-01
1.573566357612152578e+00
3.524299138350231342e+00
5.353037615944803207e+00
7.434672827502514458e+00
8.242544921832893223e+00
7.514155044531146466e+00
6.239312876258263252e+00
3.958846742788968420e+00
1.261249995169783755e+00
-1.788983934605700377e+00
-5.900516010440607140e+00
-1.096541802845500690e+01
-1.332199787251856016e+01
-1.272777666285347564e+01
-1.085862804106175616e+01
-6.715827011023068671e+00
-2.610317820778088826e+00
1.330313329960415736e+00
7.134902708479189393e+00
1.433669232344325373e+01
1.789837619201379582e+01
1.759894671720284265e+01
1.552169219296615843e+01
1.031937942868850300e+01
5.451890246566494014e+00
1.081670395413158348e+00
-5.693264764714909276e+00
-1.416963406564786787e+01
-1.864615817466215830e+01
-1.894210891480614833e+01
-1.729752586043049334e+01
-1.220700220430477501e+01
-7.754482741543747615e+00
-4.122295817587736444e+00
2.034035972887174637e+00
9.877517606809684381e+00
1.412068967711523193e+01
1.467246648612880655e+01
1.348542706371654276e+01
9.185724992695758928e+00
5.736097067670228533e+00
3.304851943295165739e+00
-1.269447424704229554e+00
-7.166936879656351955e+00
-1.024669092501796008e+01
-1.049466759074731037e+01
-9.324006243607589894e+00
-5.671936443383126303e+00
-2.782482745473449093e+00
-7.794967608072636001e-01
2.869203995112412642e+00
7.491799049158733403e+00
9.929067025783369971e+00
1.017783938535408517e+01
9.281154225064790708e+00
6.426756670226054347e+00
4.122511784363200427e+00
2.455974111844026364e+00
-5.252657833501171991e-01
-4.305554260035680869e+00
-6.548654834479600950e+00
-7.264083944925990188e+00
-7.213648065828630607e+00
-5.801604110887652155e+00
-4.910867151743291359e+00
-4.609780340720064373e+00
-3.447774826676923254e+00
-1.815716509151686031e+00
-6.620292506499196872e-01
9.682285427311358716e-02
6.493860946425243919e-01
7.784750410348666438e-01
1.426678346514404172e+00
2.623924334721043916e+00
3.724106326561787750e+00
4.932416201821600232e+00
5.364312137659154267e+00
4.865766287713335636e+00
3.999039400945704870e+00
2.495275259319424066e+00
6.972714494378250416e-01
-1.362263707286788472e+00
-4.099926586842772558e+00
-7.456075419391430259e+00
-9.219309460445662907e+00
-9.243439058903302197e+00
-8.546455559324552809e+00
-6.526203454094188672e+00
-4.580073716424964303e+00
-2.787534243714099969e+00
7.548667914417978020e-02
3.725063450803230758e+00
6.061425529122722367e+00
7.046493060901663164e+00
7.495000652804694852e+00
6.866551338012176764e+00
6.708432425953771094e+00
7.098675490248781195e+00
6.805224120118962716e+00
6.155284970437067571e+00
5.294609829836245396e+00
4.082525451847536679e+00
2.665565407590242852e+00
1.034551254520212016e+00
-1.223111182542401476e+00
-4.120459419830769576e+00
-7.480823760246209986e+00
-1.140970707178109222e+01
-1.316978948952460904e+01
-1.249048865895206006e+01
-1.074915114152755358e+01
-7.169617668474812966e+00
-3.300618652704383038e+00
7.668788290717427625e-01
6.498860919656272550e+00
1.359526211359196424e+01
1.721776369807681561e+01
1.710458285832656244e+01
1.536387057717967153e+01
1.069122801576638970e+01
6.291359944156582173e+00
2.329980375295458650e+00
-3.930916669150626319e+00
-1.183897431284756863e+01
-1.619680835429635124e+01
-1.685841613166629926e+01
-1.586274289537757554e+01
-1.184729175129415069e+01
-8.558731861149500020e+00
-6.171324597696065339e+00
-1.639427427182704067e+00
4.261917324315076527e+00
7.661245463184861215e+00
8.565032991113366023e+00
8.294205570930595073e+00
5.865912291017303382e+00
4.337415021356630263e+00
3.833978528606619030e+00
1.992719757588613971e+00
-5.450632062288918167e-01
-1.762361619028290916e+00
-1.743391153428181850e+00
-1.008083650242617590e+00
9.377581718913040598e-01
2.299864754271148559e+00
3.025569047710847670e+00
4.428232007574600004e+00
6.132020140581163403e+00
6.920658989649973947e+00
6.820889660676265009e+00
6.147256175364284481e+00
4.588646628426786833e+00
3.198235238812305870e+00
1.996523163018526947e+00
1.857043594465652148e-01
-2.023295896594162979e+00
-3.983515852910405108e+00
-5.731094510838943279e+00
-7.436121830156108281e+00
-8.945389011352112618e+00
-1.086200683951061308e+01
-1.321008705072546974e+01
-1.556368963604507272e+01
-1.805499062825949963e+01
-1.862062025399359655e+01
-1.700510983273520438e+01
-1.426828294522730722e+01
-9.800345681529451625e+00
-4.675446738666435564e+00
1.057857281157416729e+00
8.495809691800536356e+00
1.745005398583778700e+01
2.282582022969025104e+01
2.429679099846874024e+01
2.417435873466759588e+01
2.107138200679498752e+01
1.825933946805775676e+01
1.591771591979200728e+01
1.119943376139457314e+01
4.768416528018157408e+00
3.297810782551279241e-01
-2.147461186356612650e+00
-4.004320631979607192e+00
-4.325805105254306504e+00
-6.038099017398661061e+00
-9.298443294909166212e+00
-1.188998941252492259e+01
-1.445362748653886520e+01
-1.543950642108000082e+01
-1.443850365682756554e+01
-1.262385651330270164e+01
-9.477374840880639084e+00
-5.329786770618924585e+00
-2.301433291336298648e-01
6.478670436857292714e+00
1.476730661734296035e+01
1.920026789665201861e+01
1.938355148322608201e+01
1.790735098311555618e+01
1.328627934527992771e+01
8.871953850128882380e+00
4.871231204559661521e+00
-1.685940099072297027e+00
-1.011470486741531793e+01
-1.501987133195856927e+01
-1.627979217832191594e+01
-1.601370739946366584e+01
-1.282424909589292561e+01
-1.063049999750175800e+01
-9.628242105835873588e+00
-6.667313420786450173e+00
-2.571070378187536143e+00
4.170089271494148431e-02
1.307213645506600797e+00
1.916458608576519618e+00
1.245186839628161124e+00
1.642253883600211628e+00
3.193652584464036437e+00
4.212264265608411939e+00
5.204167334845125836e+00
5.972064074331440153e+00
6.314601214680718222e+00
6.680188474461138171e+00
6.968034116977580794e+00
6.855208579780810219e+00
6.367609622197970332e+00
5.566591148781909304e+00
4.377944551428213593e+00
3.322610349109035077e+00
2.430301622061687095e+00
1.386375480734775678e+00
3.182244776425249833e-01
-1.064991601002907240e+00
-2.807517802734280199e+00
-4.666794281970651603e+00
-6.718877488936372266e+00
-7.932283623235022674e+00
-8.178158157543263584e+00
-7.999544714866468453e+00
-7.092774140628166357e+00
-6.007454697117930564e+00
-4.773490116970901198e+00
-2.839934654944472836e+00
-3.074594390020342627e-01
1.292783836171293110e+00
1.899069809765706607e+00
2.184048318639258301e+00
1.747272773266732360e+00
1.637521641928245897e+00
1.920356631541560333e+00
1.731920353297137005e+00
1.296695389864373604e+00
1.268418626294489870e+00
1.602910450801749542e+00
2.141517709634421784e+00
3.036566241819178114e+00
3.687790520472506550e+00
4.073708942596355520e+00
4.618028217014685133e+00
5.190600634220531973e+00
5.234109930150623313e+00
4.734924517124748711e+00
3.860623851453934385e+00
2.458237357141521251e+00
9.546378039112788372e-01
-6.470618854242353724e-01
-2.699808883638956214e+00
-5.125355511194890745e+00
-6.530291409739273689e+00
-6.825505134233436522e+00
-6.622038545146819111e+00
-5.537184821093590337e+00
-4.482411181380194343e+00
-3.500707951846984578e+00
-1.798855700799699919e+00
4.419974251347235650e-01
1.901968911922738981e+00
2.562593777529742489e+00
2.937589849313516410e+00
2.690433046367648462e+00
2.807316889636482404e+00
3.341190372838178213e+00
3.516098143025445211e+00
3.543747852583831737e+00
3.157071189556607926e+00
2.233919761835276407e+00
1.041445777068013889e+00
-5.277546148295179096e-01
-2.523017781134747839e+00
-4.941297689956434702e+00
-7.867305665133748960e+00
-1.132681497102307056e+01
-1.293568173471644300e+01
-1.248684318059969200e+01
-1.113536126056967568e+01
-8.213905379551231789e+00
-5.134242957820156050e+00
-1.975830588000171861e+00
2.558561402393229489e+00
8.191506198897737789e+00
1.179096806402651509e+01
1.323685957816497627e+01
1.384408081041294025e+01
1.278745146870611293e+01
1.224006917931223271e+01
1.231860159586456582e+01
1.122869575122477492e+01
9.424302785417742356e+00
7.700710466470985338e+00
5.900310502482005504e+00
3.938820404537383357e+00
1.961822903482769886e+00
-9.742495051841878473e-01
-4.914400072970912525e+00
-9.292903935418401318e+00
-1.433539304977809792e+01
-1.713065514498648056e+01
-1.735097129669792793e+01
-1.654327826133152968e+01
-1.387299425939352737e+01
-1.089733004330521915e+01
-7.719786989734213734e+00
-2.816939759169966528e+00
3.510216429510208513e+00
7.219412650354002814e+00
8.145823068915568399e+00
8.030186229723712543e+00
5.809019369947141520e+00
4.248240376760598735e+00
3.507114997514073629e+00
1.293936372050489947e+00
-1.808778916636872625e+00
-3.128755535271655841e+00
-2.694740893132847592e+00
-1.383611648640680203e+00
1.474976598997308264e+00
3.736146428669143926e+00
5.313949198517748052e+00
7.846701481333553829e+00
1.088271109028989159e+01
1.206411976270827502e+01
1.134659457480383615e+01
9.531173636644240332e+00
5.992312199035593423e+00
2.520059667939719361e+00
-8.352598417153018762e-01
-5.519341786446389619e+00
-1.117853705518727381e+01
-1.428231684843444604e+01
-1.466912387850587507e+01
