4.838366722018936628e+01
6.021583354150588008e+01
7.388964873544908585e+01
8.954013072510355187e+01
1.060222118633696766e+02
1.237198472859370355e+02
1.340702870700869198e+02
1.360958866853397353e+02
1.341011094397977388e+02
1.255852318204705256e+02
1.152204697122049311e+02
1.032249398165983649e+02
8.498534475530409793e+01
6.134785318468855309e+01
3.893100961859102682e+01
1.761358588122011781e+01
-5.340146821317270920e+00
-2.838393769146651735e+01
-5.677040981545194853e+01
-9.093193821033177926e+01
-1.270572556238877695e+02
-1.664041301570016742e+02
-1.925324301381839973e+02
-2.034172265112234470e+02
-2.077223736659061331e+02
-2.006273010321646098e+02
-1.907624697414320849e+02
-1.786059996718590526e+02
-1.554659300458213238e+02
-1.229214015563352120e+02
-9.432479149348201020e+01
-6.953296802064517124e+01
-4.297441872006802299e+01
-1.781515288645075401e+01
1.631029177689188714e+01
6.023387327646454992e+01
1.063100714075446547e+02
1.569907303955838813e+02
1.914412288691128481e+02
2.068072975700559653e+02
2.147045218324720679e+02
2.089643956863686753e+02
1.998940496194159095e+02
1.881659193283209675e+02
1.630269924260118444e+02
1.263637825719380601e+02
9.619436072307382801e+01
7.246147507702859514e+01
4.751024226683954055e+01
2.566517209094872953e+01
-6.735724600397252182e+00
-5.078391675307234010e+01
-9.624869487346731489e+01
-1.463359742430133679e+02
-1.803822077985783210e+02
-1.952669900775846372e+02
-2.030712169187062841e+02
-1.976052051632258610e+02
-1.884821988825899837e+02
-1.764095198230921824e+02
-1.509499343211980431e+02
-1.138465836122278461e+02
-8.400532590040461400e+01
-6.146877566335230370e+01
-3.805448705791359032e+01
-1.833226232463418626e+01
1.177723714118349285e+01
5.341205194226353115e+01
9.592214549363269782e+01
1.426027137749472331e+02
1.745304189012788925e+02
1.886993197775481406e+02
1.964285561232891553e+02
1.920079642058763056e+02
1.839452238490038383e+02
1.728987586015691420e+02
1.494092320299892265e+02
1.150042404035010435e+02
8.752189482822127786e+01
6.704425367280092019e+01
4.577034857775460353e+01
2.802207443772451256e+01
6.222903817045342123e-01
-3.750666070171812549e+01
-7.635814845600704359e+01
-1.190172818069266611e+02
-1.487918381609376581e+02
-1.629635581451258588e+02
-1.716482790665102698e+02
-1.697927429704221822e+02
-1.647682546881023598e+02
-1.571663477830185514e+02
-1.386926024317498047e+02
-1.106675689315311075e+02
-8.909183173148802837e+01
-7.406418113831560390e+01
-5.855750839772787941e+01
-4.645752270810543649e+01
-2.600419427755895896e+01
3.765020254280878831e+00
3.389138390916705390e+01
6.712444494767632364e+01
9.060765954903824593e+01
1.021150847087490945e+02
1.097127867176375133e+02
1.094786810529944603e+02
1.068102035157201328e+02
1.021880631375325237e+02
8.933432529088437946e+01
6.921179230032751661e+01
5.464659826237713247e+01
4.576774804787561379e+01
3.688640412798527990e+01
3.113562114781177215e+01
1.920829909127411739e+01
3.422046287482483073e-01
-1.831501585464291892e+01
-3.893108330936048844e+01
-5.326538875713801247e+01
-5.973450195952673170e+01
-6.380048220291785555e+01
-6.290874926351689567e+01
-6.019531781859570430e+01
-5.598657685486882940e+01
-4.637517885469871715e+01
-3.190796465968682583e+01
-2.136514533591685350e+01
-1.488044541540569021e+01
-8.485843899583628058e+00
-4.339245159341193592e+00
3.816339112387082011e+00
1.650203878061281415e+01
2.886515131809780144e+01
4.236069295149161462e+01
5.182478713798904124e+01
5.621739856735297991e+01
5.902709814130277266e+01
5.863705094158906661e+01
5.692402543727655484e+01
5.409058969014807872e+01
4.771158576371271920e+01
3.810542065433118353e+01
3.093519981922734630e+01
2.629392349500333737e+01
2.159502994173629276e+01
1.822980277892681045e+01
1.218228516535353023e+01
3.110742092643900225e+00
-5.867288343689862629e+00
-1.568923829303799700e+01
-2.329010721877071433e+01
-2.802957494057936572e+01
-3.203517657233086879e+01
-3.434337444291588071e+01
-3.602122641617100385e+01
-3.719684875402162305e+01
-3.645199107383750459e+01
-3.396897781895830803e+01
-3.321934717840650109e+01
-3.427215559230373998e+01
-3.553749025984094345e+01
-3.787405500573561312e+01
-3.884622966218992701e+01
-3.824989106591517896e+01
-3.799216891067217006e+01
-3.750868427566409480e+01
-3.601898301797582036e+01
-3.364685713388762167e+01
-3.034324502549642588e+01
-2.592863674410176600e+01
-2.127709413202843791e+01
-1.636812634467137428e+01
-1.060477308550574627e+01
-4.151024401560336585e+00
3.204653856221648667e+00
1.155903677350766579e+01
2.071392528680972234e+01
3.075595406918569097e+01
4.175848297784076379e+01
5.372728382462923946e+01
6.671709948518876843e+01
8.076143649491952203e+01
8.924135054998205874e+01
9.151028752984620951e+01
9.070891848784393119e+01
8.493513528188456974e+01
7.801980127465036219e+01
7.012435404761161806e+01
5.760971852172104235e+01
4.118135442470648400e+01
2.557693008727172668e+01
1.067225649323000169e+01
-5.423506451724257715e+00
-2.161333219491260849e+01
-4.175239825409425265e+01
-6.614839189533122976e+01
-9.203732046784502074e+01
-1.203419879281319425e+02
-1.387483574390138301e+02
-1.457534353673784437e+02
-1.478343684140347989e+02
-1.413861145904214993e+02
-1.328929730117554016e+02
-1.227155346770516218e+02
-1.043413389261788069e+02
-7.896024573486347720e+01
-5.652163394181209810e+01
-3.691653298037592634e+01
-1.600420859679354635e+01
3.855823715016075681e+00
3.039369046475291469e+01
6.422681907963691117e+01
9.965369527314690856e+01
1.385011754633695205e+02
1.646306936867439106e+02
1.758507844210400037e+02
1.811023729597631871e+02
1.756092651142359955e+02
1.673992593649383025e+02
1.569838748703085400e+02
1.360112136232221189e+02
1.059473207466096909e+02
8.065390890636918186e+01
6.007277482182999506e+01
3.831938406930711949e+01
1.871374976354885433e+01
-9.285906343131285823e+00
-4.652582691210641030e+01
-8.513057497605737467e+01
-1.275788900417534535e+02
-1.563595770999644401e+02
-1.689119026837268223e+02
-1.752991304222623796e+02
-1.702946254584051928e+02
-1.622258086781391171e+02
-1.516762324386459113e+02
-1.297289673378500083e+02
-9.789637619992765849e+01
-7.189297510772185262e+01
-5.172237829789582975e+01
-3.062098533403155187e+01
-1.237586053182313961e+01
1.479324866636634006e+01
5.183762959437825657e+01
8.988234943371899988e+01
1.316893777697837891e+02
1.596981160261649961e+02
1.712285191635187118e+02
1.765691606786971022e+02
1.704477091487339067e+02
1.609883774877949350e+02
1.487855034173633726e+02
1.249743761646425781e+02
9.101973501777473530e+01
6.307374481960982138e+01
4.117306211864083565e+01
1.830457838876734300e+01
-1.630806342300499701e+00
-3.065723968665047039e+01
-6.975471501209651137e+01
-1.098333713758906214e+02
-1.537126610219052907e+02
-1.832004765115502778e+02
-1.955255374542604727e+02
-2.013123113222400775e+02
-1.950963635180411018e+02
-1.853156849966916866e+02
-1.725774488527276276e+02
-1.476813718331599432e+02
-1.121442245406565235e+02
-8.267099229800355431e+01
-5.929129280173496142e+01
-3.474823455702273378e+01
-1.307119990576488178e+01
1.819349243881823597e+01
6.006553299038716887e+01
1.031433515719857041e+02
1.503516314508632092e+02
1.826608418836902388e+02
1.971878402208353975e+02
2.050321378634257030e+02
2.004841446928460016e+02
1.924015080951010930e+02
1.814229927388412023e+02
1.579184507930146992e+02
1.234849592324942478e+02
9.556484414871971467e+01
7.419019518493254850e+01
5.179659626139002171e+01
3.259387737705319665e+01
3.577879965156866682e+00
-3.631105202321806757e+01
-7.725103457521174732e+01
-1.222925189653147697e+02
-1.535422416653100015e+02
-1.681895887685879529e+02
-1.768948265194167107e+02
-1.742692939947029345e+02
-1.684237871134368731e+02
-1.599832571626435538e+02
-1.399844210796041466e+02
-1.098902140917790149e+02
-8.648746921197600557e+01
-6.985087690283707218e+01
-5.266050762750424497e+01
-3.898546272824538050e+01
-1.641413899784210884e+01
1.606179352334276089e+01
4.901557521024651720e+01
8.534917735811474415e+01
1.107970838880570454e+02
1.229459717143741244e+02
1.306370904016017676e+02
1.295327401799466713e+02
1.257355618762501450e+02
1.197708151589014989e+02
1.046309163066918586e+02
8.140783017826862533e+01
6.411501338061745514e+01
5.287456028071473924e+01
4.149582049018890473e+01
3.339552002039922485e+01
1.835958606449340280e+01
-4.446978167867923659e+00
-2.720092841581317344e+01
-5.228351523374528398e+01
-7.031989139998785276e+01
-7.954534368155279367e+01
-8.611427034829152660e+01
-8.713136449592110466e+01
-8.623703996942641936e+01
-8.380130170411881352e+01
-7.535590110878462156e+01
-6.154074952029362322e+01
-5.222058354310057382e+01
-4.753838223446305022e+01
-4.305472725423659597e+01
-4.119302551258955702e+01
-3.490377187063853626e+01
-2.360377415017085667e+01
-1.275441193184449062e+01
-7.176504190110352122e-01
9.043141851306556234e+00
1.559932456166831294e+01
2.177945240128264714e+01
2.644809797719774025e+01
3.037212885565568499e+01
3.373426617395553251e+01
3.510513984923320407e+01
3.460489171915405393e+01
3.691670131374121411e+01
4.219826646170835005e+01
4.823109696831613746e+01
5.619704162045295703e+01
6.296711178851918334e+01
6.827772865176760320e+01
7.465684306110313173e+01
8.139028021653230383e+01
8.441551736572641573e+01
8.360463631215532132e+01
8.034788604166402592e+01
7.354206475561154832e+01
6.609923606753736181e+01
5.807435855975148797e+01
4.701981853416040735e+01
3.348179624085977935e+01
1.935888229126347682e+01
4.473402234598799154e+00
-1.177270828598641650e+01
-2.898421650446774223e+01
-4.901665115040429299e+01
-7.201166117623311891e+01
-9.676852000530810471e+01
-1.237471540662250931e+02
-1.415216318684428245e+02
-1.488476058759403884e+02
-1.514478369092296077e+02
-1.460151775534241381e+02
-1.388770017997280490e+02
-1.303477621024993596e+02
-1.142703991359536815e+02
-9.181468926516477325e+01
-7.166429984714262957e+01
-5.366617577916649395e+01
-3.428955781647115231e+01
-1.557535030324877035e+01
9.366292577416258425e+00
4.107880764751534031e+01
7.453928546474487860e+01
1.113809925429740844e+02
1.362715931628546286e+02
1.471793024281115834e+02
1.525289449605781158e+02
1.477997069380027995e+02
1.407129415124636580e+02
1.317567343884491038e+02
1.129709657760956389e+02
8.577435969805969762e+01
6.317219814070374184e+01
4.510004344650367614e+01
2.607033335712906208e+01
9.197779031700353158e+00
-1.543605787894660075e+01
-4.861919183561494151e+01
-8.294703753290961856e+01
-1.207480407844227415e+02
-1.457050614014827090e+02
-1.554240605507484361e+02
-1.592940714062289658e+02
-1.524424309968713658e+02
-1.426085820339791610e+02
-1.303358248319527490e+02
-1.073221138517456694e+02
-7.497136218877160729e+01
-4.793722239804598928e+01
-2.622302809508574128e+01
-3.516189974202347024e+00
1.665277513900064932e+01
4.526685889856333489e+01
8.321500098234810139e+01
1.222241384167455749e+02
1.648706150384521436e+02
1.935165990049420941e+02
2.055343252544657844e+02
2.111096808537280936e+02
2.049593607906484749e+02
1.953843485902052066e+02
1.829644957995579091e+02
1.587353090922180741e+02
1.241921160361251566e+02
9.530495237836012734e+01
7.208049448898074729e+01
4.760891949674786616e+01
2.573493706271927550e+01
-5.499459864224509609e+00
-4.707188707197055066e+01
-8.997856316619598260e+01
-1.370304614371264336e+02
-1.699958387982399302e+02
-1.861185554870537544e+02
-1.960435790518994281e+02
-1.943057030343040310e+02
-1.893976220457028319e+02
-1.819381512597452968e+02
-1.627062662822490893e+02
-1.332385644104543871e+02
-1.102450729618475691e+02
-9.376194919403850747e+01
-7.655181349050455708e+01
-6.265211380358098125e+01
-3.961440959698062869e+01
-6.429928375088057813e+00
2.748905180809537896e+01
6.505804285313649871e+01
9.247647190428406816e+01
1.073906816732899898e+02
1.184421606639634348e+02
1.214378256855071783e+02
1.222275854044585230e+02
1.213398296193054335e+02
1.120330871386833280e+02
9.536420089794250998e+01
8.500846482858661091e+01
8.110798572463158962e+01
7.762807482233189660e+01
7.791637538215034908e+01
7.205367586089660392e+01
5.924063433436275261e+01
4.710954954019574359e+01
3.335945195713090072e+01
2.136537321588327032e+01
1.226827848813378452e+01
2.789477013639754421e+00
-5.916135485323965604e+00
-1.407779599634380219e+01
-2.192838529673803549e+01
-2.829115088953825463e+01
-3.318901710999364951e+01
-4.208104487902868840e+01
-5.522257435997513397e+01
-6.996646688952203874e+01
-8.771948386398496211e+01
-1.050040893413114418e+02
-1.215332578258872473e+02
-1.402123454058360323e+02
-1.602651481695320399e+02
-1.716925325032088097e+02
-1.738250112621298342e+02
-1.708054997554977206e+02
-1.598357871758244642e+02
-1.473441696526257090e+02
-1.335286760432707638e+02
-1.126509389523981781e+02
-8.590917466540808789e+01
-5.933148889252417035e+01
-3.261989201637965863e+01
-3.554293933202973044e+00
2.651635485475453891e+01
6.284022963322964017e+01
1.058251474535560277e+02
1.518475025118932535e+02
2.021782001406738232e+02
2.356015931575639399e+02
2.496602477462485297e+02
2.552868387837538080e+02
2.463076048977289929e+02
2.341579552508799509e+02
2.194500009116210322e+02
1.908756494888122859e+02
1.505463803699661867e+02
1.151393448869087877e+02
8.442896819253755325e+01
5.155439980853347492e+01
2.045978511833047619e+01
-2.192151807143676123e+01
-7.662146283184358708e+01
-1.340412425782794230e+02
-1.972682332411676498e+02
-2.410217060337215571e+02
-2.618130550231856546e+02
-2.738237018908614573e+02
-2.695685174849564874e+02
-2.614827079732606876e+02
-2.503979830765186136e+02
-2.233072491870977387e+02
-1.824927047337385204e+02
-1.499188087706803572e+02
-1.255347152930950898e+02
-1.000054123375513626e+02
-7.861221754802130590e+01
-4.474427305391638754e+01
2.919099438764000798e+00
5.191268899863500508e+01
1.061269747107588444e+02
1.457743118872224386e+02
1.675981222154423449e+02
1.837795016969321864e+02
1.883388038988691164e+02
1.898922222174595902e+02
1.891861071350826649e+02
1.764773416497208984e+02
1.533325270799554403e+02
1.389074274296930582e+02
1.333663522884802148e+02
1.283135181980765651e+02
1.284282115382496556e+02
1.197308554470443482e+02
1.011018269186053260e+02
8.326214777547647827e+01
6.296747575469329661e+01
4.602634211961535016e+01
3.414454026819001342e+01
2.220419891263184198e+01
1.213281870891388259e+01
2.993670351903956472e+00
-5.568649103310979065e+00
-1.131850875342510321e+01
-1.440279770429216200e+01
-2.324596618118862423e+01
-3.818765880636116350e+01
-5.521027213101164932e+01
-7.646577745341306809e+01
-9.645584036721561461e+01
-1.147295893467925225e+02
-1.358098834606965966e+02
-1.584605339682642580e+02
-1.717365581173776548e+02
-1.750553200689259654e+02
-1.726738650270167739e+02
-1.615685711856250464e+02
-1.490866192965567905e+02
-1.354280965259087566e+02
-1.142004011023512220e+02
-8.678317646809517782e+01
-5.924494627442592076e+01
-3.121178297930966039e+01
-5.600856201732664630e-01
3.137488101728892431e+01
7.006082369189438452e+01
1.159123668014412516e+02
1.652195413742646224e+02
2.193105055169849891e+02
2.555101046022854518e+02
2.712193966256377280e+02
2.781076549100729380e+02
2.695891286365550172e+02
2.579288221225349389e+02
2.437895466303207002e+02
2.150827087422802606e+02
1.740823109151298240e+02
1.385354613072538541e+02
1.082026274971626094e+02
7.580804803407986014e+01
4.555305131216911718e+01
3.529196050580750921e+00
-5.135256076532946423e+01
-1.088675929345893678e+02
-1.722959125166768786e+02
-2.172613623297155243e+02
-2.403052484740034629e+02
-2.553286276209425409e+02
-2.550973786396160961e+02
-2.513861677149961622e+02
-2.450245399192216098e+02
-2.235665482479769253e+02
-1.891770256231135363e+02
-1.634025692385139621e+02
-1.462398186934813964e+02
-1.284936402301447345e+02
-1.153641245115620393e+02
-9.066642261665496960e+01
-5.311883267194406244e+01
-1.492335089343207599e+01
2.769950598646727258e+01
5.917652314082781828e+01
7.669371598975590132e+01
9.036547198228412014e+01
9.542987511155929781e+01
9.812784632640078541e+01
9.909591862250115923e+01
9.088209433630491674e+01
7.461536312989021269e+01
6.630743890500757232e+01
6.618757192714137716e+01
6.713173268786599124e+01
7.308437242885015905e+01
7.258328963076580465e+01
6.470889144434292461e+01
5.835845352324567870e+01
5.088691048539780581e+01
4.404255647534217388e+01
3.895225724009230106e+01
3.286048029694374861e+01
2.649541815154260505e+01
2.086666997476697105e+01
1.577172781523625922e+01
1.139262784839359099e+01
7.949537560145913062e+00
6.647156109037175575e-01
-1.078626061630172650e+01
-2.393152905110532203e+01
-4.003283977081288469e+01
-5.629957635652914405e+01
-7.248509837387413768e+01
-9.104587990503404171e+01
-1.113687179992367930e+02
-1.248298539487260967e+02
-1.308701754433469375e+02
-1.331201113968767515e+02
-1.291852649644092423e+02
-1.246162845269772106e+02
-1.196123739330739255e+02
-1.092544537196590255e+02
-9.459792948627193709e+01
-8.084461574313112919e+01
-6.776007905716306823e+01
-5.346286469416990883e+01
-3.913448905601234173e+01
-2.028923149793023839e+01
3.399747090626414003e+00
2.879668989328389372e+01
5.697018681863614376e+01
7.853133659701376246e+01
9.225789429116633755e+01
1.033773921373684743e+02
1.091441791042986864e+02
1.142899563725451770e+02
1.191471598333231299e+02
1.188793321240399905e+02
1.143803046570434105e+02
1.136024582439651311e+02
1.165316518796920633e+02
1.198530914693024698e+02
1.254911467159930964e+02
1.274292972914640956e+02
1.252145546488395667e+02
1.233850487411813219e+02
1.205490124268194307e+02
1.157922576547519924e+02
1.094800913913756517e+02
1.010055181167031435e+02
9.019373907992276429e+01
7.858233861880604820e+01
6.607628808299823220e+01
5.174066179504642093e+01
3.584864215053228520e+01
1.729987097972085408e+01
-4.129946389605432699e+00
-2.776405826429371260e+01
-5.395707135428447287e+01
-8.241640649702451071e+01
-1.131345213764505502e+02
-1.465993629399335134e+02
-1.827910292630658660e+02
-2.065257461640531460e+02
-2.163659115362716818e+02
-2.194528526398428312e+02
-2.114381859808004265e+02
-2.012078256543221357e+02
-1.891350793235283447e+02
-1.668429278268916676e+02
-1.359765867551955978e+02
-1.072941811959549483e+02
-8.050682767323135636e+01
-5.135553877798829348e+01
-2.233303790353890150e+01
1.533907875122707765e+01
6.235164035800291060e+01
1.124115127005377843e+02
1.676146803252897257e+02
2.059211353038003267e+02
2.245227483757193738e+02
2.353562818882736565e+02
2.319578399543904084e+02
2.256514188320493872e+02
2.171379393269041600e+02
1.949060350573248002e+02
1.610522894718944826e+02
1.339115588312279499e+02
1.133674217175990862e+02
9.175528544777199613e+01
7.346351013566273025e+01
4.443789912487305571e+01
3.577581351323360526e+00
-3.864303688978422002e+01
-8.551731857069746923e+01
-1.200004967238061653e+02
-1.393265447696867909e+02
-1.539521790490655917e+02
-1.587425935856829540e+02
-1.611828398310159116e+02
-1.619231494610444599e+02
-1.525618956937300084e+02
-1.344702528146467557e+02
-1.240203647146362584e+02
-1.213507427217989658e+02
-1.193142452718249018e+02
-1.219135192280772912e+02
-1.171915987164417601e+02
-1.042004925664537041e+02
-9.211488046360349813e+01
-7.816583325084916112e+01
-6.599356645460534310e+01
-5.692561132308199490e+01
-4.721456835230690530e+01
-3.812641349201543051e+01
-2.963091922311616599e+01
-2.145604072703724796e+01
-1.478121414386530930e+01
-9.622433537680359805e+00
2.557338133840247885e-01
1.516739288514232165e+01
3.206509679845225946e+01
5.256408297036249877e+01
7.274762070575482653e+01
9.229270077341141132e+01
1.145024276009997806e+02
1.385073077779555035e+02
1.542198387438508291e+02
1.610182381295935556e+02
1.630294829595699468e+02
1.574518298603933317e+02
1.508695096050153381e+02
1.434923068794197718e+02
1.295116190007027512e+02
1.101687514510014410e+02
9.140388923852052017e+01
7.291539136204283977e+01
5.256572511874362164e+01
3.168755591237979274e+01
5.080921592246932406e+00
-2.764331134769940235e+01
-6.289173030259749453e+01
-1.019149065741107449e+02
-1.291823156781256330e+02
-1.428177216126329370e+02
-1.510741287988750798e+02
-1.494285097426333095e+02
-1.460550091322096762e+02
-1.414459758920183958e+02
-1.274320730315164667e+02
-1.055399337934306345e+02
-8.832878147703927141e+01
-7.569127055344026189e+01
-6.244278068735489740e+01
-5.158447287854581731e+01
-3.341706208227378028e+01
-7.193402980792756196e+00
1.987929860257525050e+01
5.007019524358454277e+01
7.149722810100477943e+01
8.224258239697078920e+01
8.957480088684700092e+01
8.991691867628212265e+01
8.850214249833258862e+01
8.578139095436490891e+01
7.589257736696241352e+01
5.979408805989359621e+01
4.883894280105359798e+01
4.311737091876393890e+01
3.767685520336952010e+01
3.529036733672033677e+01
2.765443285131690132e+01
1.410968342923822050e+01
1.020260622246157878e+00
-1.353834711879146546e+01
-2.454294786731259137e+01
-3.081780033529041773e+01
-3.613463045772410709e+01
-3.888944327869780437e+01
-4.053540264971952922e+01
-4.131204659880175711e+01
-3.902124735995876392e+01
-3.390753548357654523e+01
-3.208984468451806293e+01
-3.373139614301656763e+01
-3.598712780859030147e+01
-4.038633362269877836e+01
-4.273934773192225833e+01
-4.269592681034212234e+01
-4.358897912532883367e+01
-4.445597053728097592e+01
-4.296192769519803534e+01
-3.923709760765581933e+01
-3.367792987175203479e+01
-2.569972936021645538e+01
-1.740137997065773945e+01
-8.782740856765867576e+00
1.723841858669951099e+00
1.371747438377074779e+01
2.686240465865153837e+01
4.133553275706418617e+01
5.705684410101076764e+01
7.400629596064626980e+01
9.286644783585003893e+01
1.136818000530812043e+02
1.361322933746002377e+02
1.604010603058430604e+02
1.755620897205747895e+02
1.805073926142835319e+02
1.805159774887741264e+02
1.724404034273437389e+02
1.625096852115355546e+02
1.510009324213050945e+02
1.319483226729572038e+02
1.064997523597920832e+02
8.262140267464552323e+01
6.012585693986765989e+01
3.581263599964533739e+01
1.153461260361975249e+01
-1.913856300438318669e+01
-5.671913096234663243e+01
-9.657338165496470594e+01
-1.402365026572990416e+02
-1.715609972565382293e+02
-1.884830643056891120e+02
-1.997455274903792599e+02
-2.006086889592149873e+02
-1.993626295153867147e+02
-1.965169389225769692e+02
-1.836347804959954146e+02
-1.622476668754222260e+02
-1.458069678273579939e+02
-1.342256471010344399e+02
-1.218733210270995215e+02
-1.119675321587247225e+02
-9.419488675264425126e+01
-6.774423056820661770e+01
-4.029771834432175837e+01
-9.436129799468439217e+00
1.437481889644788779e+01
2.931829720578927123e+01
4.211722193457671892e+01
4.960058145456482492e+01
5.609795114098241697e+01
6.205023475461152316e+01
6.242280981892351122e+01
5.801851552541968715e+01
5.939352032514992175e+01
6.669915664127907462e+01
7.529231810434602323e+01
8.778181403458302157e+01
9.659991717062946748e+01
1.011590368764114771e+02
1.073471174645153923e+02
1.134305677071556033e+02
1.155285231553143461e+02
1.138787218378008106e+02
1.090354357878594129e+02
1.000220653294177566e+02
9.041066052106067730e+01
8.017845055924995279e+01
6.666464088890103312e+01
5.054024240144776314e+01
3.229601974270436671e+01
1.161716089343901537e+01
-1.133851012910711731e+01
-3.656565434470442000e+01
-6.519665742086752402e+01
-9.731520708877579295e+01
-1.324226047831945721e+02
-1.708329037887766617e+02
-1.957272398362053991e+02
-2.054173844628400900e+02
-2.080681834732214384e+02
-1.988499994176459893e+02
-1.873743113595723742e+02
-1.740904445348220122e+02
-1.498304258110255773e+02
-1.163829661126571580e+02
-8.603856075984603535e+01
-5.852934354613928036e+01
-2.894685235824712777e+01
-1.657374673730851455e-01
3.769635456450472333e+01
8.540742236369302987e+01
1.358101551899178787e+02
1.912479480154248108e+02
2.284280887960942437e+02
2.443155567248949751e+02
2.516077994925669543e+02
2.434495184148669864e+02
2.316737023903551176e+02
2.170135479735322690e+02
1.873379364682315327e+02
1.448229549270998291e+02
1.090195388242071459e+02
7.980928135749874741e+01
4.896885409687112656e+01
2.117302703329686153e+01
-1.853991110816755139e+01
-7.135784247634190081e+01
-1.261344591603612315e+02
-1.863851862262654606e+02
-2.277427239026193604e+02
-2.466293516852244068e+02
-2.570994525060015690e+02
-2.518801181464672823e+02
-2.425161400418840287e+02
-2.298288492397662708e+02
-2.014348057978549775e+02
-1.594342736546292087e+02
-1.257474089065218408e+02
-1.003896464069781302e+02
-7.392487412623866305e+01
-5.164099907276472834e+01
-1.712991273127173031e+01
3.092976921378021515e+01
8.016189774852459493e+01
1.344092998598047473e+02
1.726788639218206356e+02
1.915877888697141600e+02
2.038389142193529153e+02
2.030936990815246475e+02
1.986741169260198774e+02
1.913351415202106978e+02
1.706442519195894931e+02
1.382836345147708244e+02
1.142628706636897249e+02
9.870693317499426200e+01
8.285756343813686442e+01
7.157931637954243342e+01
5.016428661686126844e+01
1.741997885155502601e+01
-1.543917446941890148e+01
-5.184423484913271807e+01
-7.857716693250158357e+01
-9.314083247933163534e+01
-1.042735427108745796e+02
-1.078976028781215746e+02
-1.091110172324996626e+02
-1.084511721978108483e+02
-9.964637963011017519e+01
-8.360119066586825909e+01
-7.428560300113549886e+01
-7.191749928805508318e+01
-7.021845190480395615e+01
-7.262996153347943107e+01
-6.920120550895752842e+01
-5.911817767089912934e+01
-5.011490031517896426e+01
-3.988795406834345414e+01
-3.060530741827908585e+01
-2.331016635409047666e+01
-1.529677210227298723e+01
-7.384259743055299197e+00
-6.788565425437775858e-02
6.845807747001391164e+00
1.283933706841285449e+01
1.779305590360501199e+01
2.635515199828507704e+01
3.879945507175627029e+01
5.278047574334117087e+01
6.951237071527732780e+01
8.617510363283366814e+01
1.025250117672470225e+02
1.209863462774034417e+02
1.409338372243269646e+02
1.524444644393524300e+02
1.548095893565410393e+02
1.522491918486560110e+02
1.419789748506495641e+02
1.302747896587447940e+02
1.173467430083079392e+02
9.754708818373906354e+01
7.204810096975201361e+01
4.699888282096506487e+01
2.212509968886481815e+01
-4.864487623134113647e+00
-3.258198601552112450e+01
-6.631002387837642686e+01
-1.064566402383513264e+02
-1.493432951184271360e+02
-1.962432468389985161e+02
-2.270544341821891408e+02
-2.394199766177838740e+02
-2.437470686071819443e+02
-2.341779404375161278e+02
-2.214881389679855488e+02
-2.062591796079083792e+02
-1.777966754733349717e+02
-1.380871147704208397e+02
-1.030221897815753636e+02
-7.239507208317195364e+01
-3.964997729062918097e+01
-8.546887598049538681e+00
3.334354287020212126e+01
8.700619846648116607e+01
1.433037822918814754e+02
2.051738891738468737e+02
2.471109172492854782e+02
2.656450859228814352e+02
2.749481534989002398e+02
2.674747130829850903e+02
2.558871153483051160e+02
2.410042250676731328e+02
2.096462169905766473e+02
1.641311788546063895e+02
1.264056034401509550e+02
9.638818154064865951e+01
6.476656526376046941e+01
3.680363807334623516e+01
-4.167542475850223305e+00
-5.947897986948087379e+01
-1.166627769756966018e+02
-1.796321884170926921e+02
-2.226754093206241976e+02
-2.419388352519009402e+02
-2.524002298540749507e+02
-2.463652341198848035e+02
-2.358565704484749972e+02
-2.217509317526056805e+02
-1.910390732212890157e+02
-1.459032038481034874e+02
-1.097658516593853903e+02
-8.267068989609869334e+01
-5.449530484122264085e+01
-3.089860526123308304e+01
5.585411066720813444e+00
5.636679473087149006e+01
1.082430241908167829e+02
1.653023581202276944e+02
2.051424391021067777e+02
2.241474746942333809e+02
2.358593576139168420e+02
2.335086939417415124e+02
2.270390050636966066e+02
2.172483462513026780e+02
1.929967202475686179e+02
1.560727339046904092e+02
1.278304147555084711e+02
1.083971846284104998e+02
8.841644170838799255e+01
7.307487836492725819e+01
4.666534910123983337e+01
7.908367467454563204e+00
-3.123085785298811956e+01
-7.442142753239490105e+01
-1.069008238066153922e+02
-1.259419262576004854e+02
-1.411871814953418891e+02
-1.480981512244900387e+02
-1.525001769659907609e+02
-1.549859774561169274e+02
-1.485025628240863682e+02
-1.340886166024440058e+02
-1.271358643039183960e+02
-1.278682354727930175e+02
-1.293963570950558335e+02
-1.355075925666960188e+02
-1.351967893748777954e+02
-1.275674386658993029e+02
-1.211560409999554508e+02
-1.134146452406915699e+02
-1.052691070032158223e+02
-9.771680418254135247e+01
-8.845099675675143658e+01
-7.794580053577541889e+01
-6.758572562592459576e+01
-5.718198139309056671e+01
-4.649050286786689412e+01
-3.578898498471745881e+01
-2.100368091571633400e+01
-1.796450351040774773e+00
1.968156585872984010e+01
4.453267127724812724e+01
7.051867274722852130e+01
9.744952280505316367e+01
1.273892943959675534e+02
1.598644212074389941e+02
1.817152195083908737e+02
1.918877692417651417e+02
1.962472834530269665e+02
1.910802181606339332e+02
1.844652026692618563e+02
1.767139184521666095e+02
1.604430029339592068e+02
1.371673720334999302e+02
1.155254088133914934e+02
9.521184721105115045e+01
7.293790695677070346e+01
5.068575226709224779e+01
2.122151153445395977e+01
-1.600623422539925400e+01
-5.587521718424740413e+01
-1.001123115236646584e+02
-1.316985382367135742e+02
-1.484543650271125728e+02
-1.596872231501283466e+02
-1.604136869959548051e+02
-1.593275287213810429e+02
-1.569940663740994751e+02
-1.445675406352842174e+02
-1.236712757781077840e+02
-1.085420773742059595e+02
-9.911388287982863687e+01
-8.944687244876517696e+01
-8.296342291668049995e+01
-6.880250376757444997e+01
-4.612751053098953236e+01
-2.307057711001148803e+01
2.900033512254758250e+00
2.339061697730509337e+01
3.673663562038073138e+01
4.876240696509923112e+01
5.687814580176937085e+01
6.410239234681529297e+01
7.082733297827836338e+01
7.319609543273992358e+01
7.176364378938056632e+01
7.573829073617919505e+01
8.531965577058919337e+01
9.636826600350420335e+01
1.111825170470606707e+02
1.233289662572107943e+02
1.323033464022866497e+02
1.431892553819653529e+02
1.545219863138395624e+02
1.596880385569021996e+02
1.585752537851224702e+02
1.532243452820608525e+02
1.418573784282573342e+02
1.294427740176878672e+02
1.160456654919853605e+02
9.758227797853415098e+01
7.498243684915198060e+01
5.100907967464249282e+01
2.533344560064299600e+01
-2.836938032128308862e+00
-3.295271821356981690e+01
-6.788622035884878869e+01
-1.078573812463280035e+02
-1.510700312959253324e+02
-1.982458185516869662e+02
-2.301661293523157497e+02
-2.447702115686016953e+02
-2.516525633718004258e+02
-2.452632957177428921e+02
-2.363058137768132099e+02
-2.253152710889200705e+02
-2.019232568034821611e+02
-1.681172804329935673e+02
-1.384223989194229603e+02
-1.125810768926441341e+02
-8.471456634067337177e+01
-5.824000197887247765e+01
-2.162336401696183685e+01
2.603587629583066843e+01
7.632420985917551093e+01
1.319700425266362913e+02
1.708833393096518591e+02
1.900258941372077857e+02
2.018203786979264009e+02
1.997367391558448162e+02
1.946435389567686229e+02
1.872829168880415125e+02
1.663061776914786947e+02
1.337192573668067723e+02
1.087123009263930697e+02
9.125278744601077108e+01
7.320355187833959576e+01
5.918810305332387145e+01
3.471632102499535222e+01
-1.352230815806784392e+00
-3.812196553957333123e+01
-7.897702115831212666e+01
-1.076709791781245400e+02
-1.214553399005640131e+02
-1.304654249856941135e+02
-1.297716433549298642e+02
-1.262877357206831022e+02
-1.206327480798148315e+02
-1.048642089349130941e+02
-8.023182061897141182e+01
-6.270027628308983481e+01
-5.242433490216662051e+01
-4.236744230203423456e+01
-3.643292125445562135e+01
-2.301847297323691066e+01
-1.187758086568752036e+00
2.014499600934031420e+01
4.367388310416707498e+01
6.043937940275109355e+01
6.859633047983761855e+01
7.432745665688528902e+01
7.482547482039977638e+01
7.323376160212364994e+01
6.992561473005056882e+01
6.075440592354210168e+01
4.625954250581693827e+01
3.641804036185850180e+01
3.141755655740435316e+01
2.669737636146205517e+01
2.472080038695271043e+01
1.846786900207910520e+01
7.349186882737575033e+00
-3.150873386850342683e+00
-1.466138817280624806e+01
-2.314839677012842500e+01
-2.761324806769823326e+01
-3.113890939678903891e+01
-3.241561343879961754e+01
-3.252619819945757484e+01
-3.165467845620510801e+01
-2.804786534868337000e+01
-2.187399181945291815e+01
-1.824541526696781801e+01
-1.730058947885964571e+01
-1.663003319348875664e+01
-1.750765832589445026e+01
-1.644146584329213567e+01
-1.312851517346665275e+01
-1.034098186262806252e+01
-7.269705243890695279e+00
-4.857787871594286599e+00
-3.505126310544654178e+00
-2.180970366710528019e+00
-1.234838431278636239e+00
-7.501505158817223240e-01
-6.638622009940853275e-01
-1.265487479454765030e+00
-2.588366978999072199e+00
-2.820535392849961021e+00
-1.872876488189291644e+00
-6.591863266930404475e-01
1.284451838950132041e+00
2.818816003340624654e+00
3.838795786876580074e+00
5.294147553405060158e+00
6.924203444339379843e+00
7.983724309170088240e+00
8.509129283296861246e+00
8.665253911112680285e+00
8.268630205598233474e+00
7.966308230182963968e+00
7.768202429276763077e+00
7.192650481343669355e+00
6.368939042248676685e+00
5.436145586744417280e+00
4.347558390296258679e+00
3.119803152186291673e+00
1.772941118412207029e+00
8.611421240420696899e-02
-1.949450546528560313e+00
-4.214045511491315565e+00
-6.761432386976047759e+00
-8.868382115188612858e+00
-1.045791110645235200e+01
-1.191418554988050360e+01
-1.303227897744289088e+01
-1.420550258751522499e+01
-1.546177197568831652e+01
-1.642316105911910284e+01
-1.716768028458369244e+01
-1.825008666027988369e+01
-1.966716095417307741e+01
-2.120070621858295468e+01
-2.298575552478109785e+01
-2.459555246139974471e+01
-2.600178046900586537e+01
-2.752662552663403162e+01
-2.907350673324331325e+01
-2.863175011381887813e+01
-2.602845719430696647e+01
-2.213324884135691306e+01
-1.636811654565967089e+01
-9.958977214848431458e+00
-2.938539035373830544e+00
5.835413976892209753e+00
1.614422737685027798e+01
2.666358255766197516e+01
3.745161552531623528e+01
4.903227645719081096e+01
6.111081191099444965e+01
7.481710031262868199e+01
9.024909976538599210e+01
1.066270710738934895e+02
1.242302614920204888e+02
1.347475821068720165e+02
1.372684297604886012e+02
1.359046275320936559e+02
1.282396926610637991e+02
1.188867499072730993e+02
1.080548818840592560e+02
9.123993686578459972e+01
6.928145170433786859e+01
4.847363454487299350e+01
2.868831593448891226e+01
7.347437391214255875e+00
-1.408183766430426509e+01
-4.062782486149466621e+01
-7.270097271150943641e+01
-1.066641858860942875e+02
-1.437213218258961831e+02
-1.694363550560262013e+02
-1.820077827320471613e+02
-1.891216283659225326e+02
-1.865442428800849655e+02
-1.817952967447498338e+02
-1.753090810310791312e+02
-1.594864515422491706e+02
-1.357091973312400341e+02
-1.158162554897656378e+02
-9.970093360008475258e+01
-8.241933946253590193e+01
-6.678891235945314975e+01
-4.366390077930498848e+01
-1.231696384201007888e+01
2.047896226605922365e+01
5.687948975204288615e+01
8.270452568594899390e+01
9.585596328233393137e+01
1.046042699718356630e+02
1.047224214969964322e+02
1.028802198652549436e+02
9.957868658868196121e+01
8.765009391931026528e+01
6.832041236182342914e+01
5.446837967563421046e+01
4.612964670812282719e+01
3.776970348056845950e+01
3.251112039843586388e+01
2.076889991505488808e+01
1.785255706172992118e+00
-1.717000591798175080e+01
-3.832799349331436645e+01
-5.183265161565413592e+01
-5.593592259277499323e+01
-5.690921584739173511e+01
-5.173676907240438538e+01
-4.445348129118819003e+01
-3.543487803033354311e+01
-1.991053289933540071e+01
1.402392789242264293e+00
1.855884069176647699e+01
3.144808397650342258e+01
4.450040274834225329e+01
5.528374132749220138e+01
7.098454016452718918e+01
9.219407189323874263e+01
1.133818360418940188e+02
1.362214059922761464e+02
1.508762463848858033e+02
1.557629532167259470e+02
1.567212329219537992e+02
1.507646280891275978e+02
1.422984729884172737e+02
1.316395159019320147e+02
1.138477553882691637e+02
8.969471787770341109e+01
6.845822402103065940e+01
5.016101761657996860e+01
3.071187824642752062e+01
1.234276541517266601e+01
-1.183653480420294812e+01
-4.240978661369416614e+01
-7.418191933249144654e+01
-1.087827934826542133e+02
-1.345221244083227248e+02
-1.496945896933883944e+02
-1.610021943584686994e+02
-1.649552806534134675e+02
-1.671404308076188556e+02
-1.679454584791805871e+02
-1.614028143367579844e+02
-1.485272596092788433e+02
-1.398399800570153957e+02
-1.353452256271730789e+02
-1.305169556439638257e+02
-1.278920707403522812e+02
-1.195837770650737184e+02
-1.049567287692295565e+02
-8.995496881252049093e+01
-7.273056280517890571e+01
-5.840868969649802267e+01
-4.810243140187681377e+01
-3.802520766617369929e+01
-2.977590169016727728e+01
-2.171193973742096262e+01
-1.356431966517316567e+01
-7.600077397664659173e+00
-3.511561638560514176e+00
4.759257363041277777e+00
1.738734208469847431e+01
3.162389426624284283e+01
4.900061853240869425e+01
6.538240645387321592e+01
8.045357003205533886e+01
9.753997547893536080e+01
1.157134989425452289e+02
1.282440787918669969e+02
1.348288069840983781e+02
1.379631047324568272e+02
1.357990103972303473e+02
1.329858964432448261e+02
1.296349956003742534e+02
1.217600144996352185e+02
1.102343149499855599e+02
9.861283075367749973e+01
8.664560645803042860e+01
7.312791375131773464e+01
5.883136095801392429e+01
4.047524249243612360e+01
1.781223621709678184e+01
-6.960365072357123317e+00
-3.464296300599305312e+01
-5.482659272178187138e+01
-6.629085832450563487e+01
-7.455120358227298993e+01
-7.659396250583336041e+01
-7.796296347608313226e+01
-7.900229010205161728e+01
-7.423109054336656243e+01
-6.469917498253754218e+01
-5.875357657052609994e+01
-5.632936771831236911e+01
-5.401683255472457290e+01
-5.381957301705969599e+01
-4.929689320511171502e+01
-3.996834821149692374e+01
-3.063784665638902283e+01
-1.980988269763785325e+01
-1.101095445508518367e+01
-5.077640215102021237e+00
7.587298786777025850e-01
5.384791353614909681e+00
9.755577208234962328e+00
1.407318300577643910e+01
1.685423949912264874e+01
1.827821978782882795e+01
2.272906919182458196e+01
3.035325523941581949e+01
3.913583478847008479e+01
5.019192661165161695e+01
6.058162767629629997e+01
7.007938997216965049e+01
8.107518401991086421e+01
9.291233616577018495e+01
1.001972922394998733e+02
1.026609372550054644e+02
1.023689392267663294e+02
9.783606642130007458e+01
9.272808880339491111e+01
8.714277979315399136e+01
7.791312163298928795e+01
6.572968262891664892e+01
5.354739059649804744e+01
4.117965798333518990e+01
2.760630356566478838e+01
1.347722071290436219e+01
-3.884322714221412731e+00
-2.467817518380766373e+01
-4.709036195226648402e+01
-7.176970649506881728e+01
-9.031029584259576382e+01
-1.017168883560944153e+02
-1.104408261332591934e+02
-1.140426815625684043e+02
-1.169834172201722708e+02
-1.195347888777046421e+02
-1.172694589431883969e+02
-1.110268426471859584e+02
-1.075566327575656658e+02
-1.068019215868208107e+02
-1.059941138732767882e+02
-1.067492688203204949e+02
-1.038524381764929672e+02
-9.690867085368682865e+01
-8.979862051839215553e+01
-8.130679307201904749e+01
-7.367000915189298382e+01
-6.749654089328211626e+01
-6.082611593756987389e+01
-5.437592017693604873e+01
-4.771651814351441345e+01
-4.069040482294697370e+01
-3.415442550879431849e+01
-2.801937912189594826e+01
-1.916924754934022346e+01
-7.465721695371537514e+00
5.645596989094977758e+00
2.097367281447250775e+01
3.650553983845307471e+01
5.209591017929292889e+01
6.943085671377551193e+01
8.807316851360504018e+01
1.019064256409038620e+02
1.105183572496144109e+02
1.164788862900907418e+02
1.180801994975935116e+02
1.192524529935850239e+02
1.201286653193289879e+02
1.172085188823698019e+02
1.112323601885771325e+02
1.059662087098340919e+02
1.012434061147965991e+02
9.568120961870528163e+01
9.013355185863112240e+01
8.136073072508770565e+01
6.912045360359401514e+01
5.567528063344948208e+01
4.024969480741724226e+01
2.743009999506690377e+01
1.787031397337284488e+01
8.814842067497766109e+00
1.604843210290496369e+00
-5.928355851794963272e+00
-1.398656204507934575e+01
-2.029173284964959123e+01
-2.527161311013962930e+01
-3.310879842623283054e+01
-4.384752243455621823e+01
-5.573838923839674209e+01
-6.982043794512580348e+01
-8.304226526948299636e+01
-9.519330132675267464e+01
-1.086470706035346723e+02
-1.227189474056829539e+02
-1.305786930993495503e+02
-1.317894426721562411e+02
-1.290569931929897507e+02
-1.204617149482635625e+02
-1.104800573008805458e+02
-9.921747700805333636e+01
-8.269129961011911689e+01
-6.172012280643159698e+01
-4.032956152237283476e+01
-1.828762469580896877e+01
5.893422876148773248e+00
3.133123978618564109e+01
6.160478135664074983e+01
9.700753798555736296e+01
1.351129415092500494e+02
1.768027607237226277e+02
2.045093509284415916e+02
2.162596270766339330e+02
2.209842166116908402e+02
2.135857477865126839e+02
2.036727289603586826e+02
1.917433605070135627e+02
1.683800926409001875e+02
1.353606723080033021e+02
1.062995082376975091e+02
8.099093672865782878e+01
5.386928785646956186e+01
2.814820572645457730e+01
-6.895328786759414186e+00
-5.210414611892242220e+01
-9.962215771620776650e+01
-1.519839222640321736e+02
-1.884801084894880034e+02
-2.062579043490659956e+02
-2.169411076302016852e+02
-2.144018670247183991e+02
-2.088309116840513582e+02
-2.009142551954115561e+02
-1.800010685898310783e+02
-1.479653194744389282e+02
-1.227917313018976131e+02
-1.044417754255205182e+02
-8.527873489619489078e+01
-6.962972889590233194e+01
-4.389921153866809078e+01
-7.010002424269756283e+00
3.082922033513569104e+01
7.279971750418621923e+01
1.032261843135243566e+02
1.194931289227180855e+02
1.313222490225475099e+02
1.339682368624452806e+02
1.341788991528593442e+02
1.325513043831290361e+02
1.213974275071451956e+02
1.019425204076902816e+02
8.948606977455987987e+01
8.417084016441607730e+01
7.927493713726013880e+01
7.853935929420312334e+01
7.082772309040412040e+01
5.524685206962952577e+01
4.035006989557287937e+01
2.355408364837083823e+01
9.622386734246545004e+00
-6.790964444813663015e-02
-9.654572934994082090e+00
-1.755964806136223544e+01
-2.460196553280412957e+01
-3.106411969586316957e+01
-3.508792499851549707e+01
-3.680057717301842501e+01
-4.301671644903786529e+01
-5.400166861825643849e+01
-6.650719375063427208e+01
-8.226923177857793235e+01
-9.681926519138235676e+01
-1.097877155729319441e+02
-1.248359040702139851e+02
-1.409552953224206817e+02
-1.499143980379783159e+02
-1.513015935777941650e+02
-1.482594220303223551e+02
-1.385193259701369470e+02
-1.276625212648353340e+02
-1.158329455289781578e+02
-9.819976643590200638e+01
-7.581032284067978821e+01
-5.311825093814027099e+01
-2.982973730578452987e+01
-4.405892645885996828e+00
2.218078347677665008e+01
5.398885200609307589e+01
9.132695429104083473e+01
1.314602954316966361e+02
1.753780540867526554e+02
2.046131948989465172e+02
2.170754833679884541e+02
2.221979408903011688e+02
2.146205437098208790e+02
2.043936954790908942e+02
1.920469333108174510e+02
1.677053519917377571e+02
1.332294682218089861e+02
1.029618827614975487e+02
7.669213773265299494e+01
4.855021595614261543e+01
2.192393707273698666e+01
-1.446596273582513703e+01
-6.150589253991230976e+01
-1.109248169886318465e+02
-1.653875835170428559e+02
-2.032000233451866507e+02
-2.213677759613260037e+02
-2.320733844667151118e+02
-2.288952947826471416e+02
-2.224977764431566527e+02
-2.135984252442637512e+02
-1.910422163092223968e+02
-1.567886611985501304e+02
-1.296929463875103750e+02
-1.097148369433486153e+02
-8.884340331502920662e+01
-7.161457812490122876e+01
-4.377617200246858431e+01
-4.197375219702411897e+00
3.642100103506505349e+01
8.141488577153411654e+01
1.146823508110651204e+02
1.335165114904254153e+02
1.479557376504109527e+02
1.531225391780971279e+02
1.559035064581709378e+02
1.569193022466397736e+02
1.482937114117196700e+02
1.312789528338717844e+02
1.216796028968941954e+02
1.196540496700301190e+02
1.182530516629896624e+02
1.213461539741407762e+02
1.174539647292989457e+02
1.056582097302439678e+02
9.479009533933091802e+01
8.219023600262063667e+01
7.083620659205854508e+01
6.195474994663889845e+01
5.219040909410728801e+01
4.261103255797778644e+01
3.348782473077066157e+01
2.457216490671030584e+01
1.671290311759870306e+01
9.980873991955988345e+00
-1.262047638416921469e+00
-1.732893733845684281e+01
-3.543104286545226245e+01
-5.703943428198907384e+01
-7.868198601584866481e+01
-1.000718067052534792e+02
-1.241759500053609173e+02
-1.502291162151974788e+02
-1.668714207254980977e+02
-1.733168581644879964e+02
-1.743654807329324967e+02
-1.668387540766974837e+02
-1.579759303722284187e+02
-1.480207220928441814e+02
-1.304925893245017221e+02
-1.067495794885591636e+02
-8.377915615361207813e+01
-6.126698212095202223e+01
-3.663112526882579800e+01
-1.145064559746914945e+01
2.028891363083158339e+01
5.904533878985775885e+01
1.006283646448367932e+02
1.464836058855147769e+02
1.780632031212933839e+02
1.931271816132681636e+02
2.014902580239049428e+02
1.977446011931982071e+02
1.916688820550020012e+02
1.838376690539053300e+02
1.644741684582392622e+02
1.353961944322189481e+02
1.115737117057649499e+02
9.286609805766023840e+01
7.308360837822085898e+01
5.579514079517409186e+01
2.941357014832829719e+01
-6.962472740269830318e+00
-4.474344420268532474e+01
-8.664803734395205481e+01
-1.168272049601065987e+02
-1.328302151428368916e+02
-1.441270600999538090e+02
-1.459704378676849785e+02
-1.455770564059874062e+02
-1.435280278640757672e+02
-1.319093356127246466e+02
-1.120454149234092398e+02
-9.869733471512984124e+01
-9.194482912069905467e+01
-8.539603232907982999e+01
-8.264337444448534598e+01
-7.279781885724331403e+01
-5.499666671277752528e+01
-3.754280162651792807e+01
-1.790713977922332134e+01
-2.515207565134761403e+00
7.122796475518560655e+00
1.588913791918202989e+01
2.173750470319046357e+01
2.650112228062008057e+01
3.050276372293654603e+01
3.095578265932402928e+01
2.817795436724522773e+01
3.006243905135810834e+01
3.683546633386470859e+01
4.483913117714171648e+01
5.605645369911120923e+01
6.511436618691388389e+01
7.157429556339747023e+01
7.973723304235450371e+01
8.837856193563125373e+01
9.258400978170065798e+01
9.233657019518972220e+01
8.905886648100046443e+01
8.145168913390655518e+01
7.332839234935678974e+01
6.473910680262331141e+01
5.261674901112824898e+01
3.768499060050215377e+01
2.176507006392018084e+01
4.598450959232829760e+00
-1.426228909944932255e+01
-3.446608066490845346e+01
-5.801173859966215929e+01
-8.504227742705883486e+01
-1.143343101886378435e+02
-1.463884666890304231e+02
-1.675197680440529950e+02
-1.762682553345967165e+02
-1.794560525580080252e+02
-1.731338787957727732e+02
-1.649324214642036281e+02
-1.552327671546121337e+02
-1.366506289412323554e+02
-1.106038145401212063e+02
-8.739578564307257125e+01
-6.684021433878898222e+01
-4.477218275189018470e+01
-2.361448689971161841e+01
4.822644879682441932e+00
4.117820864778860113e+01
7.948155331252647215e+01
1.216702617183769632e+02
1.513264716051900507e+02
1.662185559196974225e+02
1.755104697542916767e+02
1.743527553207274821e+02
1.708832304404418210e+02
1.656437190139566553e+02
1.501711784948806212e+02
1.259650137228261570e+02
1.071747210947150393e+02
9.376093729323336845e+01
7.973270985811205946e+01
6.849216883270057110e+01
4.932005945367112787e+01
2.136969645617750047e+01
-7.318326670267230050e+00
-3.925204861876450479e+01
-6.268886158940518527e+01
-7.563216673066521878e+01
-8.545928086911301591e+01
-8.860963986615669796e+01
-9.005269944710428831e+01
-9.024849648385934131e+01
-8.347747146395326467e+01
-7.064459187526155404e+01
-6.336330351317979392e+01
-6.176060708817832534e+01
-6.072307204251620050e+01
-6.309873248389507694e+01
-6.047726247409799782e+01
-5.218762329869163352e+01
-4.471375909714220853e+01
-3.611028965082449815e+01
-2.803032259450174735e+01
-2.132390533521715170e+01
-1.378534101457429095e+01
-6.047002267002051568e+00
1.381479205198888893e+00
8.667098304169707390e+00
1.547790963327686065e+01
2.170282737584765798e+01
3.109391345385030547e+01
4.388851021581805867e+01
5.819084418987119989e+01
7.498937156379727753e+01
9.204517919343206245e+01
1.091702685508231951e+02
1.283162663356749533e+02
1.489937614357208417e+02
1.617185958218944393e+02
1.657746665519720750e+02
1.652757703794991073e+02
1.575518771487885203e+02
1.485231121270671792e+02
1.383979841006282641e+02
1.218089900887779891e+02
9.986173180250096948e+01
7.859337872876207598e+01
5.775864991511285496e+01
3.508165397973312594e+01
1.193394345008238844e+01
-1.681399175801519874e+01
-5.155810442277694250e+01
-8.870246902387376053e+01
-1.294797202572040362e+02
-1.588968735811263002e+02
-1.751224011636074067e+02
-1.861385316936402603e+02
-1.875699462994064390e+02
-1.872777602668100201e+02
-1.857323852725149322e+02
-1.750495396041531819e+02
-1.566916022956208678e+02
-1.428509598460743746e+02
-1.334248773792816394e+02
-1.233628591746693246e+02
-1.155765616944235603e+02
-1.006558473444930542e+02
-7.787015141790350015e+01
-5.420917724514411162e+01
-2.746789758445737561e+01
-6.835547980098803933e+00
6.070958249069494883e+00
1.721586210010344331e+01
2.381258014959512437e+01
2.960693005195843241e+01
3.499518962419358559e+01
3.558472370072455959e+01
3.207280278707802523e+01
3.380865602466992215e+01
4.093735027049628172e+01
4.934133918336200253e+01
6.133626848991240621e+01
7.024571275696339967e+01
7.555387861481396783e+01
8.247048674340275909e+01
8.946981815535774274e+01
9.321224093848144321e+01
9.392266065488603033e+01
9.205757140119003168e+01
8.678449559227021837e+01
8.121678934869366628e+01
7.533862537250752212e+01
6.685179623603443133e+01
5.634645255787388152e+01
4.419656556312368423e+01
3.013129469122889859e+01
1.432306707484250197e+01
-3.232704445428179252e+00
-2.347788042637279915e+01
-4.647607646777216672e+01
-7.181869601211538168e+01
-9.976458833155129469e+01
-1.189713816394360038e+02
-1.283074378196508576e+02
-1.333238415741033123e+02
-1.307742651104187246e+02
-1.271365480145315843e+02
-1.227323068977307656e+02
-1.114004546541512184e+02
-9.435947775205954713e+01
-7.992115762602485063e+01
-6.792114019218412579e+01
-5.505879566319768514e+01
-4.329011087973201199e+01
-2.596471650599371728e+01
-2.579479878005802362e+00
2.202123951246042211e+01
4.940277647845605458e+01
7.042877976895034919e+01
8.371475399000482298e+01
9.472959742806348515e+01
1.007537164868625013e+02
1.059826846758296739e+02
1.107689113506557277e+02
1.105598050933234902e+02
1.061404961914015246e+02
1.059606390069676252e+02
1.100758918167758225e+02
1.148586875766408752e+02
1.223756126847156196e+02
1.264096179794721024e+02
1.264835893760453445e+02
1.273606596716242336e+02
1.276087084430655523e+02
1.255504066996207939e+02
1.215115518653333311e+02
1.152229161222186491e+02
1.063058370928737730e+02
9.679776722537393141e+01
8.663186580982052476e+01
7.444717600980325756e+01
6.062005766045105304e+01
4.450123224368024921e+01
2.585337548489891901e+01
5.205491745899325728e+00
-1.768828453031832382e+01
-4.291138430667396619e+01
-7.047502715783767258e+01
-1.005906112407602251e+02
-1.333210268429192809e+02
-1.577819118621904124e+02
-1.729486541962553474e+02
-1.840121018009618012e+02
-1.878694530638287574e+02
-1.908783878340951219e+02
-1.933338042013807581e+02
-1.892638384736900150e+02
-1.798640848339930756e+02
-1.728995132865791504e+02
-1.681883220733501219e+02
-1.626809362714647591e+02
-1.581946707924610962e+02
-1.484464715049338963e+02
-1.329616022740279675e+02
-1.162866222026830059e+02
-9.693847839200040539e+01
-8.088987056822915633e+01
-6.916428598178525533e+01
-5.782882885066765510e+01
-4.867093681227232338e+01
-3.923311487778892825e+01
-2.922482134484172178e+01
-2.147168075592914249e+01
-1.549114969523260044e+01
-5.215206343271206357e+00
9.476062218702120177e+00
2.595418630720958930e+01
4.574270974972645121e+01
6.455564713752684725e+01
8.208837431956858666e+01
1.017345809735354578e+02
1.225367025818316336e+02
1.385238637847938890e+02
1.494740591167261528e+02
1.575058885595268805e+02
1.609905213310538272e+02
1.641654073977027508e+02
1.671222917005158024e+02
1.662794644203319763e+02
1.624352560198974516e+02
1.586138481952959296e+02
1.545805460410838350e+02
1.493463124533213318e+02
1.435612083904889005e+02
1.343761176156271517e+02
1.215800738062038846e+02
1.070631986639537558e+02
9.012977913736499147e+01
7.571269236209580811e+01
6.444381829421386954e+01
5.345027009557150421e+01
4.414954980141069996e+01
3.407086777325833538e+01
2.299089550255441239e+01
1.339534534799464538e+01
4.784270775525842900e+00
-7.135278011007037513e+00
-2.240276228513666368e+01
-3.927439053288177462e+01
-5.882135851174995622e+01
-7.788738242872348394e+01
-9.627079071025195844e+01
-1.164306872577889465e+02
-1.376683657272330379e+02
-1.524897954938307691e+02
-1.604061902882538675e+02
-1.644312289636893922e+02
-1.624603624824910355e+02
-1.593861249691996989e+02
-1.553353807609962018e+02
-1.459536684935117989e+02
-1.321418301685774850e+02
-1.184030994334086415e+02
-1.044981648584601714e+02
