5.175580835455626527e+00
4.041963602364246455e+00
2.951597952859697394e+00
1.944122409984197386e+00
3.276796679903649645e-01
-1.735895825990037888e+00
-2.831522526297768572e+00
-2.913649954957690191e+00
-2.548907231601451606e+00
-1.364931451670236662e+00
-3.695932860516406571e-01
3.887589337068331208e-01
1.734706054601061531e+00
3.459732473063575231e+00
3.866900233597844405e+00
2.891882706148896087e+00
1.196833333071471772e+00
-1.672761409667849586e+00
-4.518112843311215876e+00
-7.292121011327478364e+00
-1.099236184749240230e+01
-1.537901986433474200e+01
-1.726687022442826347e+01
-1.646916663903760991e+01
-1.433252606205729940e+01
-9.983813175561362385e+00
-5.534535660486381126e+00
-1.073509032453032752e+00
5.227510624988555676e+00
1.295344202665592093e+01
1.777727275455633560e+01
1.952604978647308442e+01
1.998906882271814567e+01
1.801802439751770635e+01
1.662883902801843305e+01
1.597139248811083156e+01
1.354571469346405799e+01
9.973815561268430940e+00
7.137571753140834474e+00
4.890504677177206716e+00
2.739204517595767552e+00
1.106264288843439525e+00
-1.778938043997656315e+00
-6.002892157940154405e+00
-1.035283949697600292e+01
-1.523091397402876090e+01
-1.825292950316005403e+01
-1.906634272482994774e+01
-1.908990129630846155e+01
-1.761774458527208154e+01
-1.573529109469127896e+01
-1.353376468922373910e+01
-9.834379495534285809e+00
-4.840075094914346288e+00
-1.532211503091394089e+00
-6.677006237681248901e-03
1.047099482407388926e+00
8.630200811484760592e-01
1.505009640660123216e+00
3.112093009230480600e+00
4.012220910039738797e+00
4.656753558353375233e+00
5.910840666617612094e+00
7.657950660409374777e+00
9.799542881442642184e+00
1.252265339351670193e+01
1.491045810645228364e+01
1.694223547039030464e+01
1.922414672148110171e+01
2.155798541501326682e+01
2.167000955553518438e+01
1.938235357823806737e+01
1.561301961337847466e+01
9.707618909728783052e+00
3.122080137064598304e+00
-4.117421387691801549e+00
-1.334182880346769551e+01
-2.429458058760319261e+01
-3.052540587587638043e+01
-3.159648204943977490e+01
-3.041213619042151706e+01
-2.519898883277370771e+01
-2.008782842541115343e+01
-1.528763403383375064e+01
-7.171734190640263407e+00
3.435899045235803584e+00
1.005543541586406242e+01
1.255848008488409384e+01
1.350441667854599714e+01
1.122643774721161947e+01
1.048230036066025050e+01
1.152369578621555313e+01
1.056180251644824430e+01
8.609177078316097464e+00
7.081309146276508315e+00
5.649312898995351162e+00
4.321112340207045932e+00
3.353904486735588275e+00
9.361499160995532254e-01
-2.984832107103914556e+00
-7.329428840836884618e+00
-1.251329193299845777e+01
-1.505762900932850634e+01
-1.454076040285712601e+01
-1.292084285659819543e+01
-9.201434238944782962e+00
-5.137372348193606442e+00
-8.713081311728639866e-01
5.356919423269382641e+00
1.320031903586036215e+01
1.723067438548863706e+01
1.717892815218672453e+01
1.540709360701618280e+01
1.046498968805792273e+01
5.967414813815413055e+00
2.110083650172413616e+00
-4.168616451758746067e+00
-1.212410574455781997e+01
-1.631325567707961000e+01
-1.660163884035403115e+01
-1.507774414532384277e+01
-1.031754463945246769e+01
-6.285571665380397910e+00
-3.157859976666853807e+00
2.274095799048942990e+00
9.192674385324774988e+00
1.306187555542818401e+01
1.384112924542485068e+01
1.313595532503950913e+01
9.777447212423078682e+00
7.252400171586057098e+00
5.701909352137128906e+00
2.381364647333888751e+00
-1.986172332625420811e+00
-4.490440084897554307e+00
-5.183514127022407436e+00
-4.960249564517974719e+00
-3.092181097102098430e+00
-2.001598899897562678e+00
-1.775978138665074590e+00
-5.879566120008049568e-01
1.054155588967693236e+00
1.643726373952060227e+00
1.244751323687937283e+00
2.221091524048020016e-01
-1.796491179568392216e+00
-3.453893872896023343e+00
-4.717356531564495192e+00
-6.582490751609870294e+00
-8.769225937872009879e+00
-9.589157618751977807e+00
-8.986759624377986810e+00
-7.565543546713672463e+00
-4.869083076382967334e+00
-2.141203571602935618e+00
5.835082670277588202e-01
4.332448408807207940e+00
8.863452105564931571e+00
1.155096416829737116e+01
1.227345322772129954e+01
1.211979237592140635e+01
1.038452159476362979e+01
8.878929444593975262e+00
7.687202249523837239e+00
5.288590214261491340e+00
2.050616203044500541e+00
-1.453163564048689516e-01
-1.318997190293652588e+00
-2.128555993156186155e+00
-2.107939057284758277e+00
-2.765483704697588418e+00
-4.176310198352465974e+00
-5.200154864616199468e+00
-6.164497459955545544e+00
-6.871910144064557358e+00
-7.172186994178072261e+00
-7.384919526627649944e+00
-7.416975488881214496e+00
-7.090572102135388910e+00
-6.417104704313537411e+00
-5.390289334339029459e+00
-3.961784292276776309e+00
-3.033180040612356798e+00
-2.668467815736461191e+00
-2.392373760104978153e+00
-2.443358214894959080e+00
-2.286511206840863508e+00
-1.872292840739588682e+00
-1.667826415666577855e+00
-1.553740402595806147e+00
-3.201120295002155003e-01
2.096820146297877940e+00
5.211308305485264469e+00
9.354878261580816812e+00
1.372106216162509185e+01
1.828249557936575087e+01
2.373782232338918163e+01
2.993219411556050247e+01
3.196309575506028366e+01
2.943246430011995329e+01
2.454817214855704322e+01
1.592701766170159416e+01
6.586356739008459193e+00
-3.350598103189621479e+00
-1.663559612741320848e+01
-3.269815548330007005e+01
-4.169106753760679851e+01
-4.304222561803712921e+01
-4.106713013116492306e+01
-3.309298796586735847e+01
-2.560017577110220799e+01
-1.891654324211677363e+01
-7.464801923378007409e+00
7.445820626476768567e+00
1.635224609634080295e+01
1.908439154178474695e+01
1.929441587304834727e+01
1.454439126340062138e+01
1.183909417406765741e+01
1.152657263175485092e+01
8.034199739168501608e+00
2.841224089015366605e+00
-3.885546051919785970e-02
-8.976828830803070813e-01
-6.419993471308501620e-01
1.663305707099496100e+00
2.229561528342127730e+00
9.321489623809685598e-01
4.262476652472931837e-01
-1.065141667130723724e-01
-6.045728986108453995e-01
-7.886655817645460420e-01
-1.271116875273297753e+00
-1.976043485743993688e+00
-2.256633507112325354e+00
-2.162085994746804740e+00
-1.941992726646060818e+00
-1.465030734460835760e+00
-9.867641021001750667e-01
-5.309330202841101576e-01
1.274031513732046816e-01
9.321530470759454845e-01
1.952843805974076474e+00
3.226697963026953442e+00
4.684412607956137897e+00
6.357022052171770632e+00
7.254349231607013948e+00
7.274430098149395896e+00
6.912683443181131260e+00
5.885399786562683033e+00
4.767879852807387131e+00
3.591922584929475804e+00
1.815668476909201523e+00
-4.500642505346071909e-01
-2.472255739022326093e+00
-4.262908292697317414e+00
-6.108424784314905764e+00
-7.834248094816418373e+00
-1.002236632031968355e+01
-1.271408422304442709e+01
-1.548081493088489680e+01
-1.845735586865629330e+01
-1.904099097106228200e+01
-1.692227872127775967e+01
-1.341896379587787536e+01
-7.765724963343081377e+00
-1.356470969196751142e+00
5.746105730748984008e+00
1.493890006609751708e+01
2.597382619715121166e+01
3.151921309131585147e+01
3.106818347539677916e+01
2.794913177075858357e+01
2.014589386340081134e+01
1.230304659054347738e+01
4.659860139795704015e+00
-6.880653971922111367e+00
-2.139258759668988574e+01
-2.908002693357679291e+01
-2.954575148726763700e+01
-2.684323944789451488e+01
-1.837052135522684893e+01
-1.091910943115429866e+01
-4.823757939960692909e+00
5.561607136605573487e+00
1.884029585956947628e+01
2.565305733351213391e+01
2.580960597894215880e+01
2.282221990935990519e+01
1.425217568815281233e+01
7.027680999642471171e+00
1.448249949669150327e+00
-8.047277784762872699e+00
-2.002768600242731623e+01
-2.616246532303313188e+01
-2.632531136089928836e+01
-2.350296516212619480e+01
-1.552631555510623862e+01
-8.703591286594489773e+00
-3.279666135414378125e+00
5.771277024659500654e+00
1.715572937213870119e+01
2.334185582442313489e+01
2.421632343959764100e+01
2.248462383194186742e+01
1.618664518410869491e+01
1.104180695262432366e+01
7.275215129293899352e+00
3.374867740533857852e-01
-8.595789078906918235e+00
-1.356606760891461860e+01
-1.455636788032986750e+01
-1.360806946829825037e+01
-9.194757900225129177e+00
-5.997537230919856022e+00
-4.199982417905077980e+00
-1.572570089669199644e-01
5.157171978336632101e+00
7.829582273814317261e+00
7.916718590887809270e+00
6.615414462971657805e+00
2.937725000307692458e+00
1.243802542829624269e-01
-1.715900312699622399e+00
-5.045590435269993179e+00
-9.191807679853813084e+00
-1.120054749104916247e+01
-1.107028529404076700e+01
-9.739970101411024928e+00
-6.445133385905506884e+00
-3.554916935973357894e+00
-1.140704560372419740e+00
2.644897847422515547e+00
7.321396329279666659e+00
1.006670762460232105e+01
1.083165429824581949e+01
1.063349250501441112e+01
8.734520861937639324e+00
7.277243003572367641e+00
6.344772275714045229e+00
4.228253839221029153e+00
1.366737375778882768e+00
-4.533020859661957558e-01
-1.273488400275968768e+00
-1.652642043496343804e+00
-1.150299511199028180e+00
-1.268543691950754670e+00
-2.069570762219404170e+00
-2.435353448121619024e+00
-2.687710609782313576e+00
-2.834119990669947686e+00
-2.747886344611528919e+00
-2.647080840257671763e+00
-2.498794356645070991e+00
-2.006662130167851998e+00
-1.176802050541385203e+00
-1.171577654108230115e-01
1.242384606313366335e+00
2.197737828133128790e+00
2.685832382055530321e+00
3.099400439448690037e+00
3.248458884830707216e+00
3.518945914370906536e+00
3.949585719773522463e+00
4.186738537754856715e+00
4.315696673479011203e+00
3.559077305189019214e+00
1.788010379888020251e+00
-5.793250216089206317e-01
-3.787699401009152034e+00
-7.480573878082563688e+00
-1.164938041108570488e+01
-1.670520542244215889e+01
-2.259664237873484893e+01
-2.504816605061900958e+01
-2.370538382968902980e+01
-2.056418850094583561e+01
-1.442524231686163994e+01
-7.884002520380336776e+00
-1.067617261952448215e+00
8.390438623668471152e+00
1.998777112404717826e+01
2.716438742835663334e+01
2.961704451598905763e+01
3.014760095950959595e+01
2.700677408223316434e+01
2.465635537530910071e+01
2.333056186514390618e+01
1.928624534431605753e+01
1.344381552889064579e+01
9.046077144718100982e+00
5.911696556137958858e+00
3.092595305653954796e+00
1.340474868071171777e+00
-2.238019936581991054e+00
-7.786486905547651993e+00
-1.326252094708094909e+01
-1.931548183112873573e+01
-2.335556067741756436e+01
-2.491976591842341904e+01
-2.569901215264913930e+01
-2.490610784784883691e+01
-2.353854136292891042e+01
-2.170342636596004837e+01
-1.818792159679625442e+01
-1.317209740696487508e+01
-9.349198501689270913e+00
-6.763584332734638771e+00
-4.211463001767750569e+00
-2.358598571974807712e+00
7.099959833550981703e-01
5.147632435131103357e+00
9.460906347574100650e+00
1.409051765766972686e+01
1.775281183968853327e+01
2.015480693604164841e+01
2.221791423037207025e+01
2.352978360386405399e+01
2.448518193487816674e+01
2.513476189890961976e+01
2.489849418873711429e+01
2.383742132529121349e+01
2.161500508872298099e+01
1.807091490727185601e+01
1.336007369865280126e+01
7.315315853153927961e+00
-6.241911586318527050e-02
-8.832257430810361853e+00
-1.919343810472153322e+01
-3.120761661921604713e+01
-3.787112327193098338e+01
-3.855687735262452520e+01
-3.664772228893004069e+01
-3.017087222894492271e+01
-2.328875368119892286e+01
-1.622550483290348211e+01
-5.144135562421481289e+00
9.144675524387359644e+00
1.768506717233985981e+01
2.015971126930190849e+01
2.032714495993109338e+01
1.584173841665695193e+01
1.296670168711127147e+01
1.204948370629007393e+01
7.956720571405847764e+00
2.008594928856264783e+00
-1.623817360847775504e+00
-3.183372058699962093e+00
-3.770257554963750479e+00
-2.404529173056024760e+00
-2.850887999110454984e+00
-5.257978807434096957e+00
-6.948752134583727091e+00
-8.744239787608893977e+00
-9.737832195206740593e+00
-9.559767213347027948e+00
-9.221796890707105732e+00
-8.400424929940429664e+00
-6.939489001469119955e+00
-4.905440041739931090e+00
-2.075396274075848702e+00
1.594405855177134512e+00
4.535413515608343715e+00
6.670647095919770564e+00
8.802023010751035770e+00
1.052984445446632833e+01
1.282779599851225605e+01
1.578972546262543375e+01
1.860302821121199912e+01
2.149254782377274253e+01
2.192339293848208825e+01
1.953906921695438825e+01
1.568418627401121235e+01
9.592535280293901678e+00
2.528933645404399577e+00
-5.452342458250963197e+00
-1.569388291772928490e+01
-2.798309362128696165e+01
-3.425101134670282477e+01
-3.392025214282605816e+01
-3.069823548314696637e+01
-2.236224715689062492e+01
-1.397769298285975914e+01
-5.812519820761409051e+00
6.622411451434989438e+00
2.231656179677462859e+01
3.096867429353285317e+01
3.219001639418337390e+01
3.022347384054126351e+01
2.234565337662061069e+01
1.574905148157375834e+01
1.079400818926339767e+01
1.536768316231543530e+00
-1.053504156916644519e+01
-1.785069221137469597e+01
-2.043452176758234984e+01
-2.089618451975456637e+01
-1.732437393119091240e+01
-1.569345703659323021e+01
-1.626204516992869742e+01
-1.442950688733382414e+01
-1.145908320831168581e+01
-8.957123355068492998e+00
-6.529775098985218129e+00
-4.268882358481791428e+00
-2.468340217796295200e+00
1.020960263756914177e+00
6.244945402441748783e+00
1.192473827064704039e+01
1.854470730251458122e+01
2.208691314757218294e+01
2.205712116575432447e+01
2.071459350909286812e+01
1.690430409408661205e+01
1.263156093409860148e+01
8.055544014103546147e+00
1.146932792665000367e+00
-7.702538396701910983e+00
-1.269942955668162554e+01
-1.358637419445296501e+01
-1.287978040923245260e+01
-9.047437477753142332e+00
-5.998447668003930033e+00
-3.955916436860951180e+00
3.489900808341103167e-01
6.098551705411844104e+00
8.724071241997252812e+00
8.196327760479267255e+00
6.135685541829146494e+00
1.372054999442653189e+00
-2.592990583780036218e+00
-5.612820227814849794e+00
-1.043609519102362349e+01
-1.633291929231113926e+01
-1.889291951642378464e+01
-1.801074734595816196e+01
-1.527415424845412062e+01
-9.514762799400063642e+00
-4.007948165712820199e+00
1.134622527222267641e+00
8.572737322860271902e+00
1.765071629554217481e+01
2.257774635280322428e+01
2.312537468635213145e+01
2.160524465797108462e+01
1.646915517588971412e+01
1.180218586462888553e+01
7.780281270814613848e+00
1.010777634626431887e+00
-7.679580759316507077e+00
-1.260322549212340881e+01
-1.364755465805226287e+01
-1.297180445102162949e+01
-9.099275334892917400e+00
-6.251854960089454849e+00
-4.622892480913194824e+00
-8.375512281405271819e-01
4.223967183003196624e+00
6.699424625900750385e+00
6.627809365685490839e+00
5.248491561658695126e+00
1.586521235487754478e+00
-1.225711705306246069e+00
-3.072103243714570109e+00
-6.347018534123436417e+00
-1.039617012147281372e+01
-1.231003639451635934e+01
-1.208281662086865182e+01
-1.064292676505322000e+01
-7.235718593618837957e+00
-4.179401439611165614e+00
-1.542563692310967349e+00
2.489464274575232672e+00
7.448261254313634616e+00
1.052988302519977282e+01
1.168484638672456022e+01
1.193162164273082126e+01
1.053810561516236000e+01
9.629803083965052579e+00
9.291597307870361533e+00
7.829074796173231654e+00
5.679266476746858139e+00
3.921305609541811066e+00
2.443744853674266526e+00
1.018432999352925084e+00
-1.186215732538640766e-01
-2.058349070336079389e+00
-4.847613916130162792e+00
-7.760289804205772413e+00
-1.104377016564313152e+01
-1.260510702836928232e+01
-1.216827315884027350e+01
-1.090038548549828157e+01
-8.187965104222099555e+00
-5.061674173429477896e+00
-1.592666837444143946e+00
3.287953310598763501e+00
9.388504504741250756e+00
1.266969182072188360e+01
1.290322620489460093e+01
1.189531607710503813e+01
8.558885756516977139e+00
5.533406844637285715e+00
2.967134365690161424e+00
-1.402103238533570329e+00
-7.031612281307858758e+00
-1.008748798870032815e+01
-1.049383672493604536e+01
-9.713796722334803846e+00
-6.753409420113683836e+00
-4.435792839405667820e+00
-2.891911011097240802e+00
1.397689173319624500e-01
4.070509684746968837e+00
6.226508938366427159e+00
6.625640019569682515e+00
6.139452885513803970e+00
4.090138170331171885e+00
2.625403472071244693e+00
1.825235629153434846e+00
3.870432647018162697e-02
-2.286745671635212140e+00
-3.545900900139444811e+00
-3.778137095737653883e+00
-3.440432744916399166e+00
-2.131059790716381741e+00
-1.220921319446229392e+00
-7.521090090846610510e-01
3.026459707309735458e-01
1.658694102182854513e+00
2.336460147098550877e+00
2.359224510978501943e+00
1.996668072396230675e+00
1.001731675865157989e+00
2.183202668308467098e-01
-3.308278668795593958e-01
-1.279622598095558894e+00
-2.454795534644511168e+00
-3.016597239344593007e+00
-2.956685381413786118e+00
-2.554763770545242618e+00
-1.591147037655111340e+00
-7.244460532333836245e-01
2.470217323102554680e-02
1.176892726031772529e+00
2.599151398793213108e+00
3.232143037976504818e+00
3.036189313523290245e+00
2.424052637719597225e+00
1.112079650959933108e+00
-1.440401915327347848e-01
-1.314247685233953522e+00
-3.024618663602371083e+00
-5.123351556441933852e+00
-5.828681774169295338e+00
-5.045011147778023286e+00
-3.514349993438239395e+00
-7.513643924285186015e-01
2.044028774000407278e+00
4.821211148322348095e+00
8.608056836956034630e+00
1.316696334297226478e+01
1.523234706478501188e+01
1.461879633221801100e+01
1.271660749982167893e+01
8.635444656937472985e+00
4.544882487971010576e+00
5.422271146353859761e-01
-5.241134950949797755e+00
-1.237392501403890144e+01
-1.646396165488748409e+01
-1.733328859303312797e+01
-1.678727575392385063e+01
-1.365737836163659225e+01
-1.100108485209463360e+01
-8.965292749295420194e+00
-5.008850337298552446e+00
2.414342123858541633e-01
3.487762523950942661e+00
4.739831988070642765e+00
5.153724932837171480e+00
3.899327253494821122e+00
3.574931379705112988e+00
4.299541327219007059e+00
4.076395609800512965e+00
3.459083957008914023e+00
3.292198065188312484e+00
3.423315970339408931e+00
3.830730123080126948e+00
4.687846864440693651e+00
4.984541094341222944e+00
4.702632986302417883e+00
4.480434064241564762e+00
4.097676920262697919e+00
3.574450230458938726e+00
2.965556379237354268e+00
2.096694010393989505e+00
9.766849145333322824e-01
-2.459462107247709917e-01
-1.597291792583165115e+00
-3.150946304148444455e+00
-4.887264355830565954e+00
-6.177492847213954974e+00
-6.967569704992261137e+00
-7.544185116955733683e+00
-7.728598178176296685e+00
-7.919942024054228646e+00
-8.135355424699781679e+00
-8.014643554489424560e+00
-7.634334548405956156e+00
-6.954510529484540626e+00
-5.914378142175123365e+00
-4.572478063624010325e+00
-2.892477456164297855e+00
-7.879398830153303557e-01
1.757115559567238749e+00
4.746853477255455367e+00
8.216754060752693434e+00
1.074920616989504296e+01
1.222043278198398930e+01
1.333705069627038142e+01
1.370485731567349141e+01
1.416437946998352793e+01
1.476998571802978333e+01
1.475544878874317867e+01
1.429074026509627515e+01
1.340074307260193365e+01
1.197235265462773768e+01
1.009030901350670106e+01
7.713631533592836931e+00
4.610680973826477569e+00
7.528284678063457136e-01
-3.807618188446614482e+00
-9.148517319139962467e+00
-1.352588814205083523e+01
-1.679125757220905157e+01
-1.984653953621431910e+01
-2.221387455464620331e+01
-2.492467680074172875e+01
-2.805894167646202320e+01
-3.068864594005046342e+01
-3.303146372636212647e+01
-3.241488305427393612e+01
-2.843111581400707166e+01
-2.246212802588444646e+01
-1.367733670117770828e+01
-3.357291382810489999e+00
8.470699382337295802e+00
2.323431401419437847e+01
4.074364186645192376e+01
5.047844852949770456e+01
5.164710207523293661e+01
4.914559789448603766e+01
4.006425571911898231e+01
3.093663128986090882e+01
2.211381087997948214e+01
7.764048099272002901e+00
-1.081233621667184508e+01
-2.180145733541910502e+01
-2.486670658822303537e+01
-2.480055266639328693e+01
-1.852792144400115504e+01
-1.449938804436469830e+01
-1.316089832350811051e+01
-7.666607285395896199e+00
2.028782142128169874e-01
4.272454073464221125e+00
4.792326606294290414e+00
3.496454006920609814e+00
-1.109462581417494986e+00
-3.652967142993905014e+00
-3.935019678489396266e+00
-5.880215042344250520e+00
-8.339497622602877414e+00
-9.023112228132431412e+00
-8.132643656147589439e+00
-5.942074528780676879e+00
-1.898904638571639936e+00
1.658650879412061574e+00
4.718835602197723134e+00
8.928324908521666714e+00
1.381890367213550164e+01
1.602149078365096813e+01
1.538400253430010522e+01
1.317632292998657384e+01
8.475066251665884565e+00
3.692151064357117374e+00
-1.101292014428202792e+00
-7.935508162052208547e+00
-1.634427020512636730e+01
-2.054230913951651871e+01
-2.023492365934099979e+01
-1.786635347828358533e+01
-1.187453340838815663e+01
-6.184492047026514783e+00
-9.819695575608302640e-01
7.060459162311787829e+00
1.714931769823960295e+01
2.222431654497386333e+01
2.203176593656751692e+01
1.939945382209103641e+01
1.245518749740319997e+01
6.187609148225869049e+00
8.246244335012619109e-01
-7.750399883221495756e+00
-1.851684524694247713e+01
-2.408894398160890660e+01
-2.426957679320060279e+01
-2.188261482998833785e+01
-1.498590441296053122e+01
-8.961611089468568991e+00
-4.039748074174921655e+00
4.149995515160069814e+00
1.450465278917012313e+01
2.026624934614745754e+01
2.132643897398570942e+01
2.015699597232841711e+01
1.500261081674676511e+01
1.095571719107397790e+01
8.228306667810583619e+00
2.765670594460001297e+00
-4.379760223208197800e+00
-8.490697338641112424e+00
-9.609896038297694787e+00
-9.271985326535194361e+00
-6.286589624972326540e+00
-4.476747486921264674e+00
-3.989851002530834467e+00
-1.905268886328474798e+00
9.750561879246959496e-01
2.549508341050668037e+00
2.957535437773771037e+00
2.649632261243846543e+00
1.124813122955502065e+00
3.771473531234713628e-01
4.590432790297675480e-01
-4.341484435673587106e-02
-7.091127257112915805e-01
-9.266686889026305440e-01
-7.875024146892403154e-01
-2.859702605341366000e-01
7.173768262613333668e-01
1.493394366604644530e+00
2.043941885391485247e+00
2.852523301506876940e+00
3.771684913150371798e+00
3.672581840632235917e+00
2.490744918871931723e+00
6.539129383170603216e-01
-2.154344852320120296e+00
-5.147431355359806560e+00
-8.307736004750930547e+00
-1.231568138619342001e+01
-1.702499068304180696e+01
-1.906698147884658212e+01
-1.820169244196322822e+01
-1.592911720603728654e+01
-1.131435719247442862e+01
-6.499750174721376617e+00
-1.582669804054342544e+00
5.338365888901138945e+00
1.384511914996284609e+01
1.924547647815078122e+01
2.134727105795619551e+01
2.211553217786651970e+01
2.030644262010771328e+01
1.916983153037820031e+01
1.887363234764917763e+01
1.672073321243427912e+01
1.338442087727961827e+01
1.050546543075399519e+01
7.887301480409728782e+00
5.183369808910228471e+00
2.737484406268550607e+00
-1.132658477473542646e+00
-6.510465892655378006e+00
-1.230301944716453022e+01
-1.890186002650750297e+01
-2.299389908426007878e+01
-2.415843997771878549e+01
-2.425257306106372468e+01
-2.231542378004900939e+01
-2.000917136909837168e+01
-1.745888695560160997e+01
-1.297426395121615883e+01
-6.875081073226926520e+00
-2.726910592257445476e+00
-6.103668259152215114e-01
9.904642282099812567e-01
1.169948491148703917e+00
2.471303376006273922e+00
5.061655570038102070e+00
6.917527987068184281e+00
8.598270991502390714e+00
1.059710109682330881e+01
1.272342788122278634e+01
1.513158633428638034e+01
1.789295590985288698e+01
2.022054233360421804e+01
2.210860929533511055e+01
2.399243650064975952e+01
2.569590260664915959e+01
2.522755593320733780e+01
2.240390015958818282e+01
1.801498255998561149e+01
1.147029720693168287e+01
4.009876773380876891e+00
-4.362071916757916057e+00
-1.482176400138669514e+01
-2.716691197258635881e+01
-3.497225879629404943e+01
-3.779108374392007619e+01
-3.856028314299918236e+01
-3.551427392148558937e+01
-3.274248581413608861e+01
-3.046282134070464664e+01
-2.507973920610064056e+01
-1.741425286239063297e+01
-1.159766662746385002e+01
-7.524100504517027055e+00
-3.734540369626443201e+00
-1.215991115716321902e+00
3.427761199786179436e+00
1.039783994993072547e+01
1.720616197491680310e+01
2.461936776820083139e+01
2.974283947884425316e+01
3.202662871623014951e+01
3.338600950267314715e+01
3.292711385494210674e+01
3.172106419846132042e+01
2.988069798689865664e+01
2.605238314711175107e+01
2.042072725176218029e+01
1.576204189521226340e+01
1.209256277809622482e+01
8.156147669102878695e+00
4.620660763551629913e+00
-5.321831989573335697e-01
-7.481121144500510134e+00
-1.469467780075913588e+01
-2.265303809026949722e+01
-2.847230990894637515e+01
-3.170779778341740140e+01
-3.407329049570876123e+01
-3.470404421015346941e+01
-3.492937406080388740e+01
-3.485358171883402889e+01
-3.302693970695318626e+01
-2.969311967440296840e+01
-2.573411214886164089e+01
-2.097748370701431497e+01
-1.510475476543462037e+01
-8.243614199206135140e+00
5.591248603042227039e-01
1.142609063815602610e+01
2.384311568609365750e+01
3.808893454053853134e+01
4.645091780139562587e+01
4.815546044744768750e+01
4.707597690457343731e+01
4.101756442047483375e+01
3.438295434865384692e+01
2.742531975125127275e+01
1.598360536585042624e+01
9.089375261372468762e-01
-8.784893669197993304e+00
-1.284116969625360127e+01
-1.503946174598863372e+01
-1.305274942446576070e+01
-1.328084849515331101e+01
-1.610457554522721324e+01
-1.636221309632823662e+01
-1.542926209319923991e+01
-1.476291264142991366e+01
-1.386608959832076593e+01
-1.297240351930637559e+01
-1.229476002450849670e+01
-9.657262735795733022e+00
-5.000087759362970452e+00
4.770906492109431296e-01
7.285965325820340510e+00
1.141331336975654409e+01
1.240384390648581991e+01
1.255948535465148552e+01
1.075439524640164812e+01
9.048223229511910048e+00
7.636156482664634204e+00
4.510015975377263509e+00
1.008463301027705261e-01
-2.680069417936488563e+00
-3.842018014536365378e+00
-4.499767282882282338e+00
-3.936230047397357712e+00
-4.359894254379969247e+00
-5.902486414355070821e+00
-6.872429122271640267e+00
-7.757748533091526788e+00
-7.890808132370194627e+00
-7.012398214459070189e+00
-5.778103338204866546e+00
-3.942587972692987108e+00
-1.470657228624061785e+00
1.609112351097689020e+00
5.516377622131100722e+00
1.027861595725965493e+01
1.272450625472657570e+01
1.260364191377523468e+01
1.145513161339881769e+01
8.405544688630403272e+00
5.360515997610885819e+00
2.438612683066008202e+00
-2.077390013574535566e+00
-7.801824489919141570e+00
-1.092277265651638452e+01
-1.130454091898527835e+01
-1.050805799337385160e+01
-7.528720807024449790e+00
-5.034377314126224690e+00
-3.158640901408675816e+00
2.970283260506354495e-01
4.779977592693551713e+00
7.267816651975105735e+00
7.745312121115672355e+00
