-2.231941539705904987e+01
-1.405037386406497646e+01
-2.450509393050583462e+00
2.055243861691190688e+01
2.158020310074287096e+01
-1.917864769956755477e+00
-9.217142923904976470e+00
-6.579642392191201061e+00
-6.347176180410173174e+00
-2.046022182328444128e+00
1.284654623254904982e-01
-5.220704912182138058e-01
8.535222347024626899e+00
2.675060929834592471e+01
1.691652960318139876e+01
-2.162408672495887529e+01
-3.382934492937727811e+01
-2.487921850868451656e+01
-6.076565163279712856e+00
3.388287078468264468e+01
3.631369486121487711e+01
-1.788870026260415802e+00
-1.368386038784705683e+01
-1.017032638781013176e+01
-8.404016661473940886e+00
2.288481456958852078e+00
5.820144095588087652e+00
1.309525179183005594e+00
-5.853078263596421804e-01
-3.295241686317162966e+00
-2.775342068133406226e+00
2.385544935340826456e+00
5.960947764389326053e+00
9.092529356775523652e+00
4.741950000053494207e+00
-8.847207071828023572e+00
-1.653152921434903178e+01
-1.967741966205906579e+01
-1.088995933859046517e+01
1.398321422656752766e+01
3.236039394561498739e+01
4.629860158755351307e+01
2.252813087248378210e+01
-4.735080757439103394e+01
-6.173479093761835657e+01
-2.420166727768588544e+01
3.842350958114310711e+00
4.217335693821794251e+01
4.391307277152318989e+01
-1.888275758912448810e+00
-1.731558080510847475e+01
-1.284463367569844472e+01
-1.100641557058695952e+01
1.275078391803441180e+00
6.244591867833058529e+00
2.725094357966678871e+00
1.811381415745116685e+00
-4.088747009638138419e-01
-1.700216126053732513e+00
-1.003314578683783598e+00
7.949899420189683319e-01
4.655188322113707144e+00
3.536315162447600802e+00
-2.938805156180436029e+00
-6.456555210766913966e+00
-8.308783553272609979e+00
-3.811567431545332507e+00
9.097009392253742277e+00
1.217559256505871623e+01
5.978069164715115846e+00
5.623226235218663493e-01
-7.746620419090022303e+00
-1.198207684465002210e+01
-1.067383090149057701e+01
-4.117300786009438163e+00
1.028236391923204351e+01
1.621442760978484543e+01
1.346462650552704332e+01
3.680944166207843704e+00
-1.754882989330667442e+01
-1.810045916448273218e+01
3.269013847572960874e+00
9.280501491423468252e+00
5.621161124921406405e+00
3.542057440205127472e-01
-1.285521772342442937e+01
-1.004748585413681461e+01
1.015586483270914897e+01
1.321246146868936755e+01
2.787901061770909017e+00
-2.566822941466184282e+00
-8.485477198807892307e+00
-5.414680390151417555e+00
9.792327459357002439e+00
9.496231523019529774e+00
-4.930404055477863423e+00
-8.709136896972216491e+00
-6.121250491074198052e+00
-1.261993528532142861e+00
1.002467183739626755e+01
6.887448080986335874e+00
-1.179621530355928982e+01
-1.149408063081376064e+01
5.045559000206324640e+00
1.217338580009928073e+01
1.532462074008897801e+01
6.966299419728805731e+00
-1.790416591863237272e+01
-1.959042559151196983e+01
1.275634501695421363e+00
7.402814742532098258e+00
5.506343893241949949e+00
3.799566031889477280e+00
-3.540218911296452386e+00
-4.653437373803180677e+00
9.744342604219152770e-01
2.913773004928056576e+00
3.446049900039633851e+00
1.793689584350412813e+00
-3.726443433822177020e+00
-4.181531107548800641e+00
2.746020507627684459e-01
1.682468379110971135e+00
1.565389011995071966e+00
-5.625497671413376422e-02
-4.553151678363152044e+00
-3.543502533886728312e+00
3.129489427869248885e+00
6.853904575685058731e+00
9.122747839021968730e+00
4.353413621204972550e+00
-9.587672401849502535e+00
-1.564766570527486245e+01
-1.478669633084202495e+01
-7.004731418089817474e+00
1.183983179360457427e+01
2.569360676518926923e+01
3.522213034551963773e+01
1.711637989799850246e+01
-3.495953971976829422e+01
-4.806439303708243216e+01
-2.481685423112601185e+01
-9.304290494657254662e-01
3.861106017743166774e+01
4.106808343191023170e+01
-5.702022270163782380e-01
-1.457267993074995083e+01
-1.166958374672461574e+01
-1.231351039085016730e+01
-4.914515088025567913e+00
2.224703985249036897e+00
8.624304896518149022e+00
9.444739674113016292e+00
2.116473728106527563e+00
-2.028993260433916479e+00
-4.671488912022305762e+00
-4.738735048173597697e+00
-1.546684898920561158e-02
1.647793768698427419e+00
9.301737505337376311e-01
-1.453900574951318081e+00
-7.145581087999232750e+00
-5.615286829081359343e+00
3.516609275036956195e+00
1.531197264859040885e+01
3.235956100955685599e+01
2.068388652571179875e+01
-2.310459085955551117e+01
-4.795149510122863745e+01
-5.995393033696362295e+01
-2.795211222245433191e+01
6.196075619860043560e+01
8.279172180798630620e+01
3.786790456414016859e+01
-9.864906900361938291e-01
-5.949263429440296136e+01
-6.549585359599231538e+01
-5.922144891736301098e+00
1.999545608282799236e+01
2.857247847244335404e+01
2.623714970346943787e+01
-4.300403542884667196e+00
-1.328950954275756580e+01
-2.915095452943986754e+00
-4.891979244510556768e+00
-1.055930934576389468e+01
-4.901102428997222482e+00
9.563847961147564192e+00
1.226255603235059155e+01
4.254781486066687712e+00
-1.861691330423012047e+00
-1.007716883898725690e+01
-4.673791357038303396e+00
1.727589402365356364e+01
1.570565414491650991e+01
-7.609959187438104067e+00
-1.929020724265627607e+01
-2.600042409041412128e+01
-1.240624877675413096e+01
2.872203340417105011e+01
3.019364534620801166e+01
-6.785822197473053485e+00
-1.714873671551189105e+01
-1.204026681718810288e+01
3.468965935148530910e+00
4.082282555010706915e+01
2.911129267937778309e+01
-3.437387533048040922e+01
-4.512002391507068921e+01
-1.329464704357659954e+01
5.606376915310443465e+00
2.928774439640589122e+01
2.542282506619762117e+01
-1.526560255907020469e+01
-2.028264796548688764e+01
4.281777236319333824e+00
9.445536171016867044e+00
6.618679269663235942e+00
2.507493812271124778e+00
-9.721362391677873305e+00
-1.090002483809348810e+01
-5.452411960086362974e-01
2.469991621396713466e+00
1.545427230595838530e+00
6.887163989513884310e+00
1.620863290674450852e+01
1.069426333028236797e+01
-9.875162561396241045e+00
-1.967077504005933974e+01
-2.154637724063637449e+01
-7.527528810967726969e+00
2.881996830141768129e+01
2.168863867607077367e+01
-2.991811077929619600e+01
-3.189715192211001593e+01
6.690783244646008043e+00
3.366331311020917383e+01
6.485383315504684276e+01
3.616544947785548914e+01
-6.503535735010834173e+01
-8.055153066210178281e+01
-1.857085714304402657e+01
1.389043797564851168e+01
4.497762822774194547e+01
4.217941628699854562e+01
-1.221834254101258566e+01
-2.467038358246587748e+01
-3.483302690867740914e+00
7.600005457708114420e-02
1.439639678956770474e+00
2.994169491493543944e+00
-9.878549607663544840e-01
4.809644637719486249e-01
6.644895426962271756e+00
4.635946267938386711e+00
-4.480334526131708905e+00
-1.032145281221666089e+01
-1.485827067675075952e+01
-8.322627494449632124e+00
1.213062978867036890e+01
2.180299586369162057e+01
2.242651052370268516e+01
8.776602254105801748e+00
-2.549953090794867805e+01
-3.105562029711708050e+01
-7.822641998728176560e+00
5.409975270442563655e+00
1.824996158230237953e+01
1.721071900404887600e+01
-4.502735014752123455e+00
-9.683203031976388431e+00
-1.720505053645243754e+00
-1.002219806256157142e+00
-1.427388066762604657e+00
-1.467807652032075971e-01
7.330077556459375643e-01
3.206249543466293428e+00
7.357282058764009314e+00
4.248338306725442770e+00
-6.529499616103125348e+00
-9.962703435725490664e+00
-7.244396171883217939e+00
-2.087775683462094189e+00
8.640494872223046130e+00
1.120797211109528391e+01
4.890890544629259651e+00
-2.620011121534872034e-01
-7.340207299050396372e+00
-7.831070668810954594e+00
1.673296055979651697e-01
3.459550244245914286e+00
4.019779940020502984e+00
1.144843395949505793e-01
-1.092576695729009373e+01
-8.698436788863839197e+00
6.978222465538340913e+00
1.384017280807666950e+01
1.530432159895810429e+01
6.365344087246431748e+00
-1.778513441533645079e+01
-2.260845764883866948e+01
-8.539879032707272444e+00
5.526923373600624023e-01
1.143929693143482496e+01
1.858012668628380837e+01
1.854554856994105805e+01
7.095958093962187796e+00
-1.940486428553849763e+01
-2.624756801860690913e+01
-1.328129468326789642e+01
3.742356064346908928e-01
2.241391956552030962e+01
2.028850084977988644e+01
-1.032435407172182273e+01
-1.489237489370875522e+01
9.485928072353395635e-01
6.425649726376662763e+00
1.026730022700940914e+01
6.498612419179552013e+00
-9.415561346314246904e+00
-1.268386757099801621e+01
-4.616902749891298008e+00
8.608156597372524921e-01
8.319734312923008801e+00
6.262499198354166907e+00
-7.857046088424228358e+00
-9.159370438123623615e+00
4.467825344854786107e-01
1.000930753121039274e+01
2.417971135108710712e+01
1.483843588813274827e+01
-2.141844554138673473e+01
-3.018762659083935773e+01
-1.549085252148672254e+01
-6.163019932960132063e-01
2.486155946081937529e+01
2.485314270640206757e+01
-5.133098969262223754e+00
-1.228641007035001032e+01
-3.384629393683089127e+00
-1.659788165975466301e+00
1.250420297824007543e+00
2.614701319498355048e+00
8.738216247215174759e-02
-1.107414609195382482e+00
-2.151881106923173359e+00
-1.327064113156365410e+00
2.228422814037533506e+00
3.623035816103131079e+00
3.272748246315984044e+00
1.531658246944486379e+00
-2.660148876028241460e+00
-6.499966524892893283e+00
-1.018526953419232051e+01
-5.665592000892827329e+00
8.513148975875472146e+00
1.434093431727244372e+01
1.304424466212042333e+01
4.548164721562316437e+00
-1.544467698796395716e+01
-1.810752970166159415e+01
-2.888758947134522082e+00
4.891766709442681105e+00
1.083746198959764762e+01
8.209789888239523492e+00
-7.571854256202279920e+00
-7.959466733416925344e+00
5.738982470700411120e+00
4.262932628502229093e+00
-8.341699513768462637e+00
-6.993554090580694549e+00
4.921907107375548485e+00
8.816708351899153584e+00
8.074060371038127570e+00
2.935167772199385183e+00
-1.001962038792789933e+01
-1.176524915056359788e+01
-2.070438336390896250e+00
2.047730876289007629e+00
4.153274669191727497e+00
5.935680709683151868e+00
4.834867550318174168e+00
1.011061661961944580e+00
-6.341099321586440851e+00
-5.636571344666147176e+00
3.785003929445546422e+00
5.503731716738473168e+00
1.421397690570766592e+00
-4.168090917626771308e+00
-1.431737462983549491e+01
-9.419247346633099482e+00
1.209640250113563553e+01
1.637395034890321810e+01
6.188088751621438455e+00
-2.055407701370355777e+00
-1.451761800167832028e+01
-1.030510510107287558e+01
1.395217549480554453e+01
1.302187882928001628e+01
-1.024766203344839610e+01
-1.079600624137141196e+01
5.096182671728664459e+00
6.816306445811064485e+00
4.123816652062367583e-01
-3.398138340299742932e+00
-8.945659283546737228e+00
-5.516897475227535708e+00
8.808086452751190620e+00
1.037490432755765823e+01
6.521788997864160775e-01
-3.032940882577956465e+00
-4.611649547642818980e+00
-3.349648579640287060e+00
3.518456174938933589e+00
3.837477292462019296e+00
-2.041232964064156885e+00
-3.289052863397245119e+00
-1.876172001969917069e+00
-1.362479762845941744e-02
4.003479731555017906e+00
5.264479637081458385e+00
3.524924100521042103e+00
2.653747918060287425e+00
1.609596236974577543e+00
-9.378688496241474937e+00
-3.083588270418449540e+01
-1.879148423247880118e+01
2.819014608999950156e+01
3.677227932475344119e+01
1.254498790526019647e+01
-3.260295939824356282e+00
-2.373353638181891156e+01
-2.279287276630722303e+01
6.612969540845109684e+00
1.379925435633460751e+01
4.290463953303101263e+00
-1.369616964085593525e+00
-1.182023414360040192e+01
-8.792536630956151456e+00
1.068816398936738565e+01
1.224819280499688112e+01
-1.222712933145006398e+00
-5.039758715126658295e+00
-4.527062348608261289e+00
-1.177390318366419386e+00
8.881909616931920937e+00
6.958002442540938581e+00
-7.328474239715102811e+00
-9.372609874184179901e+00
-1.927746246914870953e+00
1.389634372739387835e+00
4.497665327261440638e+00
4.729618870189148616e+00
9.636225730283905222e-02
-1.515086798869418772e+00
-9.957843198773389526e-01
-7.335778101949500529e-01
6.402145025344777585e-01
1.363026860938956419e+00
1.322698015404682348e+00
-2.807429129993539885e+00
-1.186559677306317440e+01
-7.976755694389799700e+00
9.281852338817969894e+00
1.662568800825218318e+01
1.687875264953974153e+01
7.589144986538967075e+00
-1.640224023102478412e+01
-2.549037264231668232e+01
-2.012880158570375855e+01
-5.744330042731319530e+00
2.491964086090662178e+01
2.959796490716225392e+01
6.534546186806194257e+00
-6.067707964420703703e+00
-1.680959514817291023e+01
-1.582540462189695418e+01
3.639166844580397076e+00
8.502449130184315251e+00
1.585515769293439181e+00
2.183914598671888196e+00
4.916217644703245071e+00
3.078226513229058714e+00
-1.542623940884194189e+00
-6.204287562005257328e+00
-1.173474072719901962e+01
-5.587645881489049948e+00
1.390819962389982756e+01
1.033227734499448403e+01
-1.562697420311446983e+01
-1.620829052184185315e+01
3.749450672253802797e+00
1.957199450928987972e+01
3.939975963659321678e+01
2.260406453709308394e+01
-3.750383881962876842e+01
-5.164129497274669944e+01
-2.546457188261082294e+01
-1.995762709993773143e+00
3.586797103137293163e+01
4.432416649235380390e+01
1.628046868840723249e+01
-4.661018632827373054e+00
-2.956744156739302909e+01
-3.139946128844178119e+01
-1.771430036519024309e+00
1.021245113370292934e+01
1.136223620517734290e+01
1.318326551072892272e+01
7.344250252753037778e+00
1.023386444486439339e-01
-9.106800548567409948e+00
-1.538740298639083193e+01
-1.718403391418147308e+01
-7.134819912010666343e+00
1.775357859201747956e+01
2.781209585484489466e+01
2.383234005375054565e+01
9.208385431517919884e+00
-2.345039500466106119e+01
-3.832318092043533397e+01
-3.494874936020036671e+01
-1.195589746093789074e+01
4.077576962140970807e+01
4.977485145864869054e+01
1.365698408990557233e+01
-8.044860025014834548e+00
-3.015289884905973850e+01
-2.811585111197080522e+01
8.789117766786453956e+00
1.717000070509061871e+01
2.827941691439928906e+00
-1.488969444989238999e+00
-6.404471078383940252e+00
-5.145958549192740428e+00
6.385016707455326568e+00
6.985898567723102914e+00
-1.775626047436109189e+00
-3.157410910776935253e+00
-3.058384003551624652e-01
-4.434777931394863204e-01
-1.336016946271519901e+00
-7.138489875926180561e-01
7.585769180483202812e-01
1.748526561213626929e+00
2.479800021667925236e+00
1.437295184241931700e+00
-1.812009549604095771e+00
-1.580829023532454247e+00
2.054222941859824125e+00
2.792629292235766503e+00
1.518876528412279159e+00
-5.477934862744916700e+00
-1.984762414075609982e+01
-1.389561371334789897e+01
1.328669956581057043e+01
2.549807123586563051e+01
2.722941736029415694e+01
1.027785101106224630e+01
-3.376082212432400809e+01
-3.566240985058911406e+01
4.808989132574445158e+00
1.547353821798112783e+01
8.083292238452370881e+00
3.789077720796085735e+00
-8.782021707231654872e+00
-9.061943218852830384e+00
5.058447489317545731e+00
1.011146362191065329e+01
1.013547908332779279e+01
4.861248205754780116e+00
-9.926916079832931672e+00
-1.632339946617393167e+01
-1.477931702951487480e+01
-5.483199960517929128e+00
1.612107865610007451e+01
2.358185178815535465e+01
1.670124074382059121e+01
3.851838712772257978e+00
-2.143374572053781435e+01
-2.883472996871375571e+01
-1.657733621906836774e+01
-3.411481254732709356e+00
1.795913974810076752e+01
3.118203931541273377e+01
3.355318265296865121e+01
1.343261459320597595e+01
-3.617507500819180422e+01
-4.748353447277708028e+01
-2.089726080005469200e+01
1.753827261997264131e+00
3.464165783503137419e+01
3.627718103071317302e+01
-1.289162349055011481e+00
-1.396564079127713143e+01
-1.068462954575596591e+01
-9.156077176333241141e+00
1.329816855464820646e+00
5.507129617221146134e+00
2.529969043133252438e+00
8.499217732878058262e-01
-2.938551703391974801e+00
-3.185091499439333340e+00
1.083359625109431734e+00
3.481358925579802754e+00
5.336211050827492919e+00
2.854133233805116188e+00
-5.346227969680837688e+00
-6.884750322556497437e+00
-2.278954004494015972e+00
1.086163540447314890e+00
5.567291411880704644e+00
5.409455052651476414e+00
-7.326526045305707946e-01
-2.098137663622474669e+00
1.461442966451498293e-01
-4.284592125692302744e+00
-1.415539135031213824e+01
-1.011382209880457239e+01
7.595446790508205481e+00
2.031702893271118882e+01
3.148087638827811929e+01
1.545669284594633197e+01
-3.368595432420769242e+01
-4.073294913724068778e+01
-8.362266581087320461e+00
7.710045392577079326e+00
2.106418128447331739e+01
2.175395155243927903e+01
7.361564696942115571e-01
-7.296303703367669868e+00
-6.097629849979059991e+00
-9.207391360113295065e+00
-1.083684220147403110e+01
-4.177040617123404687e+00
1.080065004776561643e+01
1.566818443663899529e+01
1.072286303528225382e+01
2.100715032520444669e+00
-1.456919685084288218e+01
-1.598314833111826161e+01
-4.990653971883420859e-01
5.321933068590043447e+00
6.023518366990583850e+00
4.482282826645971774e+00
-3.795387914489539050e+00
-4.850847285050999602e+00
1.206403231622555472e+00
4.179752644934066730e+00
6.669176432620392170e+00
3.922825905863488671e+00
-5.933149191790551669e+00
-1.123734788446959243e+01
-1.307257664913912798e+01
-6.038626910208906295e+00
1.299036383650882520e+01
2.309505494818896310e+01
2.537119080755545752e+01
1.136446791024147274e+01
-2.489939895295111683e+01
-4.298927547164572616e+01
-4.447387505533438912e+01
-2.086391646143081857e+01
3.889536027665774753e+01
6.776513664146213500e+01
6.746098273016120572e+01
2.410464961948585483e+01
-8.106557752424187413e+01
-9.129185326623304775e+01
-4.956484257902388890e+00
2.924903341710356841e+01
4.008672916655817176e+01
2.938442918455828234e+01
-2.793435051299100991e+01
-3.235298943037780361e+01
1.390615204450982567e+01
1.924480016953323513e+01
-2.485552390793094313e-01
-5.215396862991310556e+00
-8.245808327815780103e+00
-8.475818624009506808e-01
2.246226104595791995e+01
1.843170283516352370e+01
-1.245920885047857674e+01
-2.585726783179425681e+01
-2.881350237535249192e+01
-1.165379069853109684e+01
3.506980412844808370e+01
3.451358159923503877e+01
-1.345210370931656740e+01
-2.323063584947017546e+01
-7.223513155185752765e+00
9.226249907531387962e+00
4.046111577869547915e+01
2.698419187602926783e+01
-3.683379854003565868e+01
-4.685701518931231391e+01
-1.162029517306621607e+01
6.860877243582099716e+00
2.631113084791688550e+01
2.555301161676276323e+01
-5.286914634504158883e+00
-1.314862783064273266e+01
-3.331653618767053349e+00
-1.801302022923780388e+00
1.889339875877550923e-01
2.258442469288758137e+00
1.823306398564144892e+00
5.543238323062862349e-01
-2.554731677850833993e+00
-2.459660430007490906e+00
1.135052216470467945e+00
5.806592412793541991e-01
-3.371795393070533553e+00
-3.856777363930914415e+00
-1.872942550066053258e+00
7.348321751587631567e+00
2.569023645370775810e+01
1.620890105809981918e+01
-2.253153169536087930e+01
-3.219599318853389747e+01
-1.788371302827567533e+01
-2.924855271149568559e+00
2.368158493714709678e+01
2.883482548480118979e+01
8.617820571990757017e+00
-4.483460955483507426e+00
-1.814572581678892149e+01
-1.545921739757193691e+01
9.878109990189720691e+00
1.414197861408998591e+01
8.200867987876094833e-01
-8.581449614710157547e+00
-2.184488448258187177e+01
-1.338031093404634042e+01
2.120576554239760014e+01
2.640228901070772949e+01
5.827188161346766648e+00
-4.316250823744440801e+00
-1.361996546470338743e+01
-1.373954239593545523e+01
1.043293560941751519e+00
6.019150840114162904e+00
3.807318462854208274e+00
2.538582991810164113e+00
-2.130035453779991705e+00
-3.017917733312822204e+00
5.401908112151890817e-01
2.512801430567344951e+00
4.474577479937565272e+00
2.864435128147368559e+00
-3.448741712293650785e+00
-7.231834784985347042e+00
-9.312729057641966790e+00
-4.709839938428566519e+00
8.595985572874672798e+00
1.360436644510774684e+01
1.107744229721270557e+01
3.643294638909496452e+00
-1.267261907041323532e+01
-1.598600533492878917e+01
-5.538239866133861433e+00
2.205892590040086532e+00
1.194518316723046603e+01
9.776920032051126697e+00
-7.637399886711750518e+00
-9.235754069615166983e+00
2.588220132523691319e+00
4.810085483295051034e+00
2.261371259416223189e+00
6.895931119370657392e-02
-5.057735416235721537e+00
-1.634963244332520826e+00
1.130413433027812786e+01
8.770696989548394384e+00
-8.183456202073395858e+00
-1.443808888846337091e+01
-1.377843385690284705e+01
-6.286330062789856399e+00
1.297148001931294736e+01
2.192932850754999308e+01
2.093246669595331610e+01
7.717209677773107401e+00
-2.372022347899998707e+01
-3.021387556058922286e+01
-1.136437968765942763e+01
2.198236591496019798e+00
1.939099066096292390e+01
2.076562672850695890e+01
8.254126133892516481e-01
-7.400248692214462132e+00
-8.696190286710141493e+00
-5.840418179962893142e+00
7.171849042712675093e+00
8.173651317923654958e+00
-2.691952164910346390e+00
-6.995812824089850501e+00
-8.706230421663079255e+00
-4.381302358929713314e+00
9.250295191054222599e+00
1.156099443635700119e+01
3.077034898451807443e+00
-1.320042796098317206e+00
-5.438735934421784712e+00
-5.010233888371764976e+00
2.434729710820173754e+00
4.101745498751474095e+00
1.105385135218459158e+00
-6.409567029227036805e+00
-2.127078881736002813e+01
-1.541269629983655776e+01
1.253274137306893010e+01
3.179349067428606190e+01
4.773130420430480569e+01
2.476482615385757313e+01
-4.628627183256804756e+01
-6.411390811956354696e+01
-3.326844180482707714e+01
-2.031250345859605844e+00
5.005124547313130989e+01
5.383942381803851873e+01
1.183806340019185610e-01
-1.947654846453038502e+01
-1.923784147941471900e+01
-1.402353365303432398e+01
1.178694373292059439e+01
1.569963040514704211e+01
-2.579147114368286697e+00
-1.017348001144278591e+01
-1.507790681279821854e+01
-8.444812968283972765e+00
1.529287443547975300e+01
1.967777024096293914e+01
6.248436311034469171e+00
-1.966591744653232610e+00
-1.169825417948019464e+01
-1.230820417696960511e+01
-4.597983018995277504e-03
4.634130419438524662e+00
4.329362857391007680e+00
2.879598049644673363e+00
-3.374755649365177135e+00
-3.926695371350330532e+00
1.409651547669354299e+00
4.064314500058993751e+00
6.042529500270077847e+00
4.160141422639348718e+00
-3.164291644797679659e+00
-8.459361605606343204e+00
-1.265963793734395892e+01
-5.330406355981133437e+00
1.609412055802567565e+01
1.495557827697900422e+01
-8.169576123431028236e+00
-1.077926235142918188e+01
1.656818685291360671e+00
4.692780640645018764e+00
4.651178650654014923e+00
2.184174364641449095e+00
-6.149576020591195125e+00
-5.955572589810858020e+00
2.759043106732649964e+00
3.867790645766465030e+00
-4.105814925819882277e-01
-1.017216533213352925e+00
-2.818505704563721292e-01
4.885598007105380891e-02
1.111596244021941793e+00
2.582960793756163692e-02
-3.454166249026001445e+00
-2.597794768741769289e+00
2.391208965172378687e+00
3.811222056822491489e+00
2.631521924166310367e+00
6.782478276989983845e-01
-3.479312464715852204e+00
-2.691616938441362628e+00
3.518513889927923355e+00
3.534429472418888274e+00
-1.626121168372919534e+00
-6.393913051277157145e+00
-1.285449695741468190e+01
-8.719083152032528261e+00
7.698068752811567883e+00
2.009898679582387970e+01
3.112149310668056756e+01
1.662449039146567742e+01
-2.887033754324909296e+01
-3.942332931658723538e+01
-1.802760350723971783e+01
1.371570162424194050e+00
3.183267725838640416e+01
2.527547130477156756e+01
-2.546865798357286081e+01
-3.014297125046015680e+01
3.557159359425297485e+00
2.446779812901069207e+01
4.794214939660588470e+01
2.659324702545409025e+01
-5.041759902023122919e+01
-5.625130342777937642e+01
3.369255024276087251e+00
2.229449363417187868e+01
2.144397740940476993e+01
9.869430056522446648e+00
-2.962952618026422869e+01
-2.565841289591466534e+01
2.282500868633579572e+01
2.721165460291508609e+01
-1.772975338559815928e+00
-9.694732716369760084e+00
-9.661290709440944369e+00
-2.928492006464341824e+00
1.867362808253263040e+01
1.557585764765376446e+01
-1.259063460067430285e+01
-2.068292505405027626e+01
-1.499740314522929907e+01
-4.542335031636594245e+00
1.882025883627890650e+01
2.157100757616984055e+01
2.082496536411162502e+00
-6.941296511873193964e+00
-1.209799830364561224e+01
-7.699024338720291460e+00
1.218462013819105749e+01
1.137160201758107725e+01
-9.187280045240195037e+00
-9.573673023603857857e+00
4.978902125202528950e+00
6.496449972930098404e+00
3.649492953490690583e-01
-3.731335602858909972e+00
-9.817822119742411147e+00
-5.904080247200155007e+00
9.914726264192728067e+00
1.170256599829254895e+01
1.057164697069068016e+00
-3.031558167799122572e+00
-4.891246857638168244e+00
-4.809318508220181698e+00
1.210833340992159557e-01
1.726888442366093734e+00
5.449464137559300037e-01
1.608851460141665246e+00
3.582147145710842029e+00
1.928445703879766437e+00
-3.143611750212215838e+00
-3.355679669317924496e+00
9.283373159203391900e-01
2.652451926709554542e+00
3.216456597196809319e+00
-1.848675111647099856e+00
-1.420220429555856612e+01
-9.753694037186839694e+00
1.183996529052033608e+01
1.567510039182508308e+01
5.041424309144601601e+00
-1.584706377851132553e+00
-1.020817604389635491e+01
-7.806149523556216607e+00
8.875344612710970083e+00
1.036292265843752247e+01
-1.141561245212292519e+00
-9.473927644302037265e+00
-1.983912387692478418e+01
-1.129189607767327175e+01
1.999427230166674718e+01
2.406022340904350898e+01
3.586622464982350600e+00
-5.472867348082603556e+00
-1.173789636488507959e+01
-1.008090942764168396e+01
5.326587857505353796e+00
7.907147621224409839e+00
-7.077220757101323478e-01
-3.177737294548711233e+00
-3.980654237861823042e+00
-2.431404517829691692e+00
3.929796739971699537e+00
5.279909684159974859e+00
1.997076411101262439e+00
-3.729526367086118954e-01
-3.688203300797451512e+00
-3.834428304617290895e+00
1.264477987980414109e-01
1.520928921251542443e+00
1.266663210635489589e+00
1.361690817944434695e+00
7.047026779528009488e-01
9.750821552134026904e-01
2.320710384918895919e+00
7.783419047285133896e-01
-3.554822436025448340e+00
-1.573980273559527188e+00
6.607655161106155361e+00
-4.015307512013339242e+00
-3.352076766483364878e+01
-2.573977301342970136e+01
1.803969418096765764e+01
4.494774261221076728e+01
6.457284926912463163e+01
3.138910970017677116e+01
-6.872260002895119158e+01
-8.309767594474620012e+01
-1.641438949058944630e+01
1.721017174666411975e+01
4.557047776166047726e+01
4.022917729211643945e+01
-1.814063754440383036e+01
-2.835988442986813851e+01
2.258352994365031563e+00
6.123016340293424342e+00
-3.785205601775821771e-01
-7.970265157363178865e-01
-3.404706175981007554e+00
2.063047671409728334e+00
1.731657816289299134e+01
1.184913991943296807e+01
-1.400278978214296899e+01
-2.298083730215490661e+01
-1.954368746349496888e+01
-7.636947223770118143e+00
2.026554518924768189e+01
3.167347376451953878e+01
2.622220859734719767e+01
8.509640806330793339e+00
-2.997390132474858504e+01
-3.986578153686216552e+01
-1.966435875035956471e+01
6.781215895504510982e-03
3.031833833307708304e+01
3.348129977109071831e+01
3.448954614969216514e+00
-9.355004873296172363e+00
-1.328389365877358763e+01
-1.399514775427273960e+01
-2.957698242247983167e+00
3.943292517682930765e+00
7.965794991887752197e+00
7.583477721868185029e+00
-7.104028795487079551e-01
-3.429417201051181863e+00
-1.556027081979269644e+00
-1.836615743273939394e+00
-1.901120599265972100e+00
-6.537074668214083450e-01
1.431002133725278069e+00
2.143643644991637842e+00
1.402774187966691510e+00
-3.626533991141374647e-01
-3.797015492256541336e+00
-8.791092518451609772e-01
8.965866436215996771e+00
7.327054429997248874e+00
-5.140579580631182921e+00
-8.634871823161388349e+00
-5.886146819086990334e+00
-4.473333704081837725e-01
1.134796383767014660e+01
5.095445532616533768e+00
-2.074882114646049303e+01
-1.746380716857787263e+01
1.240236237357559013e+01
2.371018882396500516e+01
2.396681525964203274e+01
1.002082269600793474e+01
-2.696006891754389656e+01
-3.274351850010251042e+01
-7.324036858447040110e+00
6.529602234564951146e+00
1.923693046646614135e+01
1.617735174616196048e+01
-1.021790915343319384e+01
-1.358695362321769551e+01
2.900375324196716509e+00
6.480904965781103755e+00
4.641670911104569086e+00
1.948009924149943117e+00
-6.203654628066309407e+00
-6.684551552705139343e+00
8.571677097794955236e-01
2.758648736240580934e+00
1.288170855072887644e+00
1.070358175537947432e+00
5.544223417674874754e-02
-3.511579099237621127e-01
2.288060255522225139e-01
-3.041600743114478145e-02
-8.007623145414125565e-01
5.982911677552261304e-02
2.463795027441654018e+00
1.589371081090502624e-01
-6.931789323450068707e+00
-5.064814970778220626e+00
5.371323483335046056e+00
6.708058075219339500e+00
7.599044941487429483e-01
-2.330226726801968073e+00
-5.461498547440240436e+00
-1.311713485532222112e+00
1.215026724617205645e+01
9.247404064685548875e+00
-9.582614874971174146e+00
-1.249347779609922959e+01
-3.072590971412374028e+00
2.018029573287884570e+00
7.977843755144372828e+00
5.813245354967937928e+00
-7.278706884400550692e+00
-7.536596214715574504e+00
3.601117119284597212e+00
6.718658952911114923e+00
5.538869730775368261e+00
2.049049493808522637e+00
-6.939852575884910557e+00
-8.080476876443642098e+00
-1.088624120379506399e+00
1.805669576743268667e+00
3.106016888259111042e+00
3.667679797739907155e+00
1.586253170881512631e+00
-3.540105757977024536e-01
-2.597400475691069133e+00
-2.480093777391180421e+00
7.127435752203085118e-01
1.649403718820846576e+00
9.161715918694881555e-01
-7.606384385773979906e-01
-4.435805044221389437e+00
-2.955823388260967910e+00
4.044923700432050850e+00
6.453216413883834157e+00
5.396331953943700910e+00
1.812231632891088795e+00
-6.381936234024820465e+00
-1.144548735984362686e+01
-1.345440676612774666e+01
-7.284676752380314646e+00
9.625061710628289191e+00
2.368934218812012560e+01
3.640561800269239257e+01
1.901032216165314637e+01
-3.429927416043027222e+01
-4.981767167905353944e+01
-3.127381110603282721e+01
-6.023495095468400784e+00
4.141558484401673468e+01
4.751063958130505682e+01
6.700940852251980218e+00
-1.289154853401651479e+01
-2.455011830990313371e+01
-1.725405653960667252e+01
2.142357209946258223e+01
2.396422744224399182e+01
-7.011511358047676445e+00
-2.104904554811682260e+01
-2.984361252300823608e+01
-1.513230106823796461e+01
3.257947878259232510e+01
3.797349162917616638e+01
3.301261721645535108e+00
-1.012477193043981849e+01
-1.541725632573069049e+01
-1.343648688877337527e+01
5.566554847718179211e+00
1.045355341167578445e+01
2.734883990334579629e+00
-2.202866405281750595e+00
-1.020768966744231854e+01
-6.896626876293585617e+00
1.026451637644037795e+01
8.974544458220737653e+00
-8.877219932125477442e+00
-1.060266375928906157e+01
-7.111251547668659967e-01
9.546051661372935371e+00
2.570254573144367427e+01
1.489772505023811533e+01
-2.646084549700591992e+01
-2.979752873750154052e+01
9.267890994517034020e-01
1.062697358362892253e+01
1.046036533134616420e+01
7.254146608381806693e+00
-7.572101951841905709e+00
-8.321285829803295897e+00
5.187809758233991708e+00
4.913214934585722560e+00
-5.108734120049533090e+00
-4.812965547728349947e+00
2.303865054145679991e+00
5.310671800303893519e+00
6.906692439393878225e+00
3.094434777276818593e+00
-8.227694412947334612e+00
-1.132127149547850742e+01
-6.762997595909190807e+00
-2.117827408706876469e+00
5.828315177883272469e+00
1.497328337566511536e+01
2.478351448601398488e+01
1.373951388140410401e+01
-2.112035968871390423e+01
-3.419575608587234683e+01
-2.854791393517970377e+01
-8.593893463921352449e+00
3.613112404227685914e+01
4.009967929592200164e+01
1.154522125846004776e+00
-1.310415641658581620e+01
-1.486301663951290664e+01
-1.064362615319800298e+01
1.081082188783351938e+01
1.376597780079404920e+01
-1.427642690504441259e+00
-1.080905632280176043e+01
-2.122609702087329708e+01
-1.227258494407881884e+01
2.098919377821578536e+01
2.608347164769664062e+01
5.838717863972094690e+00
-4.787439277534505599e+00
-1.508826231334854207e+01
-1.358861330361331632e+01
5.536361725089921748e+00
9.186090227335096614e+00
6.957432198758672914e-02
-1.039700031313584017e-01
3.420492367004269951e+00
2.818802302687188455e+00
5.133917325481310856e-01
-6.804917970786273251e+00
-2.053294032723635709e+01
-1.289001982244874078e+01
1.736912726381173044e+01
2.551914364840919092e+01
1.540136924233338789e+01
1.873096775184440510e+00
-2.384425744349321974e+01
-2.448232788491830902e+01
3.135928563620455911e+00
1.007851466425972298e+01
3.179495020898558622e+00
6.199992842565461793e+00
1.189266671689856025e+01
6.106084421885811686e+00
-9.764822744878998151e+00
-1.675309650099343983e+01
-1.641705130524999134e+01
-5.953275875406224493e+00
1.942689532784643092e+01
2.292887525206006671e+01
4.211810535916098885e+00
-4.965395960436630673e+00
-1.163741863293137691e+01
-1.126127551632992407e+01
1.518712802775703974e+00
5.390492516515809740e+00
2.166683179068356502e+00
2.000262314237137851e+00
1.233400637076912387e+00
1.803263736841052289e-01
-2.791158612240215997e-01
-1.996743186246806301e-01
8.347745775203765373e-01
9.097964651160069804e-01
9.076793160332444210e-02
-8.122353993765226932e+00
-2.487964981830254274e+01
-1.836699074398189779e+01
1.221258483765074843e+01
4.021374448221228448e+01
7.222682768066627546e+01
4.016109741839397884e+01
-6.667706794557689420e+01
-9.576946988775233649e+01
-5.632843550201847904e+01
-7.933572425531106198e+00
8.035376396796404208e+01
8.930767095022943636e+01
7.151503100789025957e+00
-2.647616303092277334e+01
-3.596648623860801308e+01
-3.431188602971429447e+01
1.898996906680120222e+00
1.563206482691971466e+01
9.599555242281446965e+00
9.165264242964960673e+00
3.552235756565814029e+00
-2.200324985129177069e+00
-6.474898859102496296e+00
-7.384613696033910379e+00
-2.893783967499699905e+00
6.395678440773829854e-01
4.326137550681700361e+00
6.038775192314858486e+00
4.500715997260783752e+00
1.036403559171689137e+00
-5.492090493836532694e+00
-7.138038443941330691e+00
-3.419382921613800974e+00
5.302139802186545126e-02
5.155157415625851947e+00
6.036740668392892140e+00
1.612536518803098895e+00
-1.066175305788037209e+00
-3.448627999729460214e+00
-4.561128728622587225e+00
-3.200376097627206207e+00
1.066486895158294673e-01
6.198670359688929210e+00
9.646944045308654125e+00
1.027844302088751682e+01
6.296893766056090413e+00
-4.066739334610137924e+00
-2.436344974305921696e+01
-5.647992272487113752e+01
-3.505991665984531380e+01
4.446947916219205865e+01
7.654180259678638265e+01
7.116004822567592214e+01
2.567466633408547949e+01
-8.390792046891898792e+01
-9.988049469724619200e+01
-1.997803031335082125e+01
2.111551155687403281e+01
5.399902808200020843e+01
4.875438468778089884e+01
-1.795274639366568437e+01
-3.191799024550254416e+01
-1.685985931782820746e+00
4.782194457327548776e+00
6.605761582546646693e+00
5.105695125390013800e+00
-8.149853969964354405e+00
-7.857393631857164884e+00
5.028971970519016566e+00
5.661726042440993645e+00
-2.345159178381200693e+00
-1.692644012366344874e+00
4.441587469531725674e+00
4.097088211138376401e+00
-7.468897796096218844e-01
-6.306015565869350858e+00
-1.456582480849519889e+01
-8.836523339267614574e+00
1.262081929040799366e+01
1.741663443024240365e+01
7.802866924753955935e+00
-1.058876244097546770e+00
-1.533653880725775309e+01
-1.154477333664360472e+01
1.357601027400960803e+01
1.415292094106358611e+01
-6.367311090835027443e+00
-1.171752146049512433e+01
-8.927097983474421738e+00
-2.597495287672117126e+00
1.312858870028629354e+01
1.252912435556612714e+01
-5.318026443174922235e+00
-7.838364989410833594e+00
8.434756232085139915e-01
1.222821693746074523e+00
-1.957988272326579793e+00
-1.851455506151206354e+00
-7.134314484510055898e-01
2.815386541754174132e+00
9.728810657931470374e+00
5.645179726704361300e+00
-1.007119309824000908e+01
-1.104426947863857933e+01
1.086595696308276571e+00
4.201354937167641523e+00
2.463627835260620014e+00
1.581268792483951691e+00
-1.768846475690984077e+00
-2.468207327016588071e+00
-9.132129037775160718e-02
1.591507231309232884e+00
3.718950893891503906e+00
2.471258692610348806e+00
-2.934204828789815700e+00
-3.084118229403026490e+00
1.524122414185378860e+00
3.148820603908797366e+00
3.316082270998283565e+00
-3.473928494480325924e+00
-1.911317828557335474e+01
-1.267052435590533044e+01
1.648497299957002582e+01
2.299033460876110269e+01
1.113256469682269945e+01
8.741369272998635864e-01
-1.599113442325607259e+01
-1.882678816873936967e+01
-4.387564563877172752e+00
3.775321943424926552e+00
1.050448919754798460e+01
9.176595854697607635e+00
-4.590582115158094112e+00
-7.270179550709244154e+00
-5.765138987417918193e-01
4.113500992041412729e+00
1.105433283983155235e+01
7.298648086131058754e+00
-9.332540010518865614e+00
-1.490980256848638952e+01
-1.165186537936122058e+01
-4.378930968713012462e+00
1.176504274067934475e+01
1.720439298854328314e+01
1.123846536673710617e+01
1.180752486341146934e+00
-1.788776721659901625e+01
-1.502222089943986383e+01
1.217803937342269371e+01
1.487797626530598905e+01
-2.118857440568216344e+00
-9.301934356208640509e+00
-1.449336320167203773e+01
-7.132442178595391979e+00
1.791226571113001143e+01
1.591606729472978365e+01
-1.219304329877848758e+01
-1.451957368154607053e+01
2.487662076738069938e+00
9.936441369132761992e+00
1.578646523640994204e+01
8.283108280298527859e+00
-1.765158750322226666e+01
-1.912639309095665041e+01
2.443629624540604617e+00
8.143974715982743362e+00
4.969559342164366456e+00
2.369392784572216470e+00
-5.684266439895685252e+00
-5.410355884313536201e+00
4.146248603023524382e+00
5.572863904003678925e+00
1.213471423163930307e+00
-1.075753895740106270e+00
-3.993735873489661081e+00
-4.745754896893441099e+00
-2.270101468606627204e+00
-9.337195008925138762e-01
7.984900341807212032e-02
8.373270338056382656e+00
2.401763397507184195e+01
1.560495169978872809e+01
-1.788520768940232131e+01
-3.210543831047767327e+01
-3.188704664792429710e+01
-1.202295553513037873e+01
3.767030242640919369e+01
4.423338178521372299e+01
7.204006513794876554e+00
-9.937793685983134395e+00
-2.093540983192966820e+01
-2.002253510901174849e+01
3.355885303675973930e+00
1.047002306756896672e+01
4.339864599304183557e+00
9.267297662885938259e-01
-6.791363113866113466e+00
-6.608350653300614219e+00
3.347115518895114050e+00
9.090680492663048895e+00
1.335386827337267235e+01
7.351006107492716879e+00
-1.210417197679650592e+01
-1.856118070902852324e+01
-1.345546423917408063e+01
-3.150098580329250719e+00
1.816029436869712654e+01
2.083275618164389087e+01
3.274720151590702955e+00
-4.923937460505872998e+00
-9.680561085754938233e+00
-1.271996519267568715e+01
-9.360875418003978155e+00
-2.709036273149977081e+00
8.829343514929986370e+00
1.989037467838120676e+01
3.017438236515674888e+01
1.675553615913860739e+01
-2.432938744439897860e+01
-4.292027931925101569e+01
-4.256432014483829107e+01
-1.617110120517264349e+01
4.886554138202335196e+01
5.624875133139143202e+01
5.083619470189139733e+00
-1.839804063069784945e+01
-3.228471214230021502e+01
-1.737265148163875139e+01
4.216551307752358468e+01
3.712273628800202374e+01
-3.015585381966689482e+01
-3.917057035638683971e+01
-6.110925034002549161e+00
8.110347782573427367e+00
2.192640630366653198e+01
1.507167161331073757e+01
-2.187186691487766055e+01
-2.121076915467146762e+01
1.381001007141908055e+01
1.964359968703078252e+01
6.469039456437673863e+00
-7.001209260535877776e-01
-1.147288469711114445e+01
-1.258477613013451979e+01
-6.603677197035999757e-01
3.932560347367653808e+00
4.304433168966122381e+00
4.142841572195100852e+00
3.864500238073959038e-02
-2.219723481689642508e+00
-2.802479849152248015e+00
-9.916499413373853766e-01
4.657786119473478870e+00
4.088275482149199114e+00
-2.717547383844464814e+00
-2.870631932905872929e+00
2.188766343248464974e+00
3.269903964298067844e+00
2.222953320342260231e+00
-5.924560051393212845e+00
-2.327566532700382140e+01
-1.621510962405318779e+01
1.620690639285146872e+01
3.018951076291585522e+01
3.110616983298543303e+01
1.199274722355713507e+01
-3.705568716285934983e+01
-4.238211400128019335e+01
-3.761915034691308168e+00
1.208432482118085538e+01
1.863957188302398293e+01
1.663078776237082579e+01
-4.897920367121987972e+00
-9.707891091415241647e+00
5.067695412100965413e-01
-1.315290138156871347e+00
-9.256235349282999181e+00
-5.373867809289269992e+00
7.878756393703027605e+00
1.154002918405578981e+01
7.568377212237737517e+00
1.598799779016021549e+00
-1.010776518900542342e+01
-1.241062253958746986e+01
-4.211796594084088241e+00
1.182849956261199598e+00
7.108469143321474171e+00
9.837416120250580320e+00
7.203225805138412596e+00
1.842359660919070219e+00
-8.102478597037617192e+00
-1.338366737470072287e+01
-1.346812199099487550e+01
-5.569973737701846339e+00
1.341226608046501667e+01
2.170198569176500314e+01
1.963318139542981200e+01
7.246862779878084027e+00
-2.123305780232882611e+01
-2.997453358134293921e+01
-1.855673529347857098e+01
-3.165640886674109034e+00
2.456634054574110237e+01
2.942022299179032174e+01
8.018557445148974949e+00
-4.877660670448229929e+00
-1.711900856653656433e+01
-1.647718886109289471e+01
3.432312598518806990e+00
9.219553436651372280e+00
4.160745374383303385e+00
2.622544863854537889e-01
-8.451606474515262590e+00
-6.921247604504088713e+00
6.516624102153795839e+00
8.964721618468608710e+00
2.967702438878332849e+00
-8.313127690366516331e-01
-6.237078031363272324e+00
-5.312548671722423954e+00
3.694226091152352787e+00
4.509876258643195968e+00
-1.488254336758619623e+00
-2.494108568510609469e+00
-9.948486252596973056e-01
-1.775548251964863822e-01
1.588947910412024100e+00
2.157186965917339272e+00
1.227296630357946672e+00
-1.515800156657252373e-01
-2.570313879176629346e+00
-3.856804985009087972e+00
-3.843731224591233175e+00
-2.494814379411400385e+00
8.717143629802845961e-01
8.904334703199305423e+00
2.228237524270687331e+01
1.400387976200254769e+01
-1.754817616155430926e+01
-2.742766545709355697e+01
-1.947961574039992172e+01
-4.331209118288656512e+00
2.727432424698846702e+01
2.450090328923243632e+01
-1.576496255887489184e+01
-2.247429330769952216e+01
-3.935315547979742146e+00
1.432806863915874906e+01
4.475293635474295684e+01
2.752815425313245257e+01
-4.395709443149501539e+01
-5.108988326142366532e+01
-1.650572423419852441e+00
1.643477516973787189e+01
2.267315724108821229e+01
1.524040735637797539e+01
-1.996761395485308199e+01
-1.964869613235410739e+01
1.505411119590188385e+01
1.509203992955600171e+01
-1.017173890852192208e+01
-1.116327378128640113e+01
3.123264237079835581e+00
7.609736274937285216e+00
8.933011805261475757e+00
4.173646376584932760e+00
-1.063769236737764246e+01
-1.145578063397470636e+01
1.416256167937797628e+00
4.319192226947442315e+00
1.212622692302765426e+00
3.256220410359431661e-01
-1.892418169350474244e+00
-2.747632177141654530e+00
-1.495430842630259161e+00
5.365937074455313649e+00
1.921451103176701736e+01
1.323855341089690008e+01
-1.351844958240198125e+01
-2.466525390648202531e+01
-2.446520113593147983e+01
-8.742959023873906332e+00
3.067203351175847459e+01
3.309001503818598877e+01
-2.099911732492668826e+00
-1.259674431993462385e+01
-8.998083176777404546e+00
-7.044488777638077792e+00
3.061676668278991098e+00
5.778888624321866452e+00
1.889269602958654481e-01
-1.459166680277514505e+00
-2.340635915702290237e+00
-1.815810473403180580e+00
1.766707608563590215e+00
3.275339640766852245e+00
3.157247919573133554e+00
1.273442560529763901e+00
-3.500003008349621858e+00
-4.398136650790196889e+00
-1.384094055924798949e+00
6.078518237701888705e-01
2.938294963973151930e+00
2.476721798650182382e+00
-1.706634005227618101e+00
-2.120222080645433049e+00
6.605389315306996467e-01
1.565732802338893448e+00
1.805699650036042936e+00
1.115241728638135532e+00
-1.292415760103218014e+00
-3.277494606792288767e+00
-5.087242516335865439e+00
-2.418740847813340977e+00
5.594422550724849508e+00
8.185282967787655295e+00
5.936332492752638856e+00
2.059099447472254152e+00
-5.766447882922585144e+00
-1.208531512736426095e+01
-1.673081768998050123e+01
-8.949461263825382318e+00
1.388538158597505223e+01
2.426823000229732941e+01
2.389251068832966851e+01
8.871106920174192112e+00
-2.783120909283593036e+01
-3.240573940949735032e+01
-4.339650838024420310e+00
8.952422546801525272e+00
1.766489507605983178e+01
1.277880504099753622e+01
-1.410734985488609716e+01
-1.501037413740857218e+01
8.154061846933210234e+00
1.068387548792100716e+01
-3.064134524769074330e-02
-3.013164734501711628e+00
-4.527223234592315571e+00
-1.817852657278059780e+00
8.054974363618027766e+00
6.768566614152915939e+00
-5.400970014770611449e+00
-8.406745355893603389e+00
-5.036418177950239716e+00
-7.747890775903546468e-01
7.864262998683447137e+00
7.305958745640404040e+00
-3.526734733714326886e+00
-4.916100025500834469e+00
9.026096953639577425e-01
2.357469493055047494e+00
2.468443820955815049e+00
1.703151161516710088e+00
-1.519361819371473521e+00
-4.125869239669012423e+00
-6.431513474011905096e+00
-3.736815343835890868e+00
5.052252853406758781e+00
7.250768702428707080e+00
3.481828146787383282e+00
-1.087371886974038526e+00
-9.080373885873582296e+00
-3.115788872179372948e+00
1.857846033498287852e+01
1.499603986195123895e+01
-1.231433042188449178e+01
-1.984455262963292199e+01
-1.366340309050737822e+01
-2.828147614325754233e+00
2.055321901976595811e+01
1.902043251138565694e+01
-9.603136791178840781e+00
-1.346270356722082617e+01
1.384427803987391847e+00
5.499796119295648822e+00
6.855927244167383527e+00
3.693651790926061551e+00
-8.164165734726099188e+00
-9.727268857532429536e+00
-1.550444609771907789e+00
1.485354970100824845e+00
2.671087427416411142e+00
6.317226616218638569e+00
1.054126673497199818e+01
5.767266957998893773e+00
-8.702606523159936103e+00
-1.425413649920904469e+01
-1.214423298861167488e+01
-3.043286335499542972e+00
1.745641200915298796e+01
1.759907890779726003e+01
-3.616114359218690844e+00
-8.360614036353966938e+00
-2.023695263883551476e+00
-4.666448668407767286e+00
-1.085369594121700310e+01
-6.893166479274484892e+00
5.844600590670379070e+00
1.851755733831137363e+01
3.352783932991090410e+01
1.878951178595336202e+01
-3.017538226656471068e+01
-4.486395065521706726e+01
-2.967617601372401737e+01
-5.915354142671686688e+00
4.074148306815386889e+01
4.566073937981693120e+01
4.175453954398111733e+00
-1.281190901878384025e+01
-1.815105843665870111e+01
-1.830234315274850232e+01
-1.569195287506529368e+00
6.128261298631132448e+00
6.388231370146575827e+00
6.523754054995034579e+00
1.460426071107923107e+00
-2.709722479878406975e+00
-6.127182574105225044e+00
-1.186664041227172284e+00
1.429135601319487670e+01
1.169665712828864557e+01
-8.543987527644345548e+00
-1.588826900502113482e+01
-1.488066384596027802e+01
-5.114604401272155876e+00
1.945383329063383115e+01
1.849137661706852853e+01
-8.801397374451198630e+00
-1.360771906039419221e+01
-2.403701067370378919e+00
5.685535654379560100e+00
1.866569721765218404e+01
1.182490242665775071e+01
-1.848156224962727379e+01
-2.027091340746349601e+01
3.159576164118228725e+00
9.542708634571440030e+00
7.073067575043417321e+00
9.651141598214195705e-01
-1.558835343160700226e+01
-1.186316117540154913e+01
1.326163983645955646e+01
1.534191671919729139e+01
-1.245484434816386043e+00
-5.986108898295519509e+00
-5.668278337214335494e+00
-7.448789820825366670e-01
1.363369346734642740e+01
1.080822753273670145e+01
-9.638864452850743447e+00
-1.658393837420621253e+01
-1.432265853796123700e+01
-5.425658962138463437e+00
1.611080305005430446e+01
2.182913283066536181e+01
1.130501126689731883e+01
9.362832676831640555e-01
-1.554408245104748332e+01
-1.897921240038765589e+01
-6.387618229366548661e+00
2.206020358991662267e+00
1.153070373370624502e+01
1.060735391360569757e+01
-4.481505591017334034e+00
-8.148651543807668318e+00
-2.859300886560576238e+00
5.533560174745712601e+00
2.202451665935947744e+01
1.539754350224299273e+01
-1.646843548279613501e+01
-2.864193141704182466e+01
-2.624149225110690864e+01
-9.400331883822161672e+00
3.146485273046479847e+01
3.832608584162968413e+01
1.040328386675158434e+01
-5.185473944254560763e+00
-1.988483756946282455e+01
-2.420853738300631619e+01
-1.051556800091695187e+01
1.404020465780782656e+00
1.600780317168791100e+01
1.991572672202988770e+01
9.088582988035833310e+00
-7.108883911752291729e-01
-1.371510509741676387e+01
-1.646877727108320144e+01
-5.761463608719429530e+00
2.039550120536235855e+00
1.066326052491474385e+01
1.147940704605692019e+01
1.279237297686493413e+00
-3.047203608185827584e+00
-3.842741328157237568e+00
-4.817234691334657981e+00
-3.094704366160660580e+00
1.100122517097962271e-02
4.855652501311885416e+00
3.607834744712847819e+00
-4.572192083702544707e+00
-5.302417640621914785e+00
2.363981414540984038e-01
5.129102339285805279e+00
1.198939355469716439e+01
6.744745813050681882e+00
-1.255831196882534684e+01
-1.446985482745415297e+01
-6.972506298873689667e-01
4.106955238998020619e+00
5.170720151795876518e+00
5.171893795839433317e+00
3.684054163871079979e-01
-1.679164811534795021e+00
-1.334567627010922575e+00
-2.042366754823324637e+00
-2.414188107025226682e+00
-6.155444524307956966e-01
3.350482545077726915e+00
2.610919185215965665e+00
-2.964566576811154430e+00
-3.266443989786909086e+00
7.419142448252262767e-01
3.054549478153838038e+00
5.335924530084868778e+00
2.778864374712995744e+00
-5.892543310374026788e+00
-6.932500827523517373e+00
-9.268066174205596974e-01
1.304628755523911554e+00
2.114236140512609552e+00
3.433724695234760205e+00
3.739117851279067040e+00
1.223181276862526756e+00
-4.518769164852878717e+00
-5.026191822840957890e+00
-2.364930794649157952e-01
1.742649759523931863e+00
2.468959008771576702e+00
2.412850260979649608e+00
2.379314439573501083e-01
-1.011504467355939907e+00
-1.580574634787935917e+00
-4.446019902200849749e+00
-9.260872262134286714e+00
-6.758483907788171763e+00
3.365910217666629567e+00
1.732343643571888947e+01
3.751535493178881353e+01
2.243017211616792750e+01
-3.188508575851910365e+01
-4.854110890258274225e+01
-3.342136695527550216e+01
-7.395591702543893753e+00
4.543624472307033813e+01
4.764214474733473992e+01
-5.809285510098566974e+00
-2.183556912742233180e+01
-1.473166145824395912e+01
-3.280697484386492668e+00
2.833116797630401962e+01
2.440505237796123694e+01
-1.770371665124390503e+01
-3.167370431447980295e+01
-2.709590259225586806e+01
-9.028942616768315332e+00
3.503354625525334143e+01
3.688794756361681948e+01
-5.214566289039931135e+00
-1.658475700878976866e+01
-9.104042453120747780e+00
-3.256601491604942833e+00
1.296020451569057208e+01
1.199779038210657411e+01
-8.431141446747458801e+00
-1.449914762803212476e+01
-1.121058204687329152e+01
-3.721366997137267596e+00
1.397498905027198290e+01
1.891010769645326306e+01
1.046786893120001594e+01
1.379058128881633039e+00
-1.356905826098055812e+01
-2.253184884181892755e+01
-2.371748087757327994e+01
-1.116724284771746056e+01
1.983956714446045311e+01
3.959207168351709782e+01
4.947970395999310966e+01
2.283295587362665557e+01
-5.042460863297920781e+01
-6.893418609080811166e+01
-3.543285007799130426e+01
-1.673077866253306567e+00
5.344861920063625149e+01
5.904929346033001991e+01
5.214213098295576998e+00
-1.735434622833769325e+01
-2.390355606595265314e+01
-2.383502685114685349e+01
-1.805180307005287865e+00
8.666363299150427579e+00
9.539591686217319122e+00
1.081864638182137739e+01
5.946774878566047029e+00
1.437446065533165007e-01
-6.894021478311594286e+00
-1.182508462820046979e+01
-1.331488312754455450e+01
-5.639099633542777212e+00
1.347671860522447673e+01
1.879936425348729401e+01
1.069714991684593208e+01
1.011174030735856100e+00
-1.580891126690434056e+01
-1.615180483910744513e+01
2.588451615517419313e+00
7.959937174267881943e+00
4.481803849197620870e+00
3.641893552061501449e-01
-9.960933215145855613e+00
-8.117679845864245181e+00
7.122535215244264251e+00
1.195511883515175100e+01
9.533163966459911265e+00
3.499441362268372657e+00
-1.059905817166744946e+01
-1.448966104510860120e+01
-7.663534365397239867e+00
-2.887263975257055582e-01
1.180330294427988314e+01
1.258073870066570166e+01
-6.026694145468011743e-02
-4.630321583248203865e+00
-4.426329314169714202e+00
-4.316273833696916640e+00
-7.455002092631929367e-01
9.964612613607828351e-01
8.742148326532166447e-01
3.636570616196456829e+00
8.430699182953626192e+00
4.880320871302842534e+00
-7.237475854728531388e+00
-1.151453421849516623e+01
-9.341291746523831208e+00
-3.017460393396200757e+00
1.102333187676248372e+01
1.417925766091279094e+01
5.860051891092285636e+00
-6.621422567714287943e-01
-9.415989758189226677e+00
-1.068726859538903184e+01
-2.074951229885260151e+00
2.417347122195338649e+00
5.259406143493030150e+00
5.309859411159344234e+00
3.895758622219883116e-02
-2.430431562469772544e+00
-2.911820556209583799e+00
-1.973901220810051260e+00
2.024825282037383101e+00
2.031622181596334009e+00
-1.940331885025377900e+00
2.159410111515789599e-01
7.643839275127904287e+00
5.880709731487017145e+00
-4.212665012184277025e+00
-1.051445316733932955e+01
-1.538558694487665335e+01
-7.717872577835657388e+00
1.572817920581838891e+01
2.097949055417180375e+01
9.396610208231145123e+00
-1.087393002710517198e-01
-1.420241063172847085e+01
-1.720889722368788455e+01
-5.944675340366758043e+00
1.796453165099554772e+00
1.009265477429170232e+01
