-4.007620577909738024e+00
-2.874034157581885740e+00
-1.851057647584924970e+00
-9.814122533099784995e-01
4.818536364781027537e-01
2.356652775308447190e+00
3.463037167333845812e+00
3.783433261371641709e+00
3.758636758072956052e+00
3.084367386084177820e+00
2.646203093164864129e+00
2.484695250952500434e+00
1.897606898569657474e+00
1.070399720392241516e+00
1.415453624368034347e-01
-9.642056045212594739e-01
-2.191141376572979027e+00
-3.529039531771509086e+00
-5.247795293673874539e+00
-7.357180397539439198e+00
-9.725629591423327724e+00
-1.242047273352470071e+01
-1.338904870612982556e+01
-1.242198896063096569e+01
-1.053882956996156572e+01
-7.151945565407586969e+00
-3.417322064143175631e+00
6.046066298094876501e-01
6.020100772286166801e+00
1.261106651260474187e+01
1.659663103189145517e+01
1.777102383520959705e+01
1.779680214539829919e+01
1.565628041234158196e+01
1.385141570271747113e+01
1.251659181885950289e+01
9.517064897749994756e+00
5.365320482024009685e+00
2.628796726281304341e+00
1.270934667349245650e+00
4.014021603429270835e-01
6.520504798116057987e-01
-4.358989564877352452e-02
-1.789487629689073156e+00
-3.031210445186917735e+00
-4.219121088058576774e+00
-5.861387593208982949e+00
-7.835571514453667952e+00
-1.021881176114097478e+01
-1.311259517987611822e+01
-1.583279729228678967e+01
-1.838290488989467519e+01
-2.118633922270256775e+01
-2.410128271893719187e+01
-2.429866202022384059e+01
-2.152542290860766627e+01
-1.700228779099763798e+01
-9.909837494265538282e+00
-1.984867286409381926e+00
6.730134166004068774e+00
1.785709211287673526e+01
3.108883441844209727e+01
3.851551917183621043e+01
3.960116161170159188e+01
3.791239765943070950e+01
3.127595376040153852e+01
2.474983048672382324e+01
1.859179153578347155e+01
8.360497741314995679e+00
-4.934204172741128325e+00
-1.259751991551083350e+01
-1.439351665872689523e+01
-1.381019806402644612e+01
-8.584639301536599376e+00
-4.976222887215512536e+00
-3.306969024300490556e+00
1.483175996785725648e+00
8.078256532658967259e+00
9.904956496968781110e+00
6.941865248857924442e+00
1.411259932852909404e+00
-8.376225235056264040e+00
-1.729522416844715949e+01
-2.515878927312187940e+01
-3.598062198376872800e+01
-4.870607525640803459e+01
-5.354325188815206360e+01
-5.000094599848603849e+01
-4.198206171403676024e+01
-2.681073339774745534e+01
-1.121029251733170895e+01
4.580264848677326306e+00
2.629809994331333911e+01
5.263305260745012504e+01
6.698570434771048099e+01
6.849985546100599265e+01
6.420118742200210704e+01
4.960423257303597921e+01
3.592332121241000920e+01
2.368752342005803158e+01
3.367624729109430337e+00
-2.277355693682771332e+01
-3.798971197612498685e+01
-4.191740912966920263e+01
-4.104303533854729835e+01
-3.102159476086041678e+01
-2.415923462139658184e+01
-2.104879135487026076e+01
-1.182725205541773050e+01
9.275822442092739317e-01
8.841608271969137789e+00
1.232428894536665709e+01
1.362465595691291753e+01
1.073824901158336331e+01
1.113225228111316945e+01
1.508228255992481870e+01
1.720508803470474390e+01
1.910785381776585012e+01
1.936504156928421594e+01
1.724795800530857548e+01
1.455099540692628501e+01
1.071698696525884564e+01
5.167992870365358371e+00
-2.003016138785667533e+00
-1.104538486150885745e+01
-2.211963236498996821e+01
-2.837156660343813641e+01
-2.925294798189322165e+01
-2.816808587399328445e+01
-2.323788104784326336e+01
-1.851169846824675957e+01
-1.426512424931041245e+01
-6.838575287148987769e+00
2.937097383909748505e+00
8.747276918540247692e+00
1.048282636799084599e+01
1.061023996741450581e+01
7.510197259196499608e+00
5.814092501031950633e+00
5.762502166250222047e+00
3.670365296922989629e+00
5.212894004668756631e-01
-5.958289533429503848e-01
1.744780738473431236e-01
2.037467034698276169e+00
5.741311129103123356e+00
8.541220569868739787e+00
1.035161676792377428e+01
1.316984777588668720e+01
1.641655157356352035e+01
1.734490150313318679e+01
1.589852311324042056e+01
1.296517572433439014e+01
7.806303211314315149e+00
2.529464430718459500e+00
-2.822997091552997162e+00
-9.964103977790713884e+00
-1.848833747102395719e+01
-2.332800752847469283e+01
-2.420916691986787583e+01
-2.327071425455888232e+01
-1.913523430398224789e+01
-1.522652629955815584e+01
-1.169928470203861615e+01
-5.631893690159192722e+00
2.290325088471967252e+00
7.088431565331773321e+00
8.672159652365934335e+00
8.968607483079154008e+00
6.695362606731803723e+00
5.545507688857118644e+00
5.704627601580753549e+00
4.238144937287313674e+00
1.927632549135653628e+00
9.485399534347416228e-01
1.155243211958728811e+00
2.044691876509232120e+00
4.128730289475788240e+00
5.379550717638378998e+00
5.732426800362812713e+00
6.620891016816277563e+00
7.609850808331183991e+00
7.709603139005746897e+00
6.969594724881297942e+00
5.545525210265661364e+00
3.183763065383638402e+00
8.237056643265493472e-01
-1.536622888544397103e+00
-4.594372938136353390e+00
-8.170375062623440598e+00
-1.021219571897607103e+01
-1.060219434440972286e+01
-1.019365435605739378e+01
-8.422878544919667476e+00
-6.682993052206076534e+00
-5.030034733909714006e+00
-2.267982369779223184e+00
1.329142859322759884e+00
3.603204527012116465e+00
4.508966972647415972e+00
4.900177510642861556e+00
4.220443849250356649e+00
4.058097021928925408e+00
4.496893714405769238e+00
4.271497074589229115e+00
3.719740013771868803e+00
2.936482043547956167e+00
1.772792360546850299e+00
4.075042095460351677e-01
-1.183744212611742341e+00
-3.390118475926824804e+00
-6.222216312024858809e+00
-9.528637781154195352e+00
-1.341021651161643113e+01
-1.509529453435417956e+01
-1.431407388753829046e+01
-1.245771926818424014e+01
-8.742086385469038490e+00
-4.742762925754771430e+00
-5.528416259459414395e-01
5.313234140587995036e+00
1.254902847654739517e+01
1.706827524796696594e+01
1.868836463271991377e+01
1.916102453076830514e+01
1.740115868801288812e+01
1.618730134511719854e+01
1.566995701902811788e+01
1.352509937963515263e+01
1.032946913512209441e+01
8.021266661088665373e+00
6.483414712181614803e+00
5.169384201711038962e+00
4.526798730795327685e+00
2.808117968632716011e+00
-7.005615584998459155e-02
-2.879179284475095635e+00
-6.010365967475284066e+00
-9.189213212105290296e+00
-1.226948221316229848e+01
-1.566844720948588154e+01
-1.928661070760213647e+01
-2.298806310554346766e+01
-2.681248499270902741e+01
-3.074121975330835355e+01
-3.475224664638962935e+01
-3.512478711658750541e+01
-3.145988448173509155e+01
-2.547632484317343682e+01
-1.607791989136486777e+01
-5.399939973868236542e+00
6.498848572592510919e+00
2.169950802938483392e+01
3.983370755548131115e+01
5.005240671288540000e+01
5.161035110492225186e+01
4.943965531162827176e+01
4.056029265052058008e+01
3.187250815456927810e+01
2.373728439834549420e+01
1.008501665458053154e+01
-7.703106427927529865e+00
-1.855640746616838399e+01
-2.223497568191640639e+01
-2.312324972169094295e+01
-1.836423103221988384e+01
-1.604151274837127872e+01
-1.657754203295588979e+01
-1.350741875275722137e+01
-8.544565551794464753e+00
-5.443522821836991099e+00
-3.772478440199645622e+00
-2.901344584966572882e+00
-3.651838848166588214e+00
-2.155174382553999735e+00
1.714967532851529031e+00
5.382593709088528300e+00
9.702903564560553917e+00
1.197206396612605950e+01
1.168215187079678508e+01
1.073391674039836019e+01
8.313597749728996789e+00
5.339878127596985991e+00
1.953447899681376665e+00
-3.030927869794050711e+00
-9.434533148366766042e+00
-1.276114787511696314e+01
-1.277230748946708871e+01
-1.150591125089496636e+01
-7.765249679034027075e+00
-4.463751308668038043e+00
-1.779917942796413577e+00
2.770838968971657046e+00
8.579602460974605549e+00
1.158706983676165336e+01
1.171742657536324295e+01
1.048923447908126150e+01
6.847961476876483822e+00
3.791195516848638203e+00
1.448875007977544316e+00
-2.583346171558643434e+00
-7.685822184086117836e+00
-1.047033502436296892e+01
-1.090373391356728483e+01
-1.017649067762970461e+01
-7.412538723383127248e+00
-5.216392481952111915e+00
-3.689171520355848166e+00
-7.756357083844276357e-01
2.987211691591024731e+00
5.003248046630626611e+00
5.271307162430479032e+00
4.662228066453836028e+00
2.511456560110703951e+00
8.764461599097956856e-01
-1.656218270950703397e-01
-2.212037677429841143e+00
-4.836163245336885907e+00
-5.645620393652665214e+00
-4.595697925302210329e+00
-2.528011738833771282e+00
1.187560388483320351e+00
4.741271814459288692e+00
8.072007419742373457e+00
1.263426159785617564e+01
1.806381731165472004e+01
2.042034970612482070e+01
1.949606712618164650e+01
1.691022001340746783e+01
1.158802693360654956e+01
6.203196549638487767e+00
8.629769234406112766e-01
-6.719207983323009614e+00
-1.601638700310793695e+01
-2.150943998370328458e+01
-2.296671616439827801e+01
-2.266804085860998796e+01
-1.914230845063174868e+01
-1.622156338424557021e+01
-1.409059545129619018e+01
-9.557844474857805750e+00
-3.408309821497933711e+00
7.399444271454851396e-01
2.954278239867570655e+00
4.444345112320561064e+00
4.321245224901255177e+00
5.549540009700129062e+00
8.270098472949481305e+00
1.026623706346111575e+01
1.218149947231347241e+01
1.301636504963217789e+01
1.241916419195206167e+01
1.130589827187093910e+01
9.319286101998271121e+00
6.466037906899081200e+00
2.784052350480648030e+00
-2.074261467346491195e+00
-8.137617908080123641e+00
-1.142444672655143734e+01
-1.163713347114853747e+01
-1.071112910772507298e+01
-7.559466128711356703e+00
-4.601983015698658086e+00
-1.997483312435864855e+00
2.408232646746722327e+00
8.116995124065697453e+00
1.070734331370547743e+01
1.003750227103271264e+01
7.878867613564206174e+00
3.068736192484104119e+00
-1.265909344144385607e+00
-4.975560104597555267e+00
-1.062519842006987858e+01
-1.756920148685261296e+01
-2.080106324381542393e+01
-2.015044063067175273e+01
-1.755347513104530321e+01
-1.167710200135919330e+01
-6.096716520670999451e+00
-9.557563910211546165e-01
6.696792715317021027e+00
1.614045677347520424e+01
2.172682269609776640e+01
2.328543699731250172e+01
2.302246301654215799e+01
1.944891756613295541e+01
1.664379681908965480e+01
1.478924906069095080e+01
1.055899870907614968e+01
4.791177868287558539e+00
1.103851456434856493e+00
-5.779779550653142417e-01
-1.422793563276611994e+00
-5.393693778493375834e-01
-9.269542725541656258e-01
-2.717454353611072460e+00
-3.670967693707699819e+00
-4.433167234689523895e+00
-5.918595129157142587e+00
-7.966882968471230342e+00
-1.059688922428627933e+01
-1.400553704792655196e+01
-1.708958742081481574e+01
-1.984571135747233228e+01
-2.298676504945215271e+01
-2.628356540518540996e+01
-2.674985795143664191e+01
-2.414752326720738296e+01
-1.971050544997356013e+01
-1.258111893006020132e+01
-4.665692126021473207e+00
3.993261785073226378e+00
1.513588997119656376e+01
2.842134136928612520e+01
3.624560434525088937e+01
3.811815345452250625e+01
3.744087452603154986e+01
3.213377114448372396e+01
2.711515314541834698e+01
2.263744462273816538e+01
1.441631015427348927e+01
3.439786357609224687e+00
-3.659018211984211622e+00
-6.824991232122907370e+00
-8.586321980939409571e+00
-7.264209926446913990e+00
-7.883871516954899406e+00
-1.071230160435407441e+01
-1.183130791723731079e+01
-1.232339244016889523e+01
-1.287369812285039039e+01
-1.308244067928864496e+01
-1.336335241235525118e+01
-1.377314834568747237e+01
-1.290557453137486554e+01
-1.074598881385433202e+01
-7.999724048882058902e+00
-4.338853865480830407e+00
-1.582971455467017119e+00
7.031858364315454746e-02
1.749083745566550885e+00
2.960997623086861097e+00
4.608158269113928895e+00
6.810228686273950061e+00
8.705705591981510949e+00
1.050476476191030883e+01
1.151888294868350648e+01
1.156070961280803644e+01
1.109309422149191349e+01
9.873201595943243092e+00
8.097541623070894090e+00
5.769164553604559487e+00
2.549332370194728803e+00
-1.551085228054855492e+00
-3.997690899811884968e+00
-4.618371468073636521e+00
-4.632304702316510259e+00
-3.354825398819482718e+00
-2.376999248973994394e+00
-1.806459051174429398e+00
-2.579397523550321925e-01
1.934585640724487687e+00
2.499570462039696572e+00
1.396667095698004735e+00
-5.187933864783762505e-01
-3.834848508081578622e+00
-6.877974923701190235e+00
-9.573025828246706226e+00
-1.326010126129572519e+01
-1.759151347884604988e+01
-1.934000016002491051e+01
-1.834783342851414645e+01
-1.590113969294680452e+01
-1.112034386547665932e+01
-6.220151482666040010e+00
-1.280680565493472978e+00
5.584960450713152724e+00
1.394401237287619644e+01
1.906961136616800800e+01
2.075442937309291480e+01
2.096435748356593720e+01
1.843659659215379776e+01
1.643846016069884541e+01
1.512839983793245935e+01
1.177677754992191694e+01
7.052159598514366579e+00
3.519432798081905567e+00
1.064892810719716421e+00
-1.101673616408053613e+00
-2.375644895134400247e+00
-4.990687834297185432e+00
-9.058952724255396660e+00
-1.297926318832313797e+01
-1.725002755674820420e+01
-1.878612659894572445e+01
-1.710991508279277795e+01
-1.402778417568969438e+01
-8.610076101539871019e+00
-2.236742882551467027e+00
4.995243161401031529e+00
1.462644354797108548e+01
2.641548695982974593e+01
3.254944032718210423e+01
3.251447429967703329e+01
2.988534691167706114e+01
2.253248918148589297e+01
1.541997124146242015e+01
8.824113864431712528e+00
-1.597409299461549637e+00
-1.483833546673634629e+01
-2.340391032634531854e+01
-2.715511695367417033e+01
-2.900577549100011154e+01
-2.702619249601394458e+01
-2.673562560009129285e+01
-2.841323017881684621e+01
-2.766231082971296829e+01
-2.565020581793040577e+01
-2.278019374895861660e+01
-1.853808914717124878e+01
-1.350118255969506365e+01
-7.602550698487140046e+00
5.630462265081916939e-01
1.104000685832942175e+01
2.326285027820478746e+01
3.759627179513121575e+01
4.544419288442090732e+01
4.597309597890540545e+01
4.354550544566517800e+01
3.573863196901968564e+01
2.742989949790913329e+01
1.892592519886633085e+01
5.641436534024421690e+00
-1.146284431121249980e+01
-2.133578326194250607e+01
-2.356508321329667410e+01
-2.280719304700490113e+01
-1.615962301813533841e+01
-1.128550798226091345e+01
-8.606504705631447649e+00
-1.808348173718758112e+00
7.500614801801495091e+00
1.131721694129190325e+01
9.653628843139355098e+00
5.224551967248062923e+00
-4.004400943321230422e+00
-1.174777293789754040e+01
-1.775619797176094394e+01
-2.690356513627195056e+01
-3.787836088125467171e+01
-4.249034148466675020e+01
-4.050527610601717043e+01
-3.489369918774927726e+01
-2.346816124729923558e+01
-1.224648235302321453e+01
-1.423670748088399218e+00
1.393370417883389401e+01
3.263343565685156733e+01
4.402255324826761296e+01
4.770059446206199283e+01
4.794371918518498177e+01
4.191817396284253761e+01
3.717027581554508231e+01
3.404264364384265917e+01
2.630280007870691961e+01
1.549279952409933259e+01
7.645701684174117219e+00
2.528066055606660534e+00
-1.732846033639384054e+00
-3.698308845510979825e+00
-8.574215651394977655e+00
-1.661234645176158153e+01
-2.404567129706539674e+01
-3.202533985421648310e+01
-3.617979663013562686e+01
-3.566965262813968707e+01
-3.336879682658755542e+01
-2.792001410075591750e+01
-2.090009213635173779e+01
-1.246545800594717512e+01
-5.783578524312271707e-01
1.450151367982222617e+01
2.302592948474290324e+01
2.440825170995783466e+01
2.316560374946852008e+01
1.667974209898892468e+01
1.119250043955265106e+01
7.094220606494578085e+00
-9.931034311730402298e-01
-1.176854852861205458e+01
-1.711181952784235705e+01
-1.693696414671360273e+01
-1.423833354069282287e+01
-6.935622068990221933e+00
-1.141907236091540545e+00
2.863383035738598981e+00
9.904992623931534013e+00
1.869970937830034075e+01
2.262645267521448034e+01
2.161346953250083303e+01
1.791761521043169836e+01
9.812468209913191686e+00
2.391097948136475360e+00
-4.176614871130262863e+00
-1.393607698422096774e+01
-2.585641001754620660e+01
-3.108996042622811018e+01
-2.926595666943419971e+01
-2.388070218074424744e+01
-1.255134300590809282e+01
-1.497530911946858723e+00
9.035075531077984223e+00
2.424872638911928391e+01
4.290232463923116768e+01
5.216862785851768791e+01
5.146862601516495062e+01
4.606727362368753376e+01
3.251811961816432017e+01
1.967260003622988407e+01
7.927606457730762557e+00
-1.015244732947648565e+01
-3.278018219031583413e+01
-4.602461200606349223e+01
-4.950157393838081532e+01
-4.865438304904265721e+01
-3.983108596455809902e+01
-3.312798331418350273e+01
-2.901193281390055745e+01
-1.929264739814849605e+01
-6.059752200489326945e+00
2.721767241726769981e+00
7.318109362527802197e+00
1.013235736472939230e+01
9.231509231388349335e+00
1.143616727605126826e+01
1.703280721269972275e+01
2.101672142152181877e+01
2.486202097564136437e+01
2.608242919258620418e+01
2.387094318438131779e+01
2.042120077248889487e+01
1.486855927003426991e+01
7.349567636605609522e+00
-2.036143507261415575e+00
-1.418101497954549828e+01
-2.912152392651628929e+01
-3.684928396094700531e+01
-3.660087786903092422e+01
-3.320251298013803876e+01
-2.390752515998829608e+01
-1.478650070233658731e+01
-6.217551121528982705e+00
7.233342676892266176e+00
2.433198098354875683e+01
3.391894476200289432e+01
3.564980221721865661e+01
3.402561918222739479e+01
2.612363850905342133e+01
1.986075411618868714e+01
1.563268368111630124e+01
6.974312459521920360e+00
-4.466026981499692461e+00
-1.104623318321924685e+01
-1.283637865658793586e+01
-1.236283955547821733e+01
-7.704392013332043376e+00
-5.003125517570504499e+00
-4.507983805870802385e+00
-1.525488130556093225e+00
2.649561710172805729e+00
4.047119874002502726e+00
2.826251011370146227e+00
-2.123235148950508577e-02
-5.476615149020259921e+00
-1.000706180130383949e+01
-1.352283753356271490e+01
-1.862501915183568357e+01
-2.458350770305169419e+01
-2.660577705470458554e+01
-2.450821249832813820e+01
-2.004686375481684024e+01
-1.191874554782592455e+01
-3.589743675566977821e+00
4.841989458971924343e+00
1.626975381263616782e+01
3.002232196797586994e+01
3.751276883867998890e+01
3.828214315565319481e+01
3.596657990542843208e+01
2.823706609413488877e+01
2.088174812190055007e+01
1.416777574201845802e+01
3.159126539656395227e+00
-1.098210428412404305e+01
-1.893154664940711029e+01
-2.044007558993613571e+01
-1.918407597524756980e+01
-1.272874174025091598e+01
-7.829724042194229128e+00
-4.814373658380728394e+00
1.781304053738271609e+00
1.054847784665777688e+01
1.406739631069478413e+01
1.228970926884529646e+01
7.783146179230817197e+00
-1.363362008665805813e+00
-9.412164524677093524e+00
-1.614399359980657422e+01
-2.606803736263501037e+01
-3.800052505038015482e+01
-4.307790117382950257e+01
-4.096848587394793384e+01
-3.505758423726415884e+01
-2.296171505585202510e+01
-1.100609857145676251e+01
5.824610181093436978e-01
1.706455149602090415e+01
3.718622593890145822e+01
4.868637340916694711e+01
5.105417267573491813e+01
4.928703080174874174e+01
4.010819006178110868e+01
3.207660264791206828e+01
2.558386269077931985e+01
1.349974272162853950e+01
-2.434273076501287214e+00
-1.220232985407949755e+01
-1.576394911778756303e+01
-1.674295112041014022e+01
-1.259734097540227182e+01
-1.107566116270418632e+01
-1.254116992634606653e+01
-1.097519149403126093e+01
-8.023751259949188253e+00
-6.710019453119935307e+00
-6.611012355990834699e+00
-7.413234312476133070e+00
-9.767603541977850412e+00
-1.034811681218072188e+01
-9.076197160372872830e+00
-8.125505052589094390e+00
-6.771178874322813179e+00
-5.306444328978082936e+00
-3.954680073738654933e+00
-2.042893848155279191e+00
3.218110842552159845e-01
2.760653432953747100e+00
5.352217492997762172e+00
8.204182555201878557e+00
1.126118733065683664e+01
1.280209369946571130e+01
1.265201226736845541e+01
1.158208885381694486e+01
9.086222361271271808e+00
6.219740725399362624e+00
3.011067306126072651e+00
-1.534494136318680146e+00
-7.230131130578036469e+00
-1.054531980737927199e+01
-1.128805179659326718e+01
-1.102985369396162163e+01
-8.823239794526827495e+00
-7.014003825234849110e+00
-5.735570286266836071e+00
-2.996014485683505590e+00
7.186359504046588853e-01
3.079089162036084737e+00
4.121456411618868998e+00
4.635052694333452905e+00
4.045446723591483718e+00
4.233872789185181063e+00
5.289601841412553185e+00
5.795980823089502465e+00
6.159810939941938734e+00
5.984571102432966860e+00
5.067860699559751936e+00
3.876603615391471802e+00
2.250820648283478942e+00
5.351997654810031202e-02
-2.698868950986160975e+00
-6.096977947016579691e+00
-1.018658314053311464e+01
-1.182236911384572764e+01
-1.073137931915148613e+01
-8.445584850482418915e+00
-4.086101843986342352e+00
4.960532282022801498e-01
5.194086386948083778e+00
1.171112692199198158e+01
1.968235515118206180e+01
2.369296563037999448e+01
2.345075191357273425e+01
2.128982506956140952e+01
1.574687411153808192e+01
1.041839156393630184e+01
5.481821411523466026e+00
-2.139105927758875758e+00
-1.171748282939973151e+01
-1.803159441416620012e+01
-2.098483787947637680e+01
-2.258783366334859011e+01
-2.149308390016105008e+01
-2.156529453340504787e+01
-2.299375169735327162e+01
-2.269999730691025164e+01
-2.149809211639771789e+01
-1.945031953083120513e+01
-1.617185105866888861e+01
-1.216486436621459966e+01
-7.316501000901020291e+00
-7.631753092000135297e-01
7.525092839829961022e+00
1.727473908968559613e+01
2.872233431106937829e+01
3.536960504553758966e+01
3.660717839807295348e+01
3.570927351008691630e+01
3.085195178376927672e+01
2.576829582685109798e+01
2.069346319262395539e+01
1.214890391986114260e+01
8.747910393655283778e-01
-6.254941145833886829e+00
-9.076338264202822970e+00
-1.040284284472810050e+01
-8.466733113117550502e+00
-8.210545884420838547e+00
-9.917124908625075008e+00
-9.625251872246979090e+00
-8.394737685539972460e+00
-8.751484215086446028e+00
-1.046088787327589564e+01
-1.304735714239441791e+01
-1.708599809786609924e+01
-2.009768184771949961e+01
-2.201092274878067556e+01
-2.452955698925811134e+01
-2.711866793247085994e+01
-2.749727824782163310e+01
-2.560056180940720338e+01
-2.211063680879058424e+01
-1.639578481351767181e+01
-1.019930819534557465e+01
-3.528870547310749117e+00
5.066938824170111211e+00
1.527279732757693509e+01
2.368136738593133472e+01
3.016919770282900970e+01
3.617172114439281927e+01
4.079521531583683469e+01
4.646549201091560377e+01
5.331982239585516226e+01
5.938388159075572759e+01
6.517263970178917987e+01
6.483014976921646166e+01
5.749940642583526085e+01
4.625307576093505446e+01
2.929837026151955470e+01
9.461257148172931508e+00
-1.316668447227019279e+01
-4.167907241580540045e+01
-7.563122602198507138e+01
-9.512881396941224921e+01
-9.873474264525343358e+01
-9.565789346242797819e+01
-8.042102915955004505e+01
-6.548435214812238314e+01
-5.152571348747329694e+01
-2.750080193549937491e+01
4.094522088611503463e+00
2.361632949661163394e+01
3.068851835210656276e+01
3.307104839362271065e+01
2.571860355260001896e+01
2.304887913046779602e+01
2.582959479241003464e+01
2.258878029099727414e+01
1.639893754457581920e+01
1.390347177785987398e+01
1.435327427684210910e+01
1.667904893880756845e+01
2.234986480718912816e+01
2.453878729958766058e+01
2.304632002872631702e+01
2.244821233516928061e+01
2.125268835687825941e+01
1.870388818537712083e+01
1.514859922620573229e+01
9.844449179479822121e+00
2.631990355097573620e+00
-4.911061947816726558e+00
-1.290570738560520780e+01
-2.231059438798568806e+01
-3.285782216523268318e+01
-3.861322455963227895e+01
-3.908788896237135191e+01
-3.690721630012787813e+01
-3.038434579222554532e+01
-2.328090331808179769e+01
-1.573655934895110953e+01
-4.347124146661724531e+00
1.017971598054276328e+01
1.848616697338727732e+01
2.015465219922427309e+01
1.920401577982035946e+01
1.315014750715637959e+01
8.401446459238870901e+00
5.309792118525624716e+00
-1.466112573938701757e+00
-1.059057135762933122e+01
-1.421611961345974962e+01
-1.225651941998686567e+01
-7.540987493908785311e+00
1.952948613253062682e+00
1.027665474026463777e+01
1.718101741476473876e+01
2.737122027715797401e+01
3.961253873687311966e+01
4.466115147322933865e+01
4.217082663310297619e+01
3.566845295072829458e+01
2.266772517437973278e+01
9.753099219868337499e+00
-2.841502990149685104e+00
-2.059791048827240445e+01
-4.221284284317233215e+01
-5.378379262777291814e+01
-5.466463354878008829e+01
-5.059344959583315671e+01
-3.782948556773189352e+01
-2.593892132582869081e+01
-1.535410359771799804e+01
1.976286379150556272e+00
2.412091059228893997e+01
3.658820543520698720e+01
3.902542950970062208e+01
3.705360475830990907e+01
2.689299403368727681e+01
1.913700213314224641e+01
1.428210915209759335e+01
3.790811602129918967e+00
-1.013243357383725574e+01
-1.861795956627521775e+01
-2.186946557736092345e+01
-2.262517481427828159e+01
-1.869167797547754262e+01
-1.748393050449604402e+01
-1.929227761068133162e+01
-1.857268569575909822e+01
-1.690083633704357169e+01
-1.542863014277831901e+01
-1.363024630790921066e+01
-1.203963797458057527e+01
-1.080773361932392262e+01
-7.805626924097382791e+00
-3.025977648329734926e+00
2.387368317037342536e+00
8.911576325660876208e+00
1.472020399008241931e+01
1.957661558890528042e+01
2.471930024665839198e+01
2.964997887734943660e+01
3.515097268952715837e+01
4.135542469799391085e+01
4.745923866466128516e+01
5.365228802402318564e+01
5.440943128240597559e+01
4.905063477698987384e+01
4.028682206110971720e+01
2.646681806383018554e+01
1.057807824431967525e+01
-7.283843055503686159e+00
-3.014430611263809112e+01
-5.749748755110528009e+01
-7.375942837977717659e+01
-7.788249113583201222e+01
-7.698084532752437781e+01
-6.679102327607984080e+01
-5.724480702844467572e+01
-4.888190154762556716e+01
-3.300231948883276800e+01
-1.161045305155896479e+01
2.470663005512135246e+00
9.195531997006538560e+00
1.339302462239419533e+01
1.184215290357179740e+01
1.436101229208949803e+01
2.147670057502626761e+01
2.559733834241147221e+01
2.885022501273554241e+01
3.147451986326668560e+01
3.260104585702930535e+01
3.357601074136319141e+01
3.420725781876421223e+01
3.241361446823451331e+01
2.820921519602731919e+01
2.237431313307997627e+01
1.440418412814446647e+01
8.306517129641584063e+00
4.425663584009720708e+00
4.251591813404782538e-01
-2.637213871666875153e+00
-6.950658623827141724e+00
-1.277731306231019914e+01
-1.815162199437477852e+01
-2.358670264107647441e+01
-2.703452864363664432e+01
-2.803719864663292682e+01
-2.791000250501305402e+01
-2.597581857401144134e+01
-2.296541918913633396e+01
-1.891602400058154743e+01
-1.281316262910484483e+01
-4.747647757583894013e+00
7.829373724844295168e-01
3.546942049522348928e+00
5.678483493573588170e+00
5.998303114211472220e+00
7.455497705934963193e+00
1.026951850601659899e+01
1.197378445543028214e+01
1.321323695764929163e+01
1.388390681237314439e+01
1.366056172213345299e+01
