3.628253668830919931e+00
-9.528970345453556590e+00
7.355474679805368510e+00
3.162064966153229406e+00
-6.886004659896563851e+00
5.846419639908752686e+00
-2.591327445066360369e+00
-3.861136370517347594e+00
5.068632333036405591e+00
-1.950076257124133239e+00
-6.827835330235019207e-01
3.353191310446057560e+00
-3.265993392818835162e+00
1.782922299434491986e+00
6.528697215152565736e-01
-5.999985218490044403e+00
5.817094799261224303e+00
1.273917984935731607e+00
-2.509489471237615899e+00
-2.768676923495493547e+00
3.646507330920099488e+00
-5.074256624197892585e-02
-1.574895149519422333e+00
9.152031734908958605e-01
-1.111973553284042460e+00
2.910404118759740033e+00
-2.633513829159241038e+00
-4.000864946765780861e-01
8.249815598081222667e-01
1.489946652253450132e+00
-1.771757461250637045e+00
7.050870264429986989e-01
8.880861908311810105e-01
-2.982222452713082284e+00
3.211789932689906202e+00
-3.286047638875563948e+00
7.408080225756087378e-01
5.839448337006129641e+00
-6.598211519465738917e+00
1.467063446110165481e+00
7.136551116729835664e-01
-2.202750236318054833e-01
5.019938645361640694e-05
9.118740255366460101e-02
1.818219392629100706e-01
-5.830720319048854350e-01
8.825403702115323101e-01
-1.749658358999245600e+00
1.162106739271093536e+00
1.453846994794391057e+00
-1.764094719175385517e+00
2.792843423892221733e-02
3.817284333201093616e-01
-1.093855687857745895e+00
-6.169549927160806746e-01
6.404051702566254001e+00
-6.015768889360936456e+00
7.252744015660894661e-03
2.621722248360758289e+00
-4.797379838579300504e+00
2.405806775992864743e+00
7.657048659811142244e+00
-7.297683932105859306e+00
-4.364998998049869350e+00
7.703134822507665902e+00
-3.614011572699777908e+00
6.927476693761102089e-01
1.566828320229191940e+00
-1.948639118526106051e+00
1.325074399404919223e+00
-4.157710832201240159e-01
-2.262661466797975418e+00
8.218856479613211308e-01
4.548488485597058428e+00
-6.459172386464070215e+00
6.933858965042427158e+00
-4.072079887878471638e+00
-3.205936242136248282e+00
4.628708061601612300e+00
-1.249030662489114984e+00
-1.249190581954932489e+00
4.150457397858397179e+00
-3.041526767780127205e+00
-1.238086426306873600e+00
3.853904017416743599e+00
-6.920030110942267498e+00
5.085459077895014168e+00
2.637224864579078787e+00
-4.763703029962956137e+00
1.207202207297840557e+00
1.572591944877845260e-01
8.487233724473041141e-01
-6.813573599019622229e-01
-7.515828963579537225e-01
1.337817343576459317e+00
-1.016914681767338680e+00
1.019664260733460948e+00
-1.315317466963393134e+00
1.240828757105132629e+00
-1.156176822944482208e+00
5.435942118216108287e-01
1.085013588909097937e+00
-1.327532671015089871e+00
-1.919308145077744943e-01
2.070095682480077581e-01
1.994191854057947966e+00
-2.791676085316756151e+00
-2.893868608470195891e-02
-1.436755947081389984e+00
9.979939752641179496e+00
-9.350472296351675539e+00
-1.710466278079729729e+00
4.783089934338555338e+00
3.650048819659799104e-01
-2.054334471110370153e+00
1.001556341218015067e-01
6.692799244930051211e-03
1.700794530377778058e+00
-2.753805996138382284e+00
2.325766262362704229e+00
-2.513187549607172500e+00
5.576536750982254986e+00
-3.498281171363825770e+00
-5.477786065221290634e+00
6.877671135223042853e+00
-1.800033842609041201e-01
-2.100592430498249286e+00
-6.900723656558628294e-01
9.086478488595928216e-01
2.246293358017860342e+00
-1.889167582375764987e+00
-1.218790502650433538e+00
2.837467960394818522e+00
-5.452435119572912825e+00
3.192269694011578895e+00
5.988240220620909326e+00
-7.018521003496616117e+00
-6.564741867190302393e-01
3.116766127744386328e+00
-2.497800520312232209e-01
-6.597577165690128309e-01
-5.397879436842826228e-01
4.044224318819154562e-01
6.752820113614624864e-01
-1.637796896893277454e+00
2.801258372751392223e+00
-2.358140876126156638e+00
1.279864399121139584e+00
4.347282519344624063e-01
-3.862168497796061306e+00
3.176240583205466983e+00
5.338235128072184033e-01
-3.217303819750628513e+00
6.660568487309271646e+00
-4.664125123536280171e+00
-1.700132579767015928e+00
5.575535864629863170e+00
-9.391539036733195900e+00
6.876355790676875301e+00
1.774618601470587809e+00
-5.780180977917431129e+00
6.511798063728161168e+00
-4.299812457303679558e+00
7.096228610146138038e-04
3.049356982676648009e+00
-6.754608235204068833e+00
5.382615306904717123e+00
8.456278333628439725e-01
-2.989201481182881981e+00
4.130814167361402944e+00
-1.018723373330181481e+00
-9.520602886735742842e+00
8.855923103157373077e+00
2.946140249056009797e+00
-7.477644817530394228e+00
7.227399518721004057e+00
-3.944566430329328188e+00
-4.161441993517793314e+00
5.272243105613299008e+00
8.764521888866971810e-01
-3.065470857264673832e+00
1.116888741268871055e+00
-3.223663049088063559e-01
1.443089450838610510e+00
-3.418174947367799144e-01
-2.878449027507623992e+00
4.045832387797047680e+00
-4.092945889945682758e+00
2.316243545552431282e+00
1.457595808724261310e+00
-3.368654614627782706e+00
2.976380441305698454e+00
-2.938766344111285012e+00
4.901394482403740760e+00
-3.242210569828618105e+00
-3.655379503690967091e+00
4.758759064049990606e+00
9.976996959344612836e-01
-1.669064338580677154e+00
-2.888024390398496788e+00
4.026377713798312108e+00
-2.847567082894310708e+00
1.076945043973178251e+00
3.007286697155557853e+00
-2.826246661868186294e+00
-2.903790743739913971e+00
2.880975608387925657e+00
1.988032221154541368e+00
-4.379124841467078255e+00
7.035619790193019973e+00
-4.032015343011186914e+00
-5.803091536665334615e+00
7.881088077872637321e+00
-3.815288827321411169e+00
1.813935529149323655e-01
5.045111640686773313e+00
-4.412637839453093846e+00
-2.061204864136736425e+00
4.058211101204328486e+00
-4.082995958700818662e+00
1.251150553566513945e+00
7.387787173798988860e+00
-6.744120034924823592e+00
-4.099141758405625779e+00
7.172755063854910240e+00
-2.866868441297938386e+00
1.528540388172134890e-01
4.150723951891981400e-01
-1.753009683202562785e+00
4.528854967410182120e+00
-4.216933504689927226e+00
1.582882747037869020e+00
7.135368266350960997e-01
-3.751143585447017426e+00
3.617591726068021707e+00
-1.212312084266671253e-01
-9.563864164250998057e-01
3.165672995991813954e-01
5.128224543068278241e-01
-2.448095201009784283e+00
1.664673309758810227e+00
1.684167188981595453e+00
-3.131444946372758054e+00
3.361431120205591760e+00
-1.922259313290879179e+00
-2.489093351747612148e-01
2.090902547103301590e+00
-5.812848953887639780e+00
4.148908568398206320e+00
3.946421042268940305e+00
-5.674614581061693031e+00
1.898774414630292950e+00
5.567327842222365986e-01
-2.675028219125475726e+00
1.747744424434044319e+00
1.377987173071642424e+00
-3.693910992118739856e+00
6.629881709927394340e+00
-5.359458050826932940e+00
-7.447666864186253122e-02
2.793882421529535254e+00
-3.423103996553280126e+00
3.099294434743008697e+00
-1.599845100143236998e+00
1.206633097460027004e+00
-1.781684958475378888e+00
1.979515340971528481e+00
-1.776876530104462892e+00
1.033559009113881766e+00
-9.047789507981798263e-01
-7.407379817066046535e-01
5.410583775974281195e+00
-5.182373545675291737e+00
-1.683839062394734132e-01
1.789936806061043884e+00
-4.194764301567064368e-01
-1.442325225671137634e+00
3.509742478555716527e+00
-4.339041066351469134e+00
5.853537832554303932e+00
-4.028072179198686875e+00
-3.399215328190639873e+00
3.684334198543983696e+00
4.258709714991653073e+00
-5.306259298858549300e+00
6.050722377387709461e-01
2.398487433551856896e+00
-5.917401341078726951e+00
4.283144444809466655e+00
3.614561131936910865e+00
-5.569456334315528778e+00
1.517413091665541502e+00
-2.446758463278969620e-02
1.057373491814701305e+00
-1.292291375429583944e+00
8.648318510246748581e-01
-6.965043458274955412e-01
1.968285668845455583e-01
-6.635097944886421129e-01
2.383869151984694845e+00
-1.979046183571872675e+00
7.673455680535798962e-01
1.395092272735560357e+00
-6.168565967946854300e+00
5.347648421118815776e+00
5.563836744477566043e-01
-3.257267036107522884e+00
5.210437852207964404e+00
-2.970899681184607566e+00
-5.453580989009558344e+00
6.086392481324345738e+00
1.562486243842991174e+00
-4.315668565209713314e+00
1.934402118027568118e+00
-1.371720514774549038e+00
3.292718284775724591e+00
-3.099755492250927613e+00
-1.428900765733568390e-01
6.260384421770359697e-01
2.545242649353020248e+00
-2.005662647090547424e+00
-1.731323557609758090e+00
3.547526597868951193e+00
-5.109135380450466002e+00
3.202859588644331179e+00
2.928474367562407643e+00
-4.657554861807787105e+00
1.836847724566847084e+00
-4.876203331790728290e-01
1.456741414724750383e+00
-3.657544431847719046e-01
-3.244500586609968096e+00
3.588908416405632185e+00
-2.073184083913320652e+00
-4.237404225472751751e-03
5.069695506899734028e+00
-3.901007231992346114e+00
-4.956019744907851354e+00
6.482845524620101330e+00
-9.244723988240222123e-01
-1.288233450201840657e+00
1.632959182951789101e+00
-3.894668872944795912e-01
-4.456382359480490329e+00
3.828179408327797351e+00
3.351268110924068289e+00
-4.331076309110174272e+00
-5.218103830892832917e-01
3.474722276830843892e+00
-4.320163072498120371e+00
4.778663140139699728e+00
-6.248456042347739547e+00
4.737035756799522268e+00
1.086330058821979305e+00
-2.267792472227375011e+00
-2.377123143202375832e+00
2.601290714730784881e+00
2.707869981842423446e+00
-3.454614627204892763e+00
-1.220500510698068641e+00
2.027226836533036813e+00
1.769591756827213480e+00
-2.197853038432872275e+00
-6.758117935107730290e-01
1.106694248734215291e+00
-1.160198797375889601e+00
-9.811288719529904778e-01
8.427374761668154690e+00
-7.111508758772899341e+00
-4.643605717557596435e+00
7.149804151185177759e+00
-6.812802661420296335e-01
-1.942311965064707824e+00
1.843672926079538366e+00
-5.985326521122873444e-01
-2.604498669469544225e+00
2.625198305176526414e+00
1.066046600064846084e-01
-1.520441208021907187e+00
2.646527427054558235e+00
-1.366959595700985686e+00
-2.401854135137957869e+00
3.953833045673695867e+00
-3.838397568057158260e+00
3.001943861424853477e+00
-1.204389753137235841e+00
4.642976390966677691e-01
-1.265389212560693810e+00
1.243018593503378622e+00
9.049490380649626298e-01
-1.459476115395949014e-01
-4.758041539814063192e+00
4.792395704077176077e+00
-5.487313067923427212e-02
-1.787924692450236996e+00
1.651959452167994780e+00
-2.058215617050438984e-01
-2.957526083228034786e+00
4.102868404006515313e+00
-2.563204356033838671e+00
2.253779986564159010e+00
-4.756607329668995909e+00
3.202409878513868158e+00
3.361579908823855600e+00
-4.826850277851411519e+00
1.309615904427075872e+00
2.762069548259297735e-01
-2.351984203868986989e-01
1.919862420684863014e-01
6.003340262891251333e-01
-4.799940909216897644e-01
-2.657822322439551854e+00
1.643909323582481097e+00
5.820612539366551097e+00
-4.905842121827325819e+00
-4.183899483236754868e+00
7.881739168398778972e+00
-8.359193018417352405e+00
5.769481199696347318e+00
1.830093230950731398e+00
-3.052783685539756320e+00
-3.559356959300429502e+00
4.132660748604683576e+00
2.451059479291506804e+00
-3.734993606891421791e+00
-8.603203911074961407e-01
1.542888897111489355e+00
1.294066970844821807e+00
-2.671737166825336907e+00
3.342922860642607574e+00
-2.135519305244885757e+00
-5.383176473989034205e-01
2.221596529550617483e+00
-4.031336808225724155e+00
3.188608750058731456e+00
6.583921663233336385e-01
-1.661613298553450191e+00
6.482503907088049688e-01
4.374102012839015119e-01
-2.983492264816797856e+00
2.028086449382076051e+00
2.989163050960712997e+00
-4.017220819057553349e+00
1.963934823629969406e+00
-1.907893955705208811e-01
-2.876181186133488943e+00
2.219609726878019273e+00
3.268700425245146590e+00
-3.885135424505614221e+00
-3.334257478598465774e-01
1.846752678895466682e+00
-1.325260617904488569e+00
2.197946498604669285e-02
1.951823346564215189e+00
-2.745350850428950995e+00
3.263052638483802781e+00
-1.957731387879380724e+00
-1.219448802612916438e+00
2.247826694704026185e+00
-1.935758622620438629e+00
2.702037891201222175e-01
2.633245078530221051e+00
-4.042207925374266431e+00
4.463284139887301549e+00
-3.370976133493449378e+00
1.292471315971145840e+00
7.998738035474048935e-01
-3.187746928261308454e+00
3.682731228753478803e+00
-2.863283486938085431e+00
1.370107386454378240e+00
8.584602046944717069e-01
-1.797210520447753090e+00
1.899863445282942376e+00
-1.151480076585671641e+00
-1.100414550823393678e-01
7.795655561660955746e-01
-1.894211922540546267e+00
4.930747884914791768e-01
3.085091312079453196e+00
-4.404178427817043939e+00
5.566040336281037781e+00
-2.970206095300989002e+00
-4.907583543316238028e+00
6.206237810770897312e+00
-6.657058093675776167e-01
-1.474822945532033636e+00
-1.966324728829770274e-01
3.699872047056823599e-01
2.220477408977422851e+00
-1.851521111600976655e+00
-3.079473655826236556e+00
2.861836028972478907e+00
3.433050648563852558e+00
-4.665493009262132951e+00
7.384192957510008481e-01
7.162745699976068581e-01
4.187724598672717957e-02
-3.232573552469670819e-01
5.725968343738243593e-01
-2.230498065995731305e-02
-1.780720203938217505e+00
2.144782996518540319e+00
-4.936899778801822070e-01
4.874101766035826566e-01
-2.806405772699008150e+00
2.738849602696697083e+00
1.116186450253819906e-01
-7.876603976416663988e-01
-7.066868852645636911e-01
1.067529904529137319e+00
-7.991306846900987360e-01
1.588418739331113327e-01
1.370902470213486435e+00
-9.758999795537308675e-01
-9.723482903119060605e-01
2.312099206594212752e+00
-3.293813995999762767e+00
2.641386334646808276e+00
-1.798559954239367542e+00
-4.618181796167885045e-01
6.250538482567258747e+00
-5.756714388284582817e+00
-1.446745143763003005e+00
3.038660846649209102e+00
-1.079203241878150754e+00
-2.155252122774475865e+00
9.245442154285054670e+00
-8.698113237856064828e+00
-1.034025755198926255e+00
3.519404554317170586e+00
1.965923270993753968e+00
-2.292611494233768976e+00
-1.792271680424129432e+00
4.174119150889076479e+00
-6.315862787960393909e+00
4.955288430697336821e+00
6.950319604788335326e-01
-2.802605204539458050e+00
3.032124354740896033e-01
-9.361937991527532477e-01
5.307857675286308918e+00
-5.305658382510411109e+00
2.469609637986604600e+00
8.725942040587338910e-01
-6.687082622874792825e+00
6.389347867994609409e+00
2.769918357125344954e-01
-2.509293028084736310e+00
1.105733982915645397e+00
6.486596084701029552e-01
-2.952509264852643422e+00
3.561845332821414800e+00
-3.707876299982291179e+00
2.834798680214392519e+00
1.591478147981746583e+00
-1.959461094182207708e-01
-9.234359370266369993e+00
9.747440639184299371e+00
-1.296031127516095172e+00
-1.520323557253299818e+00
1.175385823371710492e+00
1.246869682896926346e+00
-9.336845925517510025e+00
7.733172214460553917e+00
5.682219140484821907e+00
-8.146738272564155281e+00
-1.072200373349820879e-01
3.471554564032362400e+00
-3.103538983868307177e+00
1.713707803375557281e+00
1.715418803438780948e+00
-2.040833521269988626e+00
-1.058163027825077762e+00
1.241731368227896093e+00
4.019788407795350516e-01
-2.303741136500387476e+00
6.373913258133800497e+00
-5.708988685832993681e+00
-1.389027149307258791e+00
2.160172917200902543e+00
3.551960769397583206e+00
-4.242291945640086048e+00
2.721303382415724670e+00
1.434534258738836332e+00
-1.134188263043608558e+01
1.052972286775953670e+01
1.167454362362843501e+00
-6.170854333849676188e+00
5.101066217816592641e+00
-3.519337337694283363e+00
2.724341136046480205e+00
-5.295126549196432775e-01
-4.775324724280703315e+00
4.232723792355602477e+00
1.818991169708355837e+00
-4.416235911339742692e+00
5.236687384594207906e+00
-2.941650801240605961e+00
-2.397236007711834649e+00
4.034707120595323104e+00
-4.558188053992587641e+00
1.244880389268526510e+00
7.832291535939330807e+00
-8.383573526410694754e+00
1.384581896021424452e+00
2.815096416292679038e+00
-5.606343597563169467e+00
4.297207659092699750e+00
-2.121662550360770005e-02
-3.302852870261930640e+00
7.384977501155359114e+00
-6.021079583861451034e+00
-1.914239343991930298e-05
3.477986093858927319e+00
-7.080380561196541578e+00
5.597816487904854199e+00
3.287495685676476320e+00
-3.583426362923835651e+00
-5.495314098784494838e+00
8.387341989277857124e+00
-4.155096664229143144e+00
2.790162168462859249e+00
-6.831141590182752132e+00
4.359908268328457126e+00
6.102181321161237015e+00
-7.889310519882177353e+00
2.523490339970623886e+00
1.297203781700809078e+00
-6.090816934980847641e+00
4.713578979110014444e+00
4.080591637008642358e+00
-6.207663243386352114e+00
1.446798872164320127e+00
1.593429914056341268e-01
1.441244141281811997e+00
-1.653694554168667175e+00
6.027451666460695856e-01
9.807338933874230891e-02
-4.303691542926286751e-01
5.283704057967077983e-01
-6.997524133321622042e-01
2.532747210536838711e-01
1.107364945741055928e+00
-1.565531780206762313e+00
2.989914069600519975e-01
-5.113793106389807885e-01
3.351922461082122329e+00
-2.401891915837448988e+00
-2.457552796488502889e+00
4.522949580609368248e+00
-3.885699786555239399e+00
3.065998943845100300e+00
-3.133418221373070800e+00
1.569436282497336688e+00
3.168979051235492950e+00
-3.335254063284204928e+00
-1.812145721173082924e+00
2.332376787963170717e+00
1.178322924135685845e+00
-3.569181818681485208e+00
5.303199475995354462e+00
-5.082375779213422540e+00
3.651694841031518202e+00
-1.720270980998169552e+00
-1.306630770674806374e+00
1.744622572812432715e+00
-9.690679953845027228e-02
-1.050720835523706098e+00
2.544843827548375792e+00
-1.878287286506585163e+00
-1.297300553099492770e+00
2.450292762649249223e+00
-9.037571498041079288e-01
7.041717110442239358e-01
-3.262094889488332594e+00
1.888896334706357205e+00
3.854435816225899814e+00
-5.503134001113632046e+00
3.643027618200110673e+00
-1.781185635836137537e+00
-2.644222655490090501e-01
1.341728664111960345e+00
-1.336966049039150617e+00
1.520145794278464635e+00
-2.086104247649758658e+00
1.757061222311892879e+00
-6.005148723337354610e-01
-4.104798191518806982e-01
9.565166113316146967e-01
-1.748698168030306199e+00
3.117372337058347043e+00
-2.823610996026334252e+00
1.900827357167300224e+00
-5.910188838459424776e-01
-3.204132848171281633e+00
1.850414948547464355e+00
6.001085444696812488e+00
-7.308450035954153989e+00
2.242980580905384436e+00
-3.220606793348034236e-01
-1.549372132350122777e-01
-8.554426894400739556e-01
6.600752439491109236e+00
-4.932381321948188457e+00
-7.339684643590760338e+00
7.902985052221844775e+00
4.405485437434162321e+00
-7.599076511608978457e+00
2.166113066432131085e+00
6.815252037794059525e-01
-9.428786357543740282e-01
7.090982950130808593e-01
-1.702303387916009658e+00
8.536844381481389910e-03
6.537411054712592318e+00
-6.055181593942411844e+00
-1.990906321023026671e+00
4.187471121820506958e+00
-2.100211755749923359e+00
-1.449249120464948248e-01
5.481168859602768784e+00
-4.274622639997830653e+00
-5.851892210616100876e+00
6.028156240451118641e+00
3.378554029099003930e+00
-7.311989030866415717e+00
8.310721317621524662e+00
-5.915402399854220228e+00
-2.838974952202034885e+00
3.021802734127225776e+00
7.222231434781503090e+00
-8.014241171663492480e+00
-1.952264691126668339e-01
4.215748815545623529e+00
-5.319177003674652404e+00
4.109363701119407963e+00
-8.528575092361591059e-01
-3.400360958209136530e-01
1.561360391586963603e+00
6.281162543006795218e-01
-7.774386465644961497e+00
7.842068664681653978e+00
-1.939401414769488241e+00
-1.851083873717035200e+00
6.057766340306947939e+00
-4.866092729837681929e+00
-3.592594376402833412e+00
4.418514233383000978e+00
2.600075617398365679e+00
-4.775913834446154915e+00
2.950003256948096730e+00
-8.378136782876570710e-01
-1.670536923719806000e+00
2.561841976314298996e+00
-2.791427322649333576e+00
1.700354049583400640e+00
1.640983680553033786e+00
-1.637544161143759336e+00
-1.332624871490388774e+00
2.305788593433829803e+00
-3.534063590421451018e+00
1.399892235175009159e+00
7.053303021765291447e+00
-6.716118924911602228e+00
-3.910699044213350462e+00
5.433285905990051567e+00
4.600995045328675204e-01
-4.139587298610694077e+00
9.318682660904610060e+00
-6.291557323710117444e+00
-6.902795513142672590e+00
9.336327246642289523e+00
-1.971592378923012756e+00
-2.242138023630797505e+00
4.807772944294526951e+00
-4.075853502872535117e+00
-4.702230751365639172e-01
1.787545419604312125e+00
-9.065645086458207214e-02
-5.090511560000533509e-01
7.731938738307879699e-01
-6.003091920755279642e-02
-2.621017598012132854e+00
2.346454147177145622e+00
1.110501907584062531e+00
-1.713892427021492582e+00
9.377162302683197392e-01
7.758933470580023917e-01
-5.964362569597245312e+00
4.638270170900837819e+00
4.752003753365301897e+00
-6.284301654380299418e+00
4.034563242333244482e-01
2.181479089086083345e+00
-3.027073694405812088e+00
1.546898046331358856e+00
3.686549254032723155e+00
-4.107121573603690123e+00
-8.560783857215803483e-01
1.649715655060617348e+00
7.016347318106456177e-01
-2.417737878908341020e+00
5.484645632532854975e+00
-3.601772815693111696e+00
-3.217470617371117392e+00
5.057470081306936649e+00
-5.325438657117067542e+00
1.318207464509804971e+00
1.081533886013097501e+01
-1.025870477088661303e+01
-3.812984054814570367e+00
8.102518086807879882e+00
-4.264484809532707033e+00
6.600282196776983135e-01
4.190077609614931475e+00
-4.605630277227218627e+00
-3.477097334848635590e-01
1.718602411929540663e+00
2.315206032099316857e+00
-1.915308696348065887e+00
-5.809944198083993427e+00
5.249005101132532936e+00
5.802994556530595816e+00
-6.791099347661855745e+00
-1.971090087220245035e+00
5.338490135497430344e+00
-5.702353169247919240e+00
2.976016658146226401e+00
4.887808975186514360e+00
-5.204165010815851922e+00
-2.172425459367598677e+00
4.923191858564469392e+00
-3.534524175656432732e+00
1.979044723493909919e+00
-7.090599445985557026e-01
-9.563935384759726377e-01
2.784982602584814781e+00
-2.915191324541715812e+00
4.231833624221278178e+00
-1.345554159847600850e+00
-9.505508317134092167e+00
8.638709335366511866e+00
5.238250940469178829e+00
-8.633349823957056302e+00
3.072172125303493928e+00
1.072838379601720238e+00
-5.358966823711292626e+00
5.041883288046426159e+00
1.871783773471535905e-01
-2.505182535606183425e+00
1.357299525489234160e+00
-1.693073095414734608e+00
4.402243465922111021e+00
-3.833691910549844817e+00
3.075822457137376009e-01
1.329265895115329776e+00
-2.638930995776559651e+00
1.274765457360250487e+00
3.923906353559374338e+00
-4.045533445382409887e+00
-1.230553706376344980e-01
2.492375402302808851e+00
-4.808809271282329156e+00
2.981698361801441433e+00
3.155388523825425118e+00
-5.392253665763239390e+00
4.653505688105833649e+00
-2.638846369560179372e+00
-4.991652369972645609e-01
2.278372924550850609e+00
-3.441881245550325374e+00
2.788983282234569483e+00
-6.717854385743644574e-01
-3.032967174617217654e-01
1.567477940141048798e+00
3.256968035554330676e-02
-4.819502974600413658e+00
5.537565221280527084e+00
-4.298376992629996174e+00
1.045461471602539216e+00
6.807461758781053085e+00
-6.677058442009003336e+00
-2.738558453801200887e+00
4.993631624553633408e+00
6.627087027393319119e-02
-1.331167482924001444e+00
-4.116679143082251913e-01
2.048040600211518569e+00
-4.127389203056881506e+00
3.716265871613207317e+00
-1.758899607275344223e+00
-4.130267318101265017e-01
4.125439405174937235e+00
-3.803836989967944504e+00
-5.173514624830226616e-01
1.897637039274347126e+00
-1.823087591393523610e+00
-9.827676442905541876e-02
5.117433164670219803e+00
-5.169165275654871827e+00
7.818117305099455683e-01
1.346584020546284677e+00
-3.402219313209704055e+00
1.861980901118400533e+00
5.376230044987245549e+00
-4.982848011347628336e+00
-3.164984240239594904e+00
6.289137513897296472e+00
-5.325987831677734263e+00
3.556334962324499305e+00
-6.116181432215924696e-01
-6.697321101883337846e-01
2.613502064884237752e-02
-3.406780538380325685e-01
1.624838249981053862e+00
-1.770993569439114124e+00
1.361690922161180151e+00
-3.804444120089306436e-02
-2.266815783534238626e+00
3.093618846301997571e+00
-3.154946330138104216e+00
2.215162196856627741e+00
1.659732618263665138e-01
-3.295886924182671596e-01
-8.709331517060338035e-01
1.961805416500856492e+00
-4.760497193532859050e+00
3.223434444481841243e+00
3.553746475690541473e+00
-4.940989701298036607e+00
1.566595328733054737e+00
5.285086316191671685e-01
-2.555444911338820013e+00
2.252604578731697504e+00
1.734962798243933957e+00
-1.690679472685951090e+00
-3.480442560430482946e+00
3.921395785788700294e+00
5.096816853618186816e-01
-1.894790902362662566e+00
9.376255937408013441e-01
3.322225106751128254e-01
-2.224421936187888527e+00
2.230984555512166345e+00
-1.062390286933753369e+00
-5.514504355410592140e-01
3.530152716461629758e+00
-3.951734302303767876e+00
5.380119235630254071e-01
-3.646552610349806378e-01
4.864474005309023852e+00
-3.840754815127417565e+00
-1.860683682723109689e+00
4.618660736976996972e+00
-7.467110128520181078e+00
4.261243366249765963e+00
6.447887437338964745e+00
-8.401563993011833986e+00
3.156080803886240904e+00
1.080884986491789768e+00
-5.816069752108234958e+00
5.207206905010896669e+00
-7.613312501710871594e-01
-2.529437742625427088e+00
7.988722443762441117e+00
-5.541651995066622760e+00
-6.124524191644826310e+00
8.494148336070100669e+00
-3.494446929299401816e+00
-9.739243017238641276e-01
7.053572473063863590e+00
-6.311959017047803933e+00
-5.702070094067765993e-01
3.787702638210988404e+00
-6.173643114248884345e+00
3.479622173039871313e+00
6.350523901936126592e+00
-7.455690909851301562e+00
4.601095599146054482e-02
3.018983829830662380e+00
-2.634964469939204967e+00
7.739850506262001550e-01
1.497381667444436015e+00
-3.545854692517051987e+00
7.401896480790904675e+00
-5.332078387601488778e+00
-2.411000150406313214e+00
5.996586663997836908e+00
-7.107952846560396054e+00
5.058902057519792272e+00
3.264591576206912205e-01
-2.282746499971175513e+00
1.789574734551061530e+00
1.266489167199899013e-01
-2.913555529109295161e+00
4.186778213883228794e+00
-6.347297949710991816e+00
3.685723121708626593e+00
5.395172290808801563e+00
-6.930528431974785519e+00
1.373024345484889608e+00
1.111921752762742077e+00
-2.205201035397074794e+00
8.537348328470801828e-01
4.450486775021916586e+00
-4.246400542369634046e+00
-1.320301392974239985e+00
3.470762365053005283e+00
-3.634936111911401202e+00
1.797941544966665806e+00
3.202034086212531161e+00
-3.986956203885531735e+00
6.052578949110976048e-02
7.136904575215664570e-01
1.592973762737438070e+00
-2.457552675937123343e+00
1.982940195721548893e+00
-1.253632624773186155e+00
9.453143538257553491e-01
2.383532960645109722e-01
-2.953277219264664577e+00
2.951376468950559939e+00
-4.366308311333996217e-01
