2.454233754092556286e-01
-2.635671280923737592e-01
-1.587548451458337118e-02
-2.065538562469119155e-01
-7.220659993083198280e-01
3.813568800805405612e+00
-3.648462936178408889e+00
-3.218316184095686427e-01
1.463550978529134738e+00
6.626674395816978258e-01
-9.396799066371404052e-01
-1.619958567097258273e+00
1.808549800533941765e+00
1.836181055785186089e+00
-9.681563804315509447e-01
-4.726207643625151889e+00
6.118639020681305496e+00
-4.566379516657466553e+00
1.979481140920673621e+00
2.883979836158897747e+00
-3.402461148717141004e+00
-6.424224599842407457e-01
1.965330046041023460e+00
-5.056568673688306426e-01
-3.030388293000556010e-01
-3.853198459378962548e-01
-4.690384273591461373e-01
3.805242153668416005e+00
-3.556524382308677179e+00
-9.069197216143298768e-02
1.813733435345446843e+00
-2.416867440604819173e+00
1.598862596580677309e+00
9.160660913955407381e-01
-1.519359625391278890e+00
6.563974336150689703e-01
1.834858819839613187e-01
-1.541685853101183001e+00
1.334330199661082794e+00
7.829048283934811892e-01
-1.489995462303761453e+00
3.473240669302413708e-01
-7.213806430061914243e-01
2.431602716573410650e+00
-2.860888093029204882e+00
3.130073949534497579e+00
-1.408823390588958224e+00
-3.098301552457566110e+00
4.130267177782699584e+00
-1.573879817271449211e+00
8.631650768070497914e-01
-1.540079945067181155e+00
2.034065932648661423e+00
-2.989088336756291930e+00
1.958734341942950818e+00
5.540178997575572195e-01
-2.169769761910091965e+00
4.172613008471152796e+00
-3.154307490744165499e+00
-1.615779857341444581e+00
2.896055461981784873e+00
-2.813212263140745240e-01
-1.953580593548919775e-01
-1.757838384886795113e+00
1.949511129577929935e+00
-3.289859452710486298e-02
-8.505034114692624492e-01
-1.490446987556953706e-01
-1.055533772913248569e+00
4.624404570139399873e+00
-5.507155862874700603e+00
4.922335574827994442e+00
-3.049090091306066341e+00
-1.531244241892640634e+00
1.782617209612841869e+00
3.033015798133745111e+00
-3.794758031000462495e+00
4.315886756332324437e-01
9.586016864085220579e-01
-2.566051611700109758e-01
1.601926224840268809e-01
-8.718429519067031341e-01
4.747676068007213868e-01
4.715425213279861305e-01
-1.461671340005782360e+00
3.826214748033533564e+00
-3.297359438585729663e+00
-1.608020372161596878e+00
1.724509520416338315e+00
3.876301721409066481e+00
-4.709141518797750336e+00
5.033396813579033013e-01
1.048493867548192515e+00
1.070805978353916998e-01
1.853948786461075138e-02
-8.431444249641727451e-01
1.749155672195285893e+00
-3.637376994089670745e+00
2.843083058643640193e+00
7.115788466358374809e-01
-2.261115540630207477e+00
2.140775719685001022e+00
-1.713167446131688809e+00
8.616875817435249996e-01
-5.147792139417888269e-01
6.909022843834093930e-01
-6.119928138920945893e-01
1.852826538560534420e-01
1.385551425521656943e-01
1.825665202671759302e-01
2.589946399811008937e-01
-2.618707165875818532e+00
2.288188195288749061e+00
1.868282148220439920e+00
-1.752654438360286004e+00
-2.725185433978833949e+00
4.296999076821021113e+00
-3.393066586415333319e+00
2.090367809403999910e+00
-6.010741477229274432e-01
-6.747297258531818054e-01
2.102973898769577854e+00
-2.326859813202287963e+00
1.372677709625472309e+00
-1.079878108834751327e+00
8.874672969566095304e-01
-1.204215962001034423e+00
2.946419131404737879e+00
-2.179984753585845425e+00
-1.556462087228772218e+00
2.654719431946035435e+00
-8.984128216464625227e-01
3.553276313186952695e-01
-1.461755202943279208e+00
1.083148120197318098e+00
8.659377789699852501e-01
-1.401301808425633677e+00
1.177384055218650971e+00
-4.182038956415170539e-01
-1.822466415942248563e+00
1.432031940089752764e+00
1.948097259043702234e+00
-2.652992732154825006e+00
1.036724774028085161e+00
2.206406519813356726e-01
-1.393842681019770824e+00
1.607626297796209025e+00
-1.097103855863559074e+00
7.323072191607927772e-01
-2.195267255258233352e-01
7.807220948779359793e-01
-1.764233526864332102e+00
2.747761244092472133e+00
-5.268906256673065336e+00
4.227188435890756324e+00
1.535017566867490801e+00
-2.342931160365514298e+00
-1.950819567944273469e+00
3.312697127205129988e+00
-2.129281985721782178e+00
1.137023477411460259e+00
-2.239972910872001233e-02
-2.598149573914609878e-01
-6.313906706361805954e-01
5.912790279366254564e-01
7.152304621101135407e-01
-5.421104733828286948e-01
-6.292341335116741208e-01
1.392141989934859270e+00
-2.871121963089925178e+00
1.596239206571024694e+00
2.515678174363116248e+00
-3.864694397077747201e+00
3.385380330546740701e+00
-1.554706164744076524e+00
-1.786836812463289625e+00
3.032299755859330315e+00
-2.967543565202795275e+00
2.058276280139296421e+00
7.425829652620722365e-01
-8.651206740854078259e-01
-2.824855208603842538e+00
2.762329628426368089e+00
1.934611741817818142e+00
-2.681998674628047308e+00
-6.512652937883326443e-01
1.351196421753476651e+00
-3.875625181388599461e-01
-1.030348417868574451e+00
4.433049983506137437e+00
-3.939703972326890735e+00
-1.911353173081776546e+00
2.730088807907127268e+00
2.627441208904067516e+00
-2.840885710542318421e+00
-2.209979926408474959e+00
3.960926597540200156e+00
-2.989123967889296907e+00
1.744028550492406460e+00
1.020697687413932853e-01
-7.816620527049125133e-01
-4.753250510341996971e-02
3.098945950098352942e-02
1.784724126400935029e+00
-1.663442036592095885e+00
-2.123864252705469635e+00
1.525560660896685850e+00
4.844111099789158104e+00
-5.018450160294867679e+00
-7.560610707172370493e-01
3.468591845047015898e+00
-4.265400635712477850e+00
3.430918501741583082e+00
1.779629304672507573e-01
-3.739386564790531109e-01
-3.537297748073642278e+00
3.840094162780771203e+00
-3.191093151914664583e-01
-1.408742559331749300e+00
5.947827158323802932e-01
-1.408161646175601911e+00
4.937278685990453830e+00
-4.895607630975822744e+00
5.502168667381323042e-01
4.688640057266501016e-01
2.087846276617389307e+00
-2.202646809380873094e+00
5.014629667316113926e-01
1.053226086140096829e+00
-3.309922404855553779e+00
3.112034437645513130e+00
1.187288336516401088e-02
-1.001070858105994610e+00
-6.132172615406726868e-01
4.102405990680648706e-01
2.015234407798170313e+00
-2.566913718751462792e+00
1.137094215529573571e+00
-9.679419187412285908e-01
1.583521453362322529e+00
-2.282907873789608022e+00
3.648535352440285262e+00
-3.054484056984319018e+00
5.272586796665842401e-01
9.587965973511084483e-01
-1.347080226641871992e+00
1.685968929878323364e+00
-2.358379321843953047e+00
2.065330752953574489e+00
-4.104634505931867294e-01
-2.154123070593250144e-02
-1.140359661044172856e+00
7.866865604598789474e-01
1.106077411582811143e+00
-1.981689696883728757e+00
2.125130704203122001e+00
-2.102101649065051259e+00
1.158008883554151547e+00
-1.476827387873815622e+00
4.015129137305947893e+00
-3.356742458329213363e+00
-5.949984373443908403e-01
2.189665937971078780e+00
-1.798498992619190995e+00
1.100622129255396375e+00
9.331420898857634150e-03
-6.866746250225157500e-01
4.669579716064096164e-01
-8.114091056640162503e-01
2.741420324756097315e+00
-2.106083098980203516e+00
-1.792044927572050250e+00
2.403197856318473047e+00
4.394595340382615456e-01
-1.558556655168358063e+00
6.649701069255126162e-01
-7.948860782394461255e-01
2.215286812081677326e+00
-2.222598810890019205e+00
9.272036932746497984e-01
-6.442580871007172472e-04
-2.733953488978542179e-01
5.795282189940494932e-01
-1.597579662491749986e+00
6.883600655536237234e-01
2.169111412003454031e+00
-3.522217437438911691e+00
3.497587438034099883e+00
-3.101555496528980882e+00
2.804322611401905974e+00
-1.827855435740583623e+00
-4.083586116696255042e-01
8.677538856780341314e-01
1.077907404124871960e+00
-1.091225075461081939e+00
-1.560703030200961905e+00
1.604465240181761398e+00
1.226406434682449920e+00
-1.773731052966842636e+00
4.811264349871136048e-01
6.480391617149589001e-01
-2.005485026548969429e+00
1.915650574650091587e+00
-5.865932528788110334e-01
-4.034331823042289766e-01
1.001093130822386268e+00
-1.000060214868334629e+00
1.329391940403958028e+00
-1.375276450007733020e-01
-3.492303617736368437e+00
3.757926959012246826e+00
-3.630392668994043559e-01
-6.855423977795349622e-01
-5.396261972912759219e-01
8.780858420083440530e-01
-6.350563267512647769e-01
2.289311268853100878e-01
1.183326966961801174e+00
-1.229369482388097623e+00
-1.763920790843917397e+00
7.558593219932046026e-01
5.664220550673583432e+00
-6.132535554570526237e+00
3.847745769061230448e-01
1.887652154704629659e+00
-4.590760347743454983e-01
1.368753752650475053e-01
-1.811638384757784159e+00
1.295091458764257908e+00
2.556984378488739384e+00
-2.852346827337186586e+00
-1.265145039019121898e+00
1.398493310731461658e+00
2.117481143820925116e+00
-3.599900219878807039e+00
4.481114701466524686e+00
-2.904881114174202583e+00
-2.121784015032655013e+00
2.793886072955445776e+00
8.583423364588125271e-01
-2.499470652954836503e+00
2.117746247914743307e+00
-1.885945236052284368e+00
2.208639107461102924e+00
-1.423759335325850639e+00
-4.586641787263542325e-01
1.370108667059626306e+00
-1.544864112878786333e+00
1.255665909712789574e+00
-3.437410440303741987e-01
-1.405967725104799726e-01
1.558231455790001496e-01
-8.780343411710558321e-01
1.446236349429259160e+00
-2.929163905764104125e+00
5.945072840358883504e+00
-5.683695680427103269e+00
2.727648776898312200e+00
2.075310218790641092e-01
-2.714212916836133971e+00
4.343661386698791205e+00
-6.299333519489886513e+00
4.807660568180976313e+00
-1.199776279857465155e-01
-2.440675511396088737e+00
3.870698697735314830e+00
-3.310097439491905824e+00
1.007109923141999985e-01
6.760697649628055750e-01
1.713767209830160398e+00
-1.727122154473476945e+00
-1.585624092385594874e+00
1.772676118484156627e+00
1.925160749727943266e+00
-2.268730228522626735e+00
-1.055403433127286128e+00
2.054009943019947215e+00
-7.144288624010487476e-01
3.593809582467584196e-01
-1.091975484898289217e+00
1.583027070881477316e+00
-9.557942907184027170e-01
1.654638010002469128e+00
-4.847818813215385880e+00
4.143748405053023554e+00
4.639927283013085546e-01
-2.278573650747247825e+00
2.391736869955547018e+00
-1.280738309383118168e+00
-2.378443870248836856e+00
2.412865378548448181e+00
2.585882212691952287e+00
-3.008634151679574487e+00
-2.558537725797682238e+00
2.831479902630640755e+00
2.973329385363221000e+00
-4.119060714665664591e+00
4.300055829000087870e-01
1.020730498482589566e+00
-1.631362047038124596e-01
4.925473854371235083e-01
-1.191984852991005095e+00
2.093204264967647443e+00
-5.009047095716415932e+00
3.595945237347522472e+00
3.292195199836434938e+00
-4.544007279525642318e+00
1.574256407955076931e-01
1.622274821822862645e+00
-1.311604809279811157e+00
9.788912210589968410e-01
-9.213534029841408124e-02
9.035434315265995497e-01
-2.864356489769435132e+00
4.205005035369247857e+00
-5.924064583268112472e+00
4.650725299075132213e+00
-6.060878267943291542e-01
-1.757990511807738132e+00
3.101446090111717346e+00
-3.006189856187807319e+00
9.966702790517840693e-01
-3.861368806580709467e-01
2.132132310089766225e+00
-1.547465265927344458e+00
-2.386267726812576484e+00
2.487199906473771538e+00
1.345250385566482132e+00
-2.518267471958071102e+00
1.810725540927018651e+00
-5.138253419399324562e-01
-1.970550850994347014e+00
2.123133698188606644e+00
3.676399523359197286e-02
-1.068014336980703138e+00
1.333658689564152233e+00
-1.476591037330483580e+00
3.522489016521248573e-01
-1.130780999986519042e+00
5.109487981374568832e+00
-4.365230789929817945e+00
-8.075998745175532179e-01
3.277721420015932807e+00
-4.285639118627293520e+00
2.967817176571980298e+00
1.228637770423064435e+00
-2.433531511605997899e+00
7.174714721133321760e-01
-7.569978537078787817e-02
4.048551751097337337e-01
-7.201271206771197031e-01
9.083153444277549671e-01
-1.111445595732602154e+00
1.822928218427130265e+00
-1.767100727321601283e+00
-1.669849338374261860e-01
-3.430188486803514847e-01
4.272986675038898952e+00
-4.056669419375402263e+00
-5.186602172645105036e-02
2.196830825307667379e+00
-3.120621731902710749e+00
2.608974878590315516e+00
-3.448532238676015882e-01
-3.318248962079423103e-01
-7.449069207942490278e-01
9.256797905705330676e-01
4.394419376703678770e-02
-1.445932008334312735e-01
-9.905790638821164729e-01
1.025081944363650743e+00
3.798589323941417017e-01
-4.353958292145305720e-01
-1.241743189715214246e+00
1.763220126278239430e+00
-3.992887734455252691e-01
1.029546855912916392e+00
-3.819876747175665610e+00
4.237797139714731820e+00
-3.342892444621592407e+00
1.430202261848449563e+00
2.689979457115108108e+00
-3.030141651888614618e+00
-9.931400924877398229e-01
1.812841385730723065e+00
8.845960620370162397e-01
-1.624287100377465709e+00
3.160620476912777699e-01
-4.345059983741679788e-01
9.597062611928235398e-01
-2.070143166445018501e+00
5.586904135390571291e+00
-4.238678686438118959e+00
-2.748348731650511745e+00
4.579204506004282749e+00
-1.681386403333469559e+00
-6.385653460011117555e-03
1.050784500962936630e+00
-9.886501664352773666e-01
-3.840014244333883053e-01
4.259115570525991434e-01
6.279310215318799626e-01
-1.603046079087185438e+00
2.236114587692053846e+00
-2.441207027312179534e+00
3.527130088743217318e+00
-2.138014263932562553e+00
-3.004796082087412223e+00
3.484120780023346686e+00
1.145474275168681944e+00
-2.338390296069685181e+00
9.371835799424255153e-02
9.169146046939105066e-01
-3.875869002008322517e-01
6.049789526255799910e-01
-1.879773102804634721e+00
1.579566252263988169e+00
-1.505173568313749044e-01
-1.121513512040832827e+00
2.971441243052245440e+00
-2.863258886693454741e+00
3.403884006730524270e-01
1.444351885970114602e-01
1.545979879734725726e+00
-1.891621074823034432e+00
7.847192860422042004e-01
-2.027455804235822889e-01
2.724376525513714786e-01
5.273187122723276277e-01
-1.252289906472184855e+00
2.562453770450487500e+00
-5.978245193463945562e+00
4.911678135307343318e+00
1.285922036184149686e+00
-3.569362198636890859e+00
1.303853821365431820e+00
-1.211597116523263296e+00
4.479345893839007609e+00
-4.109119716908143261e+00
-7.464338552725311438e-01
1.561892389283207505e+00
1.596464830782987177e+00
-2.605182106569724265e+00
2.159594014163062958e+00
-9.620063536155708528e-01
-1.633606843238901707e+00
2.234066607147425554e+00
6.484301774340894831e-03
3.365366234618555330e-03
-3.315170248280566501e+00
2.958227667361537971e+00
1.344347881918698029e+00
-2.589473770006686770e+00
1.625781581651661867e+00
-4.915481191216575785e-01
-2.084874116685019541e+00
1.347831613785345883e+00
3.333342590353284063e+00
-4.505758598630793976e+00
1.548682621061170828e+00
-3.678395574410376900e-01
3.004152464412618961e+00
-1.324519255278519214e+00
-7.048762622883756102e+00
7.236412350186514075e+00
2.001046778820872341e+00
-4.258038634429653690e+00
-6.944976881176854189e-01
1.877333067316074633e+00
1.988659733052867695e-01
-1.604991857622002804e+00
3.104530687757248053e+00
-2.865845813494332095e+00
2.916858715465557861e-01
3.885380180373578657e-02
2.029378264943533239e+00
-2.311878760451176795e+00
1.192688876161045686e+00
-5.433441966027536402e-03
-1.414202317395248931e+00
1.846945371779302292e+00
-1.332139353526351710e+00
7.379205491398599381e-01
-5.786523445262603538e-01
-3.175856597951611238e-01
2.263265325458374555e+00
-2.185845937120833415e+00
1.158524623082280325e+00
5.126604393707743235e-01
-4.333411114538181508e+00
3.553805668344733437e+00
1.945836828205706137e+00
-3.943426632442541546e+00
3.297498280478297517e+00
-1.767801461927618556e+00
-1.030050389447291437e+00
1.888267761960108038e+00
-8.918718488519769005e-01
4.512458285985425088e-01
-3.359278418002744626e-01
3.896862865535654641e-01
-8.780992338190889424e-01
4.336827575804481638e-01
5.511169488027491958e-01
-1.266397717389912581e+00
2.687331932489491759e+00
-1.846322597642970020e+00
-1.955434819011992342e+00
2.773499883000659860e+00
-3.824879877882913504e-01
-6.489395504316869401e-02
-1.272037962660599542e+00
2.036749217836707260e+00
-2.156752885839761102e+00
1.949093715728416054e+00
-2.187280814224228820e+00
1.100011049554178166e+00
2.378169778319952687e+00
-2.871556833765017913e+00
-8.012553629671194111e-01
5.834861840850869008e-01
4.193430926707803152e+00
-4.995045110347687611e+00
1.906473390184207473e+00
-2.648877865615591465e-01
7.358998295273812273e-02
3.209506727934090531e-01
-9.605694165792941774e-01
1.130087412676935577e+00
-9.037214805155863173e-01
5.358340042002569525e-01
-6.366013380438284575e-02
-3.684855038786570836e-01
1.058770606752588161e+00
-1.515186734354037723e+00
5.570560512668980557e-01
-1.593171301845221599e+00
6.041386598636733218e+00
-5.644448799417630447e+00
-7.797348416816451966e-02
2.050815780804694732e+00
-4.035984506937174698e-01
-5.695630118053712776e-04
-3.018887849149480274e-01
9.840101466293631471e-01
-2.625863532097125308e+00
2.210918605011846783e+00
-2.713906201390392514e-02
-1.217245480635913424e+00
2.260630600633932286e+00
-1.524140889977765312e+00
-7.114994959673471842e-01
1.529364165314090140e+00
-2.626825418519742605e+00
8.696646101760967529e-01
5.234761405147629887e+00
-5.458901144494856084e+00
-1.983217732448310233e-01
2.556224148456943901e+00
-2.296305310915518483e+00
1.500764886161685574e+00
4.210703855309270160e-01
-7.240470683060382662e-01
-1.317789959581348036e+00
1.273071365988666548e+00
1.797977016090897884e+00
-1.873381984475052331e+00
-1.644364896406269150e+00
1.915586226543842807e+00
6.306695351916579151e-01
-2.133704764162581036e+00
3.180660433412920263e+00
-2.399229734295430294e+00
1.965462120650619537e-01
1.606920884301632046e+00
-3.334592005069125342e+00
3.397234893857121296e+00
-2.706728711008435706e+00
1.400782267178613871e+00
2.079992694339511505e+00
-1.440249495041567629e+00
-3.749319803844003651e+00
4.533262456613829094e+00
-2.256942093972888586e+00
-8.527803924519768985e-01
5.694990532528528604e+00
-6.401609478470036585e+00
3.373724361073451750e+00
-1.207009174920056216e+00
-4.425827014571315776e-01
1.142661823427667533e+00
-8.305833183939426156e-01
1.079931230343385673e+00
-1.510722350614051246e+00
1.970933828939012811e+00
-3.216627978467510030e+00
2.423326883141081023e+00
4.657407826227200065e-01
-1.495403935195557921e+00
1.343663701522568310e+00
-3.789948979423932718e-01
-1.969196458322581611e+00
2.327136633917746611e+00
-2.956052988005786197e-01
-1.193882044561329764e-01
-1.536964846282202535e+00
1.438009960771815310e+00
3.440725778591021133e-01
-7.691316503911561631e-01
8.361435468384408320e-01
4.634972962865022694e-01
-4.126545384589486609e+00
4.253974337837299835e+00
-5.151381073669327737e-01
-6.638721428298381966e-01
-4.668759373391412337e-01
7.186784713236474831e-01
-1.085247618061950359e+00
-6.890218528508884610e-02
3.384153807809378023e+00
-3.261432798844524861e+00
6.696947159773138925e-01
1.847893751673176821e+00
-5.375686995275397173e+00
5.148121835576184857e+00
-1.431192978897764423e+00
-5.757735509622385894e-01
1.665379271362919411e+00
-1.285895448333922442e+00
-1.170879375816148871e+00
1.556831921005304320e+00
8.181822687714719322e-01
-9.904628600441903741e-01
-1.807346358554758003e+00
1.853181167931367002e+00
1.555735994262749999e+00
-2.282703867625589744e+00
-4.193296073543713032e-01
3.117805125909572928e-01
2.803484601030317158e+00
-3.511478404916130724e+00
2.203027128014352964e+00
-7.680076900261227912e-01
-7.490229641146141093e-01
1.755750472944333618e+00
-2.152121546222669934e+00
2.047252541842424556e+00
-2.372483108764773974e+00
9.893812601975038312e-01
3.017809023897197296e+00
-3.882519195382524213e+00
4.122012858374257682e-01
-1.033114243065038629e-01
4.802497955691632292e+00
-3.900058986870544864e+00
-3.448665488989029804e+00
4.853043537838292565e+00
-1.574623370258640298e+00
-1.035538916784090269e+00
5.188035971699429538e+00
-4.044871859771490108e+00
-3.521388761437466819e+00
4.739968239768015401e+00
-2.143133932308132206e-01
-2.366651348103387953e+00
4.323982958447626146e+00
-3.877981656550320455e+00
-4.024789842373548421e-01
4.561469983079907697e-01
4.964444224627929891e+00
-5.417784998498426319e+00
1.142966918400456500e-02
1.234935343814952180e+00
2.077315563952389699e+00
-2.177286329127419151e+00
-2.735083278810637175e-01
2.214095125770558781e+00
-4.472991028237671252e+00
4.161167215412821641e+00
-1.106407568538922970e+00
-4.231723182694633878e-01
-1.354309445584256366e-01
-3.033770607957577692e-01
3.183143015602471593e+00
-2.677683526466397623e+00
-2.697657358854637977e+00
2.729220027764437173e+00
3.075525054986801177e+00
-4.630245894936736661e+00
2.254983408953662671e+00
-7.773889167248166920e-01
4.328802836024153722e-02
2.573884424238698232e-01
-1.659068903379016802e-01
-1.634726818743587745e-02
-1.743736976159680416e-02
-2.244157460390310277e-01
1.322541940728546583e+00
-8.526836483819779655e-01
-1.359090433750495208e+00
2.006226247970996468e+00
-1.064819403658707531e+00
2.851851514571420720e-01
-4.616210167377802209e-01
-6.261686731011073537e-01
3.712211209285752211e+00
-3.606684011739510698e+00
6.463538356379298078e-01
1.284444791303313016e+00
-2.496931034917005299e+00
2.540551172145687708e+00
-1.677074527012201832e+00
6.236947062570535882e-01
4.683279811852085750e-01
-1.155147050625439986e+00
1.935123630898351710e+00
-1.428820756204306042e+00
-4.191847514006571407e-01
1.167235325942652224e+00
-1.108841701442801808e+00
8.040676323303427298e-01
1.358246788577107955e-01
-1.700932647733015557e-01
-1.245427004625666134e+00
1.136392706307738143e+00
9.902464857945266763e-01
-1.131314604911052291e+00
-8.803229353018865444e-01
1.540640427280138169e+00
-4.861312468952916910e-01
1.438599566863648649e-01
-1.682648723662205859e+00
7.070370087733883757e-01
3.782630855124213820e+00
-3.955614672991447645e+00
-3.642806288318234387e-02
1.909176582431477920e+00
-2.641790585503692057e+00
2.260733107120988628e+00
7.704968572034495145e-01
-9.118417180211960127e-02
-5.756816824892477591e+00
6.136852938132705937e+00
-2.497542613605303607e-01
-1.216438069151928092e+00
-1.918127484713370912e+00
2.378459302484203786e+00
-1.044269803722665202e+00
-3.017343826134903928e-01
3.257825947173446757e+00
-2.210179546291128894e+00
-3.531717794970704816e+00
4.775860964810084042e+00
-1.752406315072705389e+00
-2.826061973221580814e-01
6.805417157968268738e-01
-1.665005129064982548e+00
4.465315570281948254e+00
-3.473135994309185293e+00
-1.402317702404849875e+00
3.400381346291924789e+00
-3.381645994374053998e+00
2.585396822083084079e+00
1.202206689034548415e-01
2.894389816588693876e-02
-3.926316460409791098e+00
3.990318849040741522e+00
-1.477303924599673302e-01
-1.461245076857410785e+00
1.014946843159772571e+00
-6.687374440006141896e-01
3.887375616710268544e-01
4.087010138647290125e-02
1.711013075590921140e-01
3.054234698709904494e-01
-3.416214470534346681e+00
2.230088842312638597e+00
5.252984329419764009e+00
-5.691358272517846650e+00
-2.097953199721463768e+00
3.692754291794935195e+00
8.891501543670941032e-01
-1.914562098397055490e+00
1.016610789891154276e+00
1.291267621901456497e+00
-6.998623169645063591e+00
6.525608533482968987e+00
6.839453874687082546e-01
-2.823192567140595965e+00
3.656232332702706866e-01
1.344691491032850239e+00
-2.282794028339243830e+00
2.707851782110535677e+00
-3.012464085378501633e+00
2.191176937632564936e+00
-3.900805287996633730e-01
-8.887185512952411326e-01
1.839185143491267826e+00
-2.143037037929617306e+00
1.523153621272774094e+00
-1.202033439086470201e+00
2.083554091672033870e+00
-1.055432513194481281e+00
-2.854878106525931436e+00
3.460768820814095648e+00
1.530768306292249470e-01
-5.183928836204584334e-01
-3.120729565151838525e+00
3.221992896914672055e+00
1.660312221473141392e-01
-1.526945324486821409e+00
1.819475539792963170e+00
-1.223045543142350144e+00
-1.956349561199121290e+00
1.194823337029455423e+00
5.136283862824465807e+00
-5.399578791908042241e+00
-9.998894255628103522e-01
2.709648650974464168e+00
-1.907271236300772665e-01
-1.138565142909982342e+00
1.725478469070150345e+00
-9.072516957935649051e-01
-7.146946838437702176e-01
2.416741447880164095e+00
-4.865978270520798787e+00
4.766616602771328814e+00
-2.506571305714565767e+00
1.021037000360007330e+00
5.361520716856993385e-01
-2.047939411436209278e-01
-2.408349439882105258e+00
2.706209829051628546e+00
-1.087723225037702246e+00
-7.322823436898033556e-02
1.375297453211534737e+00
-1.121328027511080405e+00
-1.114077489265948628e+00
1.860549738403017184e+00
-2.114329465667165175e-01
6.252317122866591914e-01
-4.146360170988585558e+00
3.813848528377185243e+00
5.255457861324450697e-01
-2.268195502048672374e+00
1.534879139394660141e+00
-9.363267617612692773e-01
1.149826261814939965e+00
-5.035109261844636919e-01
-2.412946373353693108e+00
1.954098691122593046e+00
3.376890980396996866e+00
-3.591654259601452903e+00
-2.201717250934597914e+00
3.099107123385199891e+00
3.009520435160788487e-01
-1.695758147893023704e+00
3.182468273363488365e+00
-9.617143528278171427e-01
-6.689253833233641089e+00
7.416208423812402195e+00
-1.164729174526171640e+00
-1.123720568482654336e+00
4.541306070935457462e-01
9.051592640449470650e-01
-3.591992773891070190e+00
3.513465776982828803e+00
-9.681368110736680022e-01
-8.908837877377019376e-01
1.983925886675927730e+00
-2.427383998054470471e+00
3.063826632353722879e+00
-1.931532738239220004e+00
-1.436252665035182119e+00
2.392111776109778098e+00
-8.055613003903770997e-01
2.278236258391683755e-01
-1.149887776180306576e+00
8.744393902884159964e-01
1.007463838933905231e+00
-8.301939194257677013e-01
-8.147110651587448071e-01
2.155270441748651233e+00
-4.247582167899497385e+00
3.523031691926261200e+00
2.278673091410763352e-01
-1.374824045496450209e+00
7.379336173672191856e-01
3.422284427150681374e-01
-3.062481844432060729e+00
2.714990484738123655e+00
1.635829985493409078e+00
-2.232760466920253872e+00
-1.734470285945834078e+00
2.647462866067380460e+00
7.419568373057446875e-01
-3.502280895364547897e-01
-4.626501398907580054e+00
5.064856447316881116e+00
-1.455363378105746675e+00
-9.105549985244111300e-01
2.518080286417885283e+00
-2.561141204693477835e+00
1.120289715868729497e+00
4.195554160880467232e-02
-3.297516804426564585e-01
1.104092767774850881e+00
-3.639243009610533708e+00
2.849858256989236782e+00
2.026029300133902478e+00
-3.039308940851847218e+00
1.751002628482080103e-01
9.129842751324034333e-01
-1.923581176637477186e-01
-1.892511581606109994e-01
-3.896177980298239085e-02
-6.504528985807446206e-01
1.807392999895327756e+00
-2.615194644327847318e+00
4.333563982592209207e+00
-3.293819467937056711e+00
-1.690227540771652492e+00
2.485550243815019655e+00
1.573559207431863172e+00
-1.862912011773942389e+00
-1.223859309554205410e+00
2.825344517621125817e+00
-3.721179764821675118e+00
2.682812946590098502e+00
1.374613069826030598e-01
-1.761989814986988812e+00
2.553784477197784675e+00
-2.284150881215499584e+00
1.200145151122008480e+00
-2.321908293227393782e-01
-9.578714261125625962e-01
1.198769315779665057e+00
-1.571986579101070924e-01
7.851562968244805985e-02
-1.364098715631486547e+00
1.120193791611428402e+00
2.393320734454132959e-01
-7.751614591309921032e-01
2.253383512003173106e+00
-6.499790578446433820e-01
-6.031228703581651196e+00
6.159247739971649871e+00
1.429858547046662709e+00
-3.077409898224012341e+00
-1.710677196284931423e+00
2.809792494590406697e+00
-1.776144455754813389e-02
-8.108837488638240831e-01
-4.968308737020796229e-01
7.102278650828315332e-01
9.411349966406670764e-02
-1.472149278411151729e-01
2.051226007289170261e-01
8.011828338435573738e-01
-3.427834120820920205e+00
3.418226835941561070e+00
-1.027076642542336105e+00
-8.050740267812831474e-01
1.567701381557169205e+00
-2.144240516378043360e+00
4.515464428882417280e+00
-2.805332604960987908e+00
-4.758855794515759463e+00
5.436153060643076351e+00
1.203804019408657888e+00
-3.233154266663275322e+00
1.064451569883991366e+00
1.268304549950862448e-01
-9.953919145660878876e-01
7.707199945319651579e-01
1.349825024948249075e+00
-1.262816612579547915e+00
-1.897064677199955529e+00
2.161051512967714583e+00
1.403184465924822266e+00
-1.765923642381685976e+00
-1.897608484196376066e+00
2.055546789676628183e+00
1.549553049990403331e+00
-2.603416495709743650e+00
1.666283475615420784e+00
-1.129883621383138248e+00
-8.228356258703726223e-01
-2.525904640720784133e-01
6.587936979208698141e+00
-5.657341779744498922e+00
-3.211572258133718272e+00
6.046086501219807730e+00
-3.239195607813624367e+00
1.557385059537691241e+00
-7.154318694359614872e-01
7.711517245812643528e-02
-4.640000591428359855e-01
-3.478189911859923544e-01
3.749043258595856631e+00
-3.369187395743410640e+00
-1.992110767862103948e+00
2.732274006642185782e+00
1.914939081749779337e+00
-2.669985880916303955e+00
-9.168274974679300193e-01
1.880459775100648656e+00
2.690843238576323682e-01
-4.240866247980087378e-01
-1.679775911859928472e+00
1.821644890581543441e+00
-4.026520869265801661e-01
-7.635066063022819538e-01
2.528245260696985408e+00
-2.578643011001050755e+00
-1.878200887668143304e-01
-2.624092484598437025e-01
4.461018851926215056e+00
-5.130488510930238277e+00
2.624212986059805797e+00
-7.877996622244303193e-01
-3.869508572903617716e-01
9.389211815168883035e-01
-1.451745050830517858e+00
7.395754485249590449e-01
1.105395012205222738e+00
-1.517065566936439680e+00
1.958067508213897856e+00
-3.591083975256491034e-01
-5.047703278314214614e+00
4.843439135517376037e+00
1.834647962043959080e+00
-3.455582361063850527e+00
1.868547326087122151e-01
7.890174645113513519e-01
-8.256197677173828797e-01
-4.542194858255778067e-01
5.100332746555398700e+00
-4.233731865648176829e+00
-3.642292281346092508e+00
5.007552972962548310e+00
6.115766266880975355e-01
-1.883357172448592465e+00
-6.979991740211612949e-01
2.142885414323427717e+00
-3.377504168460667699e+00
2.721375395447750201e+00
6.319794376321694607e-01
-1.287099229672457712e+00
-1.722124361195831010e+00
1.781204351020353904e+00
2.325593345128047940e+00
-2.409250809950907790e+00
-2.429643041651908142e+00
3.008107030655385650e+00
5.351068804538776646e-01
-1.732256532784714809e+00
1.675302336469962405e+00
-1.038413270478920764e-01
-3.475480702807388411e+00
3.949867806637790135e+00
-2.084596139022651951e+00
2.770412631135347331e-02
2.652782337941587354e+00
-3.000865643079405398e+00
1.871084147444618484e+00
-3.379571774544221086e-01
-2.746072179352532672e+00
2.498719540876547462e+00
1.684269846329938591e+00
-2.813544105522730376e+00
1.811628104077664947e-01
2.761470977764571288e-01
2.763160312404321139e+00
-2.023923906578654730e+00
-3.153468091371257831e+00
3.940723153640819376e+00
-1.029734870847008654e+00
-1.256311950200068139e+00
3.786108533442139823e+00
-4.009650716152788341e+00
1.351538350265224953e+00
-9.424061914008063923e-01
3.194984004557877011e+00
-3.333366222901548159e+00
1.398173493837868708e+00
-6.811453911619420598e-01
2.484918310344639836e-01
-6.453775767154011911e-01
3.639651273479914906e+00
-2.309479053121326064e+00
-4.539984350240524158e+00
5.689463936837786839e+00
-8.751595826908384890e-01
-1.067614145415471949e+00
-2.900524951356607817e-01
-7.239506400216366711e-03
2.539867692700762625e+00
-2.842845658445887214e+00
5.573730929972905423e-01
-8.894984128442283422e-02
1.607595862748807169e+00
-1.933557575017829988e+00
7.067613763017348560e-01
-3.055155259190760475e-01
1.490756484140835836e+00
-5.702040183547709695e-01
-2.506351355478496412e+00
3.433952031521277704e+00
-3.058893981889073466e+00
1.464067006172260932e+00
1.624776968336128613e+00
-2.561851304238449867e+00
1.984650268268845608e+00
-1.035755830837142621e+00
-1.042068396482002335e+00
9.445421642044056210e-01
1.853005521945581435e+00
-2.521085895371168561e+00
1.731926780562467183e-01
-9.816454668400476091e-03
3.496588800328428004e+00
-2.765379152727114320e+00
-3.245449713707373451e+00
4.334642564143210919e+00
-1.295311516279165076e-01
-1.079284865557115003e+00
-6.374864692135393529e-01
9.290190941089293553e-01
-5.719681934524065703e-01
-4.476744995616476208e-01
3.475351751101658504e+00
-3.244132557255342331e+00
-1.698876856049675421e+00
1.863745756084314475e+00
3.881026525316311648e+00
-4.737853365446950349e+00
-2.448576989085731181e-01
1.299931781862037283e+00
2.521427264766230358e+00
-2.338996501592936816e+00
-1.957630666908325434e+00
3.381825180259728558e+00
-2.706958852482864053e+00
1.429750119781006301e+00
1.139161581658534761e+00
-1.402903368812057572e+00
-6.973882926667331894e-01
1.157849137712127607e+00
-6.494071311153231107e-01
-3.963487803239738039e-01
2.693056741519559871e+00
-2.623223894684154622e+00
-2.035138791654379498e-01
1.212250162006657916e+00
1.250838995909077656e-01
2.836308988595001024e-01
-2.734877088906440434e+00
3.247214283098368348e+00
-1.806748927981993491e+00
9.019895119625481739e-01
-8.722729288761906785e-01
1.157542257177201772e-01
1.669300761925967214e+00
-2.065566671825671552e+00
1.123538675483205962e+00
-7.560943550316880923e-01
6.315270758533778617e-01
-8.215211887812975400e-01
1.818656827929879150e+00
-1.465337050911401207e+00
-5.494369640167242608e-01
1.079406090737455415e+00
6.610825532179576136e-02
-3.007237941256594160e-01
-7.561904741266929353e-01
8.410581241983021705e-01
8.834895202163249861e-01
-6.346632816375414876e-01
-2.223193447522985533e+00
1.921622891997614824e+00
8.842062026836786659e-01
-2.997466748494503896e+00
5.324993038281895075e+00
-4.932947547617451356e+00
1.393506981891059926e+00
2.434433729826407933e-01
7.859754871464119663e-01
4.162576967015060858e-01
-4.029114673339333486e+00
5.066759730605824075e+00
-4.172402107326075082e+00
2.618715936637072250e+00
2.890135466839548473e-01
-1.553038848156401919e+00
-2.800233533137947428e-01
-1.052621321695003331e+00
7.159696903771310517e+00
-7.396246906832562473e+00
1.172840789184395049e+00
6.688227829532208402e-01
1.804904955819097934e+00
-2.641442031935567147e+00
1.918186724557295442e+00
-1.381605759094114871e+00
1.290806744505699655e+00
-7.943846193067185535e-01
-3.495334567298284956e-01
3.550648900974379130e-01
4.154327419998734561e-01
-1.006808411958934890e+00
2.486730110964553209e+00
-1.940935444860637071e+00
-1.822572788805183919e+00
1.547768894016612773e+00
2.992500726487271390e+00
-4.353152142775194910e+00
3.005380552332904021e+00
-1.513442601333647275e+00
-1.676479122478224948e-02
1.005594667984138102e+00
-1.798078872987971533e+00
1.437490108950498113e+00
-4.797233955012291662e-01
-3.920122810702915683e-01
2.598084154670567969e+00
-1.727482296110590232e+00
-3.466024517104682623e+00
3.890687111279759414e+00
1.166310136807906739e+00
-2.615540400617138772e+00
-3.446572504882948751e-01
3.267234405165666544e-01
3.357769869072314339e+00
-3.768937589374568020e+00
7.668907818167457480e-01
3.363814682382990640e-01
2.695646801149937377e-01
-4.919245064722219674e-01
5.258001350832429699e-01
-4.083026614966903806e-02
-8.036312981939346400e-01
1.466062709457034430e+00
-2.246515496695377756e+00
2.233258727870242044e+00
-1.017853050386291702e+00
6.731386736154707506e-01
-2.175723746742908027e+00
1.475981950228312467e+00
2.337347326088600852e+00
-2.442930917485110154e+00
-1.119540056651972648e+00
2.606093831488621060e+00
-2.490273597291371210e+00
1.773543060752363232e+00
-4.628756110919506339e-01
-6.793211998144067787e-02
2.360426034946640772e-01
2.781760900379370849e-01
-1.773766015979481248e+00
2.025079524743143011e+00
-1.123463567754198422e+00
8.706046562461855487e-01
-6.194571755656563816e-01
1.192525592945082868e+00
-3.546807420614372930e+00
3.241221785433173519e+00
3.926138844181239484e-01
-1.002239964233393232e+00
-1.672443695981363332e+00
2.423410040222536033e+00
-1.065515984748106160e+00
8.213378342779296126e-01
-1.627222221157987203e+00
1.645214730973619144e+00
-1.645637796966465949e+00
7.075041721212192991e-01
2.370412167820310945e+00
-2.211428526783214554e+00
-2.071288969973766658e+00
2.465757133446381921e+00
1.271478565053143939e+00
-2.542854617481468349e+00
1.387513254820674113e+00
-1.028830253427077235e+00
1.364884484457815184e+00
-1.536576109698739812e+00
1.688777119662333348e+00
-1.521774464377986691e+00
7.751794708291923630e-01
-5.555727974529744984e-01
1.158035075550476245e+00
-6.023280925668956787e-01
-8.215885692834354881e-01
1.823002404737256166e+00
-3.028276505329008383e+00
2.635124867718245945e+00
-4.614914342363904964e-01
-1.967064051878468223e-01
-4.524191556259565816e-01
1.003588415918758692e+00
-1.280613304606940783e+00
1.209171032757493158e+00
-2.047655501038762260e+00
9.107768420915376417e-01
3.858816466199154860e+00
-3.457261121000582804e+00
-2.747329644520831948e+00
4.263477618019113180e+00
-1.556348117521338947e+00
-7.064343727213445723e-02
1.538485953902210879e+00
-1.497110529155663450e+00
-1.478154709005722767e+00
9.563267075373316217e-01
4.520982557550540903e+00
-4.685207149862164577e+00
-1.238410166625326436e+00
2.762960888579848007e+00
3.978476317280310592e-01
-1.053162259253678235e+00
-7.697370985005131949e-01
1.411710769450812197e+00
-1.228213984604944020e+00
8.583492847105855805e-01
4.106165554895856440e-01
-2.413009378841921571e-01
-2.235437429511686336e+00
1.976183515510005373e+00
1.739889106361103721e+00
-2.666478057265560864e+00
-1.925041838882589618e-01
1.569482598903289561e-01
4.001963344930974387e+00
-3.908192639477026553e+00
-1.157074814332108792e+00
2.243296807480283039e+00
3.931079550953541224e-01
-1.256131355236258518e+00
1.412320258544641494e+00
1.235912883701272141e-01
-3.838432674661486299e+00
4.503348420230731897e+00
-2.603303605899596196e+00
8.342738690825654002e-01
9.864411538689190628e-01
-1.728459251924419515e+00
1.515128071655934772e+00
-1.156219043169476768e+00
6.815476310998955789e-01
-1.385557244275258115e-01
-2.624678211222165602e-01
8.413895318020372383e-01
-1.711352605329925058e+00
1.709595471617894269e+00
-1.242332337772263040e+00
3.398227954810820739e-01
1.157592028373244819e+00
-1.374478056043889618e+00
1.013932722854743895e+00
-5.393025075666796342e-02
-2.421095838098172415e+00
2.098172836977755917e+00
1.386568931293999052e+00
-2.474211256537915293e+00
1.024565578179515102e+00
-5.723282790519259589e-01
1.632650427797032844e+00
-1.529925462838462424e+00
-7.508480647866149216e-01
4.718665310025665915e-01
3.222838576208245875e+00
-3.219907212647609818e+00
-3.477351461394369014e-01
1.992888431248806214e+00
-2.326553152568414884e+00
1.751253762680517356e+00
3.764092123477977836e-01
-9.235366108742489866e-01
-1.349090229328834933e+00
7.401611280794441194e-01
4.317296243686909563e+00
-4.345160079736037240e+00
-1.937312060930510338e+00
3.025578728699782616e+00
2.021371561371557490e+00
-2.628059848077159977e+00
-1.916384468762658777e+00
3.023283962176452011e+00
-1.742039123026171143e-01
1.926659653882525636e-01
-2.535018812535788424e+00
3.652311189119040957e+00
-5.405163642668483703e+00
3.627477548776855798e+00
3.201487393738472687e+00
-3.903309862163767185e+00
-1.926195611506134497e+00
4.074979007560943778e+00
-1.782438628942436543e+00
1.541334410952061473e+00
-4.794605816966588385e+00
3.522143708858675115e+00
2.283404218272671038e+00
-4.218866855417138240e+00
4.162793973427688421e+00
-1.709965633560300180e+00
-4.994746647151815822e+00
5.508119229205894030e+00
1.181098266909375472e+00
-2.688055176689717829e+00
-1.638289172017787676e+00
2.441935451382812872e+00
9.464807235885056569e-01
-1.542153161087525204e+00
-1.414601739203521280e+00
1.482015760397742410e+00
1.626015532669024211e+00
-2.177267194324521427e+00
6.786844580192689103e-01
6.818438709248089147e-01
-2.495939291790279402e+00
2.661525679223276875e+00
-5.473745803679215260e-01
1.605479984242755287e-01
-2.437509207980377735e+00
1.868115508904728994e+00
2.219041332529200439e+00
-3.155331180040400696e+00
6.269311403578988751e-01
-9.241922029041660380e-02
1.647175276099816843e+00
-1.915956114459021364e+00
1.278536393256824333e+00
-6.912161773011694654e-01
-7.648434221124698063e-01
3.562922851403527158e-01
2.743762143141008192e+00
-2.600518609834614914e+00
-9.095383286681917312e-01
2.473347792539794643e+00
-1.728934301854314626e+00
1.659862716300476659e+00
-3.119410588264587947e+00
2.005637047381836346e+00
1.772118378594704780e+00
-3.442572305277274758e+00
3.272360414854412980e+00
-2.765515201019967062e+00
2.084414858910192958e+00
-1.302318149913271217e+00
3.898210690162872694e-01
-4.818680843698976146e-02
-2.717529481012309067e-01
-1.825725552730772527e-02
1.928619153691788934e+00
-1.358427336163670285e+00
-2.446974508650096247e+00
2.863528755782655644e+00
1.807571130098496459e-01
-1.410205508445196987e+00
9.015458860257905549e-01
-6.733582922829359774e-01
8.251545378594951075e-01
-7.279314788834614358e-01
1.378335417783595473e-01
-9.809685881198443314e-02
8.361461269230009430e-01
-6.120434278542034034e-01
-4.107981948823019036e-01
1.087009985214474783e+00
-1.595425439184905203e+00
1.362911089984800705e+00
-6.804598218495089279e-01
-1.802799313016605343e-01
1.314899385257440434e+00
-1.500314890902724185e+00
1.297664345223705773e+00
-4.237145533766440986e-01
-1.535377476074665237e+00
1.558876079167962114e+00
-1.186877241015715789e-01
-1.049966816603225217e+00
2.632085828086677015e+00
-2.189379913450356430e+00
-2.664221952905536650e-01
1.345967238226143170e+00
-1.532424395408854334e+00
1.129147404369119867e+00
3.766241012030311919e-01
-4.213628366726222541e-01
-1.532228150308658110e+00
1.762630381271354185e+00
5.628517159354109456e-01
-6.042628755488025361e-01
-2.432420151953173182e+00
2.120759423331466387e+00
1.095944078097874197e+00
-2.659079977599157374e+00
4.244440552434816105e+00
-2.847961608757945129e+00
-3.410543198987936897e+00
3.900102469880729394e+00
2.962908657834297799e+00
-3.484488591136869484e+00
-3.058185738561209899e+00
4.515963496618286221e+00
-1.003596465303062679e+00
-5.848327453320046887e-01
8.472974798310731748e-01
-8.990365182609584283e-01
-5.483079353338964346e-01
-7.180634125762207498e-01
5.465345207242852332e+00
-5.874909317060399871e+00
2.716800307389452218e+00
-1.038160047780008199e-01
-2.438222249161041244e+00
2.495847977500581738e+00
-1.382051370083935193e+00
-7.089304414073842597e-01
5.532974194318942551e+00
-5.014197611810828903e+00
-1.439682963446124342e+00
3.339284678050184585e+00
-1.115113601840484137e+00
1.729301993549980931e-02
9.858284555528915583e-01
-4.069193462513120974e-01
-3.078826834727165895e+00
2.716955482487528606e+00
2.451458787352449598e+00
-3.347379212751050659e+00
-4.238002018035564866e-01
1.245949220710048877e+00
4.544821732180852059e-01
-1.064851497274311720e+00
2.299713208727064639e+00
-8.477749850871987292e-01
-5.527157581993744628e+00
5.187687890108468203e+00
3.251755925814867609e+00
-4.771670747866330942e+00
-7.970610088247020997e-01
2.565858780642840564e+00
-1.160927631958670769e+00
2.680817563359196021e-02
1.581164650717084008e+00
-1.240022968272872061e+00
-1.401264355918592663e+00
2.154029784297838201e+00
-6.191013653573338438e-01
2.123793485566629058e-01
-2.039808578562846364e+00
1.382545101651598163e+00
2.993880557076890270e+00
-2.963136149355532378e+00
-1.787204752474802483e+00
3.162754604646744738e+00
-1.669369624008824049e+00
4.976875838751620984e-01
1.192242342930402099e+00
-1.265969941831682988e+00
-1.521610044136010531e+00
1.042493447786569494e+00
3.777873840086058532e+00
-4.129928233309835051e+00
-3.247372809951498684e-01
1.881866514959329661e+00
-2.918404580413984095e-01
-3.520889880699883123e-02
-1.676872310245181241e+00
1.553317150507415256e+00
1.676354064229807594e+00
-1.388936188652452941e+00
-3.289860814152845592e+00
3.597793233037908767e+00
2.690549721900070690e-01
-2.308432250565854105e+00
2.969839465158055525e+00
-2.959744006101570513e+00
1.561649806885730518e+00
-1.380187161144275088e+00
3.593884551279832529e+00
-2.313044801047210441e+00
-2.534102700825398458e+00
4.246839376090331797e+00
-4.030212139372357782e+00
2.369953453644852992e+00
2.085124689912121632e+00
-2.727707199450444264e+00
-1.980665990688548206e+00
1.906218755761227790e+00
4.338288729312284708e+00
-4.815477434130475132e+00
-9.417810105273303201e-01
2.683645462850335228e+00
-3.036590779811952912e-01
-6.758955432642348438e-01
-4.531356519688722329e-01
-1.190187136668333090e-02
2.925155282176503668e+00
-2.651664207672778328e+00
-6.887671930807416354e-01
2.011673951550356776e+00
-2.655222052099923236e+00
1.629785126241695803e+00
2.843537819898838581e+00
-2.075054181619091498e+00
-4.263298587983161525e+00
5.725831167638226304e+00
-3.878330352861598218e+00
7.561366871263810463e-01
4.970294821860984591e+00
-5.870254297159744894e+00
1.324049417084462110e+00
8.302131485724166537e-02
2.467136135510029860e+00
-2.066858740480152612e+00
-1.952331036127021635e+00
2.820464288518130580e+00
-3.246147413460281905e-01
-1.903281539896755081e-01
-9.769291373313597759e-01
1.617078255231815254e+00
-2.328153065362187135e+00
1.725603320368803262e+00
7.054651767918230787e-01
-1.435626654200905739e+00
-4.780281780612080644e-01
2.978311655372251066e-01
3.844129803498235187e+00
-3.431840319517931892e+00
-3.820549683391475604e+00
3.671616014276910089e+00
4.967797679644135656e+00
-6.409764376450734602e+00
1.333289360600884210e+00
1.895980680250509920e+00
-3.970536158313785702e+00
4.161637247617381519e+00
-2.289200367574903083e+00
1.345835687887736443e+00
-1.985379956855254813e+00
1.355484128110852504e+00
1.853992138176851157e+00
-1.866544688668272833e+00
-2.904346425019690869e+00
2.609119154179636801e+00
3.718485184391440601e+00
-4.890450345230825668e+00
6.770698490890451060e-01
9.570793533581949397e-01
2.690450994512896266e-01
-4.940618789710839176e-02
-1.636490468037393731e+00
2.085914685235917609e+00
-1.794395399185194862e+00
9.417806325696356229e-01
1.220097445698894667e+00
-1.666546831154885666e+00
-7.890267780040569612e-01
1.253297076755801598e-01
4.654748928833187804e+00
-5.105318911284485672e+00
1.139434555986297282e+00
2.467347740319753013e-01
-9.722567625070915875e-02
-5.090642582308098074e-01
3.556076480869124090e+00
-1.891759994994553606e+00
-5.715558834970916102e+00
7.053814513052256707e+00
-2.248720154470290389e+00
-1.389591649949748625e-02
2.000870266667505448e-01
-2.248894608193330313e-01
-6.745655399772010341e-01
1.707778967792761005e-01
2.836538003341892544e+00
-2.704337105081283887e+00
-1.562339927945908258e+00
2.048709894711945534e+00
1.824151892443013789e+00
-2.451056298886221452e+00
-2.717670105848856155e-01
1.277931149323793925e+00
-5.977101322845578268e-01
3.683524731711298461e-01
-7.636271988766238916e-01
8.732835302207996309e-01
2.621401532293424208e-02
3.111466348936264836e-01
-2.963264233887362042e+00
2.422270214905735575e+00
1.816793808553626821e+00
-2.835171980364392219e+00
8.396836232810860334e-01
1.299183357240584202e-01
-8.332299575703382422e-01
7.061657128580240972e-01
1.683128630415823501e+00
-7.094218091157562522e-01
-4.824895136205697099e+00
5.356211506957227364e+00
-6.875916593722337655e-01
-9.346934339535862835e-01
-3.944396013923318067e-02
6.726003385829266712e-01
-1.736437169476468423e+00
1.317552991694269648e+00
1.681992014298241855e+00
-1.777213049150036195e+00
-2.226939137809637259e+00
2.114277684170581928e+00
2.930817600033043036e+00
-4.105284146609775142e+00
6.570146289963008090e-01
-1.134685937865285155e-01
3.288979847735407080e+00
-3.104987038909483132e+00
-5.289075274603537435e-01
1.787146557886993392e+00
-1.559792640261623564e+00
7.176317074338102175e-01
2.088497625444362349e+00
-1.334378239547063805e+00
-3.394315002685672766e+00
4.258074718182224494e+00
-2.273138173109117144e+00
-2.273335891903040529e-01
3.533282090878743009e+00
-4.062664223298154909e+00
3.210296767480481428e+00
-6.725979557149706078e-01
-4.672979899717481622e+00
5.446440847236276639e+00
-1.768122704945354950e+00
2.612638981812356320e-01
7.041064049684248038e-02
5.867778357582722482e-01
-3.517903772829498621e+00
2.755630802991595907e+00
2.456001873485285980e+00
-3.830635882883138610e+00
1.277485660768231002e+00
-8.598035136729621497e-01
1.675334174046764657e+00
-2.754937069823054419e+00
5.658889439315982095e+00
-4.509855881552327972e+00
-1.613931296414335526e+00
3.136803207790096248e+00
4.788772114515671419e-04
-7.964426755636547783e-01
-2.191283904416211348e-01
1.247883537436316193e+00
-2.879018941055980996e+00
2.689062013643737981e+00
-6.701895821885081039e-01
-1.131316871804872448e-01
3.470051684508047851e-02
5.379040774518528689e-01
-1.455310990088645839e+00
1.661900674559437796e+00
-2.148493169848226358e+00
8.526172976097736722e-01
2.808404036223616451e+00
-3.310311423223220473e+00
9.883689033194487106e-01
7.475942205644420246e-01
-1.836159550751498948e+00
2.355949267816147774e+00
-2.930259048033018843e+00
2.067098917553979565e+00
3.670680204495564425e-01
-1.220411336935639302e+00
1.184268455732621961e+00
-6.585795861090597558e-01
-1.413401637280598644e+00
6.514337031752828189e-01
3.448379081834253679e+00
-4.545201421435778322e+00
2.315071620517715090e+00
-1.437289334221782289e+00
2.513768012960214904e+00
-1.409369686824722745e+00
-1.615477260443508589e+00
3.286017289093646099e+00
-4.478802680761630128e+00
3.811875313353902506e+00
-5.175198761849324480e-01
-3.613899110330919817e-01
-2.065128086668687413e+00
1.444923571770803994e+00
2.463269031508103168e+00
-3.573650939453740349e+00
2.474901091621059646e+00
-1.104601345330560536e+00
-7.982264812559451972e-01
1.282954335071174290e+00
-5.566514217367111161e-01
-2.033092891899935251e-01
7.114825417514443195e-01
-1.097013469715361733e+00
2.243873462308967781e+00
-1.323012592051737268e+00
-1.854303754082666789e+00
2.577035603029570687e+00
-1.709194375407007804e+00
-1.561627374879526187e-03
3.186088259733099726e+00
-3.769350044039286640e+00
1.689502422964626938e+00
-7.741453471037017531e-01
1.263155291956418180e+00
-1.125989072487460163e+00
-1.284204263966922110e-01
-7.234704556192636526e-02
1.875802879044272897e+00
-2.245769058896590842e+00
1.451419148209263321e+00
-5.668038302989917288e-01
-2.996629181871595105e-01
7.177767407452646520e-01
-1.208965782195214889e+00
4.874932577902469366e-01
1.458992661423308190e+00
-2.185891185642773848e+00
2.246907298792486962e+00
-1.530508941679573853e+00
-4.091070529527233712e-01
7.058202137341212934e-01
9.625382799003616707e-01
-1.437520934817636986e+00
-1.041869937620034103e-01
-1.501799425867492710e-01
3.210569021543745905e+00
-2.716353918556381419e+00
-1.465538076510167986e+00
3.089961310580560117e+00
-2.432610165020321791e+00
1.705671568551633266e+00
-8.573621819147920764e-01
9.711482795105763621e-02
1.679143102938992216e-01
-9.350976553363912203e-01
2.760029285923674358e+00
-2.778231610039842980e+00
4.999132114755582279e-01
1.489205459052918568e-01
1.432041291470449673e+00
-8.380613465147416230e-01
-1.924604398745932032e+00
3.035860087125604956e+00
-2.980643207669436023e+00
2.144643851574678184e+00
-5.735019529403730942e-01
-1.039180772415101706e-01
7.152686948127124911e-01
-1.363445319224789731e-01
-2.380933235781812485e+00
1.900772572208613731e+00
1.237063171700210074e+00
-3.209496227882410402e+00
4.254013790797848138e+00
-3.917832269275999035e+00
3.188283208058658502e+00
-1.206235736147924564e+00
-2.850620845458162744e+00
3.427471941531314403e+00
-8.434311221877406339e-01
-4.196428891954767648e-01
1.364825337184434773e+00
-5.591662749173444968e-01
-2.597251434340349885e+00
2.693071962648832862e+00
-3.029881669224886442e-01
-1.498757698970458963e+00
3.449099076823443077e+00
-3.118798120483140757e+00
5.821846987762178127e-01
7.151818319080311959e-01
-1.266885170028905216e+00
1.164261795078802120e+00
1.757690461070990362e-01
1.048779811599992173e-01
-2.318520330696578036e+00
2.725453860622354618e+00
-1.205566332902478610e+00
4.283805271603553511e-01
-7.487885857445676363e-01
3.897573157534335586e-02
1.699837517212026139e+00
-2.341368610964163821e+00
2.401001073359996241e+00
-1.664354125356012792e+00
-2.188982827545600252e-01
6.188962772164946502e-01
4.417011204894156218e-01
-7.677250722205802846e-01
5.366413994388560260e-01
-1.332844631367033350e-01
-5.718734083538246082e-01
8.869003190405349013e-01
-4.318330414192794175e-01
6.129318295396268823e-01
-1.922972067429972842e+00
1.583555083205744118e+00
9.653779343235252552e-01
-2.081859843565083246e+00
1.191366343263342564e-01
-1.430477132059801093e+00
7.984187837089152140e+00
-7.715199109962389556e+00
-1.635062593271534581e-01
2.592568023402154420e+00
2.718979288664451488e-01
-1.019475797771146386e+00
4.798991134794913793e-01
6.647716114848891689e-01
-3.676571372500063717e+00
3.485263712362456356e+00
1.124651738238444443e+00
-1.389682592036876052e+00
-3.058409724577536792e+00
3.773234721188230889e+00
-1.703549004425876312e+00
-4.838053822153740580e-01
3.922438209063467962e+00
-3.994647211476491933e+00
1.691955807591292160e-01
7.604105862737435828e-01
1.308451655038379124e+00
-1.806842769639958268e+00
5.963178481649040741e-01
1.669511210210758434e-01
5.291311767637399965e-01
3.928868927210332762e-01
-4.534403837873846044e+00
4.052901721383348921e+00
1.932479100924082704e+00
-3.004516821472753119e+00
-5.441908347901347476e-01
2.289187010548791701e+00
-2.607233897220567975e+00
1.982045651886484183e+00
-8.050465769613631695e-01
