9.922205025642439224e+00
1.162647964815627510e+01
1.335967750289049150e+01
1.511650614564938877e+01
1.696581858019721523e+01
1.888900842258751567e+01
2.039292323727709899e+01
2.143527630243615789e+01
2.223403212828762676e+01
2.264820735186514966e+01
2.297757849365302363e+01
2.323183970494543260e+01
2.313283550363026109e+01
2.273513647209936295e+01
2.236848451240704705e+01
2.202030168108764485e+01
2.156144189107004649e+01
2.106651881818160632e+01
2.025800103756780857e+01
1.911304199675910453e+01
1.782594742463820126e+01
1.632920668570109868e+01
1.498453447777666625e+01
1.384415665135813178e+01
1.268504762893973314e+01
1.161247782061959199e+01
1.045684425652796001e+01
9.200519847587136368e+00
8.021245731868161144e+00
6.884492643175310178e+00
5.449935631799236013e+00
3.711938754827317499e+00
1.811863726240221961e+00
-3.360828712439745125e-01
-2.487596863822426840e+00
-4.627036485695776413e+00
-6.947611814499850880e+00
-9.395650901313830516e+00
-1.140942443711818655e+01
-1.295402330075395625e+01
-1.425501149342067642e+01
-1.515553058978250789e+01
-1.602522706664366225e+01
-1.687440563894961798e+01
-1.737659931965919924e+01
-1.760063885935482020e+01
-1.788114320065860952e+01
-1.820063477964409060e+01
-1.843727757289014590e+01
-1.866566840407465122e+01
-1.859170012684316831e+01
-1.819263722467259825e+01
-1.767062452957121366e+01
-1.695436745634294695e+01
-1.649779203012372619e+01
-1.636266326078538924e+01
-1.627966301167552743e+01
-1.638045015373955593e+01
-1.644431877400136699e+01
-1.645087473117637700e+01
-1.662711415387733638e+01
-1.692886698864048256e+01
-1.694884384261261800e+01
-1.668271790117895392e+01
-1.629855679291476989e+01
-1.569481984941623587e+01
-1.516919591222134400e+01
-1.474139805044393725e+01
-1.417930427538717275e+01
-1.354916586684535496e+01
-1.310496997356551319e+01
-1.284638709394558376e+01
-1.270133198812289166e+01
-1.273654764914574855e+01
-1.275018656073719647e+01
-1.273928594927994773e+01
-1.286410334570500780e+01
-1.308584896095184114e+01
-1.330581453683334026e+01
-1.353657047058582918e+01
-1.380197434697008241e+01
-1.408215593424053225e+01
-1.448288413280482523e+01
-1.501098915340401518e+01
-1.560007823499253377e+01
-1.627599201275933893e+01
-1.677922632438686890e+01
-1.707948317654270554e+01
-1.731947169052087077e+01
-1.742493783978436284e+01
-1.753231820120804940e+01
-1.765197667190367881e+01
-1.764985793884785537e+01
-1.755296125192002066e+01
-1.757239088703867935e+01
-1.770811734637354817e+01
-1.787536797646690090e+01
-1.812590659867433729e+01
-1.830012995930209385e+01
-1.838733242742995699e+01
-1.850922290011622096e+01
-1.862979813162514731e+01
-1.868232210693469497e+01
-1.867306729140363686e+01
-1.860726528014286529e+01
-1.846864064543565931e+01
-1.832416100138178550e+01
-1.817319423905361120e+01
-1.796778997573912307e+01
-1.772070360615705198e+01
-1.743551780002680118e+01
-1.710638570018606686e+01
-1.673932520693925241e+01
-1.633321362801998333e+01
-1.587083637580895257e+01
-1.535120170070183931e+01
-1.478082807800739218e+01
-1.415493644777050974e+01
-1.356775921860762324e+01
-1.302805456332669110e+01
-1.248705921630712012e+01
-1.197098351649669645e+01
-1.142579187101711646e+01
-1.084758423654030501e+01
-1.028629041580811077e+01
-9.730861406425164617e+00
-9.111021227526387989e+00
-8.427072320386137960e+00
-7.705545890903854556e+00
-6.929108114090770876e+00
-6.151914208448689081e+00
-5.377114561208804489e+00
-4.563415551491954325e+00
-3.722769466788118820e+00
-2.781966656021349849e+00
-1.728840659973265970e+00
-6.060279985820353765e-01
6.090243579951897246e-01
1.884638880641665182e+00
3.219007766923593472e+00
4.648937877506691407e+00
6.169331184361641185e+00
7.713679212084443293e+00
9.282478402157906316e+00
1.090583242098186467e+01
1.256821722465710245e+01
1.432014654286587607e+01
1.616643995712187021e+01
1.807010711651817658e+01
2.004355620219576295e+01
2.205525544790246784e+01
2.409887323570642081e+01
2.619900165871513309e+01
2.834627958034602102e+01
3.055172398879531670e+01
3.281774253120581619e+01
3.513078251747024439e+01
3.749348435546719571e+01
3.994496601472724251e+01
4.248706590922815707e+01
4.510305773762855353e+01
4.780337160444112499e+01
5.056253433048653534e+01
5.337926145776773978e+01
5.627534606135335338e+01
5.924562732771820350e+01
6.174573024891226680e+01
6.372273711772990623e+01
6.542802536840693506e+01
6.670422618445395813e+01
6.786897228360923862e+01
6.893334178320924366e+01
6.959485624480180377e+01
6.991063110917234269e+01
7.026404055714314723e+01
7.064271385874891962e+01
7.089218221936883424e+01
7.109974453677567396e+01
7.094866770094890285e+01
7.041220542247067726e+01
6.971393261021458443e+01
6.877670541934996606e+01
6.797994490705376336e+01
6.738024283662645075e+01
6.673869521653986681e+01
6.616595576622458452e+01
6.548788343044161309e+01
6.468519748592559893e+01
6.394248434729316699e+01
6.322394985208136120e+01
6.216329022520193348e+01
6.075331971699017686e+01
5.914675251943295820e+01
5.725072847442896773e+01
5.532572882689203198e+01
5.338814582892368321e+01
5.123045547283975765e+01
4.890950078698820391e+01
4.696137290031779798e+01
4.541616662416357997e+01
4.406204727623356376e+01
4.304748902558109336e+01
4.201327904353480847e+01
4.094903759589586656e+01
4.016782377934136150e+01
3.960192738146472635e+01
3.893942254257991920e+01
3.819699421832316233e+01
3.748525270209452742e+01
3.673441593601177857e+01
3.622023462229907409e+01
3.596311292078910071e+01
3.577325109869708086e+01
3.571695296628100635e+01
3.535378916854909903e+01
3.462389598865896545e+01
3.378589066853652412e+01
3.271165666586770016e+01
3.161564018175031165e+01
3.051669468211839842e+01
2.919364142749789792e+01
2.768877619038871174e+01
2.639281769872339467e+01
2.530888043580496927e+01
2.427503387020609793e+01
2.338802074830279665e+01
2.236027060570147995e+01
2.117204259304947556e+01
2.004589418713240079e+01
1.891719365693830568e+01
1.792175715361615929e+01
1.709827451832145329e+01
1.633713478566643573e+01
1.568427696955694017e+01
1.511512472588228562e+01
1.462435696328459578e+01
1.426767751033075093e+01
1.404299899928995465e+01
1.377148170362984736e+01
1.344892015808339103e+01
1.316335107081322953e+01
1.287113500685729583e+01
1.269454336981782916e+01
1.264579430040993380e+01
1.262955771344014622e+01
1.267530804831977420e+01
1.277175964446189305e+01
1.290836059894947496e+01
1.311288930156314336e+01
1.338037446721670776e+01
1.369781717562815437e+01
1.406835713074792693e+01
1.449433050445941262e+01
1.497389050188863990e+01
1.555772559030020119e+01
1.625080019385812591e+01
1.702823154027138131e+01
1.790443488009317008e+01
1.885255137144935844e+01
1.987128077452693375e+01
2.098704638390183419e+01
2.219494929300954666e+01
2.310453594439302805e+01
2.368018050937373431e+01
2.410226306142655872e+01
2.425919230280377548e+01
2.438268824642587163e+01
2.448195826847645407e+01
2.434013532520624423e+01
2.400006704932326329e+01
2.373365170858054540e+01
2.353285488857822116e+01
2.329071500496324632e+01
2.306994252683385227e+01
2.264689287168863174e+01
2.200391432742285147e+01
2.130051830282261349e+01
2.048315591787122258e+01
1.982244764272136095e+01
1.935967667758234967e+01
1.892639885929225585e+01
1.860233065365088123e+01
1.826492725352450819e+01
1.790165065379729725e+01
1.764473051844351303e+01
1.746989090016780821e+01
1.711862240008304781e+01
1.658701569197350523e+01
1.598444301231755205e+01
1.524624314423029503e+01
1.455827474388683918e+01
1.393331492832038343e+01
1.322539600285138484e+01
1.247598319651965149e+01
1.182525243787740088e+01
1.127089067449097293e+01
1.077654888897734686e+01
1.037842616857674827e+01
9.960921443988819846e+00
9.522470400479653208e+00
9.152841390029916369e+00
8.829594066567146626e+00
8.505511762426696265e+00
8.188065125745133344e+00
7.886049586215412965e+00
7.590343577349681681e+00
7.355286300830902846e+00
7.184081480639729733e+00
7.043561924986168066e+00
6.946976221775962301e+00
6.748172090469239492e+00
6.430498131640447923e+00
6.073313256090544954e+00
5.634868463628562196e+00
5.192802239212053195e+00
4.752808088762632721e+00
4.239028728280019642e+00
3.666778665239359469e+00
3.152846592585147434e+00
2.696954186381447016e+00
2.252388243608088647e+00
1.847672961603467945e+00
1.393928464288574309e+00
8.851476497352948059e-01
3.887839690368680157e-01
-1.152851575430666464e-01
-5.315877529904359244e-01
-8.431130685730584551e-01
-1.109079236137853419e+00
-1.300003148084307059e+00
-1.454680683455978230e+00
-1.576132103493708136e+00
-1.617745062860314720e+00
-1.585979390574560499e+00
-1.573916751279223813e+00
-1.581875627513309901e+00
-1.567734494308728577e+00
-1.553767836546571246e+00
-1.471411256303563730e+00
-1.314500836817226403e+00
-1.134625213551096801e+00
-9.153551683922096505e-01
-6.948169603494471769e-01
-4.817640746107071381e-01
-2.457360348791684801e-01
1.462453162795116640e-03
2.710613321468893777e-01
5.656325779093619444e-01
8.691093408178049984e-01
1.183914344089534554e+00
1.559383565876779620e+00
1.997584767679043249e+00
2.476445258050234521e+00
3.008834177721599445e+00
3.562330181192764122e+00
4.134834316992959558e+00
4.753460291412761052e+00
5.411292018283835326e+00
5.894118637638966263e+00
6.183461861695749739e+00
6.374973488861829019e+00
6.407505603125738247e+00
6.410748252263237745e+00
6.389178799451003421e+00
6.222439730386130741e+00
5.934291837840190986e+00
5.668820414219867487e+00
5.420825275695309031e+00
5.133989491079010925e+00
4.841093285531139934e+00
4.421499226247681769e+00
3.865436198918472677e+00
3.257785550680554199e+00
2.569352146648573143e+00
1.954139207989042948e+00
1.434727297130859336e+00
9.159402971408351357e-01
4.427512114317291303e-01
-5.635597293964271504e-02
-5.887735196666792348e-01
-1.078942830212173076e+00
-1.541310914422886702e+00
-2.121281329307788788e+00
-2.821188353519519243e+00
-3.580314455509721050e+00
-4.435225701190764980e+00
-5.281471137009756234e+00
-6.112216118361996742e+00
-7.009882833591030149e+00
-7.951416055882623901e+00
-8.723419202054225607e+00
-9.313602323685229223e+00
-9.805716302219593672e+00
-1.014040385090014951e+01
-1.046016313294778399e+01
-1.076875477984338758e+01
-1.094136175446912418e+01
-1.100455510962386185e+01
-1.108196197411617767e+01
-1.116659424307265347e+01
-1.121414118821184935e+01
-1.125198508132240605e+01
-1.117015447188154553e+01
-1.096018580229856454e+01
-1.069717231851484485e+01
-1.035440313742104834e+01
-1.010720575071882799e+01
-9.979084791226233264e+00
-9.866599595210619356e+00
-9.820500266134285283e+00
-9.754841952114459147e+00
-9.661764434427961845e+00
-9.629169373925336117e+00
-9.639828421018753701e+00
-9.537641184354077595e+00
-9.321029663519309949e+00
-9.054185547759649566e+00
-8.698200779390479198e+00
-8.367389601693378864e+00
-8.069276295268435817e+00
-7.714787461197307294e+00
-7.329348272599813363e+00
-6.894724645771833416e+00
-6.398880591745631286e+00
-5.868226834191478503e+00
-5.294667953633441115e+00
-4.666914623586717603e+00
-3.986048501716328740e+00
-3.249575407710708408e+00
-2.454313812787916493e+00
-1.645227284069767482e+00
-8.244790090976815700e-01
3.272250017274172529e-02
9.152188150405028422e-01
1.850689171164784375e+00
2.842478956042663096e+00
3.868005273897329399e+00
4.934108872145487545e+00
6.061474313992670560e+00
7.249946265039986848e+00
8.495110556917531142e+00
9.802545805405731727e+00
1.115603047251482671e+01
1.255583016087571124e+01
1.401523844657756079e+01
1.553147779534411654e+01
1.710080197354902865e+01
1.872498545210210352e+01
2.040452853427271052e+01
2.213931528889888156e+01
2.393612320593461718e+01
2.579580586181962332e+01
2.771546509401208169e+01
2.969718676191309470e+01
3.123902567618763015e+01
3.228973115475162814e+01
3.308604388592174672e+01
3.348228413210209453e+01
3.376592018064885536e+01
3.394755957640912669e+01
3.375040641051422341e+01
3.322602075576880765e+01
3.273628048781340283e+01
3.227062217038616865e+01
3.168180848402670335e+01
3.105262311000501185e+01
3.008685802659454822e+01
2.875941771240124822e+01
2.728048867990577975e+01
2.557804490350036275e+01
2.399265954783865240e+01
2.257616190411387791e+01
2.111206926553453300e+01
1.969995645273400342e+01
1.818561262162681658e+01
1.655156520895189587e+01
1.496271182619809537e+01
1.338734845261603112e+01
1.149267832062595573e+01
9.271853180034046460e+00
6.864162844277783115e+00
4.185152602549474743e+00
1.470676561255800152e+00
-1.264367205514279391e+00
-4.208230324572497238e+00
-7.309465270963081629e+00
-9.899635846104013481e+00
-1.193276028949725109e+01
-1.368625650058251253e+01
-1.497243427948565042e+01
-1.622138433979852223e+01
-1.744609651834686304e+01
-1.826191098990964790e+01
-1.874875061817286692e+01
-1.932003605155324522e+01
-1.995651382444074784e+01
-2.050449375184438239e+01
-2.105691367587932561e+01
-2.125625211990048413e+01
-2.107468244002698654e+01
-2.076009646287764099e+01
-2.022604581021432679e+01
-1.999594703847499488e+01
-2.014268382364051746e+01
-2.035265228844088625e+01
-2.077810562767074032e+01
-2.116792070772341106e+01
-2.149839700240749707e+01
-2.203008788975645871e+01
-2.271279982255451202e+01
-2.307082680192006663e+01
-2.309863300839565525e+01
-2.299349016144814328e+01
-2.263669003044703842e+01
-2.237468457921894682e+01
-2.223055791964878125e+01
-2.193369712674085292e+01
-2.156121399499307145e+01
-2.146663782763695849e+01
-2.165542855292387969e+01
-2.201658296361151912e+01
-2.264458466666916436e+01
-2.327126621556819686e+01
-2.389200047622407297e+01
-2.472528878346103198e+01
-2.572004494590149903e+01
-2.672027352033514447e+01
-2.774190974442681323e+01
-2.882943428643202566e+01
-2.995037057983378403e+01
-3.126168276582822969e+01
-3.277422526235791622e+01
-3.438682790573312786e+01
-3.613783920536224059e+01
-3.768675845630019694e+01
-3.899250608831516729e+01
-4.024577896815863909e+01
-4.134895019370846825e+01
-4.247827868868522216e+01
-4.364787290914040341e+01
-4.468313914987980695e+01
-4.561914401884531856e+01
-4.673933843114254216e+01
-4.804453240301024408e+01
-4.942034428280378222e+01
-5.093665036117218392e+01
-5.238106094775397281e+01
-5.373949348635073875e+01
-5.517497974420329143e+01
-5.663985807992716559e+01
-5.782549164176554513e+01
-5.871804997033691365e+01
-5.942770810503547096e+01
-5.986908081648119406e+01
-6.025774599576205048e+01
-6.059748921933845622e+01
-6.070308258703839499e+01
-6.061421198045525216e+01
-6.049326624129356844e+01
-6.032776856190727699e+01
-6.006176647912703004e+01
-5.972979864544795703e+01
-5.917969281888276356e+01
-5.839920244313932329e+01
-5.748864458362079688e+01
-5.641022904992965437e+01
-5.543927652670394934e+01
-5.461017240215890922e+01
-5.376294169485623087e+01
-5.297628298445098949e+01
-5.211023063779000353e+01
-5.115193326366140525e+01
-5.024050267361192823e+01
-4.934725510945963123e+01
-4.823258215810779603e+01
-4.689392372693419020e+01
-4.542769990155376547e+01
-4.377378921021219327e+01
-4.210789042635717294e+01
-4.044074999863909170e+01
-3.863475851921909765e+01
-3.672843998043703095e+01
-3.505089853457216265e+01
-3.361984336409365426e+01
-3.230806077259783393e+01
-3.120671990275935670e+01
-3.009304561593105021e+01
-2.896120533549839493e+01
-2.800471794049491692e+01
-2.718182901851613664e+01
-2.630419018442926671e+01
-2.538265984957166665e+01
-2.448374716365669812e+01
-2.356569414834615372e+01
-2.279682537501662054e+01
-2.218982175329618656e+01
-2.162976533639324472e+01
-2.115739359194515501e+01
-2.049373616488692207e+01
-1.960163392582252584e+01
-1.864415918591364729e+01
-1.754046120539575426e+01
-1.642792052466019470e+01
-1.531863693746194777e+01
-1.407216971656121984e+01
-1.271581244532813315e+01
-1.149553952066001372e+01
-1.041336578552368231e+01
-9.367983665779668456e+00
-8.420423791961338722e+00
-7.389597916622689944e+00
-6.263326194995444851e+00
-5.181985548509739026e+00
-4.105048141070304801e+00
-3.131848825971136119e+00
-2.288346428789810538e+00
-1.499337677244945599e+00
-7.979094904798333943e-01
-1.610316814595817714e-01
4.147138354366908253e-01
8.865470818177922929e-01
1.256957486108993605e+00
1.648009930577519988e+00
2.061835914214966703e+00
2.438852720507234118e+00
2.808525528583508457e+00
3.085698080258384657e+00
3.261781147613507237e+00
3.402203999385051691e+00
3.486251668903893819e+00
3.529657278632658546e+00
3.540199042950777031e+00
3.494486787160258068e+00
3.398013052575607595e+00
3.254761202548559496e+00
3.062065175628663205e+00
2.822494808851060633e+00
2.536165005299999109e+00
2.162217243812956546e+00
1.697110234363635506e+00
1.159934943087142845e+00
5.391715676087869280e-01
-1.423390458111938595e-01
-8.836193669887830726e-01
-1.706460717728575993e+00
-2.606666270442789202e+00
-3.124919859429072577e+00
-3.217622429971750631e+00
-3.097550970259806302e+00
-2.632601572384138056e+00
-2.092413470074694803e+00
-1.487126296223224564e+00
-5.618210190380934499e-01
6.343380925800360393e-01
1.778467429306965553e+00
2.880390480406755938e+00
4.068866004028061312e+00
5.269843556719795430e+00
6.749112740799211529e+00
8.528397293376434263e+00
1.041895271037697768e+01
1.248495123682747021e+01
1.440778436048801048e+01
1.613926880370403794e+01
1.787904702155298509e+01
1.953369522473587594e+01
2.124823262165340054e+01
2.303813386433988697e+01
2.474812743742467802e+01
2.640747124551854697e+01
2.832253382853520307e+01
3.049865852145855882e+01
3.280709738820134191e+01
3.532500006617070198e+01
3.783336445058137087e+01
4.031775099699920162e+01
4.295140478496647773e+01
4.568599007792393962e+01
4.791013762165361101e+01
4.958132261931230289e+01
5.095181639040244903e+01
5.184947583694521001e+01
5.266698864125722679e+01
5.341546119992796804e+01
5.374255709322802943e+01
5.372066690463886118e+01
5.372617262593639254e+01
5.374070012682646791e+01
5.362346964736825328e+01
5.345850488360969877e+01
5.291873232093569612e+01
5.197804020136255332e+01
5.086190254155054191e+01
4.949067929121478926e+01
4.834320991790217903e+01
4.748545813669561966e+01
4.662959083336376409e+01
4.591436595877641480e+01
4.510878195547279290e+01
4.419042910601549323e+01
4.339739469783831538e+01
4.268293696345973842e+01
4.161087078134161032e+01
4.017544928793653725e+01
3.855649450124933963e+01
3.664463539468063402e+01
3.475639344770551986e+01
3.291218884066145733e+01
3.086355448592456696e+01
2.868038931849864781e+01
2.706670812150043304e+01
2.606602766307844377e+01
2.539791518786701019e+01
2.525918164199225657e+01
2.518559720007353420e+01
2.516490013134179904e+01
2.560722193533162994e+01
2.642651234514393366e+01
2.720610513288272969e+01
2.796860932640144881e+01
2.886595835266933108e+01
2.980575432132896552e+01
3.115600162852192767e+01
3.294557506485267595e+01
3.492267906305455227e+01
3.717692574104206216e+01
3.913496211053293905e+01
4.071952114598313699e+01
4.227080195033265397e+01
4.362291545219491695e+01
4.505606869939091297e+01
4.659644346644047630e+01
4.795726068513911855e+01
4.919496722502613295e+01
5.082361170322498367e+01
5.284899473475795162e+01
5.505983435397087788e+01
5.758459950295628005e+01
6.004807406018182547e+01
6.242585903986697105e+01
6.501122274195331840e+01
6.772100928258203112e+01
6.984395145741450506e+01
7.134061938337822539e+01
7.248526756929307169e+01
7.308013418565923303e+01
7.360416841800524423e+01
7.406905830690783432e+01
7.405660460482603469e+01
7.365578846426983262e+01
7.327210506885326424e+01
7.288117582665027783e+01
7.233839035571602949e+01
7.173288979054878212e+01
7.070059285264520099e+01
6.921314556662255768e+01
6.751749418765959376e+01
6.552477603611329471e+01
6.383093226168227829e+01
6.251464493607013395e+01
6.122542814449576554e+01
6.013529494069634751e+01
5.894969344517417653e+01
5.764163527725193603e+01
5.651040660965381335e+01
5.549664251473754462e+01
5.407219525810725003e+01
5.223162280043055716e+01
5.019107537048333256e+01
4.781869727840824424e+01
4.550130120540543288e+01
4.326393140295183315e+01
4.080478848219488697e+01
3.820961800020768351e+01
3.603423265129944042e+01
3.430117283415441420e+01
3.281071908440307539e+01
3.171515013930879334e+01
3.062240022610246015e+01
2.952393154627612049e+01
2.875278582004265360e+01
2.823531221754787524e+01
2.768030462199268982e+01
2.710888713275817352e+01
2.661836227563476243e+01
2.614565349168791286e+01
2.596168755752240997e+01
2.608666470534438275e+01
2.633964616815074322e+01
2.678668572863971065e+01
2.693377444952603383e+01
2.671786919543545480e+01
2.642355131300181981e+01
2.590851026759638032e+01
2.542147389557987580e+01
2.498387181148690317e+01
2.434537019168342908e+01
2.355570424000505625e+01
2.304156264696811363e+01
2.280593892825924129e+01
2.267496005621828559e+01
2.275451078439243702e+01
2.272897279356413236e+01
2.257757396869714484e+01
2.254470518500450993e+01
2.255994039711256605e+01
2.245560921909991947e+01
2.224194045379299922e+01
2.194743963491207595e+01
2.153056407828924534e+01
2.114642650036840621e+01
2.079577276033461075e+01
2.036465217165967445e+01
1.988339567831023302e+01
1.938452634222400306e+01
1.885673486138537669e+01
1.830354179433479445e+01
1.772938505202305848e+01
1.708107637279600155e+01
1.635614021337626056e+01
1.558287769899600228e+01
1.474806233680315160e+01
1.405984735436634203e+01
1.353994602129128033e+01
1.307949814497201757e+01
1.273750994589637742e+01
1.239921955840579848e+01
1.205690546481544523e+01
1.182025590092970546e+01
1.166665397258140757e+01
1.143754333553280134e+01
1.113414257381541717e+01
1.081873241308773892e+01
1.045286573508232131e+01
1.015925592252048304e+01
9.946146848804794161e+00
9.721319149125598358e+00
9.512663724536530196e+00
9.306700374588560365e+00
9.092438637748275099e+00
8.896571298317478949e+00
8.713076275749889632e+00
8.528237839862027769e+00
8.344197667322349687e+00
8.162194545232653198e+00
7.979449944765947933e+00
7.839323852401698822e+00
7.745140978137037280e+00
7.674041019304503664e+00
7.637611995062462356e+00
7.611607686166532716e+00
7.593876662528379562e+00
7.606375201864404190e+00
7.643862541892096019e+00
7.676692007242484905e+00
7.704887981335687641e+00
7.739012866525749601e+00
7.771603825190834591e+00
7.825288030416370333e+00
7.901104590680556150e+00
7.981456410659427014e+00
8.071133791175761019e+00
8.182701328327990353e+00
8.315292051960053499e+00
8.466218350255093839e+00
8.638456803396305617e+00
8.820125869491969084e+00
9.010905817015391506e+00
9.219204457646105411e+00
9.442506219574161364e+00
9.634900679276883650e+00
9.792573158127854782e+00
9.935234888863693214e+00
1.004973474140099121e+01
1.016458348112652033e+01
1.028057340635331585e+01
1.037143912938793378e+01
1.044232801773783059e+01
1.052399072927844159e+01
1.061519100894586920e+01
1.070388499009665217e+01
1.079699748151807270e+01
1.086846079463754222e+01
1.091610318227538556e+01
1.095808196176905547e+01
1.098802789156735393e+01
1.104382557519267927e+01
1.113073944459617337e+01
1.122594388057117420e+01
1.134043445250763504e+01
1.145597273071007649e+01
1.157078674643034155e+01
1.170371658203809950e+01
1.185107648665081648e+01
1.197806997371705862e+01
1.208422085200320772e+01
1.218390486612886647e+01
1.226839199338748188e+01
1.236289671257792477e+01
1.246904924379924751e+01
1.256704027963211168e+01
1.266243760284481290e+01
1.273124974683621957e+01
1.276869654004602417e+01
1.278986302160094723e+01
1.278709649111108959e+01
1.276922178355635040e+01
1.273679768168153892e+01
1.267819905668056357e+01
1.259467342797720057e+01
1.251043404496038391e+01
1.242544683323026256e+01
1.232828904780711632e+01
1.222462039808459089e+01
1.209646618092065573e+01
1.194199581554015310e+01
1.177445340631554949e+01
1.158937235897487739e+01
1.139592150106210156e+01
1.119613103020437705e+01
1.098214032802942874e+01
1.075666672913725641e+01
1.051689972719901789e+01
1.026198645327416159e+01
9.995614394520544010e+00
9.717012679111030948e+00
9.413476131031833560e+00
9.084253310294261752e+00
8.734762098488292992e+00
8.361529341840514107e+00
7.972512392072506060e+00
7.568035882157584382e+00
7.141040928273215904e+00
6.693060243143128751e+00
6.235764962155109892e+00
5.769263823510295985e+00
5.288918802497756033e+00
4.797661523599059841e+00
4.286682281042507370e+00
3.755449224893561144e+00
3.210791610089799075e+00
2.650770708808813936e+00
2.069058615453236438e+00
1.465791017637220195e+00
8.425746320764760933e-01
1.977865785938885401e-01
-4.632533383522111636e-01
-1.140465821496534193e+00
-1.837936720820360748e+00
-2.554622568082804079e+00
-3.300677760161236485e+00
-4.077695775081300766e+00
-4.880299580282783545e+00
-5.711647222324822692e+00
-6.567157031779389698e+00
-7.446722325233904094e+00
-8.355628001645264646e+00
-9.293216231908273173e+00
-1.025129001153320552e+01
-1.123010918002939817e+01
-1.223347709077242129e+01
-1.325960197374376293e+01
-1.431509779604991728e+01
-1.540070312635530847e+01
-1.651186627552469588e+01
-1.765031431487445346e+01
-1.844630655944141395e+01
-1.886152621064757184e+01
-1.907025865712266111e+01
-1.896487015030148982e+01
-1.875621954962871385e+01
-1.845178930365295855e+01
-1.784761650783847031e+01
-1.698121883652973807e+01
-1.611991792164565496e+01
-1.525571172021870048e+01
-1.427919033617713040e+01
-1.325130069026987911e+01
-1.195294758149015557e+01
-1.036525592377054572e+01
-8.643262350449306908e+00
-6.733455704936156749e+00
-4.887606985653939695e+00
-3.143768200213833630e+00
-1.341491596301065403e+00
4.458161130032963215e-01
2.332645652853375218e+00
4.332208429033424402e+00
6.322714325401630475e+00
8.327927093011631143e+00
1.059442916408503166e+01
1.312757180959138381e+01
1.582456507010698132e+01
1.874819819139298716e+01
2.172419251410500962e+01
2.474180942867812050e+01
2.794066342783051127e+01
3.128296277069961917e+01
3.450843272283271546e+01
3.760742970215714820e+01
4.067611428357468384e+01
4.364407759896062799e+01
4.669595936285653437e+01
4.983716039181964419e+01
5.291280315301364112e+01
5.595862223256352763e+01
5.911304988637165536e+01
6.236748459067695194e+01
6.567722929307032587e+01
6.907328416173525909e+01
7.242958389604561376e+01
7.573788910782474204e+01
7.908458450634226722e+01
8.243989761627436508e+01
8.603124219754093360e+01
8.988891829869216110e+01
9.388327665596895599e+01
9.808072696030970405e+01
1.023691166376309809e+02
1.067397739554483280e+02
1.113082942427614341e+02
1.160531997734289433e+02
1.207794963470393412e+02
1.254869162704784031e+02
