-1.069713674554817473e+01
-3.781140505893018755e+00
7.029619543452008124e-01
6.761494257414675246e+00
6.004889203061629210e+00
-3.619151639761853279e+00
-5.462834558253279127e+00
-1.154028453931923437e+00
3.824682728115377905e+00
1.255976094399711585e+01
8.091972863749546718e+00
-1.117804731434562449e+01
-1.526007179339930708e+01
-6.598413221987692978e+00
1.605906435694307577e-01
1.046104723369175105e+01
1.130912274127877382e+01
2.481118298852902082e-01
-4.186919738510009203e+00
-4.886670364794716725e+00
-3.269280574959532615e+00
3.961058874854500367e+00
4.281496453821756809e+00
-2.248349571653980750e+00
-3.134738827268116257e+00
-4.216704915464608572e-01
9.156052265557702574e-01
2.709396456264449249e+00
1.745317210481207582e+00
-2.753221510477732448e+00
-1.854771174049191007e+00
4.098975456667552919e+00
8.520605179250188010e-01
-1.078613059219732584e+01
-8.067963610637683303e+00
7.791757920840693963e+00
1.184449780042688793e+01
7.252722552386497767e+00
1.198658983773884135e+00
-1.083457607870099793e+01
-1.030526596728363131e+01
4.280767719354308554e+00
6.955594922406810987e+00
8.960171728262510404e-01
-2.433893975140033472e+00
-7.263675877395649572e+00
-4.947443850615099059e+00
6.356995597236661411e+00
8.399192312818845707e+00
2.583911162032760167e+00
-1.183374275417873323e+00
-6.120702252732794335e+00
-4.753696745949463676e+00
4.697074355042864191e+00
5.124842911672418566e+00
-2.266055149992725948e+00
-3.151618903798320659e+00
-9.120720658220969612e-02
1.161293487459579055e+00
2.630594629582015287e+00
1.969314524237639197e-01
-7.142040452498061853e+00
-5.240365712267444742e+00
5.722922753136025165e+00
7.140777272367371253e+00
9.210014838713851404e-01
-2.052634727562055339e+00
-4.803658695392788225e+00
-1.830990294043076450e+00
8.850406576571950623e+00
7.115518244191543218e+00
-6.569755700126159503e+00
-9.675832279007703818e+00
-5.176482876732370286e+00
-6.389192916836534675e-01
7.808198078251919583e+00
9.314232965511736850e+00
2.709087579328946394e+00
-8.539334583284181601e-01
-3.762225446395258910e+00
-7.551033781836436809e+00
-1.066269054032685126e+01
-5.028565427609526850e+00
1.052942883486271342e+01
1.582164905758519957e+01
1.177865065220521856e+01
3.468703345911632319e+00
-1.366953814616270968e+01
-1.947789996055151107e+01
-1.301730836446480311e+01
-3.010425226233244711e+00
1.562978912815743726e+01
2.144648656606143788e+01
1.272682546077863108e+01
1.488063277697233566e+00
-1.779942928362678956e+01
-2.089302919117026391e+01
-5.156257977770605905e+00
3.547928636515092382e+00
1.061248878559151976e+01
1.251024197866172472e+01
4.814542134323462896e+00
-1.401493468509696694e+00
-8.264882621754145120e+00
-9.789840024488304593e+00
-3.668357975951368921e+00
7.984290646535432412e-01
5.552053459561531845e+00
7.900845072392656654e+00
6.170076720773513657e+00
1.856970727612695882e+00
-6.505850252357390673e+00
-9.424784757281898351e+00
-6.416250214986261469e+00
-7.433648180425391772e-01
1.013148781003476451e+01
9.397615345189803904e+00
-4.121873530940267649e+00
-6.051952558051160835e+00
8.424894821129563782e-01
1.084094514351897853e+00
-1.708355539731525763e+00
-1.435711843650635755e+00
1.215026199399721063e-01
2.414987240468128515e+00
6.251525208147868717e+00
3.508327826816498796e+00
-6.426392199062606281e+00
-7.981490011739453827e+00
-2.146369565772884513e+00
7.157504597811881197e-01
3.317108810331540258e+00
5.412547057513672044e+00
5.568874431084537946e+00
1.838616541371272062e+00
-6.740140415205451596e+00
-8.284229787445401172e+00
-2.731762734137107795e+00
6.310247388630458865e-01
4.175361710933757742e+00
6.424429641808553804e+00
5.974478874646278470e+00
2.100012887297485253e+00
-6.379768010901281095e+00
-9.153895276751253363e+00
-6.102739806068658623e+00
-1.331556249604640252e+00
7.645661255683187996e+00
9.446138257764898682e+00
3.169092467219630560e+00
-1.412948630748998458e+00
-6.889021800426165854e+00
-6.065221683993783586e+00
3.024376783842614103e+00
4.066225810973600474e+00
-1.597132172122566196e+00
-1.253991255095151747e+00
2.680421268456461448e+00
1.880156492846180027e+00
-2.258888196752282695e+00
-1.993901571736609091e+00
1.819732114011276103e+00
2.063058109272146723e+00
-2.466490828918674327e-01
-2.569739908902970882e+00
-6.102509932435701501e+00
-3.812126418608155820e+00
5.102788109946196471e+00
8.693954904761152847e+00
8.107907570121094309e+00
3.320107491481210538e+00
-8.335507066744760607e+00
-1.261439625850397839e+01
-9.525039558041948240e+00
-2.223875661433164286e+00
1.283567045978048604e+01
1.546466748259088142e+01
4.721253133229225796e+00
-1.087025746948292237e+00
-6.117527016357228398e+00
-1.181751502946397103e+01
-1.561078565590247891e+01
-6.875132286677928306e+00
1.635456149374249080e+01
2.129777174674779872e+01
8.801656627791476950e+00
-1.223696672401799912e+00
-1.535801036335773340e+01
-1.620220784460127206e+01
-8.957239297828792357e-02
5.312485219180962837e+00
3.829236335250043588e+00
5.801263715733059989e+00
6.876063858015223573e+00
2.443336347067578629e+00
-7.374909249748472284e+00
-8.833519287439473899e+00
-1.942588902791012595e+00
1.983374305391455872e+00
5.638357891575587644e+00
2.755049194929321210e+00
-8.952033307591145572e+00
-8.054974613720712995e+00
4.712813832509392675e+00
1.138662949840555605e+01
1.560949292468642646e+01
8.201619262009240074e+00
-1.478121132313194508e+01
-2.215275648194056757e+01
-1.536200023729830022e+01
-3.758327071329030655e+00
1.944316261401739965e+01
2.391733338842750456e+01
7.721069002178729157e+00
-2.994202941253340633e+00
-1.484613464434611174e+01
-1.585142373456953990e+01
-1.298627342973742715e+00
4.865708452028273179e+00
5.923546347451824623e+00
7.214482053824106345e+00
4.654022298690506432e+00
6.948302640816733655e-01
-5.090174628597140760e+00
-8.292981988580052644e+00
-8.202784501279737128e+00
-3.068344022771624768e+00
8.913832835265102617e+00
1.114277272466118696e+01
3.462636362047551764e+00
-1.752504801924516409e+00
-7.895370192702725554e+00
-5.445339102152623845e+00
8.109252122322340384e+00
8.173929330330061305e+00
-3.833658409577852755e+00
-8.970089172842481418e+00
-1.126596015732558520e+01
-5.844837302374587651e+00
1.087973740377342224e+01
1.620261687536573803e+01
1.101578186224928757e+01
2.763181412812227844e+00
-1.348940376519333384e+01
-1.697790606916603551e+01
-6.248385622018261643e+00
1.893232016153620911e+00
1.214855292306677015e+01
1.121870506172543713e+01
-4.234840788521156085e+00
-7.305739314830603348e+00
-6.457440921626064201e-01
9.349197775774219510e-01
1.799423360523049853e+00
1.159373817119586647e+00
-2.857654957616322378e+00
-1.058315339714906322e+00
6.415147729915563701e+00
5.026258065242718232e+00
-4.307605689710778840e+00
-7.445198774898357463e+00
-6.495177897646203569e+00
-2.188641398639808777e+00
8.208669319409747089e+00
9.732581819134036749e+00
2.100005811935081734e+00
-1.399728759147669033e+00
-3.635384531966858290e+00
-5.847704167498429584e+00
-6.082785362392856499e+00
-2.018849648089645399e+00
7.217178200420580225e+00
8.150130783302126147e+00
6.326178876973579390e-01
-2.274353556475779747e+00
-3.053251715983776204e+00
-2.085394427680927087e+00
2.834042816083846006e+00
3.653876019962362331e+00
5.816257678364930017e-01
-3.815567184570428871e+00
-1.131393794099582628e+01
-6.913235714879257365e+00
1.064772550147363184e+01
1.361136846822145685e+01
3.969255518922467196e+00
-1.655717768608070406e+00
-8.151199390531209232e+00
-8.220018320624586039e+00
8.595952517006784088e-01
3.652569814944992554e+00
1.946207844485409622e+00
1.874393422000212750e+00
8.798839573186998386e-01
-1.530752855076138730e-01
-7.877326641745168168e-01
-1.973007456917020175e+00
-3.426873894347861604e+00
-1.705714246593404315e+00
3.459472118171730948e+00
4.349365725643949965e+00
1.302544238541480714e+00
-7.542603193285587482e-01
-3.275542596331570522e+00
-2.958692645708032032e+00
1.105368712950153931e+00
1.660652697145185153e+00
-6.609798003983138326e-01
1.218945048186415026e+00
6.394200694438652910e+00
4.382748044041028024e+00
-4.394951511564697988e+00
-9.402591741170439832e+00
-1.230021836978933081e+01
-6.456180376865703785e+00
1.084260495341540853e+01
1.738607743079059631e+01
1.422086030844702620e+01
3.805884204591674980e+00
-1.911917471826139092e+01
-2.041624662882972174e+01
1.166868317735627381e+00
7.708114712439693150e+00
5.360080592909252317e+00
5.194949108511268676e+00
1.272956732552607217e+00
-1.171242837258526182e+00
-1.595108060296679620e+00
-3.375413669247826931e+00
-5.353983657788790040e+00
-1.748034646847812290e+00
7.775186437197366018e+00
6.918276919552639015e+00
-4.129790570459299204e+00
-4.545771158461088923e+00
3.361528158545059153e+00
1.115854204084226975e+00
-8.646854386831471118e+00
-6.284395713959860963e+00
6.435249545504497348e+00
9.988679048983346576e+00
6.993497950106720040e+00
1.493815868501144672e+00
-1.016343269632202073e+01
-1.180868675244624377e+01
-2.605318091372316402e+00
1.140158883713061400e+00
2.597774541051438568e+00
8.670619051811531364e+00
1.733787906440238658e+01
9.283720546522669537e+00
-1.654883672319187582e+01
-2.190936860460680435e+01
-8.979129578875419071e+00
1.204793250784089498e+00
1.592260838920039134e+01
1.539499041636339349e+01
-4.268026883066508681e+00
-8.797177170014789382e+00
-2.101517296903102405e+00
3.150414425557160891e-01
4.068853170304562283e+00
3.276225752776876998e+00
-3.997580392220806633e+00
-4.391758936341954467e+00
9.720839129791863931e-01
1.930018471748710551e+00
4.580209978925953163e-01
8.377689324035028084e-01
1.731976839006399427e+00
1.251155903013172255e+00
-2.689660449115075513e-01
-3.007392043762585399e+00
-7.383032225157630357e+00
-4.010790840393174683e+00
7.801626714267532847e+00
9.210839161103574924e+00
1.287566796125632518e+00
-1.836722974672919007e+00
-3.354949455748272413e+00
-4.803919800467167711e+00
-4.146390049513771991e+00
-1.176329108460822503e+00
4.711066687526773933e+00
6.507560135038561455e+00
3.988276089887042630e+00
8.977326471853449563e-01
-4.446534626840971782e+00
-5.840371583022577973e+00
-2.563865703648767091e+00
6.492500064988067088e-01
5.386647648342362871e+00
2.580381785613395706e+00
-9.093233501667391749e+00
-8.338405308192649912e+00
3.809271651214679366e+00
1.071052857025066274e+01
1.597962110430979266e+01
7.688388571599714894e+00
-1.804849307016436555e+01
-2.028135533952421099e+01
-1.935177777981011149e-01
6.281791854510511364e+00
6.088324835525267709e+00
5.863767735971217476e+00
1.094344716230479519e-01
-2.847368573752568022e+00
-3.102734279816846019e+00
-1.210696736269829543e+00
4.801741503143174050e+00
4.230884743254753388e+00
-3.059706098806596053e+00
-5.318357001050208588e+00
-4.327415061047610756e+00
-1.386884624858466974e+00
5.645726782422895162e+00
6.540433323610169936e+00
1.019236032784471391e+00
-1.081688407504155514e+00
-1.681804417787246875e+00
-3.239292779738366601e+00
-4.353336129433525770e+00
-1.438302920656050254e+00
5.895419549708116769e+00
5.108810584691916290e+00
-3.795529286168579208e+00
-4.560206941160301675e+00
9.874331339831375898e-01
2.428424789003492457e+00
2.212279591043704308e+00
9.498845540718674485e-01
-2.907874673025268031e+00
-1.469309239467554429e+00
5.478548521040676356e+00
5.001077532979553375e+00
-1.967422147310579295e+00
-8.181206460264691671e+00
-1.598300809106944342e+01
-9.120922021638799393e+00
1.481886182218461023e+01
2.252088306965393727e+01
1.638732715859966405e+01
4.896642471047031542e+00
-1.895022109614637174e+01
-2.743075045094166597e+01
-1.919251349534829032e+01
-4.807616560972259201e+00
2.286780931726165278e+01
3.157923105611870795e+01
1.917527276205088071e+01
2.744280170231351512e+00
-2.590819042243838766e+01
-3.212883290683672755e+01
-1.232595168395566176e+01
2.121744123775635149e+00
1.938432577036977378e+01
2.494809563822719412e+01
1.333490092136270455e+01
5.452746120630921345e-01
-1.859688107817461145e+01
-2.361440070163366656e+01
-1.111171732394493006e+01
2.232527418114499396e-01
1.591410336944624149e+01
2.029778253725840287e+01
9.822192741152871776e+00
-3.282814400116892406e-01
-1.475965504329746203e+01
-1.698021078436377351e+01
-3.819995891639242913e+00
3.411550090018744097e+00
8.746875870226499927e+00
8.756078989117666467e+00
-4.505438098390699420e-01
-4.205708723393771109e+00
-3.995518618251170384e+00
-1.482353098805912595e+00
6.253802821223008124e+00
5.254764929856000855e+00
-4.785872323747940804e+00
-6.118370606115385080e+00
-8.747121949079431635e-01
1.276445804930929073e+00
3.092840288411043304e+00
2.097274389219198287e+00
-3.204811264664347181e+00
-3.181163427068860461e+00
1.738702756241725877e+00
3.561997572147271640e+00
3.856409635105499945e+00
1.991127249291523738e+00
-3.468292541019912356e+00
-6.052243590142865060e+00
-6.017887215770574727e+00
-2.218954738344850242e+00
7.066136620154608750e+00
8.957174528860660345e+00
3.420223821718935131e+00
-1.634755609048547664e-01
-4.384392111514015866e+00
-6.667972028054895972e+00
-5.594556755866760156e+00
-1.292550252333487748e+00
7.638115455691297129e+00
7.046020346648762533e+00
-3.697700445344708875e+00
-5.406824542488827490e+00
-3.735498166240149853e-01
3.407795284984431738e+00
9.164351379120224905e+00
5.967519440015790266e+00
-7.816785403126554677e+00
-1.207743850541968733e+01
-8.595940698425888371e+00
-2.549427522479869257e+00
1.008389948182478690e+01
1.321821445409940488e+01
5.956189081636094507e+00
-4.564663299980376010e-01
-9.704848334389142295e+00
-9.461854532603268808e+00
2.555422209670488609e+00
5.671947865434643354e+00
2.352767411817310528e+00
-1.403128506456212454e+00
-9.271559276927227700e+00
-6.766295638467100027e+00
7.304832092910570118e+00
1.160044884702804069e+01
8.501498773689649013e+00
2.485188575091206609e+00
-1.056614566903206409e+01
-1.368394522319925422e+01
-6.103616382076742397e+00
-1.269500782366406177e-02
8.344673608055984459e+00
1.171310603945138240e+01
8.101580812876349569e+00
1.635495884692198310e+00
-1.026013419073499300e+01
-1.272286852433408377e+01
-4.624934871212565746e+00
1.536585359704250031e+00
9.172519028329864099e+00
9.453597086839151231e+00
-4.017924101900993694e-02
-2.956281885753000882e+00
-1.313516313425989956e+00
-4.726425781714853613e+00
-1.085662684242439902e+01
-6.160184019712934500e+00
9.298648990834909256e+00
1.486480858254380344e+01
1.228542093179203043e+01
3.966156312085262314e+00
-1.465048645653083703e+01
-1.875634342036804014e+01
-7.641441735188361228e+00
1.018506128954280054e+00
1.256391910129455525e+01
1.496820028710377137e+01
5.109711103714302816e+00
-1.154857079367634265e+00
-7.104357075987225656e+00
-1.135364234370170067e+01
-1.132223600719659551e+01
-3.409972812646982820e+00
1.446348083225101533e+01
1.658970074606112632e+01
2.638359645430222944e+00
-3.297936911522155956e+00
-6.049268033160966951e+00
-9.815930123210058866e+00
-1.103656616402870227e+01
-4.601854154578999712e+00
1.064391918546889393e+01
1.682660203375700547e+01
1.436371331383818628e+01
4.634053724198463620e+00
-1.694707489208587248e+01
-2.110068081864929113e+01
-7.021554345337329472e+00
2.150014376626326218e+00
1.250015264161298134e+01
1.308434292053919989e+01
-2.120909815005022625e-01
-5.683588989580647066e+00
-6.235252582812038646e+00
-2.063533241137382124e+00
1.105871729628510813e+01
9.232547599056317722e+00
-7.779900708646534824e+00
-1.201943257144778876e+01
-7.258658414415312343e+00
-1.739639362799736411e+00
9.375808300587266331e+00
1.115636601484640522e+01
2.337127582203610832e+00
-2.984031764726144065e+00
-8.046607877835874945e+00
-5.973303643742303493e+00
5.995767450921420938e+00
5.935170565750756744e+00
-5.056173681770289363e+00
-2.194790307517492156e+00
1.166877968686275757e+01
9.398745386617351372e+00
-6.415627784079346085e+00
-1.445387908856995018e+01
-1.879382176251517933e+01
-9.069121044240873175e+00
1.956604935627013475e+01
2.491341844659095273e+01
8.115807779604399030e+00
-2.694954294341690648e+00
-1.559506980439211610e+01
-1.459016613923857264e+01
5.310128041876480687e+00
9.699769609568072326e+00
2.002147932583759893e+00
-3.916244190849201612e+00
-1.410507433258077015e+01
-1.000680447862613320e+01
1.088868763653549898e+01
1.906345162758766421e+01
1.784223982751378657e+01
7.104888034784698547e+00
-1.943602548942830666e+01
-2.693428148131628319e+01
-1.526982618825691063e+01
-2.105781613857733880e+00
2.030157818622915755e+01
2.537980903200844196e+01
9.857130163966774106e+00
-2.331360941745055371e+00
-1.769160828647264694e+01
-1.835898841316813446e+01
3.637044235535488168e-01
6.916917580900916462e+00
5.447109634112520915e+00
5.952959170516190390e+00
3.184694083306575774e+00
-1.549965338472016063e-02
-3.351468823343173309e+00
-6.206006598116950101e+00
-7.790264710434566808e+00
-3.123459044652401762e+00
8.943890996657748005e+00
1.043944724896714327e+01
1.603446653442205383e+00
-2.435201366116775734e+00
-4.974836695910038742e+00
-5.042011229235144221e+00
-1.594065273711322839e-01
1.617081257391394189e+00
9.927005906020005543e-01
2.156206186826657323e+00
3.793360578393654148e+00
1.660670939178545247e+00
-4.219831318616046545e+00
-4.716534489131482211e+00
-1.286968517506085485e-01
1.262614218690159218e+00
9.989197745879009327e-01
9.340038743088109330e-01
-2.006954567480894736e-01
-1.126923780770311412e+00
-1.845278192148647411e+00
1.354496895580772131e+00
9.154460409439495905e+00
6.205465946583697878e+00
-7.641823468794620489e+00
-1.151602059267878886e+01
-7.631648934454732469e+00
-1.952873032451365454e+00
9.495859599473355672e+00
1.295818475110058721e+01
7.509307436912715517e+00
1.169003647499020193e+00
-9.443703407749074685e+00
-1.352783248499635249e+01
-9.691010400750922571e+00
-2.271258068102962380e+00
1.195571488858822384e+01
1.620649138272849399e+01
9.438661569244207072e+00
1.347512820270398093e+00
-1.222690756595121719e+01
-1.720828369031524119e+01
-1.184641782464987791e+01
-2.910435292570611399e+00
1.366146578123860245e+01
2.024858816376970339e+01
1.553396274142438749e+01
4.336755725280317719e+00
-1.835801078817875265e+01
-2.431309771707672240e+01
-1.218988131487427218e+01
-1.289391862322996074e-01
1.846245762377602162e+01
2.150140340727014987e+01
5.443796361314664267e+00
-3.708763696494623119e+00
-1.119739969247129352e+01
-1.433599301565840456e+01
-8.700701157529447727e+00
-1.670423867425239406e+00
9.031377532334900593e+00
1.606717885649424105e+01
1.811208142701862300e+01
7.169967685916447842e+00
-2.029303012184760036e+01
-2.517075680781968927e+01
-7.759178083964483719e+00
3.092721700378101346e+00
1.506260017990655165e+01
1.611897297999075107e+01
1.289696068951182717e+00
-4.954226466217611424e+00
-5.954226593231667586e+00
-6.959096117830305239e+00
-3.773670801324914503e+00
3.129041190834597197e-01
5.727484464742778947e+00
7.424664711921555416e+00
4.398162047990915369e+00
1.053624117507507396e+00
-4.126174228311871417e+00
-8.535226607849006442e+00
-1.158008411917313829e+01
-5.398704004717045812e+00
1.181843480325159312e+01
1.548986861838516660e+01
6.351873143349691553e+00
-1.028875286866697714e+00
-1.155073462504399551e+01
-1.118020731239978183e+01
2.856751396348043315e+00
5.939798292942136904e+00
8.312292493074318056e-01
6.530172428839638998e-01
1.547058293448992483e+00
4.240767705099510732e-01
-1.423446232258228639e+00
-2.460003356753892145e+00
-2.835140274832808061e+00
-1.421257961817773641e+00
2.302943788443839512e+00
3.868439513537978769e+00
3.422218374450328060e+00
9.904230058925229674e-01
-4.571056900315007887e+00
-3.625526251654996202e+00
4.180511139035086643e+00
4.585328994269766589e+00
-1.024710168203910809e+00
-5.730913974214594475e+00
-1.201795403446057975e+01
-7.285062922077093717e+00
1.035377988804508398e+01
1.747099697231154636e+01
1.615399954151463646e+01
6.479407964798116204e+00
-1.684456581424142740e+01
-2.542191856174648379e+01
-1.923035753240042922e+01
-5.339112339279815878e+00
2.326522672440490425e+01
3.025901064513716676e+01
1.391981326466204116e+01
-1.383580660805459051e-01
-2.013609004712300532e+01
-2.497212382974863232e+01
-1.005141928552028396e+01
2.156573936889548015e+00
1.750546833336153085e+01
1.810756527830165652e+01
-6.364329552141689827e-01
-7.093579421985128697e+00
-5.383423271325691317e+00
-4.234230877541828697e+00
1.774990776058825492e+00
3.604823290619371345e+00
7.767636086211573421e-01
-1.348223577352667180e+00
-4.779551184453232793e+00
-3.639153939997580522e+00
3.014973299416348507e+00
5.663726277657756825e+00
5.422294104121500702e+00
1.530041857496396540e+00
-8.084312224694294002e+00
-6.815318990661254794e+00
5.702686449118837153e+00
6.488172817669737746e+00
-2.049373372478810129e+00
-3.683318560661743124e+00
-1.804131329149714524e+00
2.554493366010360811e-01
4.884911366880067440e+00
1.727615557202936580e+00
-1.001123842444455470e+01
-7.598897585303329372e+00
8.053694280696428009e+00
1.049408352513403919e+01
2.825267049852131507e+00
-1.222851734582225625e+00
-5.935336756395655833e+00
-6.021997887282795503e+00
6.149873883790578644e-01
2.763874588029556989e+00
1.755110053793413893e+00
1.641759048439361601e+00
5.487730308356192355e-01
-2.872406393971153604e-01
-6.093584190101231091e-01
-2.571592489852588148e+00
-5.988219459770768083e+00
-4.037204033186271523e+00
3.496691142318401280e+00
8.830920939902808797e+00
1.321090376735740968e+01
6.424422484576478354e+00
-1.404431370475839458e+01
-1.707717668963604751e+01
-3.715611674246921847e+00
3.045376158131969824e+00
8.865141012861410985e+00
8.556052644442026178e+00
-1.691562611963497664e+00
-4.628210488465191119e+00
-1.847178251020335837e+00
1.119967976907037532e-01
4.334785120630956001e+00
3.705798431801564874e+00
-2.656786463488043371e+00
-5.689960894717581930e+00
-6.819398487906249251e+00
-3.275565524854902932e+00
6.917245316690773471e+00
9.829213283291100112e+00
5.865257408876098033e+00
8.146925840552705633e-01
-8.315351373820071501e+00
-1.014056837608216632e+01
-3.552195256072587792e+00
6.547526713394593578e-01
5.059798508321883936e+00
8.215777024542163076e+00
8.465376268225304202e+00
3.364609634129897664e+00
-8.570917964004456380e+00
-1.241123003708954720e+01
-8.228511557057196057e+00
-1.318167717807565475e+00
1.185665930217378694e+01
1.257811042688761916e+01
-5.532131710305129291e-01
-4.629568957558976017e+00
-3.183222874027822780e+00
-3.534806459321942373e+00
-2.085768220139431417e+00
1.822934806680621411e-01
3.003068547694606405e+00
3.932560585169881939e+00
2.457284252308217898e+00
5.511739117287454137e-01
-2.573814758536006941e+00
-4.397835270107066208e+00
-4.580430784956247336e+00
-1.827683152658900800e+00
4.858926406087796579e+00
6.105282944865662031e+00
1.894892801140754868e+00
-1.124341738396698709e+00
-4.863263426263417344e+00
-3.338728224919578658e+00
4.840844207868979510e+00
4.782779742779931453e+00
-2.660400910413452280e+00
-3.630393914736015581e+00
-3.314114005097069660e-01
1.204847840955544314e+00
3.030130301903021017e+00
-1.114717107848999661e-01
-9.385483494743903421e+00
-6.869492307903333206e+00
7.235405884976746194e+00
1.133708851471438095e+01
8.076196831516160302e+00
2.288306061395605884e+00
-1.009373055600914526e+01
-1.317835627959071765e+01
-6.170470379967809116e+00
-4.116080367399999052e-02
8.808008275376263185e+00
1.228552847909354107e+01
8.567436938804648960e+00
2.135827013514920214e+00
-9.694263714398086762e+00
-1.507917942455075533e+01
-1.315677764508321523e+01
-4.492477425831502558e+00
1.454865550017385623e+01
2.044627991493209151e+01
1.273346049889922327e+01
2.249465171047210887e+00
-1.659209876247621196e+01
-2.063803361131459013e+01
-7.669762716230772881e+00
1.848125338384315031e+00
1.331745602959708918e+01
1.449502070366055761e+01
1.558366342943886096e+00
-4.393876078328603718e+00
-6.558682214728196236e+00
-6.053065998272893822e+00
9.319562895471078523e-01
3.152896410123863014e+00
1.164187843546286683e+00
1.373250488491733590e+00
1.774589283788641447e+00
6.532568883310966301e-01
-1.486774897443953414e+00
-3.216255602954098070e+00
-4.674338082579135190e+00
-2.518056572925990722e+00
3.941745910509542039e+00
6.460577264120328955e+00
5.514956542798077344e+00
1.713657768210344212e+00
-6.891702352882170146e+00
-7.328404254953638564e+00
8.204504863175202667e-01
3.576532940047682629e+00
3.291080186843760913e+00
5.661490023657891335e-01
-7.100336942606831236e+00
-5.207177450427828092e+00
6.588416730957125544e+00
7.418812626275193445e+00
-7.125171393297039524e-01
-2.487656768790562190e+00
-1.029779732217775079e+00
-1.278781922724134601e+00
-1.131941202073280417e+00
-1.561431304833391272e-02
1.798026336906543898e+00
9.111652114985390183e-01
-2.923401374761864346e+00
-2.831977503201398960e+00
7.855609463208254040e-01
3.638462773560168451e+00
6.975330843219280652e+00
3.653584734618455787e+00
-7.572812839745776792e+00
-8.639003352478571429e+00
-3.439398399024187203e-01
2.443423815215405526e+00
2.751063023610588409e+00
3.129451446133672210e+00
1.357073110466632260e+00
-5.253593187478035054e-01
-2.719500559614808299e+00
-3.026131747536456640e+00
-8.631839331695319029e-01
2.992572875759762219e-02
2.083891317536512577e-01
2.977559694007655189e+00
7.971294903020512912e+00
4.642803390437435063e+00
-7.348866168209783112e+00
-1.013804849490404791e+01
-5.057960618143284570e+00
-2.415446145377854736e-01
7.713527695266250817e+00
8.927965763662616183e+00
1.980806298086486672e+00
-1.442397643612411073e+00
-3.566216508169084420e+00
-5.290941005363123395e+00
-4.762800837017937106e+00
-1.315000339569492693e+00
5.823287120362566682e+00
6.582734612496109250e+00
6.389859908323405335e-01
-2.199006777694236359e+00
-3.897943535353226352e+00
-2.402599764498485335e+00
4.115698116422805697e+00
3.456760322768811733e+00
-4.105737983820352710e+00
-3.563856383070977074e+00
3.442374203669319233e+00
3.023079657261223741e+00
-2.960959262721708729e+00
-2.242007456032325763e+00
3.529114389019008868e+00
3.223469579915863914e+00
-1.716393229451108171e+00
-2.812989161539236616e+00
-1.571209897472968242e+00
1.408452074573673107e-01
3.718888393902490819e+00
1.152394716701219179e+00
-8.180817203009382865e+00
-6.409964154785246393e+00
5.764934218015364209e+00
9.445118726635087114e+00
7.274409523180899839e+00
2.452876747156534254e+00
-8.519986279074631241e+00
-1.087323616393390502e+01
-4.062943062397259553e+00
1.071774451493228586e+00
7.711154585383772186e+00
7.410947774641452490e+00
-1.902134321228255320e+00
-3.984031058695236105e+00
-5.694907084754120552e-01
-2.207002109284192937e-01
-3.434502698590295444e-01
2.082118885283898158e-01
5.482960784952920497e-01
