-6.931866452675107482e+00
-1.083132082381725869e+00
3.353488322093609142e+00
5.585027566659336529e+00
9.734249694305093570e+00
1.471427727524485896e+01
1.317900317308795799e+01
4.873329040030764503e+00
-7.577683026720082538e+00
-2.616163157907176995e+01
-2.767621815130907947e+01
-1.014157526812748955e+01
1.365226879121816772e+01
4.994027888766572687e+01
5.915801765205459617e+01
3.728952469092385513e+01
8.510207061444912569e+00
-3.780229009496110137e+01
-5.906912282169867723e+01
-5.036370771021069004e+01
-4.105455255404513082e+01
-1.989004733845413142e+01
-4.252851626384266837e+00
2.466818158004443262e+00
1.801921013783380587e+01
3.793547805844023202e+01
4.368528898224258228e+01
3.563973127364068461e+01
1.922348521855261438e+01
-1.020112340110844329e+01
-2.297281515073036928e+01
-1.714355889183686443e+01
-1.103368857244871748e+01
2.695721908945536427e+00
6.512078438845992245e+00
-2.257200790085847952e+00
-9.258173921024871689e+00
-1.912205915440534909e+01
-2.054524444735569233e+01
-1.109884750097816486e+01
1.695041654561821876e-01
1.667408450318163560e+01
2.309034593675956515e+01
1.735992215791551629e+01
9.721828664624156957e+00
-4.089058335623255935e+00
-1.145197279581724459e+01
-1.072061177870655690e+01
-1.160381653168612104e+01
-1.081509144274612488e+01
-4.449999538178587954e+00
7.117859769699224515e+00
2.475509121750729946e+01
4.958511260683614807e+01
5.299100518841442664e+01
3.289401026728170763e+01
4.002431385036075540e+00
-4.133747453162116159e+01
-6.372842426812707117e+01
-5.944686001061990765e+01
-5.395681199259245631e+01
-3.704752211796328254e+01
-2.145585117954584575e+01
-9.646662867984682421e+00
1.309552175382606265e+01
4.377360338545248908e+01
5.928801797352998904e+01
5.956952100473115053e+01
5.360327655477542663e+01
3.565191532211548520e+01
1.847048584442639907e+01
2.618942056358998016e+00
-2.315723740259719321e+01
-5.638026231290481149e+01
-6.741063036839405243e+01
-5.491812316985200226e+01
-3.140679320074295333e+01
1.102980359876882588e+01
3.072420149526544719e+01
2.444767158745181490e+01
1.918305341806233244e+01
4.532443015517174878e+00
-5.564345203822640418e-01
7.362988307591311177e+00
1.076460202504963526e+01
1.465110261062466002e+01
1.382125930897716337e+01
5.831246562778042097e+00
-3.000786018908758734e+00
-1.464834152126635658e+01
-2.003353190345352175e+01
-1.768619824499155513e+01
-1.366899814107864408e+01
-5.309786264551017432e+00
7.777589992689810661e-01
3.802519103530917821e+00
9.325855746221611398e+00
1.573523218117571787e+01
1.638419507762952065e+01
1.119381203636000244e+01
2.065129774228596116e+00
-1.279126374971923674e+01
-1.766953162322920079e+01
-1.144354912093265675e+01
-3.242262118735907528e+00
1.096381141088692779e+01
1.412641430419465216e+01
4.277873797265641542e+00
-7.090560608297056255e+00
-2.451899961956396723e+01
-2.978396736107662335e+01
-2.046358137649104236e+01
-9.006157119657078880e+00
9.595391236102775778e+00
2.252950256073163260e+01
2.794989349127924783e+01
3.625825841328942545e+01
4.410593007022917078e+01
3.893539406794030100e+01
2.037942647610487512e+01
-8.395090834162287408e+00
-5.095100428411372206e+01
-6.565975118106234731e+01
-4.939628687432564647e+01
-2.530398178198514003e+01
1.754002023302112789e+01
3.732892010789368697e+01
2.963573500092218538e+01
2.378915320592225413e+01
9.048968157734494255e+00
-2.796546559198692439e+00
-8.629539800663572180e+00
-2.291459964755891576e+01
-4.254703868242537368e+01
-4.427224462693777696e+01
-2.784318113118452231e+01
-2.037572958213194951e+00
3.905317837311537232e+01
5.651710475175166692e+01
4.726595330287086227e+01
3.503760082189966596e+01
9.861917360077173456e+00
-5.254451488676457949e+00
-7.107688015426512962e+00
-1.506267661783997092e+01
-2.328527687983072880e+01
-2.590246568946410122e+01
-2.427135482150420742e+01
-1.660548505455882662e+01
-1.577842324694242127e+00
6.903486649943652687e+00
8.602856862675459126e+00
1.153113884103797382e+01
1.253505719043196009e+01
1.208188788380380707e+01
1.065940696866703341e+01
5.534752448886751885e+00
-3.309048504586054928e+00
-7.028412624217809324e+00
-5.467510380515488322e+00
-3.071750788113461805e+00
2.272094814382227046e+00
1.925668818633079482e+00
-5.035759454416943726e+00
-1.276026419604301410e+01
-2.350078679727305442e+01
-2.532782671840795885e+01
-1.669808424031807448e+01
-5.107261764393673964e+00
1.279868971802855704e+01
2.514509305491587199e+01
3.058927745360680106e+01
3.774153179209605469e+01
4.354300032181274815e+01
3.710513010904006137e+01
1.791803017812146592e+01
-1.145847936938625722e+01
-5.424923045605137872e+01
-6.981801048404059884e+01
-5.512612450897102434e+01
-3.257962578494856132e+01
8.507947749565321516e+00
2.753317540299687849e+01
2.026113548512305940e+01
1.527591924638471177e+01
2.197173257047429384e+00
-2.739656172603057160e-01
1.169694121847095225e+01
2.075585089733684541e+01
3.207596741700984211e+01
3.126316387591151980e+01
1.509076990633626991e+01
-5.535252204794613107e+00
-3.513558574598670958e+01
-4.726889701628494578e+01
-3.887857202195906581e+01
-2.654924901552920602e+01
-3.029654091083862522e+00
9.824188693250318849e+00
9.382955740044351955e+00
1.237227797553332032e+01
1.321195824095659255e+01
1.500699141610076559e+01
1.946893701875842453e+01
2.064132059774908257e+01
1.950218471668194553e+01
1.574965883358370178e+01
8.317019313043568118e+00
-2.056014270260233534e+00
-1.594144485381905163e+01
-2.571232866203661160e+01
-3.075124906717208262e+01
-3.537068423492328151e+01
-3.754754965389148680e+01
-3.119155676454989745e+01
-1.570425554111727351e+01
7.884228518785134199e+00
4.161200078003761860e+01
5.549636566648700864e+01
4.735189449491016234e+01
3.348345995949600251e+01
5.999472567095128994e+00
-1.043543949062522458e+01
-1.330651741264350463e+01
-2.125867469463364046e+01
-2.821558872481562830e+01
-2.700990457216927609e+01
-1.855695744973497341e+01
-1.426812615138870255e+00
2.629731136096754796e+01
3.522100877603106994e+01
2.377120128483438322e+01
7.901998156341404567e+00
-1.980547820818334870e+01
-2.972816266143858854e+01
-1.864161748747869396e+01
-6.904203677244599824e+00
1.320254075063127353e+01
2.146456429736266003e+01
1.463630899642220662e+01
8.710124465736692301e+00
-1.838672382267593886e+00
-8.761384336712051635e+00
-1.001954634307247005e+01
-1.412861811282134106e+01
-1.874093903466860667e+01
-1.715440066798047880e+01
-9.637018516799606971e+00
2.540608600000438866e+00
2.108434996305734899e+01
2.753466162029499031e+01
2.059535792951971089e+01
1.061090646175878405e+01
-7.196956840545965406e+00
-1.518674001490052206e+01
-1.142334564121833829e+01
-8.390132476392874850e+00
-1.535589899139440551e+00
2.879395035934768199e+00
3.390749962882692703e+00
6.723074449917017859e+00
1.118524981471403201e+01
1.165352611813320571e+01
8.456493369504407553e+00
2.731462422534729040e+00
-6.733305731332439592e+00
-1.250832684904851000e+01
-1.418556915700401966e+01
-1.639805219820255644e+01
-1.735996615882466187e+01
-1.398359873204683979e+01
-6.214504160053730963e+00
5.965944129729485290e+00
2.353969331026364742e+01
2.973446056077132127e+01
2.339162039241497126e+01
1.348290687308040958e+01
-4.392412951704579349e+00
-1.234545587905696173e+01
-8.579388868372511467e+00
-5.429794529126350966e+00
1.678009799743552577e+00
1.968212299069535431e+00
-6.439645706081749132e+00
-1.468935092804677822e+01
-2.575652420347394767e+01
-2.670955833763013132e+01
-1.551472681361142136e+01
-7.168520424654627465e-01
2.145791760723796671e+01
3.246044168188247170e+01
3.022849875496552485e+01
2.691500757679765954e+01
1.756092966373804387e+01
8.692900666841509860e+00
1.471306333770867170e+00
-1.148745121521941925e+01
-2.867742873777656243e+01
-3.394744576315234497e+01
-2.679560794649104594e+01
-1.387386131739651418e+01
9.022828638951732927e+00
1.915300712995020760e+01
1.472978245929120611e+01
1.033669917123045146e+01
2.648395706373454228e-01
-3.251303528312868174e+00
1.803520996960563005e+00
4.915602714569996756e+00
9.324158925896336214e+00
1.012844181259132625e+01
5.812573175955727756e+00
1.260747130789360515e+00
-5.115663579658868976e+00
-1.063117655814981788e+01
-1.461398177798143827e+01
-1.972803857994398768e+01
-2.518356376825066434e+01
-2.357791835667143587e+01
-1.441566278876163487e+01
-5.048306208982979992e-01
2.026262182163626946e+01
3.182984231679640175e+01
3.298083775905231363e+01
3.332238911591681330e+01
2.873905838341191554e+01
1.952209651122715428e+01
5.995340478711825405e+00
-1.554791497044441861e+01
-4.541205769166627704e+01
-5.435848744153647516e+01
-4.057694108724062687e+01
-1.854054543567241353e+01
1.948772128969341466e+01
3.402604503254383417e+01
2.144333530693149825e+01
7.320929285501400763e+00
-1.850701935867101255e+01
-2.312621350178300617e+01
-1.932095567070245989e+00
2.101384604406984380e+01
5.463363740610483887e+01
6.059703425574826241e+01
3.350407081956637967e+01
-1.075175465535064045e+00
-5.393876104824234119e+01
-7.431648049775856180e+01
-5.621094078653561610e+01
-3.308243051079483621e+01
8.801728489122984556e+00
2.851250313946565029e+01
2.055159824174796768e+01
1.612922894690396092e+01
4.463524388076630878e+00
4.303768889229425132e-01
7.920619052566485685e+00
1.104298596600178328e+01
1.406105934298716775e+01
1.259096175078889424e+01
4.330852832676926667e+00
-5.313290080913006364e+00
-1.813242176359261393e+01
-2.104699474795497949e+01
-1.232038779506743786e+01
2.209505931915589638e-01
2.035139323636730779e+01
2.760498270619183714e+01
1.991050015223881431e+01
1.036272551777261164e+01
-6.443658520416808422e+00
-1.851797154606756735e+01
-2.412793316888516770e+01
-3.358930506808482619e+01
-4.385836345739266307e+01
-4.091758627107201107e+01
-2.440450792836282190e+01
1.474664766812050276e+00
4.056893360078353794e+01
5.963061756609017294e+01
5.626853822952583073e+01
4.988827317465972300e+01
3.196675148874759387e+01
1.601645441530778058e+01
3.905092268580373727e+00
-1.812279468324165776e+01
-4.701648927517850751e+01
-5.778804832937782976e+01
-4.990123132547547158e+01
-3.313949779447446531e+01
-1.048703576369311996e+00
1.581511470445540901e+01
1.526589333346971955e+01
1.767076511034023056e+01
1.559809389250838052e+01
1.374919633239636241e+01
1.398669564625009976e+01
8.091202174199001007e+00
-2.743032412370611794e+00
-8.647594877615032871e+00
-1.014738680681413818e+01
-1.129927682333580208e+01
-9.994864090794086664e+00
-5.448913613564711156e+00
2.458838210788325540e+00
1.509756118302200001e+01
3.299420621940241460e+01
3.618481514002431965e+01
2.330491217591841391e+01
4.501185016132851935e+00
-2.554050903623445379e+01
-3.918848786070956436e+01
-3.384364335454219486e+01
-2.731026906129819309e+01
-1.242588892404035406e+01
-1.248945415950637683e+00
4.185627372705937432e+00
1.566608172813788080e+01
3.018945238617137505e+01
3.088526723565615129e+01
1.752010643823767211e+01
-4.169692963626435933e+00
-3.860108442824297015e+01
-4.885416346862226078e+01
-3.204818789580146898e+01
-9.713733666453652660e+00
2.773755269201945950e+01
4.494166922656948060e+01
3.781521952619893057e+01
3.133479141058558781e+01
1.625550305372488324e+01
5.495266130249770953e+00
1.935056283238917318e+00
-8.259674851354153802e+00
-2.166857231072485135e+01
-2.923506609680739032e+01
-3.182753165518761662e+01
-3.118340698731533323e+01
-2.527695548735844966e+01
-1.730050685361644369e+01
-6.955013716562643111e+00
9.155036215764452479e+00
3.074668863980710398e+01
4.089801876395261360e+01
3.867284640509900839e+01
3.219051575785932329e+01
1.698922860938469270e+01
5.680106071111676869e+00
-7.471577821627648497e-01
-1.230904557660495335e+01
-2.613696808871263499e+01
-3.247805070749985390e+01
-3.145882017333804370e+01
-2.558859948898651382e+01
-1.232790643387468066e+01
-2.977917353653781518e+00
2.036195189015227669e+00
1.051601971335840346e+01
1.996627108775368598e+01
2.452879886280179633e+01
2.434809592785264698e+01
2.033321450880099590e+01
1.090075995315813451e+01
3.763511146549906705e+00
-9.258564403322722125e-01
-8.422962012033710977e+00
-1.708928433245516487e+01
-2.119647767404201133e+01
-2.068882769561502499e+01
-1.708500376493937978e+01
-8.826027250348584374e+00
-2.939041087892151793e+00
3.179959318154145786e-01
5.804217462739572397e+00
1.197160404413096835e+01
1.581320525627591245e+01
1.748888957859038129e+01
1.727318576849102882e+01
1.437016314676754014e+01
9.890401054203667996e+00
3.578691476858477216e+00
-5.923104930139452051e+00
-1.862517092112891959e+01
-2.393953039095893232e+01
-2.117517222916053399e+01
-1.553091643187746307e+01
-4.175827109000696424e+00
2.433485581585723700e+00
3.407576864486661083e+00
6.260735746724201078e+00
8.453821736532745490e+00
9.801083469687142724e+00
1.090385842139297523e+01
9.842817805571392853e+00
6.594417149942289669e+00
3.420628174826000567e+00
2.968877037881420544e-02
-4.819605413005869643e+00
-1.078748235516858500e+01
-1.201060643170187348e+01
-8.053543743312944869e+00
-1.498226233759672121e+00
9.299601975652524999e+00
1.354072203431068644e+01
1.034651784748508163e+01
6.358095177191687597e+00
-1.198158361696300744e+00
-6.543872450477739022e+00
-8.842176123208307814e+00
-1.318794128182779701e+01
-1.813368865199312552e+01
-1.709795335538549210e+01
-9.969565235524735058e+00
1.266662043964165596e+00
1.838406730218692076e+01
2.488526264334139171e+01
1.953144732398190087e+01
1.179747656066674466e+01
-2.597745344678618284e+00
-1.023679350347165062e+01
-9.577299782677766160e+00
-1.067281984082464419e+01
-1.010870181659946354e+01
-6.515458222785428966e+00
-5.560774171126278143e-01
9.899180178171022249e+00
2.523294569003323318e+01
2.807703975354158743e+01
1.742935286065264577e+01
2.019183575981188916e+00
-2.268474695183959255e+01
-3.213033903210796183e+01
-2.397021996821865741e+01
-1.380800170534402582e+01
4.773202118177302999e+00
1.358325439966805170e+01
1.013707168614341469e+01
8.500735674159921373e+00
3.893325245077828622e+00
-4.365890458547070918e-01
-3.046810405884442297e+00
-9.396089940258191220e+00
-1.853170657040261204e+01
-2.042835682630665772e+01
-1.497687678429775993e+01
-6.273805356602598415e+00
8.179737658463817951e+00
1.958316047508604996e+01
2.731077677961316041e+01
3.777029893558335516e+01
4.890874347568821889e+01
4.544795174665549098e+01
2.641452633206504785e+01
-2.608441565574871834e+00
-4.598499476510460227e+01
-6.702748414101633045e+01
-6.292595779024286884e+01
-5.520189906683294367e+01
-3.436916103430161229e+01
-1.611237358335073111e+01
-2.548301620521861377e+00
2.197299396429586338e+01
5.388825601876230564e+01
6.560443338159521431e+01
5.654521040897457596e+01
3.734676240067386743e+01
8.649373054884940126e-01
-1.765514709357258738e+01
-1.570076316736868272e+01
-1.650519651452938419e+01
-1.146087031905588915e+01
-1.216229891525645179e+01
-2.130055895325077842e+01
-2.643500915885748626e+01
-3.067896732131264770e+01
-2.648200342103972815e+01
-1.147382915000576631e+01
8.510698615700830416e+00
3.619930335382195352e+01
4.648555396986966315e+01
3.681190123015574045e+01
2.164679694270377297e+01
-5.901943777059501350e+00
-1.980485462849398104e+01
-1.736936460028549334e+01
-1.706622833610098056e+01
-1.227065349017905760e+01
-7.277897462839485243e+00
-3.813276869172683714e+00
5.593794722856610058e+00
1.982718102570560958e+01
2.296491054069276316e+01
1.474943539846351470e+01
2.076652267131847918e+00
-1.901172607423949756e+01
-2.598520898444815685e+01
-1.685816595060616052e+01
-5.754300488669681357e+00
1.314810980288992148e+01
2.081661317432113023e+01
1.473880641184577023e+01
8.836088351763953241e+00
-1.966781080716669461e+00
-8.304788935915567549e+00
-8.315898041821977671e+00
-1.067867676973725111e+01
-1.282881235087477734e+01
-1.076954771609247885e+01
-4.977706417327225630e+00
4.731742900943741503e+00
1.934588759053009710e+01
2.183889213962999420e+01
1.105124139797036165e+01
-3.996869258055760543e+00
-2.777263676949690918e+01
-3.505247022552618574e+01
-2.330890694398829055e+01
-8.374923111751872540e+00
1.643692924598748206e+01
2.935747724810528680e+01
2.763144566640042754e+01
2.730768896252113720e+01
2.266296015811109754e+01
1.560535252845830279e+01
7.445851774971591119e+00
-7.494235946870459131e+00
-2.877932916509607253e+01
-3.645325209289784851e+01
-2.974736457915484422e+01
-1.804491921256192910e+01
3.749075301621391798e+00
1.485843235167479293e+01
1.345161569557959602e+01
1.387463665200066565e+01
1.096132414914427500e+01
6.601179088158389163e+00
1.985435851747446190e+00
-7.987237990176040192e+00
-2.286972441592389771e+01
-2.621991882194384260e+01
-1.746773271156489216e+01
-4.282097325891172979e+00
1.750920207631421732e+01
2.754446828207546716e+01
2.398067652526910365e+01
2.012160581783378532e+01
1.076116833700325159e+01
3.677708229316249522e+00
3.527214036657894680e-01
-7.261567870885710541e+00
-1.720440680825153024e+01
-2.074471980554793760e+01
-1.805666921975511841e+01
-1.183873648724828875e+01
7.330633146328255356e-02
6.363108345847122926e+00
6.334620444619758928e+00
7.333222631929738888e+00
6.640659961815639889e+00
5.645235088949880797e+00
4.969627803684460332e+00
1.767001940121427195e+00
-3.635830993721970383e+00
-5.668235762027597602e+00
-4.340991698723722259e+00
-2.168559459832492209e+00
2.163004074495161078e+00
4.187574214165724840e+00
3.488437127179917496e+00
3.296091971459139014e+00
2.512035211905652154e+00
1.803301992595732761e+00
1.499785170755125296e+00
4.129680075625804525e-01
-1.254607379752338048e+00
-3.662923584134196719e+00
-7.031415070462365691e+00
-1.115960608678918931e+01
-1.618760790421645623e+01
-1.607353875728297865e+01
-1.022922221493770145e+01
-1.651245540329486783e+00
1.137712971145884921e+01
1.968054587317708481e+01
2.247949021951605886e+01
2.570903660073339125e+01
2.703863122816063580e+01
2.223693019694925610e+01
1.116953122764104833e+01
-6.155344322590147854e+00
-3.110859816713525206e+01
-4.180203201571789151e+01
-3.676840604178790528e+01
-2.782527386520725088e+01
-9.270487193767117162e+00
2.214249420686777547e+00
4.913873594883593654e+00
1.174163205309405456e+01
1.862770152517019184e+01
2.234184643206438992e+01
2.377673238650887555e+01
2.129458794829778512e+01
1.414189762958103991e+01
8.001526403445767599e+00
2.609947491983795942e+00
-5.611272294945615080e+00
-1.562004459515763877e+01
-2.202037741628356926e+01
-2.467923120532573122e+01
-2.548223967003636048e+01
-2.298483468787837580e+01
-1.695655729709997672e+01
-7.073045556145171275e+00
7.965102956167207537e+00
2.860778024536919517e+01
3.671891158541070865e+01
3.106802109660965527e+01
2.088792584255178042e+01
1.356448570830797618e+00
-9.459273666374993894e+00
-9.914433350583667703e+00
-1.288520317353041555e+01
-1.390859368864609991e+01
-1.279122161455148898e+01
-1.050692838348134472e+01
-3.558172300789709919e+00
8.119227403425259837e+00
1.246383850752360090e+01
9.207851390892372478e+00
4.371061967443325535e+00
-4.962763055452820815e+00
-7.940376036362758683e+00
-3.430209289821380736e+00
9.651553836237543038e-01
8.021287557250081690e+00
1.025318302683942662e+01
6.391136111810339138e+00
2.242206820124372335e+00
-4.293660039222819691e+00
-8.204680667533441607e+00
-8.600874470865505828e+00
-9.641043180439252680e+00
-9.935290564643409539e+00
-8.092647057430255586e+00
-4.303818284882385825e+00
1.948125295755363418e+00
1.106205611933085287e+01
1.488686787602406270e+01
1.294739315087224796e+01
9.545183295295428749e+00
2.582043481377340743e+00
-1.762575697453370616e+00
-2.863543741986791957e+00
-5.486218890774939183e+00
-8.126300388002363206e+00
-8.419420571076024373e+00
-6.573308119607958133e+00
-2.530216493942653688e+00
4.330283506362193613e+00
6.769255843764406144e+00
4.402093269235109574e+00
1.288951314801017656e+00
-4.375292472457651627e+00
-5.762814052206955751e+00
-2.078198628542303972e+00
1.927317394388159633e+00
8.052109866780911673e+00
9.435478860717417149e+00
5.099664099957817776e+00
-2.166891144778025080e-01
-8.426790065384848205e+00
-1.072597740430980551e+01
-6.013811989655433621e+00
-1.043166727596347987e-01
9.415451940147102405e+00
1.264165519422576978e+01
8.349475486138267399e+00
3.308396952566892146e+00
-5.152704096981633342e+00
-1.008099028053131008e+01
-1.044013325342314857e+01
-1.180376841828421242e+01
-1.232551019997893071e+01
-1.025013956022646688e+01
-5.860980403878601308e+00
1.537807621003216330e+00
1.243394553648679945e+01
1.820959293962613046e+01
1.843818021603315671e+01
1.774852326947715042e+01
1.397688826906948023e+01
9.816342460046781682e+00
5.589888930786456989e+00
-1.857983521615306888e+00
-1.201134958670937003e+01
-1.826284936112459434e+01
-2.050913391065335389e+01
-2.163295145693347266e+01
-1.999343154159614855e+01
-1.431437475994247777e+01
-4.333113011592438113e+00
1.083924196736701617e+01
3.187774764922775006e+01
3.662913510537794082e+01
2.345976818307905987e+01
3.667660817308357135e+00
-2.870413721299429355e+01
-4.002812688820783649e+01
-2.714381941402885445e+01
-1.127949803250194982e+01
1.634871997963869461e+01
2.872050738438940343e+01
2.225021105943549671e+01
1.719208178489167338e+01
6.404399446131273876e+00
-9.738646757711445501e-01
-2.554035541252170471e+00
-8.576503117099425921e+00
-1.649587249970336700e+01
-1.712612376348434751e+01
-1.083496468791155287e+01
-5.277170617639076466e-03
1.760387910979091330e+01
2.307751052176535111e+01
1.506087683493081997e+01
4.546582417287691413e+00
-1.331356626452077485e+01
-2.091584990086381168e+01
-1.618968070018093641e+01
-1.160043334307212959e+01
-2.531292338810685827e+00
2.430477027395991474e+00
1.629871680095379638e+00
2.981143313943405815e+00
4.156639039618142739e+00
6.352921305856366274e+00
1.051129750156884946e+01
1.422057070186555983e+01
1.799825669692000574e+01
1.665214857285235439e+01
9.309352877222154987e+00
-1.175889471816362164e+00
-1.644145785739165078e+01
-2.425231643441968643e+01
-2.352209800776192594e+01
-2.159925275126276745e+01
-1.526111095113714278e+01
-9.164758232050838060e+00
-3.964557932309312527e+00
5.361766797868424028e+00
1.779879551980060981e+01
2.294798812806284261e+01
2.053971000769640298e+01
1.485939918551994054e+01
3.228432471354655942e+00
-4.698785753587825909e+00
-8.265549321278307104e+00
-1.448703954838037333e+01
-2.112368174306637414e+01
-1.804438938982992013e+01
-4.868252874837995847e+00
1.536063185136426235e+01
4.549335247756287259e+01
5.190151144324588728e+01
3.191269340790513453e+01
4.139273426113069476e+00
-4.033664838688450516e+01
-5.798123398501935810e+01
-4.429743116120091884e+01
-2.768680577638787810e+01
3.303310926779224665e+00
1.929703010710262845e+01
1.603602125485047836e+01
1.716091848666200903e+01
1.495639185126248094e+01
1.145478326030173832e+01
8.905857822205909713e+00
8.663913172970594267e-02
-1.424758479912029507e+01
-1.851702684856159919e+01
-1.261152677276508527e+01
-3.545696297657840557e+00
1.242980991963120552e+01
1.719480717480915644e+01
9.058350485706625932e+00
-1.996716532809746925e-01
-1.524564729505577532e+01
-1.995928118345405267e+01
-1.211343380292474059e+01
-3.225129097679177548e+00
1.110126354791682424e+01
1.814274996251664263e+01
1.596591838009711317e+01
1.432828922899090429e+01
9.761934153820087445e+00
6.279819139837111486e+00
4.967475510691866880e+00
1.004019377349057773e+00
-4.520598956950395930e+00
-1.026010898938295135e+01
-1.675776091501236564e+01
-2.387412945266116182e+01
-3.147661318830448351e+01
-2.821526202391554250e+01
-1.283202971664628933e+01
9.437347165485052258e+00
4.196388466010752438e+01
5.173733690758075454e+01
3.587052529775117193e+01
1.313588135469170659e+01
-2.529305268594325540e+01
-4.023970245407078039e+01
-2.756830851796268078e+01
-1.355724725345075754e+01
1.203960396810841260e+01
2.163204325615441803e+01
1.103684550144315679e+01
1.914972326414025261e+00
-1.316403739038709375e+01
-1.944049192617629984e+01
-1.374442043332750352e+01
-9.186708186602766446e+00
-1.507172548402430978e+00
7.246087496490860147e+00
1.575710952554987010e+01
2.859191964555902743e+01
4.509096378653973147e+01
4.460705961472183390e+01
2.586010749229200201e+01
-1.856173210850192268e+00
-4.414198457682373800e+01
-6.116349337541679887e+01
-4.946433218735030835e+01
-3.298223736782717452e+01
-1.284716470773694441e+00
1.615024367052766507e+01
1.567724680029282780e+01
2.025377445409534971e+01
2.236816465337852478e+01
1.858121452437529086e+01
1.053206339603549857e+01
-6.194029857977083608e+00
-3.242766920579394707e+01
-3.995256495375497963e+01
-2.750206704092575904e+01
-9.525062305803855267e+00
2.109672082766601875e+01
3.711161034509524370e+01
3.577628757369450341e+01
3.615206564553672308e+01
3.131327976243573374e+01
2.316480216324493568e+01
1.317776238582037607e+01
-5.270759458222556759e+00
-3.180725277130052220e+01
-4.588256683400761915e+01
-4.696013785368938898e+01
-4.487379196144355831e+01
-3.454366305394399461e+01
-2.243970379956830286e+01
-9.066682416511810061e+00
1.311078486308289470e+01
4.299776964495257658e+01
5.508112527138292336e+01
4.820250177736932073e+01
3.400207639179497932e+01
5.804533377926211379e+00
-1.111053616762921337e+01
-1.473369298507853564e+01
-2.307357820623720102e+01
-3.004798656406933688e+01
-2.685102337314544485e+01
-1.407063198800243597e+01
8.958882848238699736e+00
4.472262741544953002e+01
5.434151347908544238e+01
3.539083557990718987e+01
8.859702266564742246e+00
-3.527475866437455210e+01
-5.573737993130236390e+01
-4.821517181159927645e+01
-4.093382844389928721e+01
-2.321247300485477538e+01
-1.056217290697862232e+01
-6.213403846805805486e+00
6.104379586125817880e+00
2.236029700847493018e+01
3.548794806032910998e+01
4.688015019391319527e+01
5.692476163628344210e+01
6.428686502303416717e+01
5.551183289085908257e+01
2.862636833896497279e+01
-1.128808539712707670e+01
-6.867252121220639083e+01
-9.370892383258009772e+01
-8.246652626051131563e+01
-6.294897339905229217e+01
-2.201547960233883572e+01
4.175577607145329218e+00
1.171618615196923052e+01
2.929186346762474358e+01
4.807992368234886271e+01
5.274187397243814956e+01
4.454030424459445214e+01
2.388262814834824965e+01
-1.318102491946953414e+01
-3.062402218399309106e+01
-2.681837555137223106e+01
-2.281325238424692969e+01
-9.914521250805133690e+00
-5.036210765007634871e-01
3.269198414460973812e+00
1.445240401178808654e+01
3.008675763843949014e+01
3.218180197652762331e+01
2.076225684709976704e+01
2.293186065791930073e+00
-2.773253742209975314e+01
-4.025600289741047533e+01
-3.304058703393714325e+01
-2.389488464105281196e+01
-5.425802970860925889e+00
5.257115271847363935e+00
5.712665195889603531e+00
