3.588844295972870668e+01
5.016564888212580797e+01
2.370689762901432829e+01
-5.439282696736838574e+01
-6.711108562479357431e+01
-1.794836604199390351e+01
9.114094166052767676e+00
3.578625216219509753e+01
4.135870176610213633e+01
1.234416495320225060e+01
-6.197802871829308557e+00
-2.213659827423347082e+01
-2.834977794490960434e+01
-1.656299651383773863e+01
-1.069625703208803680e+00
2.301575777500367082e+01
2.895664410298700275e+01
1.315528727868076331e+01
-3.380343385161278524e-01
-1.838085897632255694e+01
-2.567082813729987478e+01
-1.795765867368498547e+01
-4.248407704409543406e+00
2.093435857203978401e+01
2.837611320022447359e+01
1.586063591873004697e+01
5.616448824271554896e-01
-2.496671770142454250e+01
-2.631895742974538166e+01
5.190411161076898816e-01
1.153624738108943504e+01
1.380825445352027003e+01
1.795200883572686834e+01
1.692496629556984900e+01
8.083869365781373162e+00
-9.553920455017951952e+00
-5.672111802798235658e+01
-1.371782174093469564e+02
-8.747145903292043556e+01
1.012133523548433800e+02
2.194263387500583917e+02
2.963498194006010635e+02
1.482252564948735198e+02
-2.856128003508253528e+02
-4.504712847865616823e+02
-3.740994668082258841e+02
-1.311815556884992304e+02
4.077001542119569422e+02
6.022238813098289256e+02
4.380485648827887530e+02
1.162358021531240695e+02
-5.245058084991220539e+02
-6.921984561121654451e+02
-3.415270669690187901e+02
-2.021029371152803122e+00
5.125759107104820487e+02
5.854801874681699019e+02
1.128602671321577731e+02
-1.312001031231978345e+02
-2.908270812964950665e+02
-2.978511033331365070e+02
-1.491879381365004598e+01
1.080405230142956725e+02
1.155599080227749624e+02
1.062705653144488593e+02
-4.269414249728184174e+00
-5.089453877695183337e+01
-3.502628441197201425e+01
-2.775984901009968553e+01
5.259589546114576741e+00
1.872600352859178230e+01
7.545334359890748743e+00
2.545875366002434248e+00
-7.143163525644951939e+00
-7.946762921820101688e+00
3.752671373635735552e+00
6.185018786205539243e+00
2.483613379675362776e+00
-4.788781528296376933e-01
-6.153232991832344290e+00
-2.886258836815390971e+00
1.062696747774915451e+01
8.946356591122061275e+00
-6.689708987333857770e+00
-1.065795038349931723e+01
-6.696543163100578511e+00
-1.056249634774057977e+00
1.073785336513720345e+01
8.594294891233317912e+00
-8.929540720504396845e+00
-9.838043610743074652e+00
2.904829541828427786e+00
8.538338948563303887e+00
1.215104976684443550e+01
6.429609300392838733e+00
-1.244119793596497914e+01
-1.440097871104104854e+01
-3.505580899220693825e-01
3.752527498143550577e+00
2.986177488118532786e+00
-1.675514167407206489e+00
-1.456482751175125756e+01
-1.402813019205967215e+01
1.996227357984717288e-01
2.771659500172340529e+01
7.451224559883758047e+01
4.554766189825868850e+01
-6.564428420558921573e+01
-9.653853803562971336e+01
-6.049984600435639237e+01
-1.254163948606091239e+01
7.938016607375712397e+01
9.672865908189835693e+01
2.951945765828681090e+01
-1.139569675500088941e+01
-5.210457308858376990e+01
-5.531947773611644692e+01
-1.420317897428052589e+00
2.101830982627526367e+01
2.333721372185966914e+01
-4.862134462528044487e+00
-8.214553601591001097e+01
-6.693435411519017464e+01
4.235806485586402204e+01
1.300694620745382224e+02
2.240915826508247335e+02
1.278070364033114572e+02
-1.955122238045647691e+02
-3.167328800738614518e+02
-2.665452655634810526e+02
-9.053360261817951482e+01
3.078897855044671132e+02
3.956384280293505640e+02
1.587192144981862896e+02
-2.514832462182258865e+01
-2.702789121325220663e+02
-2.836699570950160592e+02
5.035850998857332783e+00
1.109580639773010660e+02
1.013120343862758972e+02
7.307747197208716727e+01
-5.831490894011423620e+01
-7.595779219327904741e+01
2.456031650346883310e+01
4.025086220558573302e+01
9.739327723159824757e+00
-6.699789878768891427e-01
-1.890602276101354207e+01
-2.093948376879477280e+01
1.649470475436726202e-01
7.817369680801864007e+00
7.668113416731336507e+00
5.042008595827105033e+00
-6.243339791518207171e+00
-7.403023759572208817e+00
1.725275726908301666e+00
5.255878057437481488e+00
6.635421078975597631e+00
2.741391880849100904e+00
-9.234090070624144886e+00
-7.408236085023284012e+00
8.151900567144991783e+00
8.348721648198360157e+00
-3.836962997211146309e+00
-7.186784730244542452e+00
-5.988462721368911446e+00
-2.008849921779080283e+00
8.218626854173914253e+00
8.716517303397832706e+00
-8.759140127129119158e-01
-3.219188816976555678e+00
-1.060242017191709962e+00
-2.749178521102019879e+00
-5.860942378510060280e+00
-2.803867930367431871e+00
6.116025970231142139e+00
9.474377703977427956e+00
8.163530527663956704e+00
3.221223102790060189e+00
-7.958095897635298677e+00
-1.644957351248968891e+01
-2.248821531090863957e+01
-1.178166663099816880e+01
1.939284132104067737e+01
3.539283894381659934e+01
3.867437189814883425e+01
1.765434489190547751e+01
-3.729360014963735637e+01
-5.311924156519245344e+01
-3.093244797438662985e+01
-5.231301178613044556e+00
3.986523812008886125e+01
3.371711172365928633e+01
-3.162517438551342508e+01
-4.127906441252608261e+01
-7.054023316839176161e+00
6.093990826830105334e+01
1.868126890136379359e+02
1.220894877534565097e+02
-1.484363578459206394e+02
-2.669078130088161060e+02
-2.738096132863036587e+02
-1.176133213007348388e+02
2.836588263973098378e+02
4.223845726473283548e+02
3.056717829012199559e+02
8.457553229122660809e+01
-3.600385789598777251e+02
-4.922218894008235566e+02
-2.820212081143627643e+02
-3.237699928183413078e+01
3.875915073988161907e+02
4.679359478886610759e+02
1.471439234859749376e+02
-6.094189215712116692e+01
-2.756535093080307774e+02
-3.035009108867971577e+02
-5.120258920116953760e+01
7.862183913003811142e+01
1.465618798525721047e+02
1.469395510817045079e+02
4.987965608806256945e+00
-5.628731355149375304e+01
-5.538090133996289666e+01
-4.922564621574107235e+01
4.936461368920342707e+00
2.687118512790899771e+01
1.587237633582329899e+01
8.902389691416065176e+00
-1.119464573811211494e+01
-1.377543929193284455e+01
4.873769580733990026e+00
8.573184940593774783e+00
3.530332730966112109e+00
-1.503420183411500188e-01
-7.874534645177464043e+00
-4.405619056522423804e+00
1.186390962888253320e+01
1.021559532123477076e+01
-7.566846828815529058e+00
-1.223132771375687078e+01
-8.299388705242018105e+00
-2.042983150978001206e+00
1.160767253187384540e+01
1.243928381144219486e+01
-7.060199247101309750e-01
-5.005579282856238876e+00
-4.211973431103825938e+00
-4.210116928733619979e+00
-1.392105230360098478e+00
3.841987326580629247e-01
9.546832428989887598e-01
6.657507412245189826e+00
1.713439415932186805e+01
1.114090040402447102e+01
-1.194223644094914860e+01
-2.479158496741947459e+01
-3.092843853492051664e+01
-1.476841517232189815e+01
3.092646841878758224e+01
4.154823960849326170e+01
1.878787284183656325e+01
-1.543139070848011496e+00
-3.259904723264124016e+01
-2.969834826818464180e+01
1.438712839165849466e+01
2.244753472055023025e+01
2.596595099973380449e+00
-4.732599726239410387e+00
-1.209373126710397095e+01
-1.022039859759868641e+01
6.405657834185885413e+00
-5.775739557085511677e+00
-4.607712259869538940e+01
-3.885716530108962274e+01
1.208704698854027981e+01
9.798603763255731280e+01
2.370383729986421883e+02
1.462950977267429380e+02
-1.956254712427115123e+02
-3.426425790746548046e+02
-3.396318137563413870e+02
-1.417592928981026716e+02
3.542428919272023222e+02
5.217275265043639365e+02
3.656121538644758857e+02
9.228377877710218513e+01
-4.453809889836983302e+02
-5.839227887883480435e+02
-2.807937295870370917e+02
1.651186104935739252e+00
4.195764021954674945e+02
4.875666056218855715e+02
1.168807805878950745e+02
-9.456845362801671229e+01
-2.649386927701390277e+02
-2.702431503602574026e+02
-1.335687940003392526e+00
1.058437661465087558e+02
9.804513361558998952e+01
8.099400199349773288e+01
-2.512717000007472024e+01
-5.546253836072196464e+01
-6.734401593943764475e+00
1.107456707370139348e+00
1.950717630365614852e-01
4.920497947740815725e+00
1.567709264228387633e+00
9.057892277366719203e-01
1.738950151950768852e+00
8.853191281765486753e-01
-2.722910174187300747e-01
-2.704590501258311797e+00
-6.671103057802143965e+00
-3.698657138863983285e+00
6.727985212458476028e+00
6.744669703425469010e+00
-2.826748978605329032e+00
-4.937708654562895205e+00
-2.356044896271864086e+00
3.231032984711563749e+00
1.489521114585293304e+01
9.979484619009099333e+00
-1.269736202932504554e+01
-1.780866932025093874e+01
-8.611224238240396289e+00
-8.343579741397648686e-01
1.190854233247679872e+01
1.318797450623644529e+01
3.897281497215727697e-01
-5.470925374765103655e+00
-8.040382083947793745e+00
-1.285282018459351860e+00
1.911521517690814775e+01
1.537655322272870784e+01
-1.240012726336422588e+01
-2.173127280940519412e+01
-1.859500929887913045e+01
-5.807065003769958267e+00
2.486450225356536237e+01
2.454001226293567228e+01
-8.182314095377723362e+00
-1.261952422139539998e+01
3.331499062028698610e+00
9.740641508103664137e+00
1.599467278995782671e+01
1.163207778508711598e+01
-7.836079718937073224e+00
-4.320344331818501615e+01
-9.961701802163608477e+01
-6.354608057310785085e+01
7.333045298847258664e+01
1.561653906892240400e+02
2.054012044950992220e+02
9.994186375576217074e+01
-2.041065340783179636e+02
-3.083432352493775852e+02
-2.298499901633607010e+02
-7.018358320986293108e+01
2.602863968846036187e+02
3.808964079496734030e+02
2.742870143601881523e+02
7.027413308696716854e+01
-3.304234890051785669e+02
-4.386713801515064119e+02
-2.251001819883971962e+02
-9.114979500089226860e+00
3.259081352603646451e+02
3.873065263703036294e+02
1.128599717172692181e+02
-5.735489119493487919e+01
-2.183961718146065891e+02
-2.425529580153196321e+02
-5.021157765682605856e+01
5.721659846599515475e+01
1.255934496491036754e+02
1.271818346734906697e+02
4.328653025348577543e+00
-4.896452933664569684e+01
-5.128745503980277931e+01
-4.354204750179673056e+01
1.127032124720463813e+01
2.685865423176606015e+01
3.104679042762059193e+00
5.267857368150567154e+00
1.747498729601838363e+01
9.291116628953018264e+00
-1.315427675358718140e+01
-2.479697162922579423e+01
-2.883556566309708913e+01
-1.233655717590097467e+01
3.152542442829874503e+01
4.065788849621116441e+01
1.604605312520508775e+01
-1.983259093628858993e+00
-2.583484106042524431e+01
-3.097779931133905507e+01
-1.059550653166632017e+01
3.465036080339620295e+00
1.812958623225247123e+01
2.203518553262423296e+01
9.335199387099144985e+00
-1.269666574975085283e+00
-1.406044905330589856e+01
-1.686932505793948778e+01
-5.904453807392348708e+00
2.325523139206933543e+00
1.150296966415656641e+01
9.612668768111570117e+00
-6.942085860100904782e+00
-9.103477725139260457e+00
8.644290383422175150e-01
7.669449461610792440e+00
1.643837587790036636e+01
1.096814377527362794e+01
-1.188227908412043199e+01
-2.063870580504792329e+01
-1.816582734563308321e+01
-6.849691286905279952e+00
2.012170717982678525e+01
1.924751769367098575e+01
-1.086638011488360789e+01
-2.009972216409550683e+01
-1.598754554948063422e+01
1.381610582664618825e+01
8.029094420722938708e+01
5.307784135988592311e+01
-7.185983452459605303e+01
-8.105644458891698889e+01
9.066762788596648193e+00
3.588338856001317367e+01
3.303016119183425303e+01
-1.189519256277255366e+01
-1.273954945460739054e+02
-9.575617464299104142e+01
8.724188725517123544e+01
1.701187784536014647e+02
1.892046644964415236e+02
8.730307725807433883e+01
-1.911582535405576948e+02
-2.723403241043098433e+02
-1.638439131653977370e+02
-2.402009696433511010e+01
2.288903659579560212e+02
2.610660617266811983e+02
3.997185192366312378e+01
-6.576129282478446214e+01
-1.267000701098799595e+02
-1.274519322299618977e+02
-4.687857437003667194e+00
4.313929671277398370e+01
3.279627089174983468e+01
6.127760719611411133e+01
9.533011372867359512e+01
4.587367477732799159e+01
-8.722517297150527327e+01
-1.373451673083515630e+02
-1.139494482996717579e+02
-3.588291464053787649e+01
1.362879136148150110e+02
1.712617531106280353e+02
6.199489674095116953e+01
-1.404953099143906670e+01
-1.057427693233265984e+02
-1.208582655722803310e+02
-2.827970564143862120e+01
2.464521060914761819e+01
6.413960571185045012e+01
6.755292408490019795e+01
7.575253867806680752e+00
-2.108299448343560201e+01
-2.940142853111074572e+01
-2.846562057897994791e+01
-3.463470607228378295e-01
1.226946835974018590e+01
1.159644859475577938e+01
8.825959955441522453e+00
-4.785967434595315595e+00
-7.411132865905022626e+00
1.453984457711756439e+00
2.124164726559532035e+00
-1.413920379563713858e+00
-1.547483073140720755e+00
-7.223743317646910134e-01
-6.731581860839377374e-01
-6.527587346105007127e-01
-4.691518798071747098e-01
-2.759532544126905296e-01
7.399632492322785637e+00
2.332745276190314243e+01
1.685853024839836678e+01
-1.263199829741042990e+01
-3.736476841599873211e+01
-6.340563007043627408e+01
-3.439249383573982755e+01
5.978642799836850230e+01
8.660311021621171790e+01
5.372713859050026031e+01
1.065836358803541017e+01
-6.987407434628083536e+01
-8.620778667525387107e+01
-2.918281914068583660e+01
9.593589128555436218e+00
5.320216616241830820e+01
5.553138901992699061e+01
-2.974094555636916937e-01
-2.191836091185484392e+01
-2.133399274872202511e+01
-1.178983809297727348e+01
2.365923593757151622e+01
2.371264355629344323e+01
-1.254561555818463070e+01
-2.764565547846295601e+01
-3.262420987269930350e+01
-1.719729843507204947e+01
2.949070871680369166e+01
4.820766809796742791e+01
4.142743779419961925e+01
1.360033311547072188e+01
-4.953384742201376412e+01
-5.970768743503414555e+01
-1.460559481244174940e+01
1.091363329945493810e+01
3.458914963647011831e+01
3.266436463853173677e+01
-8.097798953615795270e+00
-1.846951594881025471e+01
-4.727919005398824481e+00
-3.151022707567373793e+00
-2.227235552456514611e+00
4.702452434452028540e-01
1.283381201364587554e+00
1.049085506020199432e+01
2.827519081140389900e+01
1.758876443627485742e+01
-2.256037119406280667e+01
-4.611115248526016330e+01
-5.928037082725809626e+01
-3.033085647290950959e+01
5.334384681920128202e+01
9.744673158299852389e+01
1.080853197742296885e+02
4.477050583333159040e+01
-1.190746066288413516e+02
-1.766907528799486329e+02
-1.330393553061005605e+02
-4.667567217078853048e+01
1.303655675510943013e+02
2.401982024678076471e+02
2.772601890004077063e+02
1.223102426929087159e+02
-2.822153699283576884e+02
-4.022058614491010076e+02
-2.492460194712895429e+02
-4.410899520227037129e+01
3.311694066150171807e+02
3.974730764227668942e+02
1.102530023989384347e+02
-6.387139185430791599e+01
-2.313565541219686565e+02
-2.346887670642069281e+02
1.057681840728174016e+01
9.787377394722784629e+01
7.283797105686619489e+01
5.799238634971427331e+01
-1.827700004550122870e+01
-4.137965574376751476e+01
-3.868647666731653612e+00
1.298060113791820847e+00
-2.325230481174986430e+00
2.233704681141178483e+00
4.401601565611242606e+00
5.073196102059145396e-01
-1.000909327837545248e+01
-8.411958333507968177e+00
5.390866117312252292e+00
1.301619485960161171e+01
1.785838195005105433e+01
9.103534905442938197e+00
-1.758209732706552586e+01
-2.354121508237906468e+01
-1.014614846236532131e+01
1.341696841525152450e+00
1.860428874063062921e+01
1.704558497800945105e+01
-7.516799422358146465e+00
-1.157213130283018288e+01
4.212521792310707225e-01
2.198914244868757972e+00
5.372954401807140679e-01
-1.914557024040151045e-01
-3.250922119301227653e+00
9.618190965728237174e-01
1.311301606940790521e+01
9.061882115349151334e+00
-1.075069086718894340e+01
-1.618912198785490375e+01
-1.064658285872945420e+01
-2.629893563660625322e+00
1.353049526473406594e+01
1.853276412053295630e+01
1.107942689454993257e+01
1.941892816830500079e+00
-1.366902506022475627e+01
-2.102086676811671140e+01
-1.836439772328342457e+01
-6.855464063712449985e+00
1.830022799802014788e+01
2.908668821535905735e+01
2.511051091436853255e+01
9.238238580860738125e+00
-2.610398693456570030e+01
-3.010389770710761681e+01
-1.064289189455013274e+00
1.017273634585343167e+01
1.325830372461472351e+01
-1.353031356769044180e+01
-8.111982173378260086e+01
-6.469784112264665055e+01
3.669650455730624117e+01
1.288151721327317034e+02
2.370417188186634974e+02
1.327875220949148627e+02
-2.194138704332389125e+02
-3.192139707063960259e+02
-1.983441344190761413e+02
-4.051802920685301501e+01
2.560910788345901210e+02
3.133599078923464845e+02
9.740822797948658263e+01
-4.476127905077306934e+01
-1.982226905990827959e+02
-1.858945919268109606e+02
5.778717540914785644e+01
1.148951680847251851e+02
2.560450823702358392e+01
-2.032589191259125982e+01
-9.476175607211955310e+01
-7.121031669908775541e+01
7.748123407070139024e+01
1.168154965626796553e+02
7.034661933475936735e+01
1.590864441005394880e+01
-8.963584609159778438e+01
-1.153418437750913057e+02
-4.939940904668807775e+01
5.176969007846610182e+00
7.929603323043170349e+01
8.750385531576785070e+01
1.025625108626199555e+01
-2.555353081476088661e+01
-4.057901356654992497e+01
-3.479384299626065058e+01
1.474970598101581309e+01
2.575987130918850099e+01
1.911418467348311001e+00
-6.677213968623749274e+00
-1.479803724797151077e+01
-1.020118850521097009e+01
1.417691857447414527e+01
1.743249867607688941e+01
2.142397305493319415e+00
-4.663497893873120859e+00
-9.891517012541726217e+00
-7.989942264618382417e+00
5.380547688542950624e+00
6.199394651307498449e+00
-4.290142982642906055e+00
7.451636714701806996e-01
1.823255719624486915e+01
1.343781602011705445e+01
-1.137657142292435886e+01
-2.520321467302321494e+01
-3.345257934786508258e+01
-1.676757580833611527e+01
3.256743110955561349e+01
4.675292524071538480e+01
2.839602196571616943e+01
4.667881207513775443e+00
-3.882661240261754898e+01
-4.451000866242917198e+01
-6.917948935930374077e+00
1.091939970146305328e+01
2.113260659430788735e+01
1.870768946617958761e+01
-7.396425337352016349e+00
-1.342953366028396189e+01
-2.035045537123179926e+00
6.953947064222453456e+00
2.176271300545096921e+01
1.425303451744469463e+01
-1.946970383369535895e+01
-3.446900092978637531e+01
-3.586173536232161041e+01
-1.894239911476912397e+01
2.629114392097387665e+01
5.883872627125092691e+01
8.127031378803614814e+01
4.010615014881756935e+01
-7.974288001945241433e+01
-1.009952901157941056e+02
-2.890449768895745919e+01
1.845753748280711548e+01
7.501639143403870946e+01
4.376345096757735575e+01
-9.932629128670680529e+01
-9.336984078334596404e+01
4.911044676447994561e+01
1.022932456617333088e+02
1.079264687796210040e+02
4.291975703533122299e+01
-1.352654821902335414e+02
-1.379911454017392032e+02
3.562968004209233186e+01
7.389841790252451403e+01
2.431147201266161773e+01
-3.675280381501514704e+00
-5.917065705358177752e+01
-4.509093643555385711e+01
5.346145815394713452e+01
6.230249277222839055e+01
-3.004443753842905629e+00
-2.088418690829905700e+01
-1.816085211537053468e+01
-1.175710309483850935e+01
1.613288247893394711e+01
1.826261401323242239e+01
-6.060515708525090695e+00
-1.611991747272542952e+01
-2.056428380607103179e+01
-1.046373880640976317e+01
2.156697800440507251e+01
2.689672091551386401e+01
6.840963382088177447e+00
-4.380792290734206951e+00
-1.580878743531375719e+01
-1.390410943405818855e+01
7.238013340226306269e+00
1.103797873966840903e+01
4.832805645186406540e-01
-4.021319462758373930e+00
-8.669233343377232615e+00
-5.486936317343602099e+00
8.679756053911196645e+00
8.266682690296129010e+00
-5.605024657860594672e+00
-7.927963793905206558e+00
-2.520340490108179843e+00
6.644846301905346309e+00
2.405303748966005983e+01
1.522002426222724480e+01
-2.213650881860342778e+01
-2.842448900984123838e+01
-8.286304328109135753e+00
3.480574327969387483e+00
1.727130469367001098e+01
1.709070831796934442e+01
-2.761354674718579982e+00
-8.222158428078641279e+00
-3.048788908730344360e+00
-2.873607869464795961e+00
-2.148060175059829380e+00
-2.556931374916543431e-01
1.470085307002592989e+00
4.319019569212521503e+00
8.091672633453258712e+00
3.778793797371468699e+00
-9.359957935314026756e+00
-1.126827054760412317e+01
-2.842349018334686672e+00
1.049679851662400409e+00
3.962744268292054617e+00
8.982967438031320029e+00
1.424026574048527394e+01
7.816040920581021290e+00
-1.155316520359577837e+01
-1.959653014310885411e+01
-1.796841090753697046e+01
-5.822081145249011769e+00
2.274164044498321857e+01
2.349752185689701633e+01
-4.580502610786409079e+00
-1.175804254543296068e+01
-5.645289449064364362e+00
1.423521942427951714e+00
1.775347425839254711e+01
1.308812923534557271e+01
-1.476291715740162047e+01
-2.712958429393510684e+01
-2.939278290009475114e+01
-1.300086658096839543e+01
3.061279084608608159e+01
5.689756292409048655e+01
6.830684468866299142e+01
3.716944974088770692e+01
-5.007648028801158802e+01
-1.130679897004910401e+02
-1.589234014123744032e+02
-7.796830959818146312e+01
1.589633040063161218e+02
2.136144263800957788e+02
9.826415171929572523e+01
-2.518335171562404717e+00
-1.563509735845649118e+02
-1.623867871256561841e+02
1.386291238210015919e+01
7.085144226623975783e+01
5.048462332220795190e+01
2.093960631646738690e+01
-6.993411978050426114e+01
-6.704212892108141375e+01
3.690393676952592017e+01
7.863375547430776180e+01
8.664003473914414144e+01
3.867125381036826326e+01
-9.681313934728080994e+01
-1.180936065234287469e+02
-2.733159601509705183e+01
2.078087640965657457e+01
6.426734154855822112e+01
6.319368750394817624e+01
-8.391447819677457787e+00
-2.996971061927967028e+01
-1.339871965032492263e+01
-9.843635434147115504e+00
1.306253070731103971e+00
7.250326525156680191e+00
3.516640808901243975e+00
1.371070780046519832e+00
-3.222760327914703016e+00
-3.529079765555636516e+00
1.800377273841253345e+00
3.850151895753276765e+00
4.176818959218715044e+00
2.181240814609479273e+00
-3.751351667467541340e+00
-6.655612108919215508e+00
-6.832139718515570337e+00
-3.065088454084774483e+00
6.480388933295951226e+00
9.340352226433646265e+00
5.605846913583192759e+00
4.196106384016762836e-01
-9.051747330110844203e+00
-6.967873875189569688e+00
8.133662739466391400e+00
8.982306601819182390e+00
-2.078255813702575505e+00
-8.547555102417843997e+00
-1.497903128888858149e+01
-8.393754384835574456e+00
1.468731551844710559e+01
1.861173401725278609e+01
5.128140171466223585e+00
-2.972518630554658703e+00
-1.219589832132025542e+01
-1.090885676968501805e+01
4.854296752839873719e+00
8.143123941107758057e+00
1.411914813812650937e+00
1.368007505259612122e+00
3.747354659451614722e+00
4.386731365908393521e+00
5.228923398999591576e+00
-1.170831931408555704e+01
-4.853281307324255067e+01
-3.063206928180080624e+01
4.351284265919668570e+01
5.859414489198007914e+01
2.445874286055033764e+01
2.960752616691572303e+00
-2.621818379878667926e+01
-3.235131369035948978e+01
-6.046515155399877273e+00
1.393967912381822494e+01
3.666608051861715012e+01
-2.264749411518224420e+01
-1.780093499244935913e+02
-1.319550212911234155e+02
1.147604569466629556e+02
2.472012683348484359e+02
3.153844146263263610e+02
1.529338030540902196e+02
-3.171979363585169267e+02
-4.462234108178332690e+02
-2.557115046509253489e+02
-3.609589683865015530e+01
3.490206248657962647e+02
4.225019461783995212e+02
1.305003681639276181e+02
-5.630063332005578047e+01
-2.478387595977879698e+02
-2.710723816463624871e+02
-4.123063005540113579e+01
7.367855114502735603e+01
1.276449528123118569e+02
1.284012897483408437e+02
8.122255628653535453e+00
-4.608212193600863316e+01
-4.898095587318883304e+01
-5.215763661152045216e+01
-1.993658585709695075e+01
7.750355703731685253e+00
3.197923662649984422e+01
4.237031584694133102e+01
2.889969432981718711e+01
5.150206335320149265e+00
-3.606146983991119015e+01
-4.744569006970560565e+01
-2.487966362726938385e+01
-1.571550986648672543e+00
3.435729166144096780e+01
4.210398400073458447e+01
1.511034840649730882e+01
-4.712899665033489782e+00
-2.770056879372545922e+01
-2.725371857414207355e+01
4.935383696848572477e+00
1.464296467714110683e+01
8.017727793179181717e+00
9.048769188279921494e-01
-1.639818765616870877e+01
-1.327151772427824916e+01
1.263408216401142781e+01
1.720386145168018999e+01
5.386631084189147600e+00
-1.876442308834594730e+00
-1.188389399145466818e+01
-9.720661110814049266e+00
8.092464009454433338e+00
9.334234444315798740e+00
-3.476170342238395605e+00
-5.976051183596712946e+00
-3.106550209798573992e+00
-6.354794090584382493e-01
4.980731059814990758e+00
4.799699076295872224e+00
-1.924535564957508216e+00
-2.944414101752206303e+00
2.278381515739225927e-01
6.206650820383758926e-01
5.801166514843972277e-02
-5.333151443304787881e-02
-5.550308369200457337e-01
-5.265590999441732700e-01
1.256424589519977986e-01
2.522326761708736376e-01
7.975680350258002038e-03
1.640027170327254202e+00
5.149600220849691823e+00
3.681419733096158886e+00
-2.831470676983316448e+00
-9.097730428842982775e+00
-1.653536428494467003e+01
-9.611152619439229383e+00
1.394741389862716474e+01
2.324704068330902373e+01
2.069941893590736015e+01
7.427692376603789448e+00
-2.364537215302587470e+01
-2.981728040751634623e+01
-1.030273637772579143e+01
3.142012437131706637e+00
1.935867864989018727e+01
1.822572673597450432e+01
-6.164243040045597866e+00
-1.094014162227165166e+01
-3.004774975045992891e-01
7.283234498009501401e+00
1.927883918837152422e+01
1.259046415323033585e+01
-1.627876557125131640e+01
-4.021371612501062742e+01
-6.455807793895932889e+01
-3.913014021567732925e+01
4.563901470705976493e+01
1.077009016400370029e+02
1.579095918137051342e+02
8.495085877023581133e+01
-1.390363480002847609e+02
-2.169999886498976878e+02
-1.650046913272651352e+02
-3.928531574396334491e+01
2.273190376391273162e+02
2.378505611406878302e+02
-2.677221908609208612e+01
-1.008690420974955089e+02
-5.574025778625131977e+01
-4.258589750311642064e+01
1.222105790469894870e+01
2.918968847912086062e+01
-3.597237835454212718e+00
3.328675369231197667e+00
3.345068420519564967e+01
1.787466642980876941e+01
-3.534204012852124777e+01
-3.361349244015949722e+01
1.708489002568463988e+01
2.452854723572538376e+01
2.179483298696776927e+00
-1.189657254999315050e+01
-3.226920578461854205e+01
-1.993717806899771716e+01
3.211010374624572705e+01
3.703424279373692940e+01
1.740338095858134371e-01
-1.222792130195598581e+01
-1.436441008830107613e+01
-8.993179965167659162e+00
1.434952640502980437e+01
1.443046774146998423e+01
-8.453795926180992737e+00
-1.359581401804550893e+01
-7.730668519518639314e+00
-1.863687449105667415e+00
1.047276095745759861e+01
1.274625989540686888e+01
3.544406770315278621e+00
-1.882751006896508317e+00
-7.114766805944213068e+00
-8.469469902065579703e+00
-3.393128188605404549e+00
6.380462245270318578e-01
5.180049368567179791e+00
8.100355403438129542e+00
8.085530344055445795e+00
3.327685362018978577e+00
-7.635462553195172752e+00
-1.406615527248766107e+01
-1.626108417676731221e+01
-7.400551099986822479e+00
1.599539684828477881e+01
2.459197502772225263e+01
1.925532549720560738e+01
5.918817290953687582e+00
-2.238806525477728115e+01
-2.961295680244571571e+01
-1.431489917170049964e+01
-1.448865057012302948e-01
2.108500747999862313e+01
2.343354640813963385e+01
2.327016584176845981e+00
-7.522770642124833707e+00
-1.205739572649511970e+01
-7.446784103515990516e+00
1.284906462304016728e+01
1.436367831797117312e+01
-1.918725923401978894e+00
-7.350480094859788593e+00
-7.796625300082870247e+00
-2.880286845528484463e+00
1.217999098787202961e+01
-1.131713711274796985e+01
-7.582154148941243932e+01
-5.810428864537718141e+01
3.966927057082260433e+01
1.210154104614422295e+02
2.092499815072124534e+02
1.194474224595364262e+02
-1.813151387105847618e+02
-2.859231555139933789e+02
-2.220913499690139190e+02
-6.485857275090285157e+01
2.750217223033219511e+02
3.148966276993490396e+02
3.364526605910630508e+01
-8.982629527393471847e+01
-1.496619031241092728e+02
-9.169128369936359491e+01
1.694423930510371576e+02
1.746833283852481884e+02
-6.366106862604362959e+01
-1.985135445949787538e+02
-3.120764105340479091e+02
-1.703423303078500055e+02
3.018957580237420188e+02
4.139407054273830227e+02
1.995039339729651431e+02
3.574635685369795368e+00
-3.095538402266181492e+02
-3.349962960076795753e+02
-1.007385301314471704e+01
1.141041644437658249e+02
1.239821915898513396e+02
1.065749595539056145e+02
-3.169154880630112103e+01
-7.080706848065619852e+01
-1.308939233479860853e+01
2.267740790993197031e+00
1.707526373892876848e+01
1.762508448659691851e+01
-1.283087184574485740e+01
-1.661016614666907643e+01
7.475210705712092008e-01
5.924915556448031140e+00
7.756250207786246520e+00
1.206014922302318215e+00
-1.881381401961156641e+01
-1.544028639267864200e+01
1.121181775358782318e+01
1.789121355906831567e+01
1.019520616563999837e+01
6.918490392098655128e-01
-1.828033012728352347e+01
-4.965544643595914742e+00
4.435037496736701002e+01
3.776250973750810402e+01
-2.070083614457472621e+01
-6.108303684308958026e+01
-9.951599400325869738e+01
-5.436851823874504674e+01
9.338586118040370820e+01
1.321259857041411294e+02
7.309549763613361506e+01
6.758530744786477307e+00
-1.096950270651761343e+02
-1.164230410189655487e+02
4.524955807119551920e+00
4.445652988053744537e+01
3.503248504479275027e+01
2.910655599981915387e+01
-7.585382475514893308e+00
-1.936753606775596026e+01
-3.756756479426261564e+00
-1.169697539191976832e+00
-2.962685360847016613e-01
1.986351380615131612e+00
1.217954420806831362e+00
7.038401146882009574e-01
-3.626239687739108430e-01
-1.010683522263702949e+00
-8.777217076616721236e-01
4.870717358395139085e-01
3.572331687085664953e+00
2.311841859673187116e+00
-3.496878990326078629e+00
-3.887595048455450009e+00
3.695267627147534317e-01
1.501191406837067310e+00
1.056591932899592967e+00
5.901800725823199700e-01
-1.072153429142120418e+00
-9.399347640691527728e-01
1.132669477763174060e+00
1.389267716370892414e+00
3.119054314461228161e-01
9.301901385400171418e-02
1.853617360529190572e-01
-2.025619747418103245e+00
-6.483489415938828770e+00
-4.192556473510999027e+00
5.046135034024714194e+00
8.813705505271116181e+00
8.473337637328537397e+00
4.601876404860865577e+00
-5.441102286033430602e+00
-6.580177772610929843e+00
1.455111826825164156e+00
2.523634043499932478e+00
-7.710434370105112567e-01
-2.519219377782249936e+01
-7.549933175605970348e+01
-5.530228146646253151e+01
3.801975237092953108e+01
1.406968086691337021e+02
2.745008769551714067e+02
1.607390782790291155e+02
-2.346395072115622611e+02
-3.956175516354385877e+02
-3.657384418259587733e+02
-1.397578243860559724e+02
4.013278868728365296e+02
5.579943913045843829e+02
3.255795585791357212e+02
4.894862350308547150e+01
-4.299669760888565406e+02
-5.443319728187472037e+02
-2.293514485303498986e+02
2.817512074738003491e+01
3.669549997156828454e+02
4.166815823916719523e+02
8.466669361564005669e+01
-9.445639263823304077e+01
-2.160978425861303549e+02
-2.125786773405860117e+02
1.447867981143823712e+01
9.633150945559167155e+01
6.574356276934422283e+01
4.527953381162159019e+01
-3.275233551047119818e+01
-4.790045236375798510e+01
9.541992003893941643e+00
2.122725940554303747e+01
1.121095801863901364e+01
4.334316843492283411e+00
-1.590390323619958046e+01
-1.725569246250226385e+01
2.267457602019611773e+00
7.812931473501215862e+00
5.221510229883331355e+00
3.124178343090026289e+00
-3.952366874060565305e+00
-3.617777096572068807e+00
4.973399357342658256e+00
1.150560503309209226e+00
-1.350512301381735192e+01
-1.007817258265495042e+01
9.545439028342579846e+00
1.514801767998673121e+01
1.073391239811046383e+01
2.483090743713769477e+00
-1.525445436428910995e+01
-1.548807463783255756e+01
3.257168464592590240e+00
7.638957765655937315e+00
2.383855781436933885e+00
9.553492551084447060e-01
-1.857553453706575430e+00
-2.167358865023857994e+00
1.451178354247593338e+00
1.554683222763526995e+00
-9.584864184286480127e-01
-9.330973662381025768e-01
6.497915593713258220e-01
5.192853660283859307e-01
-7.322430094786407384e-01
-6.877253552994982977e-01
2.760956216935117058e-01
3.394888320628803302e-01
-1.939162151807378165e-01
-5.691768274042265097e-02
5.258961077812933649e-01
2.515024066596520225e+00
6.250957101395660409e+00
3.989320700794138919e+00
-4.613516917237547865e+00
-1.316673636565346683e+01
-2.336696342528587422e+01
-1.593157147689209907e+01
1.193490966116942609e+01
3.246279772288567500e+01
4.972333861710240654e+01
2.363963930285962789e+01
-5.525885067096657366e+01
-5.489893134044592671e+01
2.184879424599074582e+01
3.893123631331526724e+01
1.734903039880684972e+01
-1.823588342118821615e+01
-9.163463222674863573e+01
-6.090790354938001627e+01
8.286356786892808657e+01
1.038386828103514148e+02
2.158099893796446267e+01
-1.900980344885931572e+01
-5.765991083000991324e+01
-4.954717904689256613e+01
2.886324884137838609e+01
4.002877481825782269e+01
-6.029604123448504716e+00
-1.673450278566113525e+01
-1.437196452729570417e+01
-6.626947702923520644e+00
1.944977797022279020e+01
1.785845400395484717e+01
-1.193297037803369420e+01
-1.432739920241893294e+01
3.776316488777511804e+00
9.682313500565138398e+00
1.167411667830973165e+01
6.731170708404068392e+00
-1.022930267025500051e+01
-1.651976156533802609e+01
-1.317075361296061331e+01
-3.967636878564438696e+00
1.624758959287080984e+01
1.777041319886281201e+01
-6.250071008788783411e-01
-7.603515141011998324e+00
-8.740715208463786468e+00
-1.803181359038347864e+00
1.899952535089491334e+01
1.533151815095171777e+01
-1.308017099075367184e+01
-1.859060440307220219e+01
-6.947181855109185733e+00
-7.922397709454546133e-01
7.628746937711018639e+00
5.074346368436749577e-01
-2.618744182210189919e+01
-2.579224973507189134e+01
-4.457197998564201846e-01
5.391788615478994018e+01
1.494119688748016017e+02
9.460324960911172809e+01
-1.222610965854316873e+02
-1.952422568885973817e+02
-1.527374066769288561e+02
-4.983557051990908349e+01
1.769442473428572669e+02
2.153872849933624138e+02
5.279040388919796811e+01
-4.680801123840637956e+01
-1.482047328549376459e+02
-9.151323879144101170e+01
1.763086789448231855e+02
1.677723253485515897e+02
-9.514335945370002889e+01
-1.814630618075912025e+02
-1.687059450593089025e+02
-6.690491499811825804e+01
2.006966694761387373e+02
2.365084611327442019e+02
3.700025705445123947e+01
-5.390966736112737578e+01
-1.109215726920220106e+02
-1.081180195045032946e+02
1.095234986959701828e+01
5.111527238358711145e+01
2.831696651469704662e+01
2.153176466293783875e+01
-4.212298433350877502e+00
-1.511138628466891021e+01
-4.727263164976683640e+00
-5.536757117899871794e+00
-9.329597020030734100e+00
-4.755750207582662092e+00
5.214410234224737373e+00
1.568432465111397001e+01
2.801991085534915626e+01
1.552099986597331238e+01
-2.529294369570716583e+01
-3.444756173900304930e+01
-1.518751993697298630e+01
2.600589812623401720e+00
3.066677927327925701e+01
2.226368845076838454e+01
-2.925851919358339615e+01
-2.950899456169434742e+01
1.485229258706400479e+01
2.600582683579613175e+01
1.833609298680612554e+01
5.058604220867296775e+00
-2.641545626514142953e+01
-2.538920964316977447e+01
1.054758241854517919e+01
1.632899079260104003e+01
2.856449586673329710e-01
-5.019634303765553085e+00
-9.639315877783179332e+00
-6.268895478982710934e+00
9.634983495049368685e+00
1.208446529580143647e+01
2.584026096660125393e+00
-1.627621845645712551e+00
-5.004737191366300131e+00
-6.098138215770815052e+00
-2.390345550187643386e+00
7.648801055995723130e-01
4.454210048087179352e+00
2.498248448026767488e+00
-6.506480690089470720e+00
-6.635089851020141261e+00
1.266356229321749405e+00
8.598178111392808631e+00
1.839877968187519386e+01
1.096945656538004599e+01
-1.643766007748129709e+01
-2.200439768204732616e+01
-8.383907411059867698e+00
2.128224632324251075e+00
1.733734192896048754e+01
1.111081751946847263e+01
-2.117078035013307868e+01
-1.815995399178089187e+01
1.684596342721089712e+01
3.184319966011032932e+01
3.660827383256939527e+01
1.951782108663834592e+01
-2.979967712738547903e+01
-7.754200979685639084e+01
-1.289584537886828457e+02
-7.597699296026380011e+01
9.854493794495046188e+01
1.976912069000004806e+02
2.410680919797369768e+02
1.109368282443404610e+02
-2.481322809013156245e+02
-3.380172636216306046e+02
-1.712106224561787542e+02
-9.104747924990888919e+00
2.515606867016276738e+02
2.865181119806799188e+02
4.732619026854191446e+01
-7.184060248844927798e+01
-1.443204081266025582e+02
-1.336090471772120907e+02
3.065418821194132448e+01
7.614418608429548385e+01
2.183360521797155229e+01
1.222184245924090185e+01
-2.115426424525974625e-01
-6.495214286003957227e+00
8.630632276167499839e+00
-1.303693909504887394e+01
-6.845304620372185411e+01
-4.199912702376641249e+01
6.432453110244178163e+01
8.066177593046283789e+01
2.098652437746935462e+01
-1.041892052187406748e+01
-4.262749597173306881e+01
-4.930097919677986340e+01
-1.439105272118484891e+01
7.870196312745831868e+00
2.711017791394523258e+01
3.599396761129710143e+01
2.477075539307688956e+01
6.149863041578226053e+00
-2.573804002186453488e+01
-4.455312615706300505e+01
-4.781225169649810169e+01
-1.901070523148355207e+01
5.209111977681115491e+01
6.902006260672968097e+01
3.243366503929404132e+01
-2.193187952581703293e-01
-4.926299794162966350e+01
-5.768641378589545354e+01
-1.505470493293240253e+01
9.644696735196166770e+00
3.033224352522227107e+01
3.562280978234115025e+01
1.339658812112486785e+01
-3.801234540217998781e+00
-2.208892568447075888e+01
-2.687222879703208989e+01
-1.155930998580511826e+01
1.473849509456890416e+00
1.749928107471347616e+01
2.113879880524188337e+01
7.837810564008422354e+00
-2.661926787711049514e+00
-1.500068681781234403e+01
-1.434423561660606161e+01
3.520534658299617536e+00
7.737904529905106799e+00
1.485765444336982100e+00
5.499658225272641143e-02
-1.636523502342018377e+00
-1.706636676075077075e+00
1.578763971064786720e+00
3.545350721504496150e+00
4.995616846350388940e+00
3.093884578575455624e+00
-3.226518599194196479e+00
-1.147430565522411783e+01
-2.276056370512275251e+01
-1.270137768524721800e+01
2.122976091518214758e+01
3.951186721013273484e+01
4.631225765585791976e+01
2.094024495587165902e+01
-4.733585756449876669e+01
-8.886742162167186621e+01
-1.082229574809887822e+02
-5.427827946112643787e+01
9.468250852519055627e+01
1.923576814198068234e+02
2.502156958240559561e+02
1.252795097201809256e+02
-2.307000232607075532e+02
-3.880502299758577465e+02
-3.696735158275984645e+02
-1.437812662459829198e+02
3.982414530411523970e+02
5.680913359147722304e+02
3.647376569370351262e+02
7.628171777584759639e+01
-4.564444779039883429e+02
-5.953191205145379854e+02
-2.846053085786671772e+02
5.583963706591006826e+00
4.304695245892255571e+02
4.893118608709413593e+02
8.968319148301641519e+01
-1.177172349951086687e+02
-2.520617444269977057e+02
-2.357531592779950529e+02
4.965045958238803081e+01
1.308444455859344657e+02
4.296452907792197351e+01
1.687751661469896902e+01
-3.103911632999838588e+01
-3.860334258856752143e+01
1.932138477629631268e+01
2.119728935009155180e+01
-1.753943658445762566e+01
-1.937565738417484695e+01
-4.927390057150758951e-01
1.973595356939471657e+01
5.255827516003935784e+01
3.209091964968608579e+01
-4.821569160656198250e+01
-6.251638454179807525e+01
-1.957154566996583256e+01
7.894259127820953736e+00
4.242696410645628902e+01
3.540047297564441919e+01
-2.615102253147811950e+01
-3.236159204081254614e+01
8.068646465488964026e+00
1.953631342142448091e+01
1.954430843187935807e+01
8.873649440790250864e+00
-2.403754577129086911e+01
-2.714681173195849695e+01
-6.670683400402659391e-01
7.835803750166387971e+00
7.422659320144278539e+00
1.060782882119471893e+01
1.048391233438932346e+01
3.424349321732079954e+00
-1.095364915550641172e+01
-1.629816957276965184e+01
-1.248024746854210676e+01
-3.469198204615730585e+00
1.497291670282414344e+01
1.879896288589752373e+01
6.842374020945055868e+00
-1.804047132759099004e+00
-1.239631855202820887e+01
-1.230181608692352313e+01
2.088438900353528638e+00
6.479633143614568880e+00
3.734032917016446351e+00
6.378375688408127742e-01
-7.132396225655656785e+00
-5.588576685846793346e+00
6.280100154597992201e+00
7.602524717816520727e+00
5.349718206862196235e-01
-1.616207829199176160e+00
-2.064340220529889081e+00
-3.495304331352743876e+00
-4.183474364383805266e+00
-8.558050259765289658e-01
6.906949668626480410e+00
8.776483032061088707e+00
4.927035689330565127e+00
1.629459066391353961e+00
-3.251639984783504023e+00
-1.789643761300660429e+01
-4.259635130638356770e+01
-2.696994463163695599e+01
3.160771986731821315e+01
6.523069625006625927e+01
8.253686253937800643e+01
4.137880491573995556e+01
-7.659816417392970322e+01
-1.184082236974571885e+02
-9.020752894012059642e+01
-2.234465775515155173e+01
1.206497318098295466e+02
1.377804266414048300e+02
1.978492103337968544e+01
-3.314741076110077245e+01
-6.048837807094184882e+01
-8.075661728351397528e+01
-6.259617753366377002e+01
-1.883025652572767683e+01
6.009002310482007658e+01
1.267866676547680669e+02
1.796714802036201206e+02
9.532005614265376892e+01
-1.527390956295630815e+02
-2.622485523857865246e+02
-2.519167346751547711e+02
-9.263130143975885744e+01
2.915709743844824970e+02
3.526498169793561601e+02
8.483123656436657711e+01
-6.476375470523876743e+01
-2.037654361877535223e+02
-1.863636950510871202e+02
6.632193317958306977e+01
1.197720200685955376e+02
1.023202830863512780e+01
-1.768240246714699992e+01
-3.647713275934143695e+01
-2.778505189808425868e+01
3.927148518773463337e+01
4.177867394406083434e+01
-1.348362466479087374e+01
-2.083469980883457850e+01
1.384212924241207565e+00
1.603555537780152251e+00
-5.965219447529847230e+00
-3.226455529391179855e+00
4.466618886895759921e+00
6.317583425825838539e+00
3.895844113665527519e+00
1.483577240212632653e-01
-7.003643956309140606e+00
-5.639599213357074703e+00
5.181411059663222574e+00
5.423132047646833875e+00
-3.189259923249017969e+00
-3.212453109331745882e+00
2.551338971492441932e+00
2.579588844419599347e+00
-9.356150453112987986e-01
-3.258875788397292084e+00
-6.016235544616839626e+00
-3.879558614022828422e+00
4.202432484684582192e+00
9.099092566511430391e+00
1.189116739883381868e+01
5.703042720909349939e+00
-1.207155054591440368e+01
-1.622928878959661958e+01
-7.542911854413460127e+00
3.851970315930225430e-01
1.266978287569278017e+01
1.347664628530238495e+01
2.388401692130994458e-01
-4.602214557789591431e+00
-4.410545853379642445e+00
-6.972330910361318246e+00
-8.825606210371303106e+00
-4.774577167151813128e+00
5.349437531579524396e+00
1.427126713780567080e+01
2.295616637430586238e+01
1.389636151357617599e+01
-1.619437092081230389e+01
-2.093955187336099399e+01
-2.310473830319495825e+00
9.029253223937971029e+00
2.166743994436003717e+01
-1.983583655285120528e+01
-1.249882200142817794e+02
-9.187318868329050758e+01
7.970139120805191624e+01
1.780336559403364731e+02
2.376901696018416885e+02
1.191063536390615241e+02
-2.317923079257431027e+02
-3.328455123324911256e+02
-2.028549210416028927e+02
-3.508468015610804969e+01
2.727210893275403691e+02
3.195542168587937226e+02
6.733726185732793112e+01
-6.798578011444701019e+01
-1.731914208271240341e+02
-1.565531605093616179e+02
5.689769461496111802e+01
1.041613698792253899e+02
1.239002874978383595e+01
-2.673455107247711737e+01
-7.645483984633108321e+01
-5.704910168274161464e+01
5.868014442819802667e+01
1.003959330961268108e+02
8.554840457707966550e+01
2.997014222133618944e+01
-1.013253285523252600e+02
-1.269863389036536319e+02
-4.305255685391967546e+01
1.217695151947166821e+01
7.602802528415035965e+01
8.678055978517573976e+01
2.072649616980312359e+01
-1.741431228527946473e+01
-4.599441182629328750e+01
-5.050970848926100842e+01
-1.162633546586365085e+01
1.100656871122695435e+01
2.550356568534209956e+01
3.031774787973988339e+01
1.406162442823732128e+01
-1.623159500964795665e+00
-2.106465992725926029e+01
-2.698957236352146083e+01
-1.453661186853594955e+01
-1.458633255695036102e+00
1.783972461515637420e+01
2.482592213670661607e+01
1.602336049585617417e+01
2.575681006369332504e+00
-2.129825724547563226e+01
-2.090099806075306432e+01
7.010235155296635767e+00
1.491829016857259660e+01
9.256490948137622965e+00
-8.543207406906594414e+00
-4.785485547603987300e+01
-3.272867856488486638e+01
4.000455039350672592e+01
5.858061851931802266e+01
3.419357028069311610e+01
6.618700707933587779e+00
-4.489591812782241220e+01
-5.581712818446835911e+01
-1.965668230847498776e+01
6.062012257686123284e+00
3.628060092859372077e+01
3.747668554176009081e+01
-1.128930160635422730e+00
-1.484853623083145280e+01
-1.189506974218294921e+01
-9.865508614514183705e+00
2.409043932317270542e+00
6.415317820074005084e+00
1.299813531577270309e+00
5.455770062216809269e-01
3.700985726715307900e-01
-5.589437580212657242e-01
-7.900700779893087278e-01
-4.509113226787573869e-01
7.251963082148067397e-01
9.427370181072782795e-01
1.999205468206887992e-01
-7.942846755612869014e-01
-2.459722877852631662e+00
-1.281915794684282073e+00
3.060386247980183327e+00
2.805066086458515962e+00
-1.696297518944809291e+00
-1.669052883323642655e+00
1.826181020520428522e+00
2.256795539196244871e+00
8.250019502084443568e-01
-9.611366115946902156e-01
-4.143455578418157259e+00
-1.052018952539287788e+01
-2.039195790701586830e+01
-1.468984586479045440e+01
7.824732445127663638e+00
4.208386890884595033e+01
9.361181426314080056e+01
6.224590290978287044e+01
-6.053886113328074003e+01
-1.149109306385084750e+02
-1.171457873270678505e+02
-3.828032148447499594e+01
1.598624681379812671e+02
1.209760275783010854e+02
-1.624589057964086578e+02
-1.669446963373422932e+02
5.884283018417972499e+01
1.965230730221357476e+02
3.321816681184455433e+02
1.918441590576878752e+02
-2.952123861758574890e+02
-4.624121116437513024e+02
-3.544333866041153556e+02
-1.061827271393589172e+02
4.268503964527423022e+02
5.355137107449007772e+02
1.893039894113238120e+02
-5.401846989451338743e+01
-3.468762446824404719e+02
-3.580912169738999182e+02
1.467357851973378402e+01
1.455306896230981408e+02
1.143847185334549010e+02
8.763650927119699929e+01
-4.301510205372557749e+01
-7.347776043532059020e+01
5.878572159205693204e+00
1.738207802768547339e+01
5.511544707292868051e-01
3.045636739483745803e-01
-5.631287704836990926e+00
-3.471923979273829897e+00
9.926285262891994421e+00
7.905108489958484697e+00
-7.641306186365012465e+00
-1.011507475125672251e+01
-3.037445435334322763e+00
7.040205099655003629e-01
5.328602969968689429e+00
6.189368994621993636e+00
1.434424372265889813e+00
-1.082873677055264938e+00
-2.720835249633142716e+00
-2.294677778361613463e+00
1.662389516319579208e+00
2.963901641807856979e+00
2.079763775053303565e+00
-3.054185031979917309e+00
-1.405169697443527710e+01
-9.537699513522875705e+00
1.120973178455304620e+01
1.616518197517066824e+01
8.370472483007690201e+00
2.359611079337139428e-01
-1.418354491082495628e+01
-1.147139155314574666e+01
1.101594404330560195e+01
1.236759629468034483e+01
-3.819357469537725258e+00
-1.125188951337770682e+01
-1.653561519075258701e+01
-9.420430021221468664e+00
1.492817485987672477e+01
2.318769689918430998e+01
1.725918987983233421e+01
4.851338611987853433e+00
-2.129057643448268067e+01
-2.569836490758892111e+01
-6.607289366001858788e+00
4.520794243153384961e+00
1.507741855505613771e+01
1.380209578149144178e+01
-4.999877922679229592e+00
-9.356606928142349844e+00
-2.046260690927002468e+00
1.275438057022352023e+00
6.126228149440876791e+00
4.434427649663275517e+00
-6.006757537730025298e+00
-4.192609990010891963e+00
8.768118956545876586e+00
9.022120329230277846e+00
-7.229639891661087114e-01
-8.600711776774094375e+00
-1.859290899332247804e+01
-1.331639407225358696e+01
1.020304086401042198e+01
8.002157258628086467e+00
-1.805105053682547478e+01
-2.548325241225697724e+01
-2.106245192755521956e+01
4.628361759309414936e+01
1.899615818131890705e+02
1.270258068452905178e+02
-1.499750146142116023e+02
-2.280697167808159804e+02
-1.478164514585612608e+02
-2.834905666308027605e+01
2.105310747237021758e+02
2.008344375531216883e+02
-8.488753391700062423e+01
-1.365376696494206499e+02
-1.688428450719422358e+01
7.938739744975518420e+01
2.383790143307791425e+02
1.666048034422478281e+02
-1.745799481533223059e+02
-3.321521722128256897e+02
-3.599530566542414931e+02
-1.560096522081552735e+02
3.848688336805803374e+02
5.192211573157588873e+02
2.566662470083084031e+02
1.128559397066824488e+01
-3.726899201045180803e+02
-4.452410987236298752e+02
-1.321972404640075069e+02
6.555203830486786387e+01
2.579223650383994482e+02
2.784275480610915565e+02
3.541381532342870031e+01
-8.112106397453941042e+01
-1.249896534634635259e+02
-1.198195538516164618e+02
6.536244571048581697e+00
5.639226836852687796e+01
4.143978873430451415e+01
2.603720830138890108e+01
-2.870159854473844874e+01
-3.514288547305053356e+01
1.216106364446828891e+01
2.365509826988618869e+01
1.604131871686387001e+01
5.297646812816760864e+00
-2.229623684181618870e+01
-2.353049069814803929e+01
3.471255009067140573e+00
1.052436156019209967e+01
5.238665949079196693e+00
4.357419520142833846e+00
5.033483814354658969e-01
-1.039028427450511050e+00
1.117207207489648191e+00
-4.293709327029126221e+00
-1.649617831846752125e+01
-1.041130584940060189e+01
1.388576495705000013e+01
1.945785267191906343e+01
9.536313733774857582e+00
-4.871257535085715684e-02
-1.619788987375175893e+01
-1.433021134812478792e+01
8.741530380874694472e+00
1.186539384196993119e+01
-7.933533833695487480e-01
-6.010930232656636285e+00
-1.042748554791645077e+01
-6.112369113300917256e+00
1.067497796330290427e+01
1.167919172218330104e+01
-1.953763252365783742e+00
-6.247143564259315163e+00
-5.839621988890671744e+00
-6.455431288661797051e-01
1.348215771817850239e+01
1.036304538632040284e+01
-1.052179635465279084e+01
-9.576064181066124448e+00
9.820982570151421953e+00
1.304665379207991194e+01
5.702096993790979340e+00
-1.334051746568317043e+01
-5.087802207340095606e+01
-3.474639746469252088e+01
3.854687997492715823e+01
4.857395054988426608e+01
4.877239961393649459e+00
-1.858642937099625669e+01
-4.240992365777001538e+01
1.066581970634304000e+01
1.580496538262285355e+02
1.190482984013487595e+02
-1.045594968033739605e+02
-1.993804186068602746e+02
-2.101416908920564310e+02
-8.802738525301580808e+01
2.345402162993058255e+02
2.885742755982498124e+02
7.598998611833037842e+01
-4.713246204755287749e+01
-1.716015531227197926e+02
-1.594259999548330597e+02
5.185920091107265506e+01
9.846008546525781924e+01
1.311849753778317940e+01
-1.035730101141401960e+01
-3.260104729469093598e+01
-2.641334343049677713e+01
3.233904114753666903e+01
3.619941910662114992e+01
-7.282231668297591831e+00
-1.530192715529311798e+01
-4.087298450184840171e+00
-3.641440071570411163e+00
-2.714455565439125806e+00
-1.970955942059743060e-01
1.271598871051271340e+00
5.287461791168921899e+00
1.154438753903803416e+01
6.088633078126797216e+00
-1.180258133659965836e+01
-1.327359828807106013e+01
3.021216993520406957e-01
5.885983174627457792e+00
8.390817220858455272e+00
4.548313866643669101e+00
-9.706918889265239159e+00
-7.893916414573802776e+00
9.702879473436295754e+00
2.477608368474180089e+00
-2.666444096465315994e+01
-2.302692796851012247e+01
9.264516466761424596e+00
3.431979787347417954e+01
6.158055701218209776e+01
3.113492323326199696e+01
-6.806444317504941921e+01
-7.560087695570925348e+01
2.351816425451641379e+00
2.637678437662545150e+01
2.312898283541364108e+01
1.956569288250710414e+01
-5.759379390636789608e+00
-1.255997979030990663e+01
-1.269181886989754204e-01
-1.215681735741172442e+00
-8.470119140839582172e+00
-4.307908808291952774e+00
8.113176089441504146e+00
1.064011234072206413e+01
4.877764604187529329e+00
1.836016708528901420e-01
-6.805345906015069168e+00
-9.607762019245084772e+00
-6.773730486546728713e+00
-1.883606653376348472e+00
7.185851410637203784e+00
1.095335074042366230e+01
8.715486300726187352e+00
2.046991078864540015e+00
-1.185528603316361362e+01
-1.222557389711007048e+01
1.884576310774411789e+00
5.696527041377913214e+00
2.901450650746976834e+00
1.559112733244260696e+00
-2.308298750594878435e+00
-2.726384877046834188e+00
1.083586869047524548e+00
1.327804378946168429e+00
-8.575783984782535674e-01
-2.411885530730983440e+00
-4.524268541853341929e+00
-1.863700518929886529e+00
6.351840131265118039e+00
4.147733565868469086e+00
-8.232391762602158991e+00
5.679047176023755306e+00
4.532599335046192124e+01
3.447385524426994152e+01
-2.479249464286525395e+01
-7.087370673527856013e+01
-1.176675272658937672e+02
-6.293762888228203423e+01
1.133020074342105801e+02
1.685219189302485177e+02
1.172189361247610577e+02
3.603770760786206040e+01
-1.260318554395819319e+02
-1.911254668370424099e+02
-1.478443022595135119e+02
-3.508558694701653025e+01
1.972343950966959767e+02
2.147247729829996103e+02
1.135109661413061355e+00
-7.398340194154833682e+01
-7.343198138701150413e+01
-6.345001675155960186e+01
1.632536232483602845e+01
4.022410581301020471e+01
8.253138209466603925e+00
3.422218648902585869e+00
1.776275225982390182e+00
-2.863509955602869805e+00
-1.491399385623405571e+00
-5.135864630197217728e+00
-1.263236237967559461e+01
-6.467832501968469039e+00
1.314272972634729442e+01
1.618672761090707368e+01
4.422406849661795647e+00
-1.775710395586111101e+00
-7.743148157094241313e+00
