5.145308785286434983e+00
3.483914267588766212e+00
1.860780003428232243e+00
3.244861154864068231e-01
-1.993056866376864189e+00
-4.888994548875386315e+00
-6.464903445456707587e+00
-6.651150245980804954e+00
-6.216582988805488874e+00
-4.658340095349449150e+00
-3.312168696969071569e+00
-2.241400444047838114e+00
-3.433099302232459071e-01
2.107628001832150932e+00
3.466342627116310471e+00
3.713623158961040005e+00
3.448429937080308871e+00
2.247002769139823108e+00
1.358349061210753383e+00
8.366122868713304905e-01
-3.046348093013298008e-01
-1.804899206964058589e+00
-2.849510729391346864e+00
-3.480480890853538511e+00
-3.909969166265658380e+00
-3.943084501987211610e+00
-4.315571321601022525e+00
-5.053501314688288559e+00
-5.628421803363544029e+00
-6.198392440453529773e+00
-5.453381099104996466e+00
-3.201534762866872885e+00
-1.660499896319667379e-01
4.048555313692902224e+00
8.830089831308967518e+00
1.414689463334777031e+01
2.067032437199805273e+01
2.829775486309435450e+01
3.134688512053518750e+01
2.936131423503759663e+01
2.496829636660616103e+01
1.657801420491161082e+01
7.664814110149775317e+00
-1.603840653328781229e+00
-1.438088664259850269e+01
-2.999311007323366596e+01
-3.868318707447691196e+01
-3.994026348986534458e+01
-3.796875776670559333e+01
-3.013988545189754831e+01
-2.297953376497779132e+01
-1.681696943959716606e+01
-6.099657810792756152e+00
7.845016601979240889e+00
1.602708410381585580e+01
1.830778955939627650e+01
1.809371849048467595e+01
1.307151625325789368e+01
9.954635408828902854e+00
9.064685704890983686e+00
5.078610944455610010e+00
-5.897847841868009144e-01
-3.388593920433949691e+00
-3.522519211960217334e+00
-2.194470596468957257e+00
1.697902793450232206e+00
4.118152055204878259e+00
4.932390758461934865e+00
7.076950604095681996e+00
9.695246714808432031e+00
1.057884854919651652e+01
9.830074054238341574e+00
7.891771766630738760e+00
4.208492333894881199e+00
8.242140263051895843e-01
-2.238434603251497457e+00
-6.486804592251240287e+00
-1.151487759573901748e+01
-1.416129114393830157e+01
-1.429120179224410947e+01
-1.312672540195507409e+01
-9.810567140975321010e+00
-6.598243579804662140e+00
-3.569863301196753547e+00
1.159848849013031646e+00
7.145490683603240356e+00
1.046825396782730699e+01
1.099632094170602770e+01
1.030325636423133417e+01
7.355212676805678029e+00
4.950311691184320573e+00
3.222622654969918621e+00
-1.181288912644026246e-01
-4.493245314833658632e+00
-6.973881990858406432e+00
-7.565312259293717645e+00
-7.273194918107621199e+00
-5.355200846515590918e+00
-4.120461640263438419e+00
-3.665851509149239185e+00
-2.207903650239889437e+00
-2.324015972294533605e-01
8.316333969613343147e-01
1.056277799428402053e+00
7.878989479190671164e-01
-3.202664682705264054e-01
-9.697099894521131747e-01
-1.123991649672273274e+00
-1.723295097564749634e+00
-2.495025719668273023e+00
-2.290643446311170006e+00
-1.098724273714456912e+00
7.295031286125126524e-01
3.499377039612652229e+00
6.298934313100303051e+00
9.110372886588406161e+00
1.266089478248769851e+01
1.677322409662522773e+01
1.829678167019945789e+01
1.700949989903761406e+01
1.428061955687143403e+01
9.231792214988834289e+00
3.885758896345454350e+00
-1.676048452325803906e+00
-9.249751497382071364e+00
-1.844633340600729809e+01
-2.355294295125430892e+01
-2.426016787070540204e+01
-2.303163372125623098e+01
-1.832276250475640467e+01
-1.394577789520482725e+01
-1.008954798641067541e+01
-3.499283578381275461e+00
5.053142358785357224e+00
1.001455552392046755e+01
1.127818155783036325e+01
1.098122868126259277e+01
7.688306905742939179e+00
5.502575836000350051e+00
4.622808004385627889e+00
1.774755147602649297e+00
-2.179365200767073851e+00
-4.039810056685139372e+00
-3.895528003053818189e+00
-2.681606047288564110e+00
3.929189536312954756e-01
2.613425288414508607e+00
3.885001567261847200e+00
6.230363533152859290e+00
9.077875085573328562e+00
1.013670791331994003e+01
9.408522799155994321e+00
7.578571112024935275e+00
4.048921980275276944e+00
6.751448313903579690e-01
-2.500332768443179088e+00
-6.930009085557179205e+00
-1.224577486116493219e+01
-1.469448819383040927e+01
-1.408570383126373571e+01
-1.194995667616334423e+01
-7.265596744081135760e+00
-2.608496071930855642e+00
1.917972789493449515e+00
8.503294215690038627e+00
1.663773573828614616e+01
2.077469507957552253e+01
2.066244570453999785e+01
1.860040489360307348e+01
1.310111156044027858e+01
7.980737436327284051e+00
3.417687118924944922e+00
-3.791828758635428898e+00
-1.287291967146158811e+01
-1.826946395843206616e+01
-1.985882673440243451e+01
-1.977094812094049914e+01
-1.655967799614767344e+01
-1.431277704160452657e+01
-1.321852589794096033e+01
-9.993621568892699258e+00
-5.488547708429805994e+00
-2.568221530412517772e+00
-1.099513506949419295e+00
-2.872246201397091747e-01
-8.169818219153942573e-01
-1.492461785973047683e-01
1.815709683847343436e+00
3.245716858252256642e+00
4.690464962913137192e+00
6.214603827792723578e+00
7.628526794543829759e+00
9.290132760176001980e+00
1.117155713455635002e+01
1.276667299846703507e+01
1.409924484147556001e+01
1.538888733857939783e+01
1.652838988891065597e+01
1.609664243306290743e+01
1.394896905150754485e+01
1.066263892445861394e+01
5.810670121288307399e+00
2.650755276557301698e-01
-5.972504338110285360e+00
-1.374245223582771303e+01
-2.290517065816812803e+01
-2.742972889200020603e+01
-2.685158697698722818e+01
-2.394813566599981414e+01
-1.704079596545140163e+01
-9.878635933120495594e+00
-2.648546896383846327e+00
8.012454928483915495e+00
2.136865469430586018e+01
2.863941863910962127e+01
2.943685236142582440e+01
2.746346883719241205e+01
2.038026621387230364e+01
1.420325007508781390e+01
9.239230359900345135e+00
4.568916660903403759e-01
-1.090535128238084539e+01
-1.798661177164683878e+01
-2.077273504445624397e+01
-2.170762380222703669e+01
-1.905169840139033965e+01
-1.813004691206165120e+01
-1.918408790882054049e+01
-1.808199147361584735e+01
-1.595107130322280398e+01
-1.391642119585337234e+01
-1.158794708703941900e+01
-9.190064682505951765e+00
-6.891100158734611902e+00
-2.944989325452529894e+00
2.686933752352816285e+00
9.038026075844175722e+00
1.651328118272301992e+01
2.124112409296084536e+01
2.278443669916099878e+01
2.328605359459093194e+01
2.164897848933420477e+01
1.988801029620053740e+01
1.816634424141224002e+01
1.451071185809925623e+01
9.326240835568214038e+00
5.245515041917899524e+00
2.224108529922089517e+00
-7.531075287573130161e-01
-3.058263929122107871e+00
-6.758408939617840616e+00
-1.199523863476447083e+01
-1.723758211781879623e+01
-2.296005930005282636e+01
-2.528892026548199823e+01
-2.367278966220105119e+01
-2.027489363873559114e+01
-1.393776240229792585e+01
-6.530569321243050673e+00
1.832501076820484354e+00
1.314408703388008881e+01
2.707267107641198223e+01
3.421354882511493400e+01
3.396375641346464391e+01
3.059952544487256532e+01
2.156164094797168929e+01
1.286764545169723384e+01
4.850082227382829458e+00
-7.733792545881184033e+00
-2.366234856726967806e+01
-3.233580093096983177e+01
-3.342288895804609439e+01
-3.115909496558125724e+01
-2.275952415002297258e+01
-1.577260009530214369e+01
-1.056078788819881176e+01
-9.535510646644498323e-01
1.148652247778795576e+01
1.849721484506899927e+01
2.005250311360588356e+01
1.903122167078269911e+01
1.332347490671391022e+01
9.360492697113677707e+00
7.407901830883393934e+00
2.453496558267870054e+00
-4.158722436265847477e+00
-7.755161722823867620e+00
-8.483118408933043142e+00
-7.648781015680068407e+00
-4.096738391282880087e+00
-1.867120602804922758e+00
-1.090284252046286984e+00
1.228545323287456803e+00
4.242219389268727880e+00
5.898428128193824449e+00
6.337510351835519806e+00
5.948967157585636656e+00
4.237805298474568438e+00
3.191187789921235307e+00
2.847147663358503777e+00
1.793432233045560986e+00
4.414650717705108085e-01
-7.474156880133343561e-01
-1.885795253619123812e+00
-2.911400851333058704e+00
-3.733594219993779717e+00
-5.008955989091221639e+00
-6.741071745033411666e+00
-8.532009205777361771e+00
-1.052300967221339079e+01
-1.109960616605050809e+01
-1.006462501648899632e+01
-8.278504428249638281e+00
-5.270614952131262854e+00
-1.861780289549120893e+00
1.899440959801505624e+00
6.849322054085595468e+00
1.283746196819592456e+01
1.587492816129047313e+01
1.569789305746449770e+01
1.410765276028174675e+01
1.001239458973726038e+01
5.955638078011301850e+00
2.070046256677393171e+00
-3.874435602577756210e+00
-1.136785565649907426e+01
-1.550950732051558667e+01
-1.612406411719523902e+01
-1.520902351135975472e+01
-1.147073655467884912e+01
-8.354659495822033932e+00
-6.030330907938691531e+00
-1.660092910477066308e+00
4.043691697255282769e+00
7.774298874071438270e+00
9.573910951590599794e+00
1.054263748044067839e+01
9.856688955966811605e+00
1.019286778764269741e+01
1.166764703616286347e+01
1.225299192283038430e+01
1.252016114964163052e+01
1.196358784837812905e+01
1.029305747978727048e+01
8.133209901714515411e+00
5.267168719028933133e+00
1.450570537333415233e+00
-3.303420441519538286e+00
-9.094386381098415129e+00
-1.600364724357655888e+01
-1.983697905462464917e+01
-2.023639425274085468e+01
-1.926651701973399256e+01
-1.576196348794438151e+01
-1.219727939100656045e+01
-8.725662266220492569e+00
-3.084791558505699527e+00
4.229738224142123748e+00
8.606229376402922071e+00
9.915405567800410935e+00
1.003674351299498113e+01
7.772505603836729726e+00
6.410752962676544264e+00
6.128510352414583195e+00
4.263073358118244727e+00
1.509308160902170126e+00
1.555512529242318309e-01
9.427726445349221551e-02
7.073867002598068776e-01
2.544313462947208393e+00
3.583780395541614094e+00
3.752626097962378449e+00
4.515153924187028878e+00
5.438190313884973648e+00
5.764937445077410239e+00
5.578160244041896476e+00
4.929630152481433214e+00
3.639493652365022758e+00
2.522891630665172080e+00
1.579492631016586435e+00
2.459751999584269266e-01
-1.315267560101744060e+00
-3.066971693201265392e+00
-5.070842967304554527e+00
-7.238301677680546220e+00
-9.577491606395216905e+00
-1.227717448851266191e+01
-1.533939552619789382e+01
-1.868430586671784255e+01
-2.235821971896433880e+01
-2.348288298953445263e+01
-2.176612490519741883e+01
-1.859522150222367287e+01
-1.314043506348568968e+01
-7.037462665154302854e+00
-3.574599220413214318e-01
8.469934390050125828e+00
1.914474736716171321e+01
2.579893980434916756e+01
2.809500415394932915e+01
2.864084637101439057e+01
2.585124504943573953e+01
2.357854763346608351e+01
2.203178417574543602e+01
1.790607986030817855e+01
1.198904586398884398e+01
7.357739919344817636e+00
3.859908690933887776e+00
5.303636110978515728e-01
-1.917009361214785823e+00
-6.170015079191698781e+00
-1.237612689291297841e+01
-1.862909745113413251e+01
-2.553854605368174902e+01
-2.858702616330304025e+01
-2.712886888284166176e+01
-2.373050096737537729e+01
-1.704767747347775853e+01
-9.223377531477757074e+00
-4.023000632447522595e-01
1.171012932061616496e+01
2.672779321129360142e+01
3.468436858188351124e+01
3.497130369281531159e+01
3.210177066550183156e+01
2.337757835883384061e+01
1.522345634673962955e+01
8.000858133734103816e+00
-3.849509071814208205e+00
-1.901419044829471616e+01
-2.776931757118147814e+01
-2.990895523557736979e+01
-2.919353048935730044e+01
-2.310240449764170378e+01
-1.875795843636380766e+01
-1.650191824073165137e+01
-1.062088814453281316e+01
-2.605232591422126820e+00
2.417070900338979644e+00
4.656421250957094138e+00
5.548740644758169083e+00
3.853666188717969732e+00
4.057768192250395423e+00
6.328228761910462019e+00
7.394755912671630682e+00
8.218565580762618339e+00
9.039797896168209945e+00
9.520987515224984321e+00
1.021789447227079961e+01
1.110688823136034387e+01
1.119645869656078396e+01
1.051156908635506149e+01
9.503681383010631478e+00
7.954063554834140071e+00
6.454350635057181762e+00
5.068580095304261235e+00
3.338887161103126999e+00
1.410697039958423549e+00
-9.477806334525427090e-01
-3.803056733926350574e+00
-6.933306473316644514e+00
-1.041201263851320213e+01
-1.280353080449736858e+01
-1.394278304098049936e+01
-1.456585579227676774e+01
-1.425471008705842735e+01
-1.381233876708528108e+01
-1.328202561981120589e+01
-1.188433012672072309e+01
-9.769908204733530610e+00
-7.987185256219259344e+00
-6.513175783785889017e+00
-4.928265503892910182e+00
-3.477413862253920129e+00
-1.321013639603756618e+00
1.606506669033354928e+00
4.696635804037896378e+00
8.148575733586316261e+00
1.107600260212097965e+01
1.333348284836103126e+01
1.548921964049130828e+01
1.727909421044548921e+01
1.908341248354743414e+01
2.094350907981517906e+01
2.243309778508239916e+01
2.362649068547420583e+01
2.294798898384791030e+01
2.016001404322452117e+01
1.603164811647041432e+01
1.006761891796676522e+01
3.045659306272322731e+00
-5.031667631432817700e+00
-1.502896737394065951e+01
-2.683821863088867232e+01
-3.379451853846380516e+01
-3.539283813611582019e+01
-3.474611747571500331e+01
-3.001069799732843890e+01
-2.532383932662759918e+01
-2.091057768800245853e+01
-1.307782060122782219e+01
-2.650445082430183064e+00
4.120590299634067755e+00
7.147840786166897331e+00
8.889008460160704672e+00
7.754385585733141184e+00
8.389107562039459509e+00
1.105058394436057156e+01
1.208391272166660713e+01
1.249062598179820149e+01
1.273025726954814196e+01
1.240709416828174838e+01
1.198317775735632118e+01
1.145545669702118552e+01
9.616254380988603856e+00
6.451031078681583431e+00
2.511705951831681993e+00
-2.492381614605428286e+00
-5.587351472048660561e+00
-6.478596611454523924e+00
-6.812732373928110263e+00
-5.769720092339661655e+00
-4.960920751901714887e+00
-4.533210372508710506e+00
-2.974617310365708089e+00
-6.279245936894650715e-01
6.504888298156772386e-01
8.917503672454406560e-01
7.575532981575457958e-01
-2.031597334780293473e-01
-5.284599167648766915e-01
-1.379290128331336074e-01
-1.304224705845305476e-01
-1.835153932899049600e-01
1.561343167119456574e-02
3.782642851358741787e-01
9.865780772965887513e-01
1.901072896932818335e+00
2.671125698164609652e+00
3.303848311961111506e+00
4.073819800971538285e+00
4.889637086252912823e+00
4.707183855981836196e+00
3.444268695935713165e+00
1.524581488212939151e+00
-1.352468215759449421e+00
-4.509444185840791874e+00
-7.932889596534534959e+00
-1.223802503440390588e+01
-1.730414802819358400e+01
-1.939424822393934633e+01
-1.822692420111724232e+01
-1.549510655907618961e+01
-1.015789507494662125e+01
-4.554990621318533606e+00
1.204116510688144626e+00
9.214667330442885884e+00
1.902092673963212377e+01
2.440706734170714398e+01
2.505653587697280926e+01
2.362873572779407993e+01
1.845089556876844128e+01
1.370328549120589479e+01
9.594177559273385114e+00
2.576752359384931079e+00
-6.498682750213760073e+00
-1.166387661327822833e+01
-1.280568732145823496e+01
-1.220328049465617681e+01
-8.312111633715392855e+00
-5.549824786625434214e+00
-4.124867985007130144e+00
-5.102925871092359733e-01
4.368910631834692637e+00
6.518546823648613042e+00
5.980485688999262806e+00
4.023243819231913321e+00
-3.625905348594190003e-01
-3.934160604949087148e+00
-6.575331557483572453e+00
-1.076676143296166899e+01
-1.583360073753586050e+01
-1.793577995220724830e+01
-1.698421251091049200e+01
-1.433092026303782163e+01
-8.955173067829608868e+00
-3.735264501125689751e+00
1.239232002082126360e+00
8.304227967802944477e+00
1.688799022560858631e+01
2.164398456520527247e+01
2.234745876144564036e+01
2.115676587374488093e+01
1.663862336316237034e+01
1.253740025970402705e+01
9.016649309044494132e+00
2.953147555227777499e+00
-4.896057501980196847e+00
-9.456924129388504241e+00
-1.064468045047940592e+01
-1.037574874370151790e+01
-7.339753402770615054e+00
-5.331663006597676002e+00
-4.528857029423329905e+00
-1.916782327344336290e+00
1.708583397886325184e+00
3.429980186690942734e+00
3.331290238695117534e+00
2.258625847957793198e+00
-5.086739182891986122e-01
-2.485141871133661251e+00
-3.584569576971982308e+00
-5.655850376173095384e+00
-8.175517840363246691e+00
-9.217617075556709949e+00
-8.800440807930124620e+00
-7.470839267741940404e+00
-4.730770203577265853e+00
-2.180108906832693538e+00
1.461552932948343986e-01
3.483446027216979601e+00
7.512740013005304363e+00
9.709913919034105945e+00
9.978424167753084717e+00
9.301237463557953333e+00
7.001184065292599179e+00
4.884743160198826040e+00
3.023158678720951453e+00
-8.001670194309046247e-02
-4.062188907841218111e+00
-6.475695900297908203e+00
-7.278625402995444915e+00
-7.398403039270536219e+00
-6.202761308718799604e+00
-5.524099878392178198e+00
-5.448860636109522204e+00
-4.522086113480218827e+00
-3.128651197843115295e+00
-1.563581631839457753e+00
3.277300979174113116e-01
2.432495821813775549e+00
4.726755385024533851e+00
7.772487763640532066e+00
1.158932134635986522e+01
1.590032290039153473e+01
2.084484724020131452e+01
2.281560058417455750e+01
2.144391540414510544e+01
1.853951559589161846e+01
1.307213060474842692e+01
7.065113256830381161e+00
6.302278872510359564e-01
-8.167694295926278159e+00
-1.894346590350451720e+01
-2.533667535483843025e+01
-2.701108025942702184e+01
-2.675119752844154419e+01
-2.284855989411170896e+01
-1.952912902343366142e+01
-1.701973960906558858e+01
-1.172540472610786466e+01
-4.513245886284244612e+00
3.064256732067065503e-01
2.794201041925527207e+00
4.438445991180041794e+00
4.176972517812861163e+00
5.479816621908828900e+00
8.518977637119878210e+00
1.068180705122104435e+01
1.272277929829813381e+01
1.367499120822074943e+01
1.314366860408691906e+01
1.210626638651452680e+01
1.020150461892534288e+01
7.318355372823861060e+00
3.495587099286550092e+00
-1.563345601503888460e+00
-7.914644048728670889e+00
-1.165248112614358611e+01
-1.248834516199037026e+01
-1.234629415301126087e+01
-1.016590769534818506e+01
-8.314235966025607993e+00
-6.957009937382860443e+00
-3.995071990439886811e+00
7.739001502158435186e-02
2.774943472917615672e+00
4.141591778513179278e+00
5.039345473069043457e+00
4.861547461421341865e+00
5.600940358626835369e+00
7.360664646343054507e+00
8.646887606921191960e+00
9.896198428603319996e+00
1.002484973899157694e+01
8.755663707175536103e+00
6.902492686412009526e+00
4.106860899981898960e+00
6.146570952024268397e-01
-3.537532598203898093e+00
-8.810875797235446782e+00
-1.517943512830103359e+01
-1.808204598333842839e+01
-1.716221110147758466e+01
-1.458016590688164982e+01
-9.073270818220017020e+00
-3.416779578558285291e+00
2.233716074942270868e+00
1.037827046143071819e+01
2.046444824797264417e+01
2.560303633309828797e+01
2.546454230543365682e+01
2.296108158724337045e+01
1.624502380095898246e+01
9.982174439456164450e+00
4.401404587341075647e+00
-4.437345019745690955e+00
-1.558423202334397750e+01
-2.214345221708085987e+01
-2.395906999207415211e+01
-2.368166965915635913e+01
-1.951555510403395388e+01
-1.651927919863081939e+01
-1.492632149962520671e+01
-1.066797573939573240e+01
-4.796117902624449592e+00
-8.861503389289299149e-01
1.225475880814767216e+00
2.538253092947651446e+00
2.196209323283306425e+00
3.361669717693992254e+00
6.160064247156095796e+00
8.308283475308494204e+00
1.049126235474123625e+01
1.208099766412894560e+01
1.276830914500762582e+01
1.333053080256178902e+01
1.352654339702299069e+01
1.313174740717903610e+01
1.218950909985549202e+01
1.058126311682018006e+01
8.245394007512862444e+00
6.371969744921094581e+00
5.017053824807801377e+00
3.545613230630878743e+00
2.255517871370595451e+00
4.117074807071051112e-01
-2.067291102804510228e+00
-4.576980888273805448e+00
-7.294262356188141005e+00
-9.901999252380655037e+00
-1.230248449249815046e+01
-1.477599036165613633e+01
-1.721474618350306685e+01
-1.967449207476519391e+01
-2.217368810610584617e+01
-2.458450104231391364e+01
-2.691499197026358203e+01
-2.696648519193407623e+01
-2.448222709991443935e+01
-2.048457413319615483e+01
-1.431544852909195775e+01
-7.192557931242345326e+00
8.588796572259517204e-01
1.106275803680884096e+01
2.321908970472987122e+01
3.130164815752192808e+01
3.491851581486547218e+01
3.682547187893796092e+01
3.538167447796986664e+01
3.445675148285128131e+01
3.426879985496493930e+01
3.145204749986165282e+01
2.679530118543650019e+01
2.211309198271186105e+01
1.710721575043125497e+01
1.139709803847179082e+01
5.319178466273992711e+00
-3.112303964138913415e+00
-1.403042212893937979e+01
-2.623259724103159485e+01
-4.021293916290182580e+01
-4.779770663603459724e+01
-4.809588635531751066e+01
-4.534727181218572412e+01
-3.720816722495015227e+01
-2.815576318149072321e+01
-1.846349016840250812e+01
-3.795347408642338660e+00
1.498993383648824285e+01
2.594767320533689769e+01
2.856331550614228476e+01
2.799844116685836326e+01
2.109807470565010235e+01
1.599869115145417631e+01
1.316377238161317642e+01
5.821758506904247454e+00
-4.320950467921932159e+00
-9.749416350334797698e+00
-1.059659583382181225e+01
-9.293586989803911180e+00
-3.978251887947708898e+00
-7.820995220509322499e-01
3.717203428385497388e-02
3.102356720322958505e+00
7.106638519788009312e+00
8.930406138991340725e+00
8.793161043479038597e+00
7.263961081416832499e+00
3.590670030702809434e+00
7.770894768726261947e-01
-1.126711114959234594e+00
-4.261338602186106606e+00
-8.009897338557889768e+00
-9.797093796248029562e+00
-9.604654266080869363e+00
-8.224118876629090025e+00
-4.975186506539004405e+00
-1.934519948455170280e+00
8.507521992557928181e-01
5.019182802465707027e+00
1.016085262119938903e+01
1.287186506129436481e+01
1.302589346997888775e+01
1.196780989045180910e+01
8.789545008124237668e+00
5.925165544079733060e+00
3.479053935776164952e+00
-5.565827700387458998e-01
-5.687319421307182488e+00
-8.885184995558914167e+00
-1.011537600596520470e+01
-1.049185157416061287e+01
-9.236621206049919763e+00
-8.652177262900861976e+00
-8.842931912276149831e+00
-7.995579465625865190e+00
-6.593626946642306308e+00
-5.294555950023418056e+00
-3.937545830626933530e+00
-2.531471606203984148e+00
-1.192345233867232901e+00
9.462733640647449374e-01
3.912308940687590386e+00
7.197321596389972598e+00
1.100280714042514063e+01
1.287338375108662447e+01
1.252978247563538083e+01
1.128321733518096970e+01
8.429333372417000092e+00
5.266830632422884406e+00
1.882927229055275209e+00
-3.000539958589780731e+00
-9.133200059762563328e+00
-1.248229703691799664e+01
-1.284475220103852955e+01
-1.198318381819391121e+01
-8.819543703263757806e+00
-6.042144255952236698e+00
-3.798338813085314847e+00
1.879891713352879190e-01
5.361969042252174411e+00
8.372566939803204988e+00
9.190603252280496349e+00
9.041764604916995296e+00
7.069292575862773376e+00
5.820774713849638182e+00
5.412551820403111336e+00
3.843691747757980615e+00
1.650375715906541307e+00
2.357660576352776927e-01
-5.062866931912582968e-01
-8.794981555645738913e-01
-5.570889858248427862e-01
-8.808192701280350700e-01
-1.892571956190862936e+00
-2.655110524288822660e+00
-3.457498781084561656e+00
-3.954490610807214868e+00
-4.014223050850489471e+00
-4.003873336942361583e+00
-3.802403914232934223e+00
-3.365323485130639281e+00
-2.716034739520584385e+00
-1.764245926939016718e+00
-4.959524857929979436e-01
3.585998277845188209e-01
7.565045647648560578e-01
1.063350921358031664e+00
1.087936920755380621e+00
1.279392857139564743e+00
1.675559729976881185e+00
1.891828787942046564e+00
2.027485132353705755e+00
2.095967726772389295e+00
2.049052813220015867e+00
1.946728754608719969e+00
1.776006560527355838e+00
1.433710355791417035e+00
9.164346066779560651e-01
2.570059789371391124e-01
-5.727015377772732840e-01
-1.068457908128218836e+00
-1.185344222957931404e+00
-1.187133301590894918e+00
-9.350954949598866417e-01
-7.192975158636762956e-01
-5.624583730050688457e-01
-1.994702459190869637e-01
3.089469781989283570e-01
4.890097104808993067e-01
3.307002324856138098e-01
1.921311061906426365e-02
-5.679037038823979699e-01
-1.087828799727661666e+00
-1.523583638815677155e+00
-2.150885843174426437e+00
-2.897822703187685978e+00
-3.175689451860169932e+00
-2.959498336937350871e+00
-2.477959208298076810e+00
-1.571783887483671371e+00
-6.524012023748773093e-01
2.656296457851042292e-01
1.528779425158251604e+00
3.056231912366496495e+00
4.068186020377362766e+00
4.534880406691663701e+00
4.774578380267093358e+00
4.580430025136661421e+00
4.501385525133120069e+00
4.563954575918135248e+00
4.314843303129846319e+00
3.867107504120384398e+00
3.432350719034136688e+00
2.970796856867400138e+00
2.453751418769381409e+00
1.920180411804038645e+00
1.122895049446962057e+00
4.879015455445195187e-02
-1.153632639639595947e+00
-2.544164366952703205e+00
-3.935821250617329792e+00
-5.302370738843786846e+00
-6.780978221135429251e+00
-8.321058465833713669e+00
-1.000226192713178008e+01
-1.184123720509784938e+01
-1.375743791334110178e+01
-1.577210231807277907e+01
-1.617387625996206069e+01
-1.477687400809447560e+01
-1.239700167733577985e+01
-8.532764131908621152e+00
-4.149077398679339446e+00
7.202544939378879851e-01
7.018188035318956075e+00
1.457468628445302272e+01
1.960700006002885232e+01
2.189195401101330418e+01
2.312982181528829528e+01
2.229855743119626865e+01
2.187034139961608048e+01
2.198379336928975292e+01
2.051515869070096798e+01
1.797190997630987752e+01
1.544375065625236765e+01
1.274243720816338588e+01
9.664951895742047938e+00
6.412298475915855001e+00
1.768515399595162574e+00
-4.342572485345454147e+00
-1.118713057348376871e+01
-1.906518668915768444e+01
-2.450524781877600589e+01
-2.711859447314772709e+01
-2.878108282769287385e+01
-2.850332818950463576e+01
-2.814595752167083731e+01
-2.784494738219186871e+01
-2.579334099327785523e+01
-2.235952966306670220e+01
-1.890151158414731114e+01
-1.526815136629503655e+01
-1.101644331840715374e+01
-6.412774967037474738e+00
-1.566335272423233782e-01
7.865234764174281246e+00
1.683169021137961963e+01
2.707565021936836303e+01
3.345731856258890247e+01
3.541220882249378832e+01
3.562811395879233345e+01
3.263213854820541826e+01
2.924110007104620124e+01
2.563348921759838106e+01
1.908530924695488906e+01
1.014100141887895923e+01
3.793115120331160384e+00
1.095418444188460128e-01
-2.971607834744101062e+00
-4.197216597252056758e+00
-7.235282525668064402e+00
-1.232438640432666332e+01
-1.659818184067234270e+01
-2.086979557135147800e+01
-2.325763783799796158e+01
-2.323807652325914574e+01
-2.225978583928620225e+01
-1.968241028959071315e+01
-1.587868488016286328e+01
-1.090436698856394315e+01
-3.960696822375421533e+00
4.927559368310742371e+00
1.045432562764288598e+01
1.228099000225317461e+01
1.296111219137104520e+01
1.107366950241359049e+01
9.956221432940804306e+00
9.843150365431098336e+00
7.849566580945232630e+00
4.683804151625251322e+00
2.706682967407451734e+00
1.766082831523565266e+00
1.204903244460530320e+00
1.564097960020600642e+00
7.271112727889910143e-01
-1.406862218889335603e+00
-3.352463246796552276e+00
-5.583602493397579636e+00
-6.679076765828456885e+00
-6.350530466702188015e+00
-5.612848303441529296e+00
-4.028852993194747434e+00
-2.057991414060130975e+00
2.301317844739341756e-01
3.460095451468480743e+00
7.547617764503141480e+00
9.211146952480028460e+00
8.236978911175953044e+00
6.137508837667687622e+00
2.021402463273651140e+00
-2.046419497671846166e+00
-5.947016490903848762e+00
-1.148936865132703211e+01
-1.825314630727611842e+01
-2.150486748721554164e+01
-2.101995354504441949e+01
-1.876336688592301627e+01
-1.346108804764348932e+01
-8.331172643721812321e+00
-3.519548556425659225e+00
3.696545707636748723e+00
1.266932330823931707e+01
1.843189865613258149e+01
2.086123159314987419e+01
2.189529934863267613e+01
2.023922786473650959e+01
1.951611820173362943e+01
1.989879119303289556e+01
1.846657423037034462e+01
1.597497210442099735e+01
1.358670510896676475e+01
1.104035652946535251e+01
8.276073042861661122e+00
5.499769373099919534e+00
1.248125637659551312e+00
-4.540868039197957451e+00
-1.100573484858193218e+01
-1.849450163480231524e+01
-2.303740184939362834e+01
-2.418531809740364125e+01
-2.408115763746061688e+01
-2.159090174312133925e+01
-1.881871864676024941e+01
-1.591535580639519054e+01
-1.082133072255014383e+01
-3.949183673037863329e+00
8.261730052115532352e-01
3.441838833588025004e+00
5.499588103666916972e+00
6.021617489394081701e+00
7.827875937513731230e+00
1.109773288620686316e+01
1.361144865041249830e+01
1.598952299495817542e+01
1.653114670908801642e+01
1.480023586324937490e+01
1.202106705411858023e+01
7.622009471075582354e+00
2.023146548169180381e+00
-4.734663876774365399e+00
-1.340910328119386108e+01
-2.396322113778260032e+01
-2.934014208456850881e+01
-2.900324593023855968e+01
-2.630754352891457515e+01
-1.930950419721958866e+01
-1.233395809574290780e+01
-5.634792651092195293e+00
4.654539223509316592e+00
1.766249609082234073e+01
2.535626441879279724e+01
2.748574390891290520e+01
2.730723669375073825e+01
2.271809190221034669e+01
1.941740584527704883e+01
1.769523862255251601e+01
1.290097073947883644e+01
6.224554033335382819e+00
1.748623421812156797e+00
-7.201715663261889500e-01
-2.332108279570951570e+00
-2.114982409950359354e+00
-3.672166233428513671e+00
-7.151897795282289749e+00
-9.959140023213841175e+00
-1.287819975360610236e+01
-1.443389016120399937e+01
-1.419998421382677734e+01
-1.342355501797252337e+01
-1.161181529635999254e+01
-8.951563322587336557e+00
-5.511464819778257862e+00
-7.378111888568964494e-01
5.357456659666061327e+00
9.038676378793752519e+00
1.006680739539121738e+01
1.023920057380112603e+01
8.555245088025994704e+00
7.344664922042055011e+00
6.770164874859601056e+00
4.809679067626310811e+00
1.955877062162448832e+00
-1.786817052627232560e-01
-1.707209518222216449e+00
-3.075207382210116691e+00
-3.917734644062146998e+00
-5.697073952816126052e+00
-8.485878242742435518e+00
-1.126829618371190200e+01
-1.437492831204861332e+01
-1.565522695726885161e+01
-1.479454201090970145e+01
-1.304592096079578845e+01
-9.770359221951457229e+00
-5.961916048733097107e+00
-1.695766954125651260e+00
4.104131284109195477e+00
1.125598892939526863e+01
1.571673051695556644e+01
1.726514098806466890e+01
1.772072606003857587e+01
1.600120699780599764e+01
1.475360729965304429e+01
1.413375360123733948e+01
1.188460258361045341e+01
8.556034875511338456e+00
5.858413877419485161e+00
3.654940879716720659e+00
1.485353015174252889e+00
-2.702918863048562881e-01
-3.209574994308674878e+00
-7.415683052112997053e+00
-1.179877032755146615e+01
-1.672511648008123331e+01
-1.896957969103528185e+01
-1.810696096523999898e+01
-1.592483318906153222e+01
-1.147612617646961120e+01
-6.361529875407017087e+00
-6.879361904133254324e-01
7.201084130890212265e+00
1.700926075664216697e+01
2.220541358730669401e+01
2.240840716964044788e+01
2.054572836115658774e+01
1.485417142682221758e+01
9.581981926283217987e+00
4.965140759135159065e+00
-2.652479386280371720e+00
-1.240109598205008012e+01
-1.804010259618117473e+01
-1.944662804749418683e+01
-1.901510221200631889e+01
-1.512994034842940039e+01
-1.238510707074308925e+01
-1.099859396997537431e+01
-7.294409589512532932e+00
-2.233878086658902085e+00
8.375994568440875421e-01
2.049354517816885934e+00
2.344374087499725867e+00
9.100895714003994774e-01
6.595281709417062377e-01
1.699776568867924942e+00
1.899405989374541193e+00
1.880512109945717381e+00
2.481470499506991167e+00
3.549936480578876008e+00
5.124079660011124915e+00
7.384919895528141431e+00
9.292782620955156503e+00
1.084760187404606668e+01
1.271860243474393037e+01
1.469108441673392562e+01
1.491031740802129057e+01
1.325081290584343563e+01
1.042863560619299790e+01
5.915356105122936192e+00
9.600324949240840455e-01
-4.414896278730435775e+00
-1.131863596281534612e+01
-1.952621401178540594e+01
-2.370775776419928249e+01
-2.349670741718922784e+01
-2.127929578816180367e+01
-1.558544731211749479e+01
-9.825699313861932183e+00
-4.165709231601132601e+00
4.398165088247863785e+00
1.519077801445904008e+01
2.119134742728587995e+01
2.212776452076988676e+01
2.090255763668081457e+01
1.565725657545232252e+01
1.128696063340704825e+01
8.037908357242931956e+00
1.859886059195886565e+00
-6.234824760234056740e+00
-1.111107530327110915e+01
-1.278867108226762639e+01
-1.303629485073976113e+01
-1.055911217945913272e+01
-9.414873919220870135e+00
-9.780206609076659063e+00
-8.534249867604927431e+00
-6.536096803524589660e+00
-4.826147218417762730e+00
-3.133448861487904136e+00
-1.546030455238678325e+00
-2.500153868869228191e-01
2.182431688677590298e+00
5.779878727322874887e+00
9.701018137482787296e+00
1.426782841744259933e+01
1.614684442895666194e+01
1.494371187851277405e+01
1.247081389523785333e+01
7.768777746134529316e+00
2.552276590539718448e+00
-3.058697780207670025e+00
-1.077863003998646363e+01
-2.027832108154166946e+01
-2.504956915353523073e+01
-2.471051925007240868e+01
-2.214607802673220505e+01
-1.559318263027405926e+01
-9.287796501094577550e+00
-3.452730940942853266e+00
5.568350591885422141e+00
1.691663961535721583e+01
2.325767328680894153e+01
2.436291156074083375e+01
2.315305661964052319e+01
1.769984782012123503e+01
1.323700231597075216e+01
1.001291550996340263e+01
3.750225471247190967e+00
-4.469085213336014384e+00
-9.305774134016838062e+00
-1.078255566302368251e+01
-1.071552647868246844e+01
-7.755888989290029123e+00
-6.142132837964664915e+00
-6.052155882077971505e+00
-4.226295298417655388e+00
-1.558339602752224273e+00
1.210143179448758821e-01
1.020492610411906309e+00
1.401145668299951463e+00
8.538313444727567703e-01
1.301512076912799465e+00
2.791661508574453610e+00
4.034660656855529659e+00
5.445866037394517356e+00
6.188073417333313841e+00
6.052141677066240177e+00
5.730750466115998698e+00
4.959991793372831026e+00
3.887925682902560354e+00
2.564115958093688086e+00
6.766411032930850222e-01
-1.748911640736908968e+00
-3.675477042837209662e+00
-5.067002674262756301e+00
-6.413574329368334048e+00
-7.452757397568895215e+00
-8.870070150693418753e+00
-1.072232492695288819e+01
-1.245197022907873929e+01
-1.421439565975822816e+01
-1.451436626023371979e+01
-1.313268799667348574e+01
-1.087773598043019341e+01
-7.295086368408960631e+00
-3.108624366784224158e+00
1.649455750854948777e+00
7.763065956985367499e+00
1.511221732813204177e+01
1.943448829162730718e+01
2.044129875555320908e+01
2.009215420502439642e+01
1.722203040629215209e+01
1.453341153344286596e+01
1.217684448387342222e+01
7.782090635862806138e+00
1.896131524917237687e+00
-1.955081754084448065e+00
-3.755141021910626264e+00
-4.833102367994114523e+00
-4.301388745266769398e+00
-4.850705893402535551e+00
-6.624156062987190730e+00
-7.535675772430103336e+00
-8.166707172627749145e+00
-8.607341387150476919e+00
-8.619418027426609896e+00
-8.557604656106875041e+00
-8.374615175919849719e+00
-7.482020314959760832e+00
-5.880895706997431027e+00
-3.797654570658595574e+00
-1.088847308129420099e+00
6.789934396715310294e-01
1.362824482400989412e+00
1.826407879330000927e+00
1.643887157773058716e+00
1.681890180923028444e+00
2.022648874976916922e+00
1.870109984099410871e+00
1.412937859339456370e+00
1.696464008361475262e+00
2.716189771972007172e+00
4.102227245757481988e+00
6.116077764733673483e+00
7.956331560633743472e+00
9.585593587150290418e+00
1.162381776667719713e+01
1.390053421161199232e+01
1.465260255849497995e+01
1.377363841372609343e+01
1.197343233248580496e+01
8.761551964529290970e+00
5.310705040898816343e+00
1.656260041047605824e+00
-3.229291716696541137e+00
-9.124880731166687298e+00
-1.321367474501537309e+01
-1.536648095156787797e+01
-1.678549685833241156e+01
-1.671982965851809411e+01
-1.710008204718201341e+01
-1.802827146491697619e+01
-1.789056025785751203e+01
-1.708646508591267832e+01
-1.533928257318325628e+01
-1.240002014234353211e+01
-8.645989965641742714e+00
-3.914718028841658537e+00
2.081089499875706572e+00
9.369197273212748200e+00
1.799411808283379699e+01
2.806439617454083546e+01
3.284302558475541645e+01
3.171223613725758383e+01
2.795610769428252951e+01
1.967401747799191369e+01
1.081082356456611393e+01
1.582128332375275281e+00
-1.167721753889501635e+01
-2.820147552903205224e+01
-3.688712523069234805e+01
-3.717355844183280311e+01
-3.385183745001935307e+01
-2.394300432615868957e+01
-1.489118994033634635e+01
-7.082864755111298649e+00
5.789871304320087120e+00
2.220308390722853531e+01
3.134628832261879694e+01
3.299066872311040299e+01
3.126499409617309766e+01
2.335875623066551654e+01
1.722473161163245337e+01
1.322715205925687521e+01
4.981443336741908645e+00
-5.858492287264506437e+00
-1.197760867431683351e+01
-1.345530381856442403e+01
-1.265331291985116380e+01
-7.730343816945360658e+00
-4.623634467692884442e+00
-3.560839047127442480e+00
-1.398647463286206705e-02
4.771061859416850126e+00
6.769647590473862664e+00
6.117640662738271118e+00
3.868916640642344085e+00
-9.777303743596639229e-01
-4.893043400851570190e+00
-7.782661261598063263e+00
-1.226432116457137056e+01
-1.760892145245594520e+01
-1.961276624473087793e+01
-1.815788314664698788e+01
-1.472771345947138499e+01
-8.194001289495529861e+00
-1.690567542422487080e+00
4.692472674845030944e+00
1.352000496540187058e+01
2.417676648487223190e+01
2.914160203385988623e+01
2.800535223075709723e+01
2.392520867496659420e+01
1.485303172855715026e+01
5.855946120352252926e+00
-2.845088842671053442e+00
-1.558679523193032956e+01
-3.136123104150293983e+01
-3.942089492274808293e+01
-3.929197546273574204e+01
-3.541627513873631727e+01
-2.491719504508152738e+01
-1.520728336702786976e+01
-6.634081494763819364e+00
7.011663382591152960e+00
2.422222341249445776e+01
3.414021520506794616e+01
3.651533563119009074e+01
3.551017583536768285e+01
2.829303343847373142e+01
2.283330595852055112e+01
1.949335497061428057e+01
1.185740683305979282e+01
1.578776930196124972e+00
-4.727401033019642540e+00
-7.221747607090483356e+00
-7.944256951893565954e+00
-5.263360747617490176e+00
-4.731033533064704422e+00
-6.568298302460741311e+00
-6.636374915675516739e+00
-6.118893004989768514e+00
-6.148392134614910631e+00
-6.364774106597442582e+00
-7.048395415581408585e+00
-8.395128767292213467e+00
-8.666067755684800034e+00
-7.856078275936599908e+00
-6.973323892497097276e+00
-5.639485736412069627e+00
-4.083020229186400840e+00
-2.394466076887068251e+00
-1.762959153115475353e-01
2.514038018584010992e+00
5.554226208834593947e+00
9.006347480586045506e+00
1.290096159400216003e+01
1.723964028731140985e+01
1.835720860278987132e+01
1.588873589008497689e+01
1.156501318183726923e+01
4.327189178752148813e+00
-3.673729575702992189e+00
-1.235112705615934381e+01
-2.374280765768629919e+01
-3.745396913094398883e+01
-4.394076467424059729e+01
-4.256376278392987444e+01
-3.760356999756621121e+01
-2.643864965109709786e+01
-1.517267857079784399e+01
-4.111072526964713703e+00
1.210642705870929348e+01
3.226444341634832114e+01
4.387907960849127420e+01
4.646294552515851706e+01
4.516085856911101359e+01
3.666382802611191494e+01
2.967021042384995511e+01
2.461002659247487756e+01
1.427621634706078879e+01
4.619243959250997067e-01
-8.234295847749130814e+00
-1.190818916678122896e+01
-1.346583391936387386e+01
-1.076455996040458984e+01
-1.072566444750171577e+01
-1.365977479931490635e+01
-1.431483840362897197e+01
-1.417190511678967013e+01
-1.376051483503644235e+01
-1.251971704395028340e+01
-1.121124878098277833e+01
-9.810377248451624510e+00
-6.638866322497900541e+00
-1.697909540227235281e+00
4.254152180005986494e+00
1.161085903661429342e+01
1.579474496784392734e+01
1.634614546818258063e+01
1.574656918860486066e+01
1.272232560996558348e+01
9.752041562318744639e+00
7.039920897426931390e+00
2.237783096819814688e+00
-4.142360850071441725e+00
-8.056141566932003784e+00
-9.445073449700824852e+00
-9.907269882962239649e+00
-8.414920407525157131e+00
-7.928241227068327568e+00
-8.611694318197004705e+00
-8.123274819532806390e+00
-7.099472999970553033e+00
-6.000593577250615596e+00
-4.587109288426079345e+00
-3.071468293411003359e+00
-1.497430362373427082e+00
1.006640659253284387e+00
4.456882485499948032e+00
8.410929096943222660e+00
1.307513717898239314e+01
1.501589622278147651e+01
1.387402613626507808e+01
1.143058293868779707e+01
6.709597388670517581e+00
1.593161285550180217e+00
-3.798143079304574510e+00
-1.127380010605761740e+01
-2.046781546405542684e+01
-2.510283502485704332e+01
-2.482642236912574418e+01
-2.238686184602336127e+01
-1.608692078070881948e+01
-1.005370414363483356e+01
-4.499361928445533287e+00
4.120191213478950232e+00
1.496820534956486348e+01
2.158032343084587978e+01
2.379912494516888444e+01
2.415000497464789930e+01
2.094985937295379941e+01
1.890310620217459814e+01
1.823577494996321491e+01
1.515519851225468351e+01
1.064317802438276672e+01
7.366478196338587026e+00
5.105207951719545889e+00
3.242042967648254059e+00
2.381848316871011839e+00
-3.605919526987305668e-02
-4.113699824614492684e+00
-8.092339837962050808e+00
-1.254018634899819418e+01
-1.562574951900517206e+01
-1.699553268318694066e+01
-1.792554466119962342e+01
-1.785748960673509345e+01
-1.741275957188188173e+01
-1.667886085014550090e+01
-1.484191940859438041e+01
-1.201683481718172786e+01
-9.352385649747528618e+00
-6.807890417886960144e+00
-3.879491388549966224e+00
-8.199119932208265293e-01
3.271998467733816085e+00
8.488182343313569689e+00
1.419764551957904608e+01
2.062923622506240662e+01
2.391993334172077112e+01
2.362971700343844361e+01
2.175367498378582454e+01
1.717224689537147952e+01
1.199038612103757373e+01
6.326087321925927043e+00
-1.883068705388815545e+00
-1.224263845794710548e+01
-1.807808590816393846e+01
-1.905099340735832669e+01
-1.809884890214612696e+01
-1.343907839197199827e+01
-9.524560381132054943e+00
-6.606065265066969339e+00
-9.191239826979186178e-01
6.612641000257736046e+00
1.062310497169410795e+01
1.107843681179416429e+01
9.915395238214237850e+00
5.765090589431882684e+00
2.732751214005785023e+00
1.002372028981428187e+00
-2.639955928222301740e+00
-7.330592680253734450e+00
-9.885462049126203965e+00
-1.037805435032009704e+01
-9.728801708880604693e+00
-7.140748968461889667e+00
-5.301937481629924065e+00
-4.296300012906263177e+00
-2.101766664889821890e+00
7.239591380117583741e-01
2.939591634773138118e+00
4.663092553003143514e+00
6.107001482985504381e+00
6.986345586465222190e+00
8.569857993969741017e+00
1.089069553135671242e+01
1.308282569220866876e+01
1.541908647173934988e+01
1.587529727768353638e+01
1.415711389945116494e+01
1.140631702198258957e+01
7.016848961056796341e+00
1.922374386377056821e+00
-3.819659451153049279e+00
-1.123133097790672252e+01
-2.015084613288346205e+01
-2.480130195042303853e+01
-2.478008779512969895e+01
-2.273563671217378257e+01
-1.708170978379780180e+01
-1.145483615388421761e+01
-6.049633698459473408e+00
2.345533863281814568e+00
1.300231256449430894e+01
1.890401466653397833e+01
1.980566547585405601e+01
1.857100605168842833e+01
1.335175109021047746e+01
9.087062684399825230e+00
6.023882818919020110e+00
1.026394672113922768e-01
-7.652109449226546900e+00
-1.174503730555332304e+01
-1.215446918664991571e+01
-1.080462117498384700e+01
-6.291331064637676107e+00
-2.876041264823615773e+00
-7.357469671161663838e-01
3.456180525540668125e+00
8.809463537061816396e+00
1.161105481748493418e+01
1.189677095831918763e+01
1.082104939641376617e+01
7.439808658838203748e+00
4.784557905503254993e+00
2.954633152136093344e+00
-3.745020097786477820e-01
-4.577836739613007744e+00
-7.523467842887951562e+00
-9.283501350820985820e+00
-1.044960176916194960e+01
-1.049654310907981269e+01
-1.129220417254553865e+01
-1.289871287909936370e+01
-1.394073481021225369e+01
-1.481235768468055447e+01
-1.468171291432472714e+01
-1.330468902661253949e+01
-1.133792609666923212e+01
-8.494381318828018834e+00
-4.880522209663789468e+00
-5.167106408897853553e-01
4.927506028029370988e+00
1.145784352320459476e+01
1.615629853533064519e+01
1.881760963490890504e+01
2.085476410232294953e+01
2.147721143385244247e+01
2.248883034390127023e+01
2.401165328894597195e+01
2.446123943851623750e+01
2.421414636429867784e+01
2.263025149176747064e+01
1.941923406324520585e+01
1.510995981850081726e+01
9.428902783800047871e+00
2.311201369583100629e+00
-6.270705032907051724e+00
-1.657835307909874345e+01
-2.868517301785356466e+01
-3.595002206394111965e+01
-3.780588761421579136e+01
-3.748244067071003371e+01
-3.312770373285247416e+01
-2.870943674611148211e+01
-2.446040377597064364e+01
-1.676205895305418636e+01
-6.403392689963154361e+00
5.432671690190009617e-01
4.008046547252774872e+00
6.394160380567656787e+00
6.168112391974622355e+00
7.852790314364533231e+00
1.171059159752454804e+01
1.420347493945170037e+01
1.631611231518457572e+01
1.796138512541687504e+01
1.871073374409794354e+01
1.927982198574537165e+01
1.951873023129021334e+01
1.857867518997546341e+01
1.646798464620505342e+01
1.343285176416244830e+01
9.258187313597753487e+00
6.199329092099253202e+00
4.435248114837991196e+00
2.702687012469293659e+00
1.596949024476856049e+00
-1.644331084782391650e-01
-2.720353009349145257e+00
-4.936577355513581900e+00
-7.108223443950797638e+00
-9.626859062005269863e+00
-1.238907361818598929e+01
-1.541502698699805940e+01
-1.877131816367354844e+01
-2.197104643628294696e+01
-2.500298068825580344e+01
-2.815413811303662328e+01
-3.131402961481622782e+01
-3.126174909240218724e+01
-2.768280758617823523e+01
-2.199488783453860208e+01
-1.325524559995420404e+01
-3.370958205228186344e+00
7.615826907718323824e+00
2.153105873278782667e+01
3.804662897018041434e+01
4.725552409850526203e+01
4.846153932245422880e+01
4.616963060801064955e+01
3.765008838967760596e+01
2.918285751769159830e+01
2.109017397795737381e+01
7.826949688394480020e+00
-9.356361515470316803e+00
-1.955954182551570142e+01
-2.248932043108557721e+01
-2.253311550488289328e+01
-1.685767005263597795e+01
-1.330826570052558999e+01
-1.229474233960652541e+01
-7.481103041090962691e+00
-5.210379320645821544e-01
3.042485160457665927e+00
3.455652527879828906e+00
2.236826442355889011e+00
-1.949475075135780777e+00
-4.230380597577951818e+00
-4.428404944831597412e+00
-6.084584624443991174e+00
-8.155622726124171606e+00
-8.736542689965030917e+00
-8.022165926571396710e+00
-6.177383723977914798e+00
-2.747495468483509562e+00
2.517605796505454907e-01
2.816979608189285500e+00
6.349186305855793577e+00
1.044567545174916212e+01
1.243657601709462135e+01
1.221055880501105406e+01
1.075245697161830094e+01
7.332094244776858005e+00
3.891219789423048248e+00
4.846135424516153645e-01
-4.510332763433359204e+00
-1.071786417491588317e+01
-1.410589943485401143e+01
-1.449810875279539601e+01
-1.356826221461665938e+01
-1.023884389372051018e+01
-7.308137845322104198e+00
-4.911408135616595061e+00
-7.142679968663152579e-01
4.710407240917437122e+00
8.347743883941030063e+00
1.020980975003987545e+01
1.135508218438749672e+01
1.102666029041833973e+01
1.160430397656611134e+01
1.319898715033478886e+01
1.398630287055452293e+01
1.447501973162466449e+01
1.396160459392001130e+01
1.215673837588229489e+01
9.733905575403285937e+00
6.423317458248644307e+00
2.148920303013898359e+00
-3.075221362851104256e+00
-9.480660023804441394e+00
-1.711696954031737405e+01
-2.175273758157221238e+01
-2.304505021578961177e+01
-2.305807929176554438e+01
-2.062309095720929975e+01
-1.827759021277990570e+01
-1.617991088249790010e+01
-1.203723888299866296e+01
-6.362480169770977412e+00
-2.602150704608031884e+00
-7.671418748072570404e-01
4.609995043274293103e-01
2.206191584610158740e-01
1.134739234534573926e+00
3.351556984314657317e+00
4.845742073606589706e+00
6.190085120400805607e+00
8.053322272726381570e+00
1.026920399710625276e+01
1.292155350397366220e+01
1.613826761123518239e+01
1.902552057890218862e+01
2.158013801952975541e+01
2.434641876133369109e+01
2.713353253632675433e+01
2.725619362989060690e+01
2.448182274834193350e+01
1.992378128888228161e+01
1.280138847342626818e+01
4.793830373745874951e+00
-4.069438551530227599e+00
-1.535049758282615961e+01
-2.875783936159533027e+01
-3.667945960039117637e+01
-3.860276323617734562e+01
-3.796706952277299507e+01
-3.268367408588162704e+01
-2.763003198672253191e+01
-2.305888932485401810e+01
-1.469620976750659658e+01
-3.519403733237106646e+00
3.803563530371979695e+00
7.217146189825122349e+00
9.276434737547784692e+00
8.295853675126815929e+00
9.321048670761147292e+00
1.262478558224007053e+01
1.427529508167386929e+01
1.536239659894063969e+01
1.568579105095434478e+01
1.475518157392542307e+01
1.340567242010170190e+01
1.143749038971093057e+01
7.952302471159519826e+00
2.955594326446128406e+00
-3.334887809104321921e+00
-1.115498583881172401e+01
-1.572535766395989043e+01
-1.662718548923874451e+01
-1.633163605979910926e+01
-1.352332267939533672e+01
-1.095317561300748821e+01
-8.828622217920624848e+00
-4.632848203934132769e+00
1.063127496007096440e+00
4.873848474679441267e+00
6.822191037641408329e+00
8.154088705018605054e+00
8.034149852784468138e+00
9.088513817966871855e+00
1.146187164198281394e+01
1.315350699997851258e+01
1.473882754931329231e+01
1.485450422435882878e+01
1.313336532249499911e+01
1.061480883730252422e+01
6.840145440375318131e+00
2.087916400178470244e+00
-3.599907346249986873e+00
-1.079916175754661545e+01
-1.948808442290576792e+01
-2.377064327345604156e+01
-2.318726604195218854e+01
-2.054196071443768901e+01
-1.420501254414370962e+01
-7.764179669509162274e+00
-1.425319354601305211e+00
8.038778322868118664e+00
1.991064386256047669e+01
2.645782889266717319e+01
2.737174724451492480e+01
2.586318372289471768e+01
1.988285633993493207e+01
1.478433803640135480e+01
1.083709302921126927e+01
3.595528351326170213e+00
-5.835592667840212577e+00
-1.215391531762830901e+01
-1.541921751387917539e+01
-1.742406446428531197e+01
-1.684768277714569962e+01
-1.795643451451381623e+01
-2.094216841746328228e+01
-2.256776737404341304e+01
-2.374641110434587432e+01
-2.287521575117395400e+01
-1.941006216554336916e+01
-1.472264170663556371e+01
-8.235835559838641018e+00
-1.942002559341249324e-02
9.888519763902037241e+00
2.208767852792074038e+01
3.662502136921394680e+01
4.362679060016046151e+01
4.227005505978338817e+01
3.730045238220528603e+01
2.596736000247195619e+01
1.418085383260055110e+01
2.274909775028741699e+00
-1.513641466113642409e+01
-3.688438620616849306e+01
-4.832663316581602686e+01
-4.878608935818337500e+01
-4.446789581477558784e+01
-3.146020923208968867e+01
-1.971198236609325249e+01
-9.727080367362097135e+00
6.859993733221281254e+00
2.800986358970443391e+01
3.978496708657932857e+01
4.191288030099003237e+01
3.966325278545543398e+01
2.941654589425479571e+01
2.148787025590834432e+01
1.634147915052433220e+01
5.718267297741819633e+00
-8.237790323371550372e+00
-1.638437479625661908e+01
-1.885494188795354731e+01
-1.855104477123824225e+01
-1.318226285988878921e+01
-1.024795422161671254e+01
-1.003444432367380479e+01
-6.857449545511913769e+00
-2.295155009197876517e+00
3.663025930802661367e-01
1.471194181398023826e+00
1.500699917095503766e+00
-2.944342548963567729e-01
-5.014819420832953289e-01
9.544303793813252446e-01
1.755826219159670076e+00
2.630474608010689330e+00
2.984618981341018440e+00
2.525060175693691455e+00
2.047689745527501604e+00
1.333997774706644712e+00
1.131688725939398593e-01
-1.557348025558293436e+00
-3.743147395157373492e+00
-6.504294906297064749e+00
-7.621938363672762229e+00
-6.917717483747343188e+00
-5.495684856369861926e+00
-2.747610080768319474e+00
3.590809950196155453e-02
2.767178192375419066e+00
6.621211531596340905e+00
1.133460228001458958e+01
1.340177196292594708e+01
1.263749065206834388e+01
1.052854017104198192e+01
6.126057632580375945e+00
1.764867610202639714e+00
-2.446998971653090216e+00
-8.508541717432697382e+00
-1.595208680655258959e+01
-1.919319671992852605e+01
-1.794654780684157558e+01
-1.454957927449581945e+01
-7.490895155708996889e+00
-5.424665524113209125e-01
6.126373794221575686e+00
1.572698450998279718e+01
2.750393785397196922e+01
3.325507737624544546e+01
3.259905043232421917e+01
2.892750592363184481e+01
2.003466756457378750e+01
1.154080599967241128e+01
3.701010875188714078e+00
-8.221594246033284037e+00
-2.309275382202643812e+01
-3.177092286658148623e+01
-3.398632017983000253e+01
-3.333591196778613153e+01
-2.741754266346548263e+01
-2.281642498323614632e+01
-1.983774205591079109e+01
-1.311937806880296620e+01
-4.021661683030179901e+00
1.755549657548363784e+00
4.341018357491666535e+00
5.543730756552041505e+00
3.960598708109249966e+00
4.338716554838901729e+00
6.880251993532809252e+00
8.044738870077731363e+00
8.851190079750761441e+00
9.864417935141203131e+00
1.073910147044422381e+01
1.191374932979982404e+01
1.344198745120124094e+01
1.407903903493478914e+01
1.383458211593116083e+01
1.334860865512067640e+01
1.234552751293328754e+01
1.084881957519856144e+01
8.883836665537499400e+00
6.217056724108525501e+00
2.832816656986668402e+00
-1.130734386262361113e+00
-5.732701419490184414e+00
-1.108356340808335183e+01
-1.719033879596114645e+01
-2.058054451047162559e+01
-2.093448975688271929e+01
-1.990977623987405565e+01
-1.652016694569695687e+01
-1.284219691849699529e+01
-8.977765242631779330e+00
-3.004843533505473729e+00
4.678699055263688678e+00
9.290314605716721630e+00
1.064570457458969877e+01
1.077742957806473534e+01
8.428659845062494327e+00
6.917031644768314891e+00
6.429356794222319316e+00
4.232946011426010458e+00
1.026628257512088860e+00
-7.786419186031813267e-01
-1.294705550837979890e+00
