-2.743534001923928756e+01
-4.799131342555352120e+00
5.033727361991408245e+00
1.238950747591874446e+01
1.358723256814054636e+01
2.536880559976898653e+00
-3.445583812830854686e+00
-6.609514043080615409e+00
-7.454734417054019069e+00
-2.734509673029950960e+00
9.237411709031626561e-01
4.445779341631752146e+00
6.156003386963385005e+00
4.698732051815401434e+00
1.329057413424429512e+00
-5.024837366929332028e+00
-7.822786532985512409e+00
-6.712906234817343609e+00
-2.225122249773991978e+00
7.573462977151137920e+00
9.576614775445220218e+00
3.405101896191213395e+00
-1.066837493780994572e+00
-6.629592570502672366e+00
-5.189845672753671479e+00
5.248613380878427215e+00
5.990368342212931019e+00
-1.606700337936555423e+00
-6.358878525767126533e+00
-1.149720597319127080e+01
-7.142858951273749923e+00
9.080363579563037746e+00
1.630992289641025650e+01
1.637834049487507571e+01
6.693272177720757554e+00
-1.771451698756594340e+01
-2.237998905606291089e+01
-7.233191735291976343e+00
3.201117263694419623e+00
1.588543662721875727e+01
1.251474881477945900e+01
-1.170591709069292286e+01
-1.340496721913117106e+01
4.328579439722645361e+00
1.007690311838404007e+01
1.079972595851804051e+01
4.873367139065345022e+00
-1.286213284005308566e+01
-1.496154840375363371e+01
-1.678473619499052827e+00
3.204440958169629816e+00
4.562067579288580532e+00
6.421489452680519960e+00
5.289222390766939341e+00
9.678278372342957736e-01
-7.200676507690842776e+00
-6.225681712733210027e+00
4.638557285963431198e+00
6.259198797585225904e+00
7.088510782095260865e-01
-5.313765689154792859e+00
-1.527402785288774112e+01
-9.454581942939713102e+00
1.417359847012261653e+01
1.928280743811137299e+01
8.666953166649488338e+00
3.929907130940942794e-01
-1.219110255046735247e+01
-1.570212015113824755e+01
-7.355821978652240745e+00
5.939763163443692040e-01
1.192506191454312336e+01
1.253569049226399912e+01
-1.830598664473928605e-01
-4.748100995975903516e+00
-4.221181746534631962e+00
-3.445983195784956710e+00
1.243764601764071331e+00
2.273968904774549049e+00
-5.446219454775567126e-01
-6.911865123205617190e-01
4.398690892374541583e-01
-8.481657992992489015e-02
-1.540534473393292858e+00
9.834539747645322239e-01
7.518302514851933793e+00
5.312871233233322776e+00
-5.515610592718653393e+00
-9.427053402379987901e+00
-8.333296776408552375e+00
-2.753904882994682612e+00
1.053530406286247434e+01
1.245420118361689887e+01
2.643892774491664266e+00
-2.051093393938246745e+00
-5.309769684926839872e+00
-7.988594554156024152e+00
-7.561639825713672103e+00
-2.590296262497062241e+00
8.104461287331830022e+00
1.236042237542762301e+01
1.011821107305962641e+01
3.475646911042666432e+00
-1.074533072204447670e+01
-1.594145623138157575e+01
-1.163008259348018925e+01
-2.885523659856869649e+00
1.456011741095029421e+01
1.702694972785766581e+01
3.109351317059204423e+00
-4.118757847082766155e+00
-9.535478404768667815e+00
-6.847920398025804545e+00
8.222519384114676200e+00
8.928471436781581616e+00
-3.500738088149873750e+00
-8.709443632402715352e+00
-1.121339946333340443e+01
-5.793903495741509424e+00
1.128183533006184192e+01
1.696145937172032347e+01
1.225843853581734955e+01
3.888349069100233812e+00
-1.317945451739520912e+01
-2.055520812111489803e+01
-1.728324903847611438e+01
-5.636579362850987707e+00
1.962713173148279822e+01
2.512671089022393645e+01
9.821906814451995871e+00
-2.454116460601839300e+00
-1.897159626441495561e+01
-1.694091006161039559e+01
8.480217920057391723e+00
1.256049307954142513e+01
-4.792105375102274079e-01
-3.468333255485817723e+00
-3.537779901990567577e+00
-1.371067369874532149e+00
6.716358428869840580e+00
2.525276461358283431e+00
-1.423607316686801738e+01
-1.111332079954429197e+01
1.012803326769884471e+01
1.586781334213018368e+01
1.073619254325668848e+01
2.598889051019357410e+00
-1.461331469597524446e+01
-1.677567706011454973e+01
-2.445303177932972805e+00
3.730453321235363440e+00
6.531019614181971633e+00
8.535732237561120428e+00
5.882938671566933841e+00
9.602074963346771685e-01
-7.245167786216033079e+00
-9.546607406186318201e+00
-5.083464241660160532e+00
-1.403220380183690663e-01
7.659207022327184866e+00
8.577001582411627467e+00
1.241319139729245569e+00
-2.095591278786889333e+00
-3.579459183363124186e+00
-4.258839257228479447e+00
-2.088900843405198327e+00
1.220081229362441760e-01
2.857984342882156081e+00
3.702464365192123630e+00
1.988463648108131032e+00
9.249671718681813648e-02
-2.777368046016187808e+00
-2.794655241488833930e+00
6.193257121712797408e-01
1.797972096291608812e+00
1.525856722565350321e+00
-6.636179106866164634e-01
-5.935208021400029565e+00
-4.287334389475065066e+00
4.550281484854097336e+00
6.589714201748879674e+00
3.299533411429786067e+00
1.157968582979776451e-01
-5.478853826778257385e+00
-4.377513253708655405e+00
4.515121805077455086e+00
5.212102617915328473e+00
-8.666112809767562153e-01
-4.957973201046563361e+00
-9.787859027065113793e+00
-5.634690900792334922e+00
9.472946779571989495e+00
1.288267891529240217e+01
5.991027099125928679e+00
2.419539533533348608e-01
-8.658753333957944776e+00
-1.113218052630360155e+01
-5.364520898660225967e+00
2.157419524401862909e-01
8.267131980902053812e+00
1.074145985693540339e+01
6.043818598891848914e+00
7.405284073187445859e-01
-7.539277289344684441e+00
-1.323458814432889596e+01
-1.535515156606752640e+01
-7.495310130939405902e+00
1.302116630467733849e+01
2.487744850002737351e+01
2.924955262778562926e+01
1.326877973082148188e+01
-2.958002630329951543e+01
-4.088227770452453314e+01
-2.189968555343652667e+01
-1.363006604085687856e+00
3.315021147247487932e+01
3.457136679302922744e+01
-2.983228064493883558e+00
-1.485271177296039902e+01
-1.037949745303653160e+01
-5.365299786560731476e+00
1.111704620624845319e+01
1.132789351075602013e+01
-6.221771685200176094e+00
-1.141901947854893962e+01
-9.298366318838015232e+00
-3.578722626093321146e+00
1.087103975193307903e+01
1.379070229208353560e+01
4.745683985474206779e+00
-1.224084371391058301e+00
-8.270105224059182802e+00
-8.969353619469352168e+00
-7.232544780492262682e-01
2.948884143307676009e+00
4.030489505762789193e+00
2.300964646113588419e+00
-4.806997039949957973e+00
-4.690251234407543102e+00
2.513551278391407351e+00
6.696026451741314389e+00
1.015824944020682352e+01
6.033995863124651748e+00
-7.915219518951427169e+00
-1.560580067839986640e+01
-1.848066397613241207e+01
-8.469213610793794089e+00
1.884859093841679112e+01
2.565832341639614356e+01
1.278791158619669233e+01
3.683991035102331946e-01
-1.946842863053198158e+01
-2.024345954374314260e+01
1.970920641243844251e+00
9.200570614006821302e+00
6.848490095764724117e+00
1.648072230801088889e+00
-1.310611257959266140e+01
-1.129359214087109287e+01
8.088765547805795819e+00
1.502971825507760784e+01
1.403677535448268898e+01
5.550011162820804422e+00
-1.619357073524582091e+01
-1.888924939285089266e+01
-2.167788453667836457e+00
5.578154833518964573e+00
1.044065142888123354e+01
6.353710658467084826e+00
-1.178638019634677647e+01
-1.123582178214373073e+01
7.042235445318959286e+00
1.096418031446579811e+01
5.635856262489534529e+00
4.526502568341895794e-01
-9.757637425806953146e+00
-8.794678257867072801e+00
4.931662984008638340e+00
6.554863976488965349e+00
-1.267632131971477172e+00
-1.451915437010901089e+00
2.368346014556010459e+00
2.080892714638832075e+00
-3.033813480439980781e-01
-5.456417584679260635e+00
-1.474504860380814897e+01
-9.844518858228591185e+00
1.025567980900047260e+01
2.131280802343104952e+01
2.648938462262685434e+01
1.245027966536078701e+01
-2.713273546321570251e+01
-3.669043696567322144e+01
-1.771036694055241156e+01
-1.599322350465293141e-02
2.778366743595865174e+01
3.020886883570799597e+01
1.663349882634929999e+00
-9.473035427189746116e+00
-1.084864494339830898e+01
-1.132592020599447480e+01
-2.854685090242266909e+00
2.746557266172087175e+00
6.012765043621874916e+00
7.138459442376777098e+00
3.501203302553787200e+00
-3.917960768561399298e-01
-5.493050418271827162e+00
-6.476427847409683913e+00
-2.192250077218431237e+00
3.811623839949446757e-01
2.632638425601317334e+00
4.517515853557698691e+00
4.917115862867841969e+00
1.465153182991625558e+00
-6.668608853896507149e+00
-5.920846017624829649e+00
3.915263985357814835e+00
5.282623461648564778e+00
2.615266751885250152e-01
-2.329866798448361642e+00
-5.316815991811493447e+00
-2.761405749003900123e+00
6.907487623279784827e+00
4.112951760943480473e+00
-1.072700932170445753e+01
-9.454389643243995778e+00
5.643896379473957836e+00
1.287562304662739621e+01
1.662785308356567526e+01
8.583674053843408203e+00
-1.580587449093041741e+01
-2.250880529063476487e+01
-1.274962425061309190e+01
-1.165272432086685184e+00
1.938400430644260553e+01
1.875906242899453247e+01
-6.235763157276309698e+00
-1.165537295318009292e+01
-2.931722123967994253e+00
3.480173285733442867e+00
1.497849685429860855e+01
1.037019715766957617e+01
-1.317610667056018947e+01
-1.958822654031902033e+01
-1.237735188532246156e+01
-3.415563831333694012e+00
1.406907738979361788e+01
2.250143748068366278e+01
2.044031333021147745e+01
7.344157770952298492e+00
-2.228719030221212094e+01
-3.200692729989670227e+01
-2.141877979255716014e+01
-4.597781289034755581e+00
2.721221343759803801e+01
3.542279750966783070e+01
1.712279511391525588e+01
4.441345342978455513e-01
-2.380821250951341028e+01
-3.140802446851948915e+01
-1.734217328280832504e+01
-1.346312656548126707e+00
2.378547629339751524e+01
2.929140281280583835e+01
1.101085313685167755e+01
-3.064245281197376158e+00
-2.016855803161429250e+01
-2.145421963725937786e+01
-1.440422194963329350e+00
6.525406485182431382e+00
7.095120099926060853e+00
1.049399974682235381e+01
1.131796720762120501e+01
4.338531606071548197e+00
-1.098002288492149070e+01
-1.888553493847832243e+01
-1.977855840105663532e+01
-8.485887283351848609e+00
1.969406210346855346e+01
2.974894048818111969e+01
2.219021970428380541e+01
5.871228812926644558e+00
-2.761797062589838347e+01
-3.340379387125662447e+01
-9.154830397390503194e+00
5.366602936747857377e+00
1.960813969805512613e+01
1.932644443780403165e+01
-2.611720005336751527e+00
-9.539257863763971557e+00
-5.314307865298184552e+00
-3.400954520545679927e+00
2.580123903239092797e+00
3.373145252550062256e+00
-2.293584792578976739e+00
6.733089183555884816e-02
8.916835745786464429e+00
6.721128449434485397e+00
-5.193718168754683617e+00
-1.057956982666982704e+01
-1.200083505562012398e+01
-4.881050878012261229e+00
1.441070471331187264e+01
1.434372266262901974e+01
-5.089852897500122708e+00
-9.064794718174486121e+00
-2.685735622250267962e+00
3.934209895906866095e+00
1.661905766554303199e+01
1.177827924691080952e+01
-1.276862848679492757e+01
-2.057243007355337383e+01
-1.547975649928384989e+01
-4.150392571030585565e+00
2.066858850475732723e+01
2.286683078908678013e+01
8.174419905182591650e-01
-7.301475912975937455e+00
-8.291885844186809962e+00
-8.553567853553039058e+00
-1.981535474290442522e+00
1.740605507569119359e+00
2.988446230543904125e+00
6.586899266789507656e+00
1.080911067743835829e+01
5.406876936218900198e+00
-1.028774533133388580e+01
-1.509801796267375806e+01
-1.018160735183831456e+01
-2.465776504068117436e+00
1.259052125449208326e+01
1.613232590064775351e+01
6.810796046289572914e+00
-1.008200853551894483e+00
-1.169962036922133741e+01
-1.259728291077674278e+01
-9.216599227825521545e-01
3.908905280107961122e+00
4.835507693337546264e+00
6.360856725594923766e+00
5.302267817142452877e+00
2.059539504799763776e+00
-3.742005543646588883e+00
-9.761801395947584226e+00
-1.600678714121934476e+01
-8.170154971040890501e+00
1.585660312402532135e+01
2.039814100407699726e+01
7.001002732437592968e+00
-2.213179059116112235e+00
-1.400368923578198377e+01
-1.257153276008961029e+01
6.135928819019072833e+00
9.436559377500591594e+00
4.021015119672689542e-01
-2.867807784045938835e+00
-5.746842021253821819e+00
-3.040897534437811078e+00
7.942389310205809849e+00
5.891072030383870839e+00
-8.641996447598907949e+00
-7.856215397892318819e+00
5.566112867728453040e+00
7.517577146679803590e+00
1.817005518157776889e+00
-9.570778856309525295e-01
-4.428997157320501366e+00
-3.294081479713919069e+00
4.072048350571017217e+00
4.277138167009404413e+00
-1.808369783976507383e+00
-4.257830873454640397e+00
-5.237997682274944111e+00
-2.956449259120042417e+00
4.362341885696158883e+00
7.078562204287464077e+00
5.616138499389917271e+00
1.236742820413332167e+00
-8.312542489772491550e+00
-7.093423415259426434e+00
5.623435829788674845e+00
6.666456382199987374e+00
-1.562672981430506480e+00
-4.632753165125540029e+00
-6.160130990637894044e+00
-3.447297162905929468e+00
5.882712072366015121e+00
7.447953288296400132e+00
1.714666647354691209e+00
-1.987335955598881876e+00
-6.359991647539851023e+00
-2.892333533453954164e+00
1.039133696209802871e+01
8.347692302345652848e+00
-8.219460851921754241e+00
-1.023422620688471341e+01
-1.213081928754024652e+00
2.425441793023626502e+00
5.185407546978170856e+00
4.103222515819639149e+00
-3.328366543087112106e+00
-3.639552793496824812e+00
2.501363572455097550e+00
1.799906824257088811e+00
-3.827378545758142181e+00
-2.804385177865386325e+00
3.390529001440946377e+00
4.332623211667345764e+00
1.443691956805755128e+00
2.283423428258344878e-01
-9.305307599703442900e-01
-3.949381967998201848e+00
-8.337022194790277396e+00
-4.778831455466053590e+00
7.351695533484236655e+00
9.955121686515363777e+00
4.163300369694052705e+00
-6.347320029033880484e-01
-7.879348812629736187e+00
-5.194294161547537314e+00
9.420080612977690393e+00
9.383120310834755173e+00
-3.584499681174998287e+00
-1.147018672872201606e+01
-1.880866792187746128e+01
-1.042705748742979033e+01
1.778603222696305508e+01
2.554289949587125363e+01
1.509250016804232786e+01
2.362413390582620121e+00
-2.084631924761190902e+01
-2.489182693969343063e+01
-6.824276087864060258e+00
3.559952441354122143e+00
1.282063105830703620e+01
1.542942572471638663e+01
6.329343833119930096e+00
-1.062547597540994371e+00
-9.499628693552169878e+00
-1.038832987739498215e+01
-8.804216696293284405e-01
4.267994713214997127e+00
7.448354835420405884e+00
1.230552337385757422e+00
-1.779783185620525288e+01
-1.414634525567467627e+01
1.191599410230618084e+01
2.004421627094908587e+01
1.573857991346857865e+01
4.660961998908407899e+00
-2.080751095844097165e+01
-2.134534040587241677e+01
4.592101099229764394e+00
1.108758839864426626e+01
4.984214565626492899e+00
-8.923396322477902265e-01
-1.413860562223467632e+01
-1.092259027954356476e+01
1.079162257473812936e+01
1.723792309621184771e+01
1.244290947820555004e+01
3.851331925868744843e+00
-1.485970002665872869e+01
-1.975986534101196668e+01
-9.716904312705370472e+00
-3.049500143644303662e-01
1.394592959837524226e+01
1.686242834240743704e+01
5.579359342663587462e+00
-2.116258513837359079e+00
-1.031649434083080763e+01
-1.073521643532711423e+01
8.284812194560453591e-03
4.413523448164260898e+00
4.745253884733923400e+00
2.769677108008941069e+00
-4.797238738388099222e+00
-4.676790196118124854e+00
3.224841885338666891e+00
4.022637735679842841e+00
-1.852948040166252086e-01
-1.469027096194272630e+00
-1.990136614504596668e+00
-6.643296071488887788e-01
3.709908157178436916e+00
2.785990837078749394e+00
-3.404977951524770674e+00
-3.374244268287954540e+00
1.790573132112051047e+00
2.369478345495275917e+00
-3.159591631471201506e-02
-1.395283373156328111e+00
-3.170932067129095255e+00
-2.013289673767949317e+00
2.797054772139217604e+00
3.916903917979051464e+00
1.873176082245850971e+00
-2.644695251622850019e-02
-3.169384466134188116e+00
-2.936407636458580495e+00
1.309478453522036068e+00
1.970083828822039917e+00
-1.404254685896129118e-01
-7.486576569732074082e-01
-1.054179814591751141e+00
-8.496433364685918033e-01
4.392860592241071283e-01
1.169324286075907882e+00
1.501917351591434358e+00
5.409826978449338020e-01
-2.148545452340536954e+00
-1.007210955995705204e+00
4.044961308546128897e+00
3.853532050666694353e+00
-9.374430144470964343e-01
-4.594326360113755392e+00
-8.725916631971028181e+00
-4.302725061000219675e+00
1.032637801387080856e+01
9.598863659809666160e+00
-5.713870896529498644e+00
-7.443480227151313855e+00
6.490428832422622252e-01
4.362534735220068072e+00
8.033567465023935483e+00
4.767800987551433778e+00
-7.830895261345417246e+00
-9.982972082811206960e+00
-2.755086229331039416e+00
1.230429730412661238e+00
5.508589059441066915e+00
5.122674769613317913e+00
-2.013983163558598299e+00
-3.784688678220506475e+00
-1.361264146741908654e+00
1.988288841868216306e+00
8.564860076289496860e+00
5.907518534250069564e+00
-6.925432418805625545e+00
-1.070086610797745941e+01
-7.368552683973877748e+00
-1.963482896378718312e+00
9.240168125948992284e+00
1.119627741644131191e+01
2.977896004151136200e+00
-1.886447984716809856e+00
-6.585504275125597218e+00
-5.857112421664108837e+00
2.777018015813843110e+00
4.321833168214424425e+00
-2.208724074413936228e-02
-2.367570310526762700e+00
-5.313688868932161746e+00
-3.859029392719460994e+00
3.298309849087160739e+00
7.428288563824334112e+00
9.659344650254857001e+00
4.364655348025257453e+00
-1.078231533071249970e+01
-1.248904022212075660e+01
-1.212625406548573537e+00
3.498317196762891879e+00
5.802934250471263766e+00
4.632133123051963786e+00
-3.261046097393392351e+00
-4.124935926102852868e+00
1.495283853157954423e+00
2.116337406753191264e+00
-4.347995270019347491e-02
-3.148924660894594774e-01
-2.009585030089805213e-01
-4.445664696111778502e-01
-5.665537371051750926e-01
-2.209447400958529373e-01
6.234586132000500269e-01
6.070104988276468078e-02
-1.968437807286840924e+00
-1.729435259480339937e+00
5.946992507040830267e-01
3.574013509982652881e+00
8.002632826113838860e+00
4.633524699961982130e+00
-7.442062530392360209e+00
-1.169615341922074059e+01
-9.505229841498758603e+00
-3.668334941993398157e+00
9.339554416634722855e+00
1.615350552364503045e+01
1.655917402196464039e+01
6.548772424296898542e+00
-1.800233331758126099e+01
-2.410927315072351718e+01
-1.186426805144293084e+01
-4.574287552069109530e-01
1.715366993761419678e+01
1.991805772883868642e+01
4.293867915527496137e+00
-4.288985364350259566e+00
-1.081880782902626947e+01
-8.914238652294290688e+00
6.212721820185540089e+00
8.666474263089854801e+00
7.431185190675689001e-02
-6.311162007431420307e+00
-1.524730224375516485e+01
-9.828369535098593346e+00
1.276782369744685397e+01
1.928289345538759036e+01
1.243029289394149295e+01
2.275652490651223658e+00
-1.780437183723705274e+01
-1.854566853684982064e+01
2.237047653454476759e+00
8.315827422104318245e+00
5.118813156650705132e+00
2.895819728869559295e+00
-4.272221578028896793e+00
-4.181497485151176363e+00
4.175489939975543408e+00
3.650054631095685398e+00
-3.794568687192998890e+00
-3.239780339136971943e+00
3.201811866413232455e+00
1.570193285096831648e+00
-6.497962383981612966e+00
-5.489070613157603695e+00
3.110902852856921808e+00
8.316829164995173329e+00
1.258099756671125924e+01
6.454411762359987925e+00
-1.278917561481652676e+01
-1.703136651801025536e+01
-7.472623830138688028e+00
3.766080513736180801e-01
1.200357570319876643e+01
1.419031085259496727e+01
4.296273198238660385e+00
-1.420245155521150160e+00
-6.250079530812604922e+00
-1.024416673623969665e+01
-1.084180798212077157e+01
-4.005972980843441889e+00
1.197364824303987874e+01
1.461480714600598141e+01
3.829948530128816309e+00
-2.574866710716761986e+00
-9.049659423716665430e+00
-6.560497252198540963e+00
8.279267061420934937e+00
9.031169397165797363e+00
-2.763180437498044650e+00
-9.304641458979425295e+00
-1.514831851202349711e+01
-8.759997659450970531e+00
1.351739226973331043e+01
2.039239656627501773e+01
1.375841495899291722e+01
2.671782654940599411e+00
-1.947184471385165594e+01
-2.096391551547377219e+01
3.222340348107630148e-01
7.196663282128570316e+00
5.642176606703646513e+00
6.466601772776256141e+00
3.851887527005285250e+00
-3.160687703701849371e-01
-5.852025511504257871e+00
-7.134316072183209734e+00
-3.216837251955218413e+00
2.190235591443560059e-01
4.714788760431140702e+00
8.085737649532292792e+00
9.434728780559337835e+00
4.712360204966524968e+00
-7.552266737116395845e+00
-1.651697691236394760e+01
-2.308275037034709243e+01
-1.171935898043652990e+01
2.163400941766957430e+01
3.284101127109804708e+01
2.399308251703665107e+01
6.433660333631230799e+00
-2.968068167261563417e+01
-3.596367208581884256e+01
-9.768159669491511821e+00
5.796565121236390894e+00
2.093389928498551456e+01
1.918750587468555580e+01
-7.297693001447151495e+00
-1.358543330058479448e+01
-3.680888305792120008e+00
4.588356792290843700e+00
1.935686732149018141e+01
1.326123406465584509e+01
-1.706476184511348393e+01
-2.307969589923886033e+01
-9.014680732574898769e+00
9.641671028931342313e-01
1.542870208547770439e+01
1.702949892644114271e+01
1.890649796982271980e+00
-4.411279826401282023e+00
-5.930506525141114871e+00
-8.031181330346646163e+00
-6.575741433752371634e+00
-1.475290673380363460e+00
7.946708012831525281e+00
9.756743319024218764e+00
3.327617185545485690e+00
-1.242892249367123281e+00
-6.592156203175131957e+00
-6.281881517998066045e+00
1.652408139144566412e+00
3.695837078329661463e+00
1.263842434318436236e+00
5.919796650260733539e-01
-5.743842529763850679e-01
-5.336440490667222480e-01
1.419109130634640392e+00
-1.186286459903758583e+00
-8.239793850232953076e+00
-5.788893544011593839e+00
5.881347898871823077e+00
1.068705427711140032e+01
1.073213388149711101e+01
4.540326404284027006e+00
-1.136882071293298324e+01
-1.478439905959284850e+01
-5.722882299788571991e+00
1.384115478407908162e+00
1.111701933267424813e+01
9.262355365000624730e+00
-7.082746293016108474e+00
-8.838384278543825801e+00
1.553550586614953044e+00
5.612804681927719308e+00
8.074713822434381072e+00
4.278126988928682373e+00
-8.856406216181371249e+00
-9.922947356185021661e+00
4.348121282968261392e-01
3.838785342835681291e+00
3.897920591974452176e+00
2.131841695625718902e+00
-4.433722179977557687e+00
-3.982823172123052480e+00
3.597071288819122969e+00
3.558170584481785248e+00
-2.373017663667170485e+00
-2.778157022875529236e+00
3.676920771902541518e-01
2.186090281051703332e+00
4.333401717125289210e+00
2.545768805250990141e+00
-4.131418363472178612e+00
-5.709031166459797468e+00
-2.824142290208552009e+00
-2.695482856066980792e-01
3.858467896664676822e+00
5.006216978378156490e+00
2.415920307457975813e+00
-1.563062876010045954e-01
-3.946837176107536482e+00
-4.327094275779681531e+00
-5.061792987857847148e-01
9.742687549778679124e-01
1.134517205921390826e+00
1.971977854085184889e+00
2.474050849429577870e+00
1.009542670393813291e+00
-2.559290263455161973e+00
-2.412413336322287716e+00
1.466165032108033062e+00
2.457413694872890630e+00
1.516700233431479639e+00
-2.544708850342494166e+00
-1.116175503969831517e+01
-7.245138832718726718e+00
9.855999692225591247e+00
1.431171820594168764e+01
8.566073826584872819e+00
1.620611643407381397e+00
-1.142564019488676053e+01
-1.585867420133696370e+01
-1.031966198883391606e+01
-2.720677596567954382e+00
1.080416027655410005e+01
1.925699629502786436e+01
2.155195109858828317e+01
9.195447565923824840e+00
-2.221574047590752699e+01
-3.126892300912271594e+01
-1.864713408037694009e+01
-2.837045036588587976e+00
2.529238769657367669e+01
2.962404625082169929e+01
6.426793809886986786e+00
-6.038786873926789589e+00
-1.568179365579056750e+01
-1.441717884094056679e+01
4.645913142432422482e+00
9.673641633013279062e+00
3.225324438395759330e+00
-2.340478331092922026e+00
-1.291192565089951216e+01
-9.325403202747970965e+00
1.062063176794778130e+01
1.483983368982180373e+01
6.394169602045453260e+00
-3.006162219830517124e-01
-1.092085222530834443e+01
-1.026561779280067377e+01
4.180204234089500481e+00
6.992554715200687276e+00
9.952772147690861493e-01
-2.291944871420475316e+00
-7.094581133175974941e+00
-4.988702352092032832e+00
5.846734853331435389e+00
7.842598179836497430e+00
2.399595298774213958e+00
-1.230623714528594315e+00
-6.145412929906188815e+00
-3.097906531627549587e+00
9.758864706564001068e+00
8.456373825611715134e+00
-5.965663447211507986e+00
-1.143996847357058755e+01
-1.174599353287284487e+01
-5.109136267251062513e+00
1.274061373969656152e+01
1.781665766482517910e+01
1.040968560340733440e+01
1.839929622645420926e+00
-1.309907932922060958e+01
-1.829279840760081299e+01
-1.186059264839234650e+01
-2.481263632427409327e+00
1.430888004467569807e+01
1.907117183432087870e+01
1.000061351044099567e+01
6.748013575990308155e-03
-1.586286861842186546e+01
-1.587518533966721002e+01
2.923407119250107655e+00
7.843615184417797259e+00
3.078646829196805879e+00
1.064878151730607403e+00
-3.567248330400756728e+00
-3.800317260958873788e+00
1.709768153137157354e+00
3.305422610935021765e+00
2.482196261196801146e+00
7.222947160274272305e-01
-3.618152717175030730e+00
-2.328958106074506595e+00
4.982314826120546769e+00
5.004973902547821041e+00
-1.177978331746822427e+00
-6.027476018515208978e+00
-1.186857077443396058e+01
-6.541358202853952974e+00
1.204604631625941025e+01
1.454220925637219075e+01
2.425778257678663064e+00
-3.289365586053466295e+00
-7.740671501822334655e+00
-6.400464374898961140e+00
4.234598526393416940e+00
5.113214914946952128e+00
-2.692766467645317796e+00
-3.345950703216348465e+00
2.079178376595469113e-01
1.852369292643680221e-01
-1.399803130823688235e+00
2.720267130124380373e+00
1.212162075913564863e+01
7.962186872652288194e+00
-9.806310172030432426e+00
-1.548806845132158649e+01
-1.177484724495014845e+01
-3.562614562065967494e+00
1.432098285611722588e+01
1.797969938667020884e+01
6.405529662438313565e+00
-1.611019908177595328e+00
-1.118130758358894816e+01
-1.250065712683602470e+01
-2.246242052931903821e+00
3.179424871337784175e+00
6.500523284786261513e+00
6.759308847672183873e+00
9.589726781705096847e-01
-1.794269150482552755e+00
-2.415839467405671126e+00
-4.626805616582788439e+00
-6.913694329249904236e+00
-3.778636317792323229e+00
5.120710965035654816e+00
1.031295644953645585e+01
1.263151170032717197e+01
5.486076993802953439e+00
-1.396958227341958114e+01
-1.657689382022400792e+01
-2.769617615346042339e+00
3.955701656653159315e+00
8.988059706552338213e+00
7.263838200123246658e+00
-5.280912495233229365e+00
-6.581542131184404454e+00
2.141649238054934123e+00
3.464485497750828369e+00
9.048801902813330411e-01
-1.736463422203101681e-01
-2.160354568722590685e+00
-1.857076913475787627e+00
1.370259343544159680e+00
1.510628135899168001e+00
-9.051290281104902302e-01
-7.094567679554815154e-01
1.273964839933624082e+00
1.080365422626824889e+00
-6.929919349062207967e-01
