-6.902059062982851856e+01
-6.800684176549414417e+01
-6.700031252833107942e+01
-6.600852273152369776e+01
-6.493921626853162365e+01
-6.381838050411323593e+01
-6.244240468654439269e+01
-6.077959866308059844e+01
-5.894321176986702682e+01
-5.687086165733631304e+01
-5.465619243453284071e+01
-5.230359966988430642e+01
-4.970816829781271196e+01
-4.688502581846871209e+01
-4.401262750932011159e+01
-4.108871856878087669e+01
-3.803322721180957444e+01
-3.488742013039941270e+01
-3.151347911944901981e+01
-2.789817139260885170e+01
-2.414129949857412782e+01
-2.020879698480039721e+01
-1.620545910637740761e+01
-1.215005277642350201e+01
-7.966295899885938780e+00
-3.684892718818131740e+00
7.355994119373624462e-01
5.302486411447417503e+00
9.968594231149335627e+00
1.474345600384529575e+01
1.974712936891472737e+01
2.498450174322448802e+01
3.040506894031789642e+01
3.604056290362363058e+01
4.181100575908516959e+01
4.771230954561507787e+01
5.381185719244917465e+01
6.009326007433408989e+01
6.514289832944365344e+01
6.882464772133670294e+01
7.178924782693169959e+01
7.362843702318291150e+01
7.516981582454185684e+01
7.644214924918902909e+01
7.665907006923644929e+01
7.596959869704451762e+01
7.536572997939236984e+01
7.481512471816516552e+01
7.391899413145078768e+01
7.290318925053884414e+01
7.094720155781844539e+01
6.798194343242954574e+01
6.458638925055193170e+01
6.056077410538639327e+01
5.689505112949871801e+01
5.373654574549652807e+01
5.046317240576878760e+01
4.736364919146101471e+01
4.398290218292325449e+01
4.027089091107863794e+01
3.670968317269013426e+01
3.320588487493743912e+01
2.880597858952426193e+01
2.349158326898119498e+01
1.766022505325449643e+01
1.107035630798026915e+01
4.400708568778929575e+00
-2.305863753818824247e+00
-9.589619487301893841e+00
-1.730229420966977827e+01
-2.353098940016204921e+01
-2.814394597591307701e+01
-3.193405944722993794e+01
-3.436395858957114768e+01
-3.666447793543808586e+01
-3.887236152251419696e+01
-3.988634191075475144e+01
-3.993484008942058239e+01
-4.020033327697800729e+01
-4.062733706190914518e+01
-4.077583676446167260e+01
-4.091136708143660883e+01
-4.001052346181466390e+01
-3.799332854492264744e+01
-3.556872230242659327e+01
-3.248897194670747979e+01
-3.025484756743778547e+01
-2.907488109106392571e+01
-2.804975296967588960e+01
-2.761575116089377246e+01
-2.705198329105127542e+01
-2.629019786523945612e+01
-2.607746944723514559e+01
-2.626945870367002911e+01
-2.550218309183563292e+01
-2.375951511215428980e+01
-2.160655294533099990e+01
-1.870270707788312947e+01
-1.604095402608388810e+01
-1.368715412775604534e+01
-1.086519720073032680e+01
-7.795855942789951420e+00
-5.236148237418991158e+00
-3.175056957576249062e+00
-1.413801191155620085e+00
-1.483140075898932431e-01
1.243939075682473971e+00
2.771601003281713993e+00
3.950275515035834850e+00
4.900786892776266335e+00
5.887057279772244023e+00
6.869573025168179470e+00
7.796337526326852618e+00
8.719112985579856812e+00
9.339453442172960251e+00
9.639746179877320742e+00
9.803817307534860248e+00
9.759139914719373365e+00
1.030696958507143890e+01
1.153921257476049789e+01
1.302118863573756435e+01
1.498217724753232361e+01
1.699743191778349782e+01
1.903619605240109180e+01
2.151455060489012183e+01
2.434908739064758265e+01
2.689894806227898982e+01
2.916599154340056899e+01
3.140733067063606399e+01
3.346674222034005908e+01
3.583248395024894961e+01
3.853797989701831739e+01
4.121334825963565152e+01
4.396946435853164559e+01
4.612137578158483819e+01
4.755951378915891326e+01
4.868475269861685462e+01
4.928867429172746029e+01
4.967694465980316920e+01
4.986965814074559944e+01
4.952212998233111563e+01
4.868656578107972166e+01
4.799002087234213576e+01
4.743097268227663221e+01
4.673121650178189412e+01
4.603968605134252101e+01
4.488514487681676712e+01
4.322585776158754101e+01
4.141254118906351778e+01
3.933205014951304435e+01
3.730473256321627673e+01
3.539557071009495104e+01
3.336727530330504266e+01
3.131721167432328556e+01
2.913344538768678404e+01
2.679635920349487677e+01
2.444810804855633890e+01
2.206519063348934750e+01
1.926900286514712590e+01
1.604617643249823900e+01
1.256316992204805061e+01
8.722124126161707736e+00
4.777774144733777817e+00
7.466437880569349872e-01
-3.581030337165002297e+00
-8.150403777218002688e+00
-1.191234074646162000e+01
-1.478570046098687030e+01
-1.722468392237649937e+01
-1.893271300214900776e+01
-2.056439264689589308e+01
-2.214173186431424512e+01
-2.306923619572752671e+01
-2.346829116022756523e+01
-2.401738526539703855e+01
-2.468942252279648386e+01
-2.522617643740382576e+01
-2.578167315275490168e+01
-2.578049742387465670e+01
-2.517752734639297429e+01
-2.437600509323707598e+01
-2.323724823540132434e+01
-2.254106462281059819e+01
-2.239975463093649211e+01
-2.233890242842795359e+01
-2.258626459167715694e+01
-2.277536455441582675e+01
-2.287035791571300081e+01
-2.325658576494450713e+01
-2.386086245330932698e+01
-2.396064844541080419e+01
-2.354636153916401398e+01
-2.291968091635407845e+01
-2.189998481549306675e+01
-2.101052641462027637e+01
-2.028640164997233342e+01
-1.931767342799098941e+01
-1.822074977743597302e+01
-1.725933930408533357e+01
-1.641350780975606227e+01
-1.564172064551922148e+01
-1.500772059004610348e+01
-1.426067679370973806e+01
-1.339854825008863060e+01
-1.260169272822919417e+01
-1.182002573282994895e+01
-1.101242430818936313e+01
-1.019662969945942343e+01
-9.359700876833812799e+00
-8.496575655279416495e+00
-7.683943303790935708e+00
-6.923993525007976046e+00
-6.176608255251402113e+00
-5.460203476991278393e+00
-4.447931256096016028e+00
-3.105490055387488457e+00
-1.601422345140444348e+00
1.573975074904935267e-01
1.991119982062733884e+00
3.888607548853530105e+00
6.022844072154950545e+00
8.359076591385598221e+00
1.065251738901793388e+01
1.290619971612334638e+01
1.521712071543764466e+01
1.752667518269470648e+01
2.002649484205709385e+01
2.273025021655335109e+01
2.549573976746070869e+01
2.836722520070372511e+01
3.057455309437258961e+01
3.202440215659574818e+01
3.310979675401775779e+01
3.360379394075761894e+01
3.391519398485462489e+01
3.406268534000822257e+01
3.363419131398332240e+01
3.270228020797804191e+01
3.187274230850024281e+01
3.113449574378300966e+01
3.023276671860933718e+01
2.930841558293719018e+01
2.788191848912672910e+01
2.591222083670547960e+01
2.374621138540319265e+01
2.126804136913697718e+01
1.894549451764459747e+01
1.685614358708718896e+01
1.469029467843329506e+01
1.258630725656601079e+01
1.034533419188163528e+01
7.942445120234369327e+00
5.599343949371729856e+00
3.275173495350794717e+00
4.884898881702334217e-01
-2.772471459216318657e+00
-6.302796562495179167e+00
-1.022514084433914050e+01
-1.420300755530878156e+01
-1.821472957163405226e+01
-2.253085800350537582e+01
-2.707805920150241974e+01
-3.054884734626598686e+01
-3.284177297663242001e+01
-3.451828370440649252e+01
-3.520787923025585542e+01
-3.572722880432406356e+01
-3.610203642547038072e+01
-3.558803984426651112e+01
-3.433551583205882451e+01
-3.318655537778346343e+01
-3.210578555197675144e+01
-3.077125493196333395e+01
-2.937296776254983044e+01
-2.719326839072431312e+01
-2.417464280738189331e+01
-2.081734278767948609e+01
-1.694732669160644889e+01
-1.354943009657968389e+01
-1.076355465809999679e+01
-7.990444674825821103e+00
-5.516680712381742069e+00
-2.875684083057114204e+00
-2.107867226924381443e-02
2.560309291760642036e+00
4.962622329285728107e+00
8.097622895328905557e+00
1.197831656774824793e+01
1.622619403247827918e+01
2.107000687334321753e+01
2.585083414527225898e+01
3.052565398654586915e+01
3.561254200331902098e+01
4.096582783403139416e+01
4.532341894350001610e+01
4.861578883495731418e+01
5.133145705156836414e+01
5.312003942669421264e+01
5.483148421428685992e+01
5.648738873028932517e+01
5.734659713163212302e+01
5.756763169986307105e+01
5.787077889798371189e+01
5.821351413261332652e+01
5.833988738176006450e+01
5.840880212966712293e+01
5.777504495284390629e+01
5.638902059427270785e+01
5.468959245126279711e+01
5.251982287555072304e+01
5.093080415838804242e+01
5.006214319782797872e+01
4.929597735107857659e+01
4.893619122680267708e+01
4.846488502181935587e+01
4.783503194245400891e+01
4.757450723923481917e+01
4.757941085669829562e+01
4.691837843050025469e+01
4.558231566911549493e+01
4.395341070503101832e+01
4.179956955801756635e+01
3.980371178495703788e+01
3.801063587571498203e+01
3.588848582791991504e+01
3.358911034640365756e+01
3.166537954725980342e+01
3.011355540223770433e+01
2.878205132985323900e+01
2.781532766830665082e+01
2.676732119399405718e+01
2.563178077567029334e+01
2.475992011531910464e+01
2.406574436862503319e+01
2.334313508855326091e+01
2.262014108248864019e+01
2.194319957374164431e+01
2.127126705017341735e+01
2.082997628197049877e+01
2.063347033922511997e+01
2.054125400392909384e+01
2.060838726350084471e+01
2.025733075009527795e+01
1.942124860054708435e+01
1.841577648636239317e+01
1.707568155507177110e+01
1.570591160899160244e+01
1.432915329727618037e+01
1.264631228498345550e+01
1.071755022045621075e+01
9.009210955568791590e+00
7.520685335880285649e+00
6.064841837662489965e+00
4.755758002859649558e+00
3.239683932000533950e+00
1.492707334308054357e+00
-2.161519736973790962e-01
-1.966903906579436923e+00
-3.384112735020960105e+00
-4.400343165116581190e+00
-5.248994019080889473e+00
-5.813911161405915351e+00
-6.246624455322769442e+00
-6.558905852240203060e+00
-6.567667034406367677e+00
-6.297973082786909593e+00
-6.117184119729767389e+00
-6.026550641961647692e+00
-5.859439324828955797e+00
-5.703695554277541824e+00
-5.288797263454344311e+00
-4.590277977549655830e+00
-3.811573920036770868e+00
-2.887766810817346208e+00
-1.968147824470856566e+00
-1.087044985231301775e+00
-1.246546709009399012e-01
8.728512025903114591e-01
1.949319165475809079e+00
3.114983070305525015e+00
4.307112762302267583e+00
5.535273399395376437e+00
6.993576269165712844e+00
8.690317040392523396e+00
1.053877825847715499e+01
1.258969917655433335e+01
1.471582090819670796e+01
1.690901971508898782e+01
1.927600113759714873e+01
2.178972323065345051e+01
2.374696478638557551e+01
2.508950162217496782e+01
2.612865252806738781e+01
2.666459179030865556e+01
2.712790505733265789e+01
2.753366585546601542e+01
2.748561899608908732e+01
2.706326292267283762e+01
2.673369695775717148e+01
2.647979142103445582e+01
2.612104408291802571e+01
2.576389422960925657e+01
2.501616402018956364e+01
2.384673050166207275e+01
2.253170982347967310e+01
2.097657058313248157e+01
1.969179422102891053e+01
1.875209490432833803e+01
1.784404569452058453e+01
1.711695882304644201e+01
1.633339369964104293e+01
1.546951470999987954e+01
1.477649377836918632e+01
1.420680055558957378e+01
1.328195368952002653e+01
1.199501067850887459e+01
1.054623443831827778e+01
8.815765716702610888e+00
7.148752056580853775e+00
5.568261865566134894e+00
3.803136700022265781e+00
1.930004102454014436e+00
3.917540200410809526e-01
-7.973856488033980172e-01
-1.790817050060917737e+00
-2.468355675857617282e+00
-3.149779222062498274e+00
-3.841868628396341911e+00
-4.277011799015197013e+00
-4.515774850245493965e+00
-4.778021299532054122e+00
-5.046108602911114183e+00
-5.250019677816260888e+00
-5.436994966070276547e+00
-5.398046575419692239e+00
-5.118138018078648876e+00
-4.735683886861746572e+00
-4.199858353450539816e+00
-3.909805981113873674e+00
-3.915789868746081925e+00
-3.989924797164505765e+00
-4.247136936900993476e+00
-4.485127329159097620e+00
-4.686955876310629598e+00
-5.055605700047251183e+00
-5.550802785977025700e+00
-5.831859323900375536e+00
-5.896943522877510446e+00
-5.884709299313694686e+00
-5.710888024840498289e+00
-5.628677971786638423e+00
-5.654920842740356335e+00
-5.594318582688447172e+00
-5.503579614568043787e+00
-5.654906854820165307e+00
-6.054608872049862534e+00
-6.615839796108031301e+00
-7.412284036007164012e+00
-8.241280993993576942e+00
-9.099904643011059946e+00
-1.015587469232852946e+01
-1.137128144878634828e+01
-1.262150573467650894e+01
-1.391904943377626758e+01
-1.530193893749495615e+01
-1.674448972600059093e+01
-1.837101883243268574e+01
-2.019092410872348609e+01
-2.212449081032634979e+01
-2.420259239172229471e+01
-2.616387575271438237e+01
-2.797710112768234225e+01
-2.979018929721696551e+01
-3.152859800260982936e+01
-3.332810454457874982e+01
-3.520026034750340926e+01
-3.701154536880937229e+01
-3.878949289962895364e+01
-4.075415090581475397e+01
-4.290691995392250391e+01
-4.515975303331534718e+01
-4.756742792046399870e+01
-4.996648553732258335e+01
-5.234668888022550703e+01
-5.483479288482360658e+01
-5.739463715088579931e+01
-5.941009896208171881e+01
-6.083225012268697895e+01
-6.192372325680081246e+01
-6.250901530275199747e+01
-6.297183731713344912e+01
-6.332306964946427996e+01
-6.321099894988662982e+01
-6.270527639765363404e+01
-6.220312798249823771e+01
-6.168692722484854585e+01
-6.100307379181653289e+01
-6.024042378478766580e+01
-5.905876373124338130e+01
-5.742982064073206061e+01
-5.558905944251560527e+01
-5.345316928288043101e+01
-5.149428582391475828e+01
-4.977829455415310633e+01
-4.801730940279222892e+01
-4.634798740152694307e+01
-4.454434905210001716e+01
-4.258328487638894444e+01
-4.069811745382334323e+01
-3.884252870937253732e+01
-3.657890328221557041e+01
-3.390021892646460344e+01
-3.098664948953621945e+01
-2.772775073758738529e+01
-2.443853186034575842e+01
-2.113868539371049948e+01
-1.757903857036357564e+01
-1.382852876806469844e+01
-1.074267887436453783e+01
-8.379820622896726690e+00
-6.387374789049500734e+00
-5.005665101817752927e+00
-3.682533982513396253e+00
-2.401913360011273202e+00
-1.657281677373285023e+00
-1.346313966648322369e+00
-9.425379198000851666e-01
-4.712014119383282629e-01
-1.279968404437514806e-01
2.050395837537478949e-01
7.099224347021287906e-02
-5.659904219774293255e-01
-1.390043921117349424e+00
-2.511949241370067920e+00
-3.254570039200276099e+00
-3.524364532856155918e+00
-3.726484011162655818e+00
-3.664281101636990723e+00
-3.664133711539819149e+00
-3.756919317337410025e+00
-3.605288135485276602e+00
-3.274706742068808740e+00
-3.379355801845774110e+00
-3.926505917029528447e+00
-4.662134161392002873e+00
-5.739673990548056715e+00
-6.711910357126133597e+00
-7.549340121360135214e+00
-8.601620726948585371e+00
-9.769425160899064764e+00
-1.059331835598385219e+01
-1.106616459654125606e+01
-1.133303775746285247e+01
-1.127125201583187852e+01
-1.122917616718665990e+01
-1.121309569340395917e+01
-1.093933907889930879e+01
-1.047444831835723100e+01
-1.002251105102593876e+01
-9.563137899454538626e+00
-9.038151412914215754e+00
-8.490290137268816650e+00
-7.715164895015139024e+00
-6.698842420847810786e+00
-5.573604114483929450e+00
-4.289705987649419683e+00
-3.289677417475252774e+00
-2.627193118933263349e+00
-2.054668228032657140e+00
-1.699176378345954364e+00
-1.332151297684242897e+00
-9.355037997678601336e-01
-7.362157926137609110e-01
-6.890127480840120278e-01
-4.256784663425472459e-01
5.461988781107095237e-02
6.029080972208394895e-01
1.309780987688251574e+00
1.898966933045628469e+00
2.351914068876131303e+00
2.880282046336434032e+00
3.421884701736146006e+00
3.927084981438132338e+00
4.413873827904176039e+00
4.860801759068112737e+00
5.259126325913384470e+00
5.687559635205698072e+00
6.144023489374654368e+00
6.582110391725756848e+00
7.017553409568728640e+00
7.409036530799515852e+00
7.748156297662934122e+00
8.065257684870021038e+00
8.347796230429459285e+00
8.605448101948601547e+00
8.840187111381849761e+00
9.035878411676414146e+00
9.194126345808438572e+00
9.431706302148157306e+00
9.757114326771407775e+00
1.011570206043983866e+01
1.053954683166968387e+01
1.095682873993231254e+01
1.136349910210224756e+01
1.182361404704159646e+01
1.232277103855220268e+01
1.278490671042426108e+01
1.321177409179391304e+01
1.363074152448728604e+01
1.402360968219483262e+01
1.445229487278271918e+01
1.492055446090414250e+01
1.538286908490679927e+01
1.585324124944437152e+01
1.618391843427530929e+01
1.635507228417718650e+01
1.644603841407901967e+01
1.641283893950201644e+01
1.632934198804018777e+01
1.619942909066845260e+01
1.594586707767557954e+01
1.558163440368135078e+01
1.522855888875563046e+01
1.488507895492224442e+01
1.449893091581988713e+01
1.409864297011152701e+01
1.358953795428053901e+01
1.296339707787726425e+01
1.228936892345110010e+01
1.154461667478435949e+01
1.080771895160440543e+01
1.009277377129736664e+01
9.345189100038860275e+00
8.588395570585449335e+00
7.791250520023525361e+00
6.949234241773603493e+00
6.098586539228953107e+00
5.232794853669219926e+00
4.266280532061531794e+00
3.196486399744070894e+00
2.060230426330083020e+00
8.355193598667440824e-01
-4.189108287708666611e-01
-1.699339357013389007e+00
-3.053603351220139928e+00
-4.469027095927113891e+00
-5.604703471265984227e+00
-6.431571442741100597e+00
-7.100540617201877680e+00
-7.514282083629228559e+00
-7.880182418671158651e+00
-8.205107207953183490e+00
-8.296912962588214313e+00
-8.193481360353954912e+00
-8.122534096539352433e+00
-8.075490404132569466e+00
-7.963408676042067036e+00
-7.837912237526254877e+00
-7.507520832531647592e+00
-6.956603821114290653e+00
-6.319426040932793143e+00
-5.549512285669750078e+00
-4.895442570323885079e+00
-4.393271149915302765e+00
-3.889753548593788413e+00
-3.457326371466079795e+00
-2.979760864240380336e+00
-2.445043756824727410e+00
-1.975309519919977941e+00
-1.546980632256468535e+00
-9.261719803536385687e-01
-1.090972470001371486e-01
8.069037929787336028e-01
1.880715682243860210e+00
2.944310314005697649e+00
3.986823548373412684e+00
5.140969250125498213e+00
6.369748927334374144e+00
7.302463472285003476e+00
7.916612548883605882e+00
8.359881340765404900e+00
8.528868307956681605e+00
8.668672225834320955e+00
8.785973615019438299e+00
8.664851839897005803e+00
8.350943421749086326e+00
8.063006469906204288e+00
7.789276824328729809e+00
7.450471113227069786e+00
7.095231531647433698e+00
6.530469453238372246e+00
5.741253421804146662e+00
4.859962315908084918e+00
3.839736913384597106e+00
2.981810068790640589e+00
2.326939362215640461e+00
1.696698328583304161e+00
1.178377868185572552e+00
6.250619501109153653e-01
2.319738822723334953e-02
-4.764588648109826519e-01
-9.033481476904446916e-01
-1.527097252745617251e+00
-2.350551260929564013e+00
-3.262619331121162869e+00
-4.330537462366119250e+00
-5.357154264788043463e+00
-6.329467298049408441e+00
-7.401217941337030481e+00
-8.528560782850497901e+00
-9.411254805817600655e+00
-1.003595181244928192e+01
-1.051215108375202689e+01
-1.075720543858879807e+01
-1.098038468276805446e+01
-1.118621916611370004e+01
-1.119554638715828254e+01
-1.104745636418696719e+01
-1.090206073344394255e+01
-1.074804548267506021e+01
-1.053083391712567618e+01
-1.028510277768509873e+01
-9.862827652049970695e+00
-9.252707398218962709e+00
-8.553688262267465703e+00
-7.729548949148976611e+00
-7.042739836850156365e+00
-6.526874998134777783e+00
-6.029768004139750559e+00
-5.626938233296846725e+00
-5.186560252776716951e+00
-4.696958393143193078e+00
-4.290764398568810201e+00
-3.941437059970775980e+00
-3.420634965027721908e+00
-2.726414615395734042e+00
-1.951682565401531289e+00
-1.039568958242869767e+00
-1.582945617914356673e-01
6.812674036539414502e-01
1.609901916244807607e+00
2.590259999491941745e+00
3.573589538745269412e+00
4.569786862825139018e+00
5.575386533419213642e+00
6.580271547527933862e+00
7.644329921332700728e+00
8.767438317627103572e+00
9.911432897450252355e+00
1.108866236239136249e+01
1.228761640874018468e+01
1.350343351987550200e+01
1.475019151143438201e+01
1.602390344193888083e+01
1.732040560216903557e+01
1.864072404269477090e+01
1.998332735304327912e+01
2.134729079289493825e+01
2.281600001649415788e+01
2.439712790046208468e+01
2.605062225003945997e+01
2.780010329814213321e+01
2.959740216911558619e+01
3.144014104926121078e+01
3.337357480584168457e+01
3.538856926647959256e+01
3.742807028009392667e+01
3.949359092388409209e+01
4.160729374499551625e+01
4.375588563007519127e+01
4.598582784409455115e+01
4.830061262733659078e+01
5.066676234350988040e+01
5.309525466876971223e+01
5.492842222124859575e+01
5.609559353526366721e+01
5.691263161541068882e+01
5.718761687439995711e+01
5.728976603433573445e+01
5.723304809725512854e+01
5.665721797707641372e+01
5.562798599399116029e+01
5.462988333840272048e+01
5.364976930047248516e+01
5.248812311852145740e+01
5.125596100248600351e+01
4.955944140248498542e+01
4.736472480505517524e+01
4.495199844186368665e+01
4.222534408579350895e+01
3.962012299251082226e+01
3.720354408015383285e+01
3.469577449449324291e+01
3.222415117270966078e+01
2.959356503047795783e+01
2.678109027120554941e+01
2.399637239329303640e+01
2.119899865823007090e+01
1.795785407309709214e+01
1.426331494626821872e+01
1.029595974656736601e+01
5.945998727847466192e+00
1.517360661902268593e+00
-2.971035238522565347e+00
-7.762865830757064600e+00
-1.279214964607388261e+01
-1.696428850613104800e+01
-2.019652083100960027e+01
-2.295591300176228700e+01
-2.493301154048294421e+01
-2.681628918013232621e+01
-2.862743496483114214e+01
-2.974194837485050513e+01
-3.028696242716036480e+01
-3.096267934681874223e+01
-3.173935841046079176e+01
-3.235104473141697667e+01
-3.295582077435934565e+01
-3.295575077533914765e+01
-3.230341692171101897e+01
-3.141563299246140772e+01
-3.014766835530209477e+01
-2.933358599716046911e+01
-2.909152578440481207e+01
-2.891629363716378620e+01
-2.905076165707572855e+01
-2.909891739311344949e+01
-2.902212522631630520e+01
-2.923353498174198961e+01
-2.965363502738199486e+01
-2.951408964397300849e+01
-2.880467334472594132e+01
-2.784464086376760150e+01
-2.644166502313007783e+01
-2.515248575848260870e+01
-2.401387435204270915e+01
-2.258924360567406353e+01
-2.100207638771077967e+01
-1.979895057760931465e+01
-1.898567858334719460e+01
-1.839314984870044611e+01
-1.816639658676708535e+01
-1.788562608320984637e+01
-1.754313714866510310e+01
-1.747784082725720367e+01
-1.760905029716121817e+01
-1.770130561085156629e+01
-1.777914225684070004e+01
-1.790676531479919475e+01
-1.803496335330451927e+01
-1.840243279805434184e+01
-1.902482940088204444e+01
-1.974807756305467876e+01
-2.062999386151481573e+01
-2.113875159631378864e+01
-2.121004944035605178e+01
-2.113967573272996248e+01
-2.077476020441831039e+01
-2.039047309293907517e+01
-2.000803152675496932e+01
-1.935404129281204888e+01
-1.848268033732867366e+01
-1.783337734448398848e+01
-1.740648737595273943e+01
-1.702397061278710666e+01
-1.679355905150784878e+01
-1.638428258700726659e+01
-1.577355133056926917e+01
-1.521395966411138367e+01
-1.463066438809525138e+01
-1.397797033593819904e+01
-1.327836154965417492e+01
-1.249910811903381003e+01
-1.163339344919268292e+01
-1.076680649600423934e+01
-9.896115151359136775e+00
-8.973149196649989889e+00
-8.014821311113426106e+00
-6.961275667475437245e+00
-5.802325310328738439e+00
-4.577862560145852022e+00
-3.270157968971662665e+00
-1.898557143269794301e+00
-4.656702534856595466e-01
1.054061453252255420e+00
2.657164670040120580e+00
4.213615318060333514e+00
5.715104063888865937e+00
7.221545075475101605e+00
8.697704180721951062e+00
1.022578418813190027e+01
1.181058894491206246e+01
1.338038432009868650e+01
1.495198287184135566e+01
1.660775816928909876e+01
1.834586046717694430e+01
2.013778288417058349e+01
2.200343475346765132e+01
2.387559298205669123e+01
2.575060516597977411e+01
2.767824278351107381e+01
2.964358972703913508e+01
3.117993795136659685e+01
3.224454596287463204e+01
3.304485291749789155e+01
3.344612632122258589e+01
3.372751798607398399e+01
3.389718844862768776e+01
3.369218633455199807e+01
3.316226999055032110e+01
3.262544516994557142e+01
3.206937911882086212e+01
3.136677275048470648e+01
3.058905357874382958e+01
2.946872014036291176e+01
2.798267090566658055e+01
2.631719606047614946e+01
2.440648369755821179e+01
2.259591666748759309e+01
2.093474662421070320e+01
1.920834525797540238e+01
1.751664425308253570e+01
1.569654060395108885e+01
1.373025201844952292e+01
1.178701789209092254e+01
9.832924532702467246e+00
7.540344270572902907e+00
4.902905315048203150e+00
2.055513825858326538e+00
-1.085114879336851690e+00
-4.285463967557539888e+00
-7.531417367695240728e+00
-1.100932671109269378e+01
-1.466859723958771156e+01
-1.756848983858867541e+01
-1.963498314102709941e+01
-2.127362146909756291e+01
-2.221750510186863536e+01
-2.305260011660439190e+01
-2.379744483421728773e+01
-2.391696301266516755e+01
-2.351887550710376118e+01
-2.321372766323745651e+01
-2.297643847633732861e+01
-2.257279290752023115e+01
-2.214073521745286044e+01
-2.116126075568783804e+01
-1.959271557222468019e+01
-1.779738766885232337e+01
-1.564945371657484507e+01
-1.386086401308405058e+01
-1.253293046289437740e+01
-1.123251306739274824e+01
-1.016689139841702527e+01
-8.999002030335322644e+00
-7.695431507913990110e+00
-6.608168470147695928e+00
-5.669296066266173995e+00
-4.219377937920905097e+00
-2.249080764933199195e+00
-3.236785418851528817e-02
2.596135782967439187e+00
5.159744076189351603e+00
7.627227953272845973e+00
1.037322041744029733e+01
1.329225662201402436e+01
1.567913293044967915e+01
1.750484782578138976e+01
1.902553391882419831e+01
2.004818775119007057e+01
2.106860733772866467e+01
2.209832109683552304e+01
2.271608411420116624e+01
2.301542195859963869e+01
2.336827176790608007e+01
2.374853023189789525e+01
2.403199586392766207e+01
2.429971496351085847e+01
2.420759475206590139e+01
2.373037211189331330e+01
2.309896458942734299e+01
2.222986158142459345e+01
2.174092970023048110e+01
2.171180265679237209e+01
2.178617574093637899e+01
2.214240727084617788e+01
2.247099207500234286e+01
2.274543175512389581e+01
2.327859700281830868e+01
2.400889458202480853e+01
2.440176143246452867e+01
2.445366049314570489e+01
2.438319880391660277e+01
2.405795651835550331e+01
2.387359190926706631e+01
2.385651530405140619e+01
2.370085056384924371e+01
2.349516005774832195e+01
2.281841450984176234e+01
2.159313139559131756e+01
2.007906307865533790e+01
1.814463145508465658e+01
1.595710256156696083e+01
1.352800749889792087e+01
1.065114004825168514e+01
7.352756563189376315e+00
4.045146229881996014e+00
7.283624890919440098e-01
-2.787160492999254835e+00
-6.403952548976126202e+00
-1.042793989259119236e+01
-1.488823690260474031e+01
-1.955732928872942367e+01
-2.450980425067463742e+01
-2.957351382270418938e+01
-3.471074603813273995e+01
-4.006049961520121627e+01
-4.557067650366232670e+01
-5.129538156698847473e+01
-5.724775777546232547e+01
-6.335558631232595417e+01
-6.963172209415853331e+01
-7.630033791062919590e+01
-8.337216997942692842e+01
