4.285774218602274033e+01
5.878117425696245846e+00
-9.593881406557416724e+00
-1.986831709535534074e+01
-2.227744162000335493e+01
-6.997725977033805833e+00
1.952747261061273276e+00
7.703110645068502293e+00
2.178196191214443544e+01
4.086976052154378181e+01
2.339591425126679525e+01
-3.343131678721488242e+01
-5.625506518255179600e+01
-5.093985862359976835e+01
-1.706355403875338794e+01
6.253801907488159628e+01
7.182192543512442739e+01
8.481727415422010807e+00
-1.924678454629291480e+01
-3.332598826029305883e+01
-3.052912257529237650e+01
7.229605539908011025e+00
1.626151826075570028e+01
2.215642143010433385e-01
3.156081907845638579e+00
1.463564331534735707e+01
7.445674470777333909e+00
-1.462981162654077671e+01
-1.664846044555995519e+01
-9.753062475051111901e-01
5.606011322492143734e+00
8.973377686440956680e+00
7.045620458598552460e+00
-4.667035335252943895e+00
-5.788552969037600526e+00
2.903861022718321472e+00
-3.864284884497994454e+00
-2.362405260089338199e+01
-1.795837335993361705e+01
1.136399851521835203e+01
3.653094322739076460e+01
6.456954317980924429e+01
3.622942678651998705e+01
-5.846956850377441839e+01
-8.437656152223145511e+01
-4.958271979321582990e+01
-6.560077322544455747e+00
7.215823559484660166e+01
7.406862075610885654e+01
-1.184677692203341692e+01
-3.703617809519991511e+01
-2.281304205658394579e+01
-4.314316729428105290e+00
4.388445784658949833e+01
3.512070763208055268e+01
-3.587007474049922706e+01
-4.582262582259054540e+01
-8.211319366660882579e+00
8.804440022080511241e+00
2.488678411930619916e+01
2.371547712670651364e+01
-4.929967957983822480e+00
-1.196885527199712307e+01
-1.855525256416819202e+00
-1.115305345482036614e+01
-3.285684139515566216e+01
-2.225072321237454531e+01
1.879350474820635242e+01
5.320322980158083226e+01
8.897059041543944602e+01
4.891892535396240049e+01
-8.083119276397081876e+01
-1.203027593571672469e+02
-8.018495393600888121e+01
-1.698072411537775395e+01
1.072850749398606780e+02
1.208113818463305478e+02
1.121885224403785841e+01
-3.577052436691749904e+01
-5.458424235207920105e+01
-4.370276831289103114e+01
2.896446385035252291e+01
4.003688260053515791e+01
-6.040030752554174320e+00
-1.886366808023907282e+01
-1.975448002720928642e+01
-9.855286913127500270e+00
2.414023163695794949e+01
2.375165399223063289e+01
-1.075303620493251699e+01
-1.657893527705012104e+01
-2.915065506236019122e+00
6.650944537242175159e+00
2.209146502419391211e+01
1.440867038115728960e+01
-2.073923633322383608e+01
-2.316785443178457982e+01
3.159428546259509307e+00
1.094928537588482520e+01
9.769464194464834605e+00
-1.592418931349762978e+00
-3.126358349998286101e+01
-2.334605110115875704e+01
2.337837715968351304e+01
3.691416535784292563e+01
2.586417574369949435e+01
6.956667392812974526e+00
-3.333566036552539913e+01
-3.837107960101281634e+01
-4.942491058786201208e+00
1.040627207852682190e+01
1.896326683584359074e+01
1.518399096071713217e+01
-1.079063931398148668e+01
-1.393193133961480967e+01
3.734737971569517700e+00
8.037833316417389184e+00
6.492519629969571326e+00
2.970962589411866528e+00
-7.528452224525046255e+00
-1.054947745057241448e+01
-6.023943249043364645e+00
-1.715193384474844818e+00
5.444865371529876263e+00
9.894235812021971554e+00
1.063393812565680818e+01
3.834385287249834739e+00
-1.288867606703772140e+01
-1.076269307710772338e+01
1.069306358665333434e+01
1.343906420724884221e+01
1.801818690214199936e+00
-1.325098393150499909e+01
-3.877980241509018811e+01
-2.406322417717166218e+01
3.537080758128525559e+01
4.602830727767328511e+01
1.475087786554249014e+01
-5.269485161169162879e+00
-3.069701912752841011e+01
-2.680831314533665122e+01
1.571419370873723054e+01
2.163588938656599225e+01
-2.491588730720026401e+00
-9.388985307938211733e+00
-1.114557478552819525e+01
-6.934607068344231351e+00
1.000844314340398888e+01
9.307544951667527044e+00
-8.629929537580570909e+00
-1.171697756056034123e+01
-4.634958111495737221e+00
1.825142171910681910e+01
6.387897562503309246e+01
4.349451286308788411e+01
-4.671448729206902328e+01
-8.288652999944201838e+01
-7.904384589160120811e+01
-2.896007352119071498e+01
9.460527027647162868e+01
1.089880886146811889e+02
1.202557678088152393e+01
-2.996763998649839777e+01
-5.113328997290793865e+01
-4.261413211564243397e+01
2.362028950714976006e+01
3.408926122371506295e+01
-5.985243432650102058e+00
-1.092641922799820975e+01
4.941839014442359623e-01
1.451368201564676719e+00
2.770669262823200363e+00
-3.064993060998319141e+00
-1.904947991021903064e+01
-1.454984801766965852e+01
1.026716412690643310e+01
3.005011173826470738e+01
5.055647141250235421e+01
2.848588850113854321e+01
-4.445964709448187335e+01
-6.958589692979367669e+01
-5.335784486980257668e+01
-1.495035169475063519e+01
6.730095348311674286e+01
7.889388725648903744e+01
1.471802199524329424e+01
-1.752518220974393159e+01
-4.081275723694373880e+01
-3.861514525600865966e+01
7.665043439674081860e+00
2.026917568354650712e+01
5.383631455069177285e+00
4.210013695583064930e+00
3.543438675865502319e+00
-8.543903327301523021e-01
-5.099583892685734199e+00
-6.450590889530144700e+00
-4.207375207343869050e+00
-9.662484894111080802e-01
4.353110582990377786e+00
8.102989238745019307e+00
9.827390890308738136e+00
4.566823526152719914e+00
-9.423617994229775974e+00
-1.388717374780460112e+01
-9.353106315356404465e+00
-1.891499041222416855e+00
1.261604321684922425e+01
1.356039698203126953e+01
-5.593425437205179485e-01
-5.661448080641435787e+00
-5.719431950618350413e+00
-2.463494186182975998e+00
8.353600606809377993e+00
7.179416874199334053e+00
-6.244778646853494486e+00
-8.353418395698396282e+00
-2.162115978527889393e+00
1.222516024386310463e+00
5.541141842013735719e+00
5.432820487678945653e+00
-7.775717975722450381e-01
-2.058438024481791029e+00
4.374069430637835265e-01
-3.491629145389186561e+00
-1.253319527972466929e+01
-8.039038241248109173e+00
9.741833343873999240e+00
1.878127064557786596e+01
2.196545960951978671e+01
1.015894633842517258e+01
-2.212804448912833877e+01
-3.530018615270930127e+01
-3.084475358288762692e+01
-1.142423996860917512e+01
3.270233968439688255e+01
5.138531401345372984e+01
4.420243680166347389e+01
1.624854785562884274e+01
-4.582345818642564694e+01
-6.847915536837363959e+01
-5.035095155613966966e+01
-1.196730389348115686e+01
6.536849727443747327e+01
7.425854293745986467e+01
8.611400706616789691e+00
-2.079563190775458636e+01
-3.532457673083283112e+01
-2.917574081735136104e+01
1.688328835423700980e+01
2.417769033817139501e+01
-3.776247683528344723e+00
-8.939091280262399408e+00
-4.533418268075090296e+00
-2.354445698826704181e+00
5.297930827725148895e+00
2.967144585776994692e+00
-1.046572366996455727e+01
-1.010181887830172975e+01
1.998578038251032751e+00
1.932007255663031131e+01
4.695549995053798398e+01
3.018467000904776398e+01
-3.564411113050734770e+01
-6.379656007500742021e+01
-6.312562838140759425e+01
-2.419268005924224241e+01
7.306009644117619928e+01
8.745215547333167194e+01
1.813372806336621679e+01
-1.789396211529075842e+01
-4.778417800108590541e+01
-4.344542162306932909e+01
1.533470605685572252e+01
2.798420740152707964e+01
2.316081297167571940e+00
-3.051957368505025858e+00
-4.934640992602008502e+00
-3.934847554533554614e+00
7.110840198840314486e+00
4.966036434562286495e+00
-9.618210024604536557e+00
-8.622976389718033374e+00
5.070355468106142460e+00
6.231501162298013874e+00
-1.479424099565648909e+00
-4.549408302673774607e+00
-6.715631503744400099e+00
6.633675970995398075e+00
3.883303530354976374e+01
2.725401112362225575e+01
-2.871791612930639559e+01
-4.874940987204897169e+01
-4.235075430447579237e+01
-1.487059416671633016e+01
5.024064461573951235e+01
5.982812304349437937e+01
1.180301482319246098e+01
-1.343661539805926886e+01
-3.419718468021781632e+01
-2.853578915873998056e+01
1.783993346641978306e+01
2.384875640714445311e+01
-5.385672126482584865e+00
-9.271829125144520845e+00
-7.556774725666387527e-01
2.049304329026567117e+00
7.141035734564325388e+00
8.633457955517489513e-01
-1.930854917545939387e+01
-1.440522599295976391e+01
1.467866247686422376e+01
1.959177292158279826e+01
5.670937610205475821e+00
-2.814897955539318097e+00
-1.393901353285890643e+01
-7.232911106156063141e+00
2.186445248912781025e+01
2.009703824520718740e+01
-1.004070257587855508e+01
-2.545596874837943346e+01
-3.503153557138809049e+01
-1.732814705072618011e+01
3.700725317395173875e+01
4.486776393061234813e+01
8.643575328243448652e+00
-9.626813305014557898e+00
-2.509529386852403121e+01
-1.989071521235117501e+01
1.671115765210056026e+01
1.990636133549613263e+01
-6.539010543935074082e+00
-1.399686042061385649e+01
-1.301335196917607107e+01
-6.397441221383628474e+00
1.337178797908997652e+01
1.893610038841368493e+01
1.049520063353344845e+01
1.526045389499876004e+00
-1.380472739776005753e+01
-1.561813231661676582e+01
-1.402308794301056594e+00
6.362196430160810934e+00
1.210642471019457034e+01
4.195399001112564363e+00
-2.223685754291326333e+01
-1.706755021547296280e+01
1.902478558135764430e+01
2.096411446277249269e+01
-4.487518230595609836e+00
-1.039951746342367933e+01
-6.384992103086788440e+00
7.716133854321121088e-01
1.837542910085292647e+01
1.311000074258387293e+01
-1.663446519411566271e+01
-1.987091699400205158e+01
-1.286372783828629407e+00
5.433917995397091083e+00
8.389343363604593762e+00
7.867142374110600578e+00
-1.156017604046761127e+00
-3.838115114826732732e+00
-1.063200268241421886e+00
-4.810894125773891972e+00
-1.288287216283512926e+01
-8.770288151404892929e+00
7.076144355552705711e+00
1.984639986937321865e+01
3.249474502761248118e+01
1.825619372224157644e+01
-2.811773005607375708e+01
-3.995389762568819236e+01
-2.076090735535323617e+01
1.689456996225553231e+00
4.101361489222376377e+01
2.748646334262816993e+01
-4.626093289500457928e+01
-4.346158263385659382e+01
2.681144605358559474e+01
4.381708880970946041e+01
2.800898841593601318e+01
6.504628974821672571e+00
-4.055301758976523274e+01
-4.112511920850285918e+01
9.431978636582249109e+00
2.100047924656994880e+01
6.263281280524100048e+00
1.145689916801505559e+00
-8.506625308640710870e+00
-7.632064288703999111e+00
7.915925400636539599e+00
1.030282922592226313e+01
2.605739205823783156e+00
-1.365350885196183306e+00
-6.057383719229669339e+00
-1.384472031848084050e+01
-2.348949401472744825e+01
-1.517829455268570626e+01
1.296317092189956099e+01
4.431544425182349300e+01
8.385609939000394775e+01
4.954449729921130796e+01
-6.880450559123005405e+01
-1.137871709888675156e+02
-9.781336757697930295e+01
-3.105213074331220824e+01
1.220923585473990443e+02
1.370026304532491110e+02
7.434280665536174837e+00
-4.360399171086059766e+01
-5.813963294285123595e+01
-4.393236383669600542e+01
3.656865980251558312e+01
4.517508101776741114e+01
-1.503224362740746578e+01
-2.679454803386377648e+01
-1.335212594323188107e+01
-3.025118152318311715e+00
2.107714639051921424e+01
2.259453926917520761e+01
-1.601757856795923862e+00
-8.762686283386061703e+00
-5.703094333902857471e+00
-1.027481748356673918e+01
-1.634485450681486896e+01
-9.256025343148072793e+00
1.067308158014403574e+01
3.077203740355518136e+01
5.395186313307461035e+01
3.106160048713362798e+01
-4.486937395901375680e+01
-7.559936513296071325e+01
-6.865629449412375607e+01
-2.401000206542670412e+01
8.130847095402535274e+01
9.774051033650242459e+01
2.265396218628865910e+01
-1.832943270690488902e+01
-5.471027526486547998e+01
-5.215418741041411721e+01
1.119314935697611801e+01
2.754233578905502711e+01
6.544533638497588512e+00
3.879425788698114275e+00
1.527576771340368067e+00
-3.159933524837218233e+00
-4.657625931346362158e+00
-3.818272734132026169e+00
8.491703893304320960e-01
2.171818745549884522e+00
2.765175757525810685e-01
2.996034350174617611e+00
9.263856722389068210e+00
7.101529430844474078e+00
-3.127404559359111325e+00
-1.383740925465192184e+01
-2.745219021537815252e+01
-1.475422722011698973e+01
2.802781509883101307e+01
3.262373171682375528e+01
2.248188650519892917e+00
-1.006148560880292564e+01
-1.600503432227517919e+01
-9.470003415951040893e+00
1.853735445101847645e+01
1.756430642710146017e+01
-1.127509839376397771e+01
-1.709304360444330939e+01
-7.766348673293993699e+00
-9.443780428331337573e-01
1.140104304034375104e+01
9.166576159602540130e+00
-1.045544895034814203e+01
-1.255899364420814024e+01
-4.268571960819831368e-01
1.595809520928898451e+01
4.336623279461419145e+01
2.866721810733335474e+01
-3.269992174737390656e+01
-5.526082341365285089e+01
-4.742288799048779424e+01
-1.424167085170647695e+01
6.275331198401927679e+01
6.437484532260582171e+01
-1.291687672462166603e+01
-3.235604192231437537e+01
-1.449444139875212478e+01
-3.141641299412240240e+00
2.370378964250546616e+01
1.929370550265132778e+01
-2.187989032830180136e+01
-2.352467720242053772e+01
6.959041315526978799e+00
1.165288687632396503e+01
1.539187489124518304e+00
1.306508707464373087e+00
3.159508911892905836e+00
1.373261228217052210e+00
-1.651306464027071153e+00
-1.087152281004295595e+01
-2.739410101266718556e+01
-1.769440796479724298e+01
1.976584666870834539e+01
4.364104589211225260e+01
5.991340536609028078e+01
3.215619878713324198e+01
-5.150459456313645035e+01
-8.530987431835063717e+01
-7.509693528409859198e+01
-2.389036898985559887e+01
9.381341872357654665e+01
1.049626568977895715e+02
5.172784213823289790e+00
-3.356809809615874229e+01
-4.346625656524361148e+01
-3.419892449073483220e+01
2.295097549107358859e+01
3.068868462462253888e+01
-8.820428722437428704e+00
-1.382763235799170509e+01
-6.765254887354926749e-01
2.089109852905207010e+00
5.259299737081197357e+00
4.743604976179085497e+00
-2.490160121207758426e+00
-3.748310683577893876e+00
-1.056113579394903079e-01
-2.762676906021861445e+00
-1.006129058273569754e+01
-7.251214914624990016e+00
4.937700845887462719e+00
2.070274073938039550e+01
4.324755804778481405e+01
2.746310520910567021e+01
-3.112921111666732443e+01
-6.126629269275454703e+01
-7.068355240033700682e+01
-3.022153856889232770e+01
7.850947502256120458e+01
9.527154193477345245e+01
2.188966131940068394e+01
-1.770018118506588678e+01
-5.383875460240715682e+01
-4.977670358805299600e+01
1.584147024011688742e+01
3.018464619764184675e+01
2.739862489938582613e+00
-2.137396479384224168e+00
-3.105493773360853638e+00
-4.016578232284831351e+00
2.594632981823490336e+00
2.759554643155634146e+00
-2.641644719110363582e+00
-2.263175989515588515e+00
1.986715701804146583e+00
4.068092489408501322e+00
5.496572419367264928e+00
4.537011434126451803e+00
9.181144671778571076e-02
-8.630291302161072764e+00
-2.275413700529918515e+01
-1.231933388436287125e+01
2.484382684871125591e+01
2.405128074038722730e+01
-1.175834156174530065e+01
-1.746269446391521285e+01
-2.741942757528049057e+00
8.855945575214002830e+00
2.780355371383076957e+01
1.741986849403602022e+01
-2.715391943669904862e+01
-3.292750228780829502e+01
-4.974938989881486862e+00
6.625965922090813365e+00
1.409418703597390099e+01
1.476922156157559840e+01
1.054082389006225196e+00
-5.146902833068374150e+00
-6.096724787379215194e+00
-4.851413686369791201e+00
2.783669466662405334e+00
5.204836241178711020e+00
2.648008907612985130e+00
-1.309780225786917551e+00
-9.230400445942688492e+00
-5.097613654709491016e+00
1.229108898813452377e+01
7.800433646096000651e+00
-1.712179574624205003e+01
-1.483028400780706768e+01
1.059648979324112084e+01
1.715116195479807359e+01
1.162608778239180296e+01
2.492710912661646461e+00
-1.748365236659802591e+01
-1.743830709607875562e+01
4.370200413022572228e+00
8.337198723555927060e+00
-2.886537781605748032e-01
1.343514125301873863e+00
7.540931654668068695e+00
4.118366830392659494e+00
-6.974574047859499970e+00
-8.121069758123093507e+00
-6.400353179814145532e-01
2.198019180362197567e+00
3.310267842642530489e+00
2.996714826429158762e-01
-9.202912837629728671e+00
-7.710611856994054492e+00
4.686580368446555234e+00
1.529427764743388884e+01
2.755470564169103653e+01
1.640758865684309598e+01
-2.233125375512516442e+01
-3.988598124440540715e+01
-4.049936501291777802e+01
-1.663554258263983598e+01
4.356200558721533156e+01
5.760174074817791023e+01
2.567526611244663926e+01
-2.107061846880251998e+00
-4.309092951354342915e+01
-4.391779597968444904e+01
5.088362506437097643e+00
1.960879966818483311e+01
1.066474734657520784e+01
7.718481881269447342e+00
-3.137791283309185442e+00
-5.945148190781696762e+00
1.785095931925854584e+00
1.407737970113695614e+00
-3.736545888382943659e+00
-2.808319526390935295e+00
2.093544535155518194e+00
-2.363756751884190432e+00
-1.555295951880418670e+01
-1.279227778160774243e+01
4.977031949341170325e+00
2.954820791504274879e+01
6.649759257945112267e+01
4.137279927039001848e+01
-5.265652157579939541e+01
-8.952504453523897610e+01
-8.079716325736426086e+01
-2.805236258862965926e+01
9.702803169064603139e+01
1.131573487171589250e+02
1.685117523672081674e+01
-2.857987847960679773e+01
-5.790421617861655790e+01
-4.873389187273660639e+01
2.709274465328394754e+01
3.849429030330874468e+01
-7.274400789256005417e+00
-1.337242913494608487e+01
-1.197891375440618855e+00
1.572972763937781959e+00
7.407763289363145986e+00
3.015112882544403572e+00
-1.461641111666942727e+01
-1.128179468935014995e+01
1.166436867425129797e+01
1.466789793914940709e+01
2.348886645124651729e+00
-2.564746808522316623e+00
-6.265164202462705667e+00
-4.602270396156527887e+00
5.912572960082501439e+00
7.048398574605405642e+00
-2.014098654478407857e-01
-8.845225962090159655e+00
-2.255443268726919470e+01
-1.472609060195897435e+01
1.729266266763474036e+01
2.930593608344807777e+01
2.557709976875541358e+01
7.865999799770749590e+00
-3.350000071705335358e+01
-3.577248928805754957e+01
2.680864236728242922e+00
1.402786841519033878e+01
9.388187726056660409e+00
8.187631186104976422e+00
-2.001753194195394769e-01
-4.065125141048723023e+00
-2.297432467862463135e+00
-4.746012413443096989e+00
-8.993053286486869524e+00
-4.677577622962375337e+00
7.931953846566067945e+00
1.529850204682514025e+01
1.889548057508184087e+01
1.055867162462292441e+01
-1.352461936686096777e+01
-2.813296929243105282e+01
-3.506901315139067066e+01
-1.451968395767656439e+01
4.143146754771769480e+01
4.455143003830796289e+01
-4.247430662153390379e+00
-1.896685709534318676e+01
-1.464054443993335752e+01
-7.512962381064768991e+00
1.635433721968657039e+01
1.483748382056606019e+01
-1.370178835370503023e+01
-1.323213799119345779e+01
9.894973720945236195e+00
1.111733810968552660e+01
-2.119724006796141147e+00
-7.867611277376921564e+00
-1.242316870974659260e+01
-6.708080807003724999e+00
1.312503434186639950e+01
1.328771836946514284e+01
-5.244686749710828266e+00
-8.967372447965521687e+00
-3.184007125855877973e+00
6.232381815886769871e+00
2.510327099314340416e+01
1.806427029865506029e+01
-1.709728560257568475e+01
-3.098060100652975990e+01
-2.942298377939086862e+01
-1.015149727483501962e+01
3.750537743478302843e+01
3.768164182037506293e+01
-1.097580777880138392e+01
-2.226626422894785762e+01
-8.896063951853298235e+00
3.684939238022351127e+00
2.974766204176877693e+01
2.068993404259018121e+01
-2.808093262633481046e+01
-3.238709289755787069e+01
8.287543639797588790e-01
1.100117438186274654e+01
1.135686723109954421e+01
9.285757194514303592e+00
-4.230105489429722532e+00
-6.705427413767520939e+00
1.714045096673111335e+00
-3.419609332792131084e+00
-1.880838331348047632e+01
-1.349413399974035599e+01
1.072056628462187966e+01
2.886086124384566887e+01
4.617074191837556185e+01
2.548879759260369227e+01
-4.111347573633667452e+01
-6.237456230145786407e+01
-4.361396689845346231e+01
-9.355871208249313398e+00
6.009715523236809531e+01
6.416313160067271326e+01
-3.406405398186113320e+00
-2.550504075931134906e+01
-2.097338488397639722e+01
-1.529661962012861132e+01
1.074509714271333927e+01
1.459494837233786235e+01
-5.187056264788583171e+00
-2.303418527191392506e+00
1.612696570232760607e+01
1.236068503908533245e+01
-8.616278113849274334e+00
-2.408201443665592478e+01
-3.977743700266473326e+01
-2.276223122100074647e+01
3.368816730327956321e+01
5.519938932500367912e+01
4.693464251927933617e+01
1.553644239214011868e+01
-5.593693020245498815e+01
-6.544577760930174293e+01
-1.004712566009318131e+01
1.767539920927644914e+01
3.773734077948350318e+01
2.576864530663004871e+01
-3.517973650144457309e+01
-3.584936750720927989e+01
1.941846301179465684e+01
2.995920207986597461e+01
1.282837487759949013e+01
-1.736327725809001521e-01
-2.450603887778775558e+01
-1.959408593569427737e+01
1.963379547086056576e+01
2.095511023016461749e+01
-9.491980198831043936e+00
-1.631662462728769469e+01
-1.035868588024477432e+01
-2.708495377381181513e+00
1.514260242574163051e+01
1.636241144332049657e+01
-5.702631220721277039e-01
-5.552381814375562996e+00
-3.494331030822293460e+00
-6.896723343102864057e+00
-1.146580571485883482e+01
-5.722869606518113272e+00
1.022723122031126586e+01
1.899626634270794767e+01
2.215463117030621021e+01
1.088481922043959926e+01
-1.971143608262571334e+01
-3.399692753563125081e+01
-3.350025563364289383e+01
-1.319780373282396013e+01
3.633501156570918056e+01
4.697455740272445723e+01
1.842390918841651981e+01
-4.231416539717297809e+00
-3.521123282349202555e+01
-3.154615059314939174e+01
1.572014873188292050e+01
2.283684414268129004e+01
-2.299659366098121716e+00
-8.298407794617681077e+00
-8.465905876723113010e+00
-4.420386290251585137e+00
1.087294295799302901e+01
1.256593466476811649e+01
1.046710197038909884e+00
-3.175017626881519561e+00
-4.418949627311303807e+00
-1.060231044622377006e+01
-1.922804271011943200e+01
-1.167717155302153209e+01
1.296958372699470452e+01
3.410670525297223321e+01
5.547940355421618364e+01
3.177519451456222299e+01
-4.527639826290828751e+01
-7.714054521395934216e+01
-7.094037550645562362e+01
-2.375795922053450937e+01
8.792627116585069302e+01
9.750195660792800822e+01
1.725131943720628502e+00
-3.333841076593488850e+01
-3.813694333959187333e+01
-2.778643662848467244e+01
2.526287720788716484e+01
3.041939420033961383e+01
-1.157328517411973046e+01
-1.822517031928319042e+01
-4.786325961425797360e+00
1.341422321011702001e+00
1.183201869129582917e+01
9.587597958951196375e+00
-8.887881275079191568e+00
-1.015604110954253514e+01
2.968098521592406946e+00
3.062796039814220439e+00
-5.073488332666900469e+00
-6.051608405897241028e+00
-3.378562304104633984e+00
1.274195544717545658e+01
4.585914482784134805e+01
3.107706193917739057e+01
-3.367105547809935473e+01
-5.805367539634798391e+01
-5.200690956422809563e+01
-1.745294849373935264e+01
6.500765292367944426e+01
7.001233310889422512e+01
-5.275208513350417405e+00
-2.928962170184901481e+01
-2.440766287472153095e+01
-9.906474001582395772e+00
3.627210449217358956e+01
3.201956834849621458e+01
-2.497624690019808469e+01
-3.812137396134885847e+01
-2.082804557351440167e+01
-3.863093283998317862e+00
2.896815882713471524e+01
3.346513623934290393e+01
5.060261823994483876e+00
-8.360740262376850751e+00
-1.613767225591707088e+01
-1.406296598368234285e+01
6.202783491724246367e+00
1.060510252647178753e+01
1.146532882283409993e+00
-3.832484735506558327e+00
-1.047871015207859990e+01
-7.198435578352872177e+00
8.936925556206666954e+00
1.277046550766542587e+01
6.355028997787360190e+00
2.899963279047105269e-01
-1.009053782291315926e+01
-1.013763910008550084e+01
2.065462167847109676e+00
5.524719200339505143e+00
3.070223468485557827e+00
1.915547826181904778e+00
-1.388310854275822015e+00
-2.148001219654398941e+00
3.077801792311273821e-01
-5.262790570359481279e+00
-1.847504902999116894e+01
-1.403079982759163080e+01
7.768226319022716986e+00
3.170327358720789945e+01
6.315556048588698701e+01
3.715805290931528759e+01
-5.419363989621758293e+01
-8.274163404780769326e+01
-5.779359523666362008e+01
-1.304729143527178969e+01
7.833510466689338614e+01
8.335096712998968371e+01
-6.271675312219548104e+00
-3.528572285161498456e+01
-2.853314701235101225e+01
-1.303456262615316419e+01
3.746341427571683624e+01
3.430515906403680759e+01
-2.538999014598503479e+01
-3.773897056832390007e+01
-1.737299833117092263e+01
-1.204187851356554706e+00
2.765452377175187593e+01
3.019261910536954474e+01
9.903603848015105626e-01
-9.843211855772747043e+00
-1.041618307205908778e+01
-1.302782455250014415e+01
-9.750351943003602528e+00
-2.416242940429504049e+00
9.481545579278719771e+00
2.022607537514934606e+01
2.936831432934248554e+01
1.545427298835203800e+01
-2.556206062881516772e+01
-4.342484452114111093e+01
-4.131229496602055207e+01
-1.540637428353506344e+01
4.679575129400141975e+01
6.032451367080710014e+01
2.449030757846253437e+01
-3.229738537249083663e+00
-4.059156067489160336e+01
-4.559324474102621139e+01
-7.934122036667520028e+00
1.028480975618856164e+01
1.952086480548606318e+01
2.276186487751409970e+01
9.319382804769247741e+00
-2.811465620497532125e+00
-1.655455393906845885e+01
-1.506914702706074038e+01
6.270813586824657726e+00
1.109430434305581414e+01
2.889288176096842520e+00
-5.046593874131940716e+00
-1.935313177731377010e+01
-1.330262568201933071e+01
1.596272085234366322e+01
2.351021298517578018e+01
1.354273884502733516e+01
1.914665301760271721e+00
-1.982778940034389947e+01
-2.117324765292634936e+01
8.416174060181709216e-01
8.312652229672226056e+00
7.205159269955133006e+00
6.102007348567672906e+00
-1.215873332955744512e+00
-3.722780815919394026e+00
-1.146843845645364679e+00
-4.546253140128108328e+00
-1.209496007146960395e+01
-8.574186291998186604e+00
5.532095470398646242e+00
2.071958524467876117e+01
4.009041457237518813e+01
2.312823057471195298e+01
-3.525858387293926199e+01
-5.253179794421645710e+01
-3.433122389190069157e+01
-6.339395249492983275e+00
4.852076749056501370e+01
5.139829838478737400e+01
-3.552857362663954355e+00
-2.080170533242972652e+01
-1.520000953959186063e+01
-1.048754759401560577e+01
8.971675913351266018e+00
1.166538014959491321e+01
-4.080096502690323312e+00
-5.976697189249183140e+00
2.171345952749564878e-01
8.901039478361327806e-01
3.443631283400797605e-01
-6.907353883341358358e-01
-3.772520804063377309e+00
-3.437760906972200381e+00
3.903412240337615913e-01
8.947372138449649626e+00
2.386639802215348993e+01
1.617282245269613483e+01
-1.583395573244722065e+01
-3.144618241760076316e+01
-3.550273181097341535e+01
-1.396806012256192808e+01
4.319264398282976458e+01
4.544312968070390468e+01
-7.094764142680167751e+00
-2.148440664670030031e+01
-1.304533560447290519e+01
-4.413838089034959999e+00
1.943907231517336953e+01
1.597319271270147212e+01
-1.767818489888044553e+01
-1.774510070000044237e+01
9.450196131886432482e+00
1.231544410885944352e+01
-2.949931422460444486e-01
