-5.982779321111795667e+00
-7.192612899455409270e+00
-8.562796701412505485e+00
-1.010322166359692098e+01
-1.173340594407392423e+01
-1.348179100501312178e+01
-1.457059968655517324e+01
-1.491385621240725534e+01
-1.489807036817300379e+01
-1.429695005604116176e+01
-1.354051198827214897e+01
-1.264850867945803436e+01
-1.120014682720754706e+01
-9.273690534999442292e+00
-7.461020428497731061e+00
-5.750473283250957302e+00
-3.899245699159741285e+00
-2.045455664817333208e+00
2.828055338010495023e-01
3.124038947395896049e+00
6.136469771918606320e+00
9.433005097863089716e+00
1.195240265990966222e+01
1.355564460352391798e+01
1.482669516756079631e+01
1.545364161383625579e+01
1.597400743866640305e+01
1.642277123729568800e+01
1.624908309699284104e+01
1.555274654364716191e+01
1.523449211496564537e+01
1.529092051105373606e+01
1.534401424842367589e+01
1.561038264963775113e+01
1.540480028347200303e+01
1.467399604466630514e+01
1.393150006047060785e+01
1.301738546813812292e+01
1.205047733564870782e+01
1.109351057096487381e+01
9.970754012451195081e+00
8.725900933939941595e+00
7.403289627726659994e+00
5.985955461708519110e+00
4.490040673423348672e+00
2.921988543132573835e+00
9.941278508252910928e-01
-1.315725690947841420e+00
-3.866671525367127771e+00
-6.737322094749619517e+00
-9.763793386057120216e+00
-1.293551654192071076e+01
-1.640308283058191563e+01
-2.013357319646086196e+01
-2.263934241584960461e+01
-2.379028027018579294e+01
-2.426335054749931786e+01
-2.363487897045814279e+01
-2.279899855750995386e+01
-2.179017098221829229e+01
-1.977816480382922393e+01
-1.692870346477410237e+01
-1.425687628688688591e+01
-1.173019531709023511e+01
-8.953026984540217725e+00
-6.158714029874469809e+00
-2.506170642245165947e+00
2.070657144858961018e+00
6.974220314556217382e+00
1.240607382130113656e+01
1.621075651035443599e+01
1.811664230150146793e+01
1.928944303412264816e+01
1.909838705878604159e+01
1.865612895970514629e+01
1.803220785570402640e+01
1.610031297376734116e+01
1.306751794339061590e+01
1.072021614952268820e+01
9.047388091544384281e+00
7.305020835090997089e+00
5.921276580606595452e+00
3.526931680843762074e+00
1.586723600243575283e-02
-3.590295947338678406e+00
-7.611618131212774863e+00
-1.044149506628458646e+01
-1.181517382378197212e+01
-1.272488801037204631e+01
-1.268546443034375315e+01
-1.239362625534179507e+01
-1.191075444277137052e+01
-1.044787505795176052e+01
-8.132062298358945895e+00
-6.517675633339998775e+00
-5.618512782302451214e+00
-4.753641864619265078e+00
-4.303052061006452433e+00
-3.133608963818963478e+00
-1.154870709744568069e+00
7.633201294174933871e-01
2.883642790831821401e+00
4.389644132573787161e+00
5.107064747184812958e+00
5.611778746098527115e+00
5.646551758342428506e+00
5.484340754425812925e+00
5.160184679540483543e+00
4.301512122381076608e+00
2.954753509343751361e+00
2.050086711045020049e+00
1.606754916473493777e+00
1.197166220821172189e+00
1.051552678105584171e+00
5.198350615885167780e-01
-4.527463303141071593e-01
-1.356286324721877268e+00
-2.341440469705833749e+00
-2.939565605002729232e+00
-3.047717918889375710e+00
-2.995350607806194443e+00
-2.633027953831737822e+00
-2.114548545862487305e+00
-1.458268746508904146e+00
-4.489453289199203945e-01
8.888051159959482472e-01
2.012517661461863838e+00
2.911897940756662084e+00
3.839219117105272083e+00
4.661155329192398611e+00
5.758474972964519267e+00
7.164679445776370059e+00
8.583283299868250893e+00
1.010363798022650883e+01
1.109287327746944030e+01
1.145511409073607467e+01
1.155267072899950698e+01
1.119459667689592308e+01
1.067842090257113874e+01
1.002316849085192452e+01
8.905022477544367376e+00
7.376245902475812244e+00
6.013778788319378954e+00
4.816782021379488299e+00
3.533270441422078800e+00
2.301199883904581522e+00
6.864875569873534200e-01
-1.347646328272072092e+00
-3.476558269085262332e+00
-5.803325396011166148e+00
-7.606266708846198377e+00
-8.780439733507444444e+00
-9.741973396017113984e+00
-1.027598843561511011e+01
-1.072732336221042537e+01
-1.112091496129502843e+01
-1.108940900813149533e+01
-1.069613938192345337e+01
-1.059264926086027181e+01
-1.078014209642483401e+01
-1.097937732064070104e+01
-1.134812328107873292e+01
-1.139977321883037931e+01
-1.109588310326098082e+01
-1.080479016506416734e+01
-1.041313160052030540e+01
-9.861781275306784167e+00
-9.181635589112739027e+00
-8.315612667999843666e+00
-7.253644724077471295e+00
-6.110629781318483111e+00
-4.878048804951129469e+00
-3.488478539015714475e+00
-1.961913149354973518e+00
-1.947343541728110972e-01
1.831640072051057944e+00
4.057040946778315949e+00
6.514042613099326751e+00
9.168592456047317540e+00
1.201972677358667063e+01
1.511552545531871949e+01
1.845232645173346597e+01
2.055666226889635340e+01
2.128823151936314773e+01
2.133813031400242011e+01
2.028365269313371044e+01
1.898642947127250125e+01
1.748162773445338658e+01
1.495539151085067786e+01
1.156645213638836367e+01
8.358460587722071011e+00
5.302510599963734528e+00
1.984077845744399493e+00
-1.355700001867224724e+00
-5.570046608482557282e+00
-1.072695814788696289e+01
-1.621630808172455929e+01
-2.224251340469254501e+01
-2.630556761579680014e+01
-2.809657077201099895e+01
-2.894413585153023760e+01
-2.811640591247319421e+01
-2.692029488839600759e+01
-2.543170254765139049e+01
-2.233417649992727405e+01
-1.786873205454966040e+01
-1.407523453323242713e+01
-1.093502583739969758e+01
-7.598810298240210592e+00
-4.552276540127922821e+00
-2.186099815303166327e-01
5.526774675238493195e+00
1.151584956236581547e+01
1.811976895260107057e+01
2.281429242841569760e+01
2.522910181117391915e+01
2.682648419708647936e+01
2.685417968649570142e+01
2.650668137958819415e+01
2.587138273934368726e+01
2.366840631673260376e+01
2.011658831691775973e+01
1.749172187038026749e+01
1.579758039730683272e+01
1.405659091968502139e+01
1.281924477920649252e+01
1.038630896216053401e+01
6.622576451435855382e+00
2.813358851010937745e+00
-1.437870100744315094e+00
-4.567515501583907955e+00
-6.286173223769729645e+00
-7.621568661449412474e+00
-8.093714141093846237e+00
-8.315398571018816298e+00
-8.351150749556056851e+00
-7.457516723277657356e+00
-5.744726658539643260e+00
-4.845041874544883775e+00
-4.783595810459393860e+00
-4.830819949886677733e+00
-5.389257350251271284e+00
-5.294921979155811975e+00
-4.453927006153136858e+00
-3.771539136991078234e+00
-2.979136950925877159e+00
-2.528927960490509719e+00
-2.564076547102552617e+00
-2.676512540635408222e+00
-3.020478103895724686e+00
-3.541793724180413605e+00
-4.214877831756064452e+00
-5.210369224508863972e+00
-6.523127039722808718e+00
-7.469628107151447871e+00
-8.023311971238507923e+00
-8.516974964008461768e+00
-8.777598343897931699e+00
-9.251999443826399272e+00
-9.979697483489447407e+00
-1.059634642733195342e+01
-1.120446129283837955e+01
-1.148021303700726747e+01
-1.134827019326290909e+01
-1.103310176970538237e+01
-1.042865408689609552e+01
-9.636245684405826850e+00
-8.665370670649370055e+00
-7.365196230314278836e+00
-5.749176946052582338e+00
-4.198802174446981006e+00
-2.719105386945162461e+00
-1.127714772604964777e+00
4.835542204209983819e-01
2.386331364038948522e+00
4.607177227076944881e+00
6.939114253260747489e+00
9.448018887734821902e+00
1.143677500831192795e+01
1.281431477895067061e+01
1.395748255288028261e+01
1.466045361022034577e+01
1.528075533085462645e+01
1.583940435059032836e+01
1.597051606106367316e+01
1.573931854590732193e+01
1.573768937099987930e+01
1.596200309107991444e+01
1.616254040118226953e+01
1.648069111889351035e+01
1.646303129594905101e+01
1.607325677704086786e+01
1.564876383653793823e+01
1.508278749058728074e+01
1.436542171943730573e+01
1.352780438799577922e+01
1.249342616905238934e+01
1.126447862458816296e+01
9.918755630058745609e+00
8.445468009812696408e+00
6.805829850999694841e+00
5.011635749321780686e+00
2.934470832560279963e+00
5.564591305054060744e-01
-2.056392302845742481e+00
-4.942992571878126462e+00
-8.048035841035234839e+00
-1.137031232073753095e+01
-1.497410656560885300e+01
-1.885160901192530858e+01
-2.165778190522832247e+01
-2.326771576158885324e+01
-2.430997889098060227e+01
-2.440007175790601934e+01
-2.433105848809208638e+01
-2.413599313932139268e+01
-2.307072560374842141e+01
-2.128246541536231717e+01
-1.971931394820988004e+01
-1.835543031821115179e+01
-1.681720580479554528e+01
-1.532438370915586567e+01
-1.310193829398978593e+01
-1.008934796741368523e+01
-6.842114355671630399e+00
-3.175429627947272238e+00
-4.120830473644960801e-01
1.264005726995221845e+00
2.615132187332876779e+00
3.252012445784475236e+00
3.817576797598252636e+00
4.361524614080845019e+00
4.212172625528590508e+00
3.491314888667115479e+00
3.370117261018491739e+00
3.852313628242114429e+00
4.444342331129278456e+00
5.431920194833425697e+00
5.942418944607436693e+00
5.910582891776352987e+00
6.001436852273909217e+00
6.014380665533797021e+00
6.164495865789882068e+00
6.543206495346582940e+00
6.902448563712506591e+00
7.319984004396253852e+00
7.823807545201180602e+00
8.395716081066261438e+00
9.093539016279052589e+00
9.924283155014592239e+00
1.047829622362943880e+01
1.073280573511772573e+01
1.089199041963461134e+01
1.084919719892781487e+01
1.085583919170419520e+01
1.093323962555184892e+01
1.086670030035153722e+01
1.071195787201179250e+01
1.034253270008768943e+01
9.717901976740837000e+00
8.934570303361855537e+00
7.946416122313182839e+00
6.772777796827541330e+00
5.414569416876114261e+00
3.816144594306014604e+00
1.975604267157707650e+00
6.830659161221491749e-02
-1.904361519513540379e+00
-4.034169995945750209e+00
-6.280631958512721269e+00
-8.768793171526441554e+00
-1.151413305258664366e+01
-1.442466995572527821e+01
-1.753300687317952722e+01
-1.955880468275742246e+01
-2.036376028460076526e+01
-2.057345606422935447e+01
-1.981546850023439177e+01
-1.880793302263607103e+01
-1.758162415383846522e+01
-1.543825990923904712e+01
-1.250799136009424650e+01
-9.756719075627536597e+00
-7.163477214507158131e+00
-4.332902721983440841e+00
-1.489492264913258923e+00
2.141693893425357764e+00
6.624340451723331746e+00
1.139970989052016570e+01
1.665383819076134131e+01
2.026847898031669359e+01
2.197777254578969064e+01
2.291734921351479315e+01
2.246636338249443199e+01
2.172405275686767823e+01
2.075605689540303445e+01
1.845050715465385238e+01
1.501042967172605103e+01
1.218440943801638987e+01
9.959101897873072318e+00
7.604850148743683036e+00
5.539167682119819247e+00
2.416294270075767248e+00
-1.869623878277893780e+00
-6.318492631629961664e+00
-1.124633965260459689e+01
-1.477989041104728329e+01
-1.663067439117170920e+01
-1.791394242395662673e+01
-1.806860743852707429e+01
-1.795124111009574719e+01
-1.762982593711880241e+01
-1.616696228224500587e+01
-1.371959483590985585e+01
-1.202843572563984509e+01
-1.110213567041290439e+01
-1.018711201665255039e+01
-9.706630230253264102e+00
-8.374801374567153900e+00
-6.089509818857224310e+00
-3.830174643758057051e+00
-1.297844653707196372e+00
6.538576153451423068e-01
1.837308933866504290e+00
2.873908053476693425e+00
3.494718441029279976e+00
3.971245085429944144e+00
4.343868991095052756e+00
4.231249910675289883e+00
3.681016510487181925e+00
3.693454310414194808e+00
4.293490191880867890e+00
5.021897048655583617e+00
6.128629094679634015e+00
6.923683369793917741e+00
7.350819289556870473e+00
7.957708825762913385e+00
8.586438441103444674e+00
8.960325476638297815e+00
9.111991137684549713e+00
9.057099345121670808e+00
8.730928692376009437e+00
8.418122997448088896e+00
8.116966315382063257e+00
7.628919276332344346e+00
7.009499684765780891e+00
6.239933586254269748e+00
5.294136213228366472e+00
4.215984453383012642e+00
2.992400926866178867e+00
1.573241119657130982e+00
-4.299698297164905592e-02
-1.846499594425170754e+00
-3.851792118599054682e+00
-5.156121541248991136e+00
-5.672164485228264219e+00
-5.837332806419474274e+00
-5.394079959900985877e+00
-4.862662485013835578e+00
-4.268523999376762745e+00
-3.119953549601975240e+00
-1.515057213756992427e+00
-1.036693378478086847e-01
1.128238814352526376e+00
2.436829268907716894e+00
3.669525793817053128e+00
5.349075863087813687e+00
7.514826477055534859e+00
9.787073935054880991e+00
1.228891088397212883e+01
1.359437007819072107e+01
1.352209206597064117e+01
1.283295979320888058e+01
1.110719952635033891e+01
9.079914679506858377e+00
6.792623993608374100e+00
3.496079800348530053e+00
-6.760996202990684489e-01
-4.553092638742722187e+00
-8.146608442222618152e+00
-1.194898541945595660e+01
-1.568274124752803012e+01
-2.025376407416736058e+01
-2.573579645183353293e+01
-3.146037028161243043e+01
-3.764228765312909530e+01
-4.146922642277488791e+01
-4.258994828672119581e+01
-4.248376594471985612e+01
-4.032298688353328942e+01
-3.757643128597865712e+01
-3.432236516867460807e+01
-2.907264235000466357e+01
-2.209299936836550060e+01
-1.567095466681365501e+01
-9.779349098097156912e+00
-3.457655115983493843e+00
2.754074158778997194e+00
1.063592324175076698e+01
2.033401222117309359e+01
3.054052727521983002e+01
4.167908060434529460e+01
4.931967471964319571e+01
5.288749525252097072e+01
5.477979000762415041e+01
5.369130457744798690e+01
5.188515782771817442e+01
4.949641721809772577e+01
4.420829630949238265e+01
3.643465410097137891e+01
2.988572822418103669e+01
2.453526543944291660e+01
1.882090812486430309e+01
1.362750015269277348e+01
6.107121259121027990e+00
-3.968530388749544890e+00
-1.448375305151897230e+01
-2.610979171658248887e+01
-3.433488076759604724e+01
-3.849400006284952980e+01
-4.120687870157775023e+01
-4.112815120039001471e+01
-4.038802682665173194e+01
-3.914332469833694716e+01
-3.510802928130271283e+01
-2.867241500950487421e+01
-2.392117469248678674e+01
-2.086278632516531673e+01
-1.774136657585056298e+01
-1.554568574354836130e+01
-1.122952668686201072e+01
-4.550717363582506891e+00
2.184547318268813321e+00
9.686703574615355805e+00
1.512922392174432495e+01
1.799006418018570130e+01
2.012180015813519773e+01
2.065655492085876332e+01
2.070507780639419337e+01
2.038279066307334375e+01
1.834358436093797451e+01
1.478663505541342005e+01
1.265500780496694411e+01
1.199264227440276365e+01
1.148360476853011036e+01
1.185288930629437232e+01
1.099890908347327922e+01
8.751424646701725152e+00
6.742764344858301229e+00
4.487212883119466866e+00
2.604698741331340717e+00
1.332434016969318291e+00
2.425236912985195836e-02
-1.099374237783366182e+00
-2.025583524789576817e+00
-2.797799139982698691e+00
-3.217061987803810474e+00
-3.273906222039305813e+00
-4.062491261993988800e+00
-5.636184500781816098e+00
-7.452961711314810778e+00
-9.794202615967575909e+00
-1.197008591928117838e+01
-1.392037691963986212e+01
-1.622218161341082521e+01
-1.871983475059364466e+01
-2.002515633608780021e+01
-2.006572121938611275e+01
-1.938265844896818635e+01
-1.759348885042529886e+01
-1.563017699370640834e+01
-1.351909342904853872e+01
-1.045099988469511487e+01
-6.601681662738964285e+00
-2.733313433433305129e+00
1.201365692711313216e+00
5.466869124243531886e+00
9.895322479919064662e+00
1.517419938835480941e+01
2.135495053007202770e+01
2.797081931669159260e+01
3.518838179327494942e+01
3.982413396840070874e+01
4.151672847720984549e+01
4.188813990734632142e+01
4.001317231232206950e+01
3.762338986524874684e+01
3.480807901902618084e+01
2.986326037953749690e+01
2.310801615274061760e+01
1.701075003580597667e+01
1.153326137183041489e+01
5.663053797720539961e+00
-1.823132289350426483e-02
-7.455489117807871935e+00
-1.680318212936859723e+01
-2.663840725802203835e+01
-3.742204348724038709e+01
-4.475813114755727185e+01
-4.806468802353383296e+01
-4.975094194001707137e+01
-4.852005344924824470e+01
-4.658887829781107115e+01
-4.409555483741502258e+01
-3.875485692197378995e+01
-3.097304292121900104e+01
-2.447340181636147705e+01
-1.923569022708460352e+01
-1.368778951627547968e+01
-8.720280808045524523e+00
-1.489857481894421021e+00
8.230499070784457416e+00
1.832094973527119919e+01
2.945002264031112560e+01
3.721059806351188115e+01
4.094565717010738126e+01
4.322209913720983820e+01
4.272293686367812171e+01
4.151454061992382805e+01
3.974888043772385515e+01
3.519621218237561777e+01
2.823322033220209448e+01
2.286831313803453369e+01
1.910994002967858663e+01
1.522937329824750030e+01
1.219612120121349719e+01
7.022481514789328472e+00
-5.310583215473805296e-01
-8.203807365757143089e+00
-1.669382767906743936e+01
-2.281339043800484845e+01
-2.600886732358283737e+01
-2.829344385532341377e+01
-2.869579018869741560e+01
-2.854546167766113030e+01
-2.796503555760858362e+01
-2.540482999071159753e+01
-2.110381580377871913e+01
-1.825007221557853399e+01
-1.687863385041945463e+01
-1.557717342218929879e+01
-1.512629889314603915e+01
-1.321916665148438597e+01
-9.668657591468988954e+00
-6.251247064690145017e+00
-2.431365405513424616e+00
4.852161924113096436e-01
2.179433706972865536e+00
3.657773818317272330e+00
4.499922967326769552e+00
5.057539138457885386e+00
5.394979833553766646e+00
4.950356539660129229e+00
3.781926837642974881e+00
3.535466855919686235e+00
4.258823428046500936e+00
5.182315488630348632e+00
6.718714790590840202e+00
7.750273831600205554e+00
8.183482748371025295e+00
8.912270772528541940e+00
9.680515812191728742e+00
1.009606449148735408e+01
1.021913316016899209e+01
1.004903677546307605e+01
9.498175202834140407e+00
8.996834057283217945e+00
8.541919673214978914e+00
7.843595620851523620e+00
6.987030993521273992e+00
5.895011371428051206e+00
4.526654035221202577e+00
2.973881825561062620e+00
1.205080696392211159e+00
-8.228166332846478248e-01
-3.108348285511727482e+00
-5.662162138856641214e+00
-8.498065199388912916e+00
-1.046142798934794982e+01
-1.144419936222368861e+01
-1.200301856394995248e+01
-1.181004587518799731e+01
-1.153634225247448164e+01
-1.121530119532488712e+01
-1.021744822032137279e+01
-8.670345932214081230e+00
-7.393452527449154488e+00
-6.368689523262959007e+00
-5.276340158369775324e+00
-4.309103606997965130e+00
-2.806385330959051849e+00
-7.195046084758394134e-01
1.471339228408740762e+00
3.921070888169277957e+00
5.776815675224274749e+00
6.906574946642584756e+00
7.827294564406890309e+00
8.284595753160576947e+00
8.663290963097034947e+00
8.996961981649965523e+00
8.863634994640774423e+00
8.335357455709619501e+00
8.209382294741665476e+00
8.491944739700439726e+00
8.839580642860125792e+00
9.447624228032090343e+00
9.732013716348330234e+00
9.647900572383004913e+00
9.643926027817300906e+00
9.585709344740442006e+00
9.392682150981922717e+00
9.103796115163572011e+00
8.658106270102924995e+00
8.042754956372164088e+00
7.405667257541158399e+00
6.739418543386102023e+00
5.958930654735766552e+00
5.092148218796083370e+00
4.022523217643904303e+00
2.729770944774177366e+00
1.286894294509192349e+00
-3.415951774446330247e-01
-2.117382068317345212e+00
-4.037201345555589960e+00
-6.152964054029620655e+00
-8.459027299375129871e+00
-1.023250193769735361e+01
-1.141018466484967142e+01
-1.233019958959977203e+01
-1.278810322399572641e+01
-1.321534131800321710e+01
-1.363173842347610076e+01
-1.363820556364182579e+01
-1.331668820539568188e+01
-1.316742589048247503e+01
-1.317751873161883580e+01
-1.315425456804976889e+01
-1.321464448743247999e+01
-1.295056788297055661e+01
-1.233205704655179424e+01
-1.165380919264817017e+01
-1.081987497411738275e+01
-9.988773410235893380e+00
-9.203451457477250131e+00
-8.316197980572292536e+00
-7.376391145892209344e+00
-6.356140421692689557e+00
-5.241244804142174196e+00
-4.088324423895259407e+00
-2.889549514068936453e+00
-1.417150188738546701e+00
3.415417893345832345e-01
2.283697470665455587e+00
4.470260881557289956e+00
6.759098052281153457e+00
9.142052319697821616e+00
1.174297168056703278e+01
1.453285336770141001e+01
1.650279095301116428e+01
1.756678827896030626e+01
1.817920694399320070e+01
1.805319869693553869e+01
1.780076230063020759e+01
1.744489225242891806e+01
1.642021695429349037e+01
1.484027108288217534e+01
1.338759405899274668e+01
1.203953115355859893e+01
1.053142489624660350e+01
9.019948572817579446e+00
6.937354505187889764e+00
4.239218671215672529e+00
1.328144494548414656e+00
-1.931943849411504877e+00
-4.363878134147461729e+00
-5.813117674676289148e+00
-6.936792521011501123e+00
-7.390189056713038163e+00
-7.765669566357416009e+00
-8.104976045189305367e+00
-7.801601360879823588e+00
-6.967363896880573115e+00
-6.608463145558805429e+00
-6.723894515668955130e+00
-6.893492185596579169e+00
-7.361054426261683936e+00
-7.366874268374691503e+00
-6.853798489665266835e+00
-6.395698900278131482e+00
-5.816986684024279874e+00
-5.321284985519865174e+00
-4.987886047434295200e+00
-4.591313870630793659e+00
-4.202669986947104697e+00
-3.834041780015858603e+00
-3.467573317251916531e+00
-3.161839785171223216e+00
-2.919350621928040734e+00
-2.372350554383868104e+00
-1.500039957370116639e+00
-4.820568064016876875e-01
7.780977113085244534e-01
2.054633562903528610e+00
3.329872338392133813e+00
4.798035635008440103e+00
6.410084080460336509e+00
7.434545898268494213e+00
7.821872517675054759e+00
7.882009047216340214e+00
7.410993545965014029e+00
6.876985080233494863e+00
6.296579075228900813e+00
5.252670870907978795e+00
3.833838755974366741e+00
2.490929988258198335e+00
1.204537395377898168e+00
-1.905356685370706571e-01
-1.591718276435776236e+00
-3.385595666858991937e+00
-5.600729335779675466e+00
-7.966304222674123636e+00
-1.057454439880635633e+01
-1.217460353314143440e+01
-1.261561502944165447e+01
-1.255468845163445657e+01
-1.162650228850696266e+01
-1.049160736584137865e+01
-9.187174322058503151e+00
-7.052012428961974777e+00
-4.207899185715864299e+00
-1.657721768288100250e+00
6.097472503731334870e-01
3.010302660232598182e+00
5.305998458272059182e+00
8.276668476903212834e+00
1.198411851563354347e+01
1.585303838058990422e+01
2.006744187989569639e+01
2.279675481331070941e+01
2.379883571307426138e+01
2.406987301238985921e+01
2.306886220053314318e+01
2.172099999048799646e+01
2.008149241006971408e+01
1.719570173606268781e+01
1.323170075454917693e+01
9.732074521215746898e+00
6.685999900532546114e+00
3.440378993228649929e+00
3.626043314544176721e-01
-3.730189994376096774e+00
-8.934067645713517081e+00
-1.437099611925730791e+01
-2.032055878940434113e+01
-2.440723464002221021e+01
-2.630388747697300289e+01
-2.733427571639897735e+01
-2.679404714202558324e+01
-2.585642750462747941e+01
-2.459704098433486408e+01
-2.178919117997980948e+01
-1.764670915025773823e+01
-1.422799998665257526e+01
-1.152599485218677344e+01
-8.664289223605729617e+00
-6.136345400947709194e+00
-2.380568112141869808e+00
2.728705119834055282e+00
8.023337454310029315e+00
1.387045610880464608e+01
1.797877129548782449e+01
1.999966498558024597e+01
2.128213738925983023e+01
2.113985638324654914e+01
2.063271496272307814e+01
1.984104735186037516e+01
1.761120431774706674e+01
1.413623447098174779e+01
1.152803032472872857e+01
9.793899257804575598e+00
8.019877909770464441e+00
6.717821643969240419e+00
4.320387684749849022e+00
7.019293371407770987e-01
-2.948346528412708167e+00
-6.996156804188138345e+00
-9.971640741580168665e+00
-1.160401103825189573e+01
-1.285376155213269200e+01
-1.326949942219048673e+01
-1.343123987959850751e+01
-1.339842894471976464e+01
-1.246957245768208189e+01
-1.074843532429704140e+01
-9.763232302105576466e+00
-9.536245604668284415e+00
-9.384108423241938723e+00
-9.682986317694449951e+00
-9.340361513838518093e+00
-8.267498858672080786e+00
-7.312140749342410651e+00
-6.221533179617743770e+00
-5.305742245585421735e+00
-4.686439076728780684e+00
-4.032967754559547480e+00
-3.456106264864191147e+00
-2.968885104148771603e+00
-2.548595907759064527e+00
-2.291761146804058846e+00
-2.204118613744697974e+00
-1.725350276614469269e+00
-8.271069116120235432e-01
2.128674620400874129e-01
1.539189927750571396e+00
2.800820988812808832e+00
3.967438997129703271e+00
5.334305205978850495e+00
6.822621031026224969e+00
8.023659784865067479e+00
8.931904690551933257e+00
9.684343388508279915e+00
1.017356101091043463e+01
1.070461571545975765e+01
1.128584886373127816e+01
1.167041058053858649e+01
1.191834913711273281e+01
1.220440941118160616e+01
1.251190985675219203e+01
1.279453814253617949e+01
1.308983254231511495e+01
1.322446541836911571e+01
1.318823634932813249e+01
1.309533823920801865e+01
1.290477505003566172e+01
1.256644509872228355e+01
1.208339872713977847e+01
1.144643928915622411e+01
1.064040873105215113e+01
9.717343811361207173e+00
8.671514104582939808e+00
7.460594043372906548e+00
6.090870033979557618e+00
4.557740021710397826e+00
2.852169768077582379e+00
9.764642462543824397e-01
-1.075294598124408862e+00
-3.319627484850733889e+00
-5.761378665905610319e+00
-8.400938256405989790e+00
-1.124601943076187638e+01
-1.349005887329123432e+01
-1.505476725641154445e+01
-1.632688753404942261e+01
-1.707550064652327748e+01
-1.776911701311981062e+01
-1.842923148995606297e+01
-1.861325242257093748e+01
-1.840878759962658862e+01
-1.840276316875629092e+01
-1.858229552339846080e+01
-1.871481511938883813e+01
-1.893783622000789890e+01
-1.877843480012698052e+01
-1.820047784547451997e+01
-1.754673520281174248e+01
-1.670543996689991317e+01
-1.573397280638953788e+01
-1.466906116901213153e+01
-1.339782939133106332e+01
-1.194057338698632442e+01
-1.033660529169866571e+01
-8.571548257842815488e+00
-6.641182809416265265e+00
-4.548844962950351345e+00
-2.117943533853187787e+00
6.696415234968233765e-01
3.730846609921219859e+00
7.116878272286752072e+00
1.073617940570059659e+01
1.458604531129414106e+01
1.875937604936816427e+01
2.324084356411563590e+01
2.634845671425456715e+01
2.792629947976353222e+01
2.875559891153950076e+01
2.835494420608586452e+01
2.771806312931990135e+01
2.688482306906073305e+01
2.492243095300804612e+01
2.201444034911215297e+01
1.934206853202843490e+01
1.687155243276771088e+01
1.413654905547677032e+01
1.140985386556971193e+01
7.722621344659659215e+00
2.998238922572791232e+00
-2.071213801879891125e+00
-7.717635378418433056e+00
-1.179382543920433335e+01
-1.402026176426936921e+01
-1.558209165020442732e+01
-1.584975544316404772e+01
-1.591143368566096150e+01
-1.583993058654851893e+01
-1.452300971789863659e+01
-1.216424061199624873e+01
-1.058280951408380588e+01
-9.773175201120039901e+00
-8.974588343412390756e+00
-8.625657811005988052e+00
-7.344950745672083059e+00
-5.026603117523692710e+00
-2.708526828978249590e+00
-6.953683500580110088e-02
1.831362216585950442e+00
2.781838926468270135e+00
3.517125506075491348e+00
3.709275306888323964e+00
3.734975517447545190e+00
3.642598795878968065e+00
2.945728395517023035e+00
1.712549106286160860e+00
1.107930011982635188e+00
1.156331579430323941e+00
