1.515930784537607989e+00
3.933560836225908353e-01
1.118849927767517238e+00
-9.044546396250579434e+00
8.182828324656647112e+00
3.537224754138093452e+00
-5.841815702232806551e+00
-2.273187430087664218e+00
4.054908308377921600e+00
1.090042400209512818e+00
-2.238829662229231410e+00
-6.201333787134093445e-01
1.196740217866006706e+00
-3.943473200052376448e-01
-1.152212846376678090e+00
4.190701507665437475e+00
-4.178206483620138911e+00
1.351061043159260455e+00
3.936147945887066291e-01
-1.348829906842438753e+00
1.421912747980262459e+00
-1.128224129841377099e+00
7.028731261492753291e-01
1.101594541301416097e+00
2.340133168192742308e-01
-3.273342866388270433e+00
3.915106925104641533e+00
-7.767014909394759137e+00
-8.302632590476688446e-02
2.020264177952902074e+01
-2.437512189220766956e+01
2.249309419100109153e+01
-8.593661560729437099e+00
-2.810755122906957837e+01
2.882929368301710582e+01
9.800208055444402433e+00
-2.080204401434134454e+01
5.165414919685367146e+00
2.612295459660765928e+00
-2.157163159085252246e+00
3.071625208280545749e+00
-7.077047878759030297e+00
5.952593653882971125e+00
1.088444029253710754e+00
-3.353565838088165219e+00
5.281969726937105758e-01
4.996879790101614593e-02
1.766091952948496191e+00
-1.630974671556154831e+00
9.838553025047529488e-01
7.466365925756214272e-01
-4.997523927895200835e+00
3.097530028426813242e+00
2.414977125988564843e+00
-7.727621973170322178e+00
1.693634353093717237e+01
-1.413443527965741886e+01
-1.035217641380522302e+00
7.117531689803068495e+00
-5.988329094403768593e+00
3.040791547079142010e+00
2.124689385055360535e+00
-3.814280740563035010e+00
3.111824076826410490e+00
-1.498678565926606865e+00
-2.075968395093585439e+00
2.219871004673429127e+00
1.433961975850358339e+00
-2.424882014217713877e+00
7.220486195907910298e-01
-9.287798618130638229e-02
3.620986062790425009e-01
-6.334440038346328405e-02
1.218302648015933798e+00
-8.777623117617883164e-02
-6.103142885247525129e+00
2.860784281711333144e+00
8.082312117556289977e+00
-1.434783107974276462e+01
2.020518469134918504e+01
-1.536573867122337234e+01
-2.797190097022754784e-01
7.076851734007673755e+00
-7.785330558211102314e+00
4.635090534911379123e+00
3.845411030733092872e+00
-5.626288328721544829e+00
8.772246013086255623e-01
8.670863104811000754e-01
-9.915482963589417054e-01
-8.682908879176015615e-02
4.437362269696286887e+00
-3.171214150071503646e+00
-4.293532933715956901e+00
5.837518529321227057e+00
-3.334424209348243018e+00
-2.652996066916439855e-01
6.429844273044541758e+00
-6.462830294738775017e+00
1.104183530454797779e+00
2.614514946457702660e+00
-5.404035673648794891e+00
5.642676634750118048e+00
-4.063883753150394185e+00
2.493546035145785211e+00
2.249735539829398334e-01
3.972700804163893373e-01
-3.163903731770372652e+00
3.193869580629355109e+00
-9.920325708630494788e+00
4.419097469314106519e+00
2.986006887956808953e+01
-2.037471528068871152e+01
-4.276574632132797404e+01
5.377267919150019537e+01
-1.352726262734577745e+01
-5.493378923975010153e+00
4.808665922828606831e+00
-4.627158059052362660e+00
5.800251371992612093e+00
-4.694955557272220581e+00
7.385171163931514293e-01
6.023942322650958081e-01
1.048685985530538378e+00
-9.515213344661115347e-01
-1.315706270434259473e+00
1.961677003597680935e+00
-1.037193774545314695e-01
9.084943006553691802e-02
-3.978671273081358706e+00
3.395379142431426800e+00
4.972898170831106412e+00
-4.523029507369640712e+00
-7.924308819865411024e+00
8.083488764491747247e+00
4.443158585910971681e+00
-8.279313146899994535e+00
5.494698504538097161e+00
-1.361928284458484573e+00
-5.481512542417219969e+00
6.709321616570671054e+00
-3.047481801793183287e+00
1.515615700878880201e+00
1.476597629745214579e+00
3.602783279526862170e-01
-1.323173858756173260e+01
9.690420218183662726e+00
1.181699721413878379e+01
-1.434048729546799628e+01
7.805664576745486194e+00
6.688809469777816652e+00
-4.246240551777157890e+01
3.834155577812097704e+01
1.079269653251593297e+01
-2.423718867775065178e+01
4.613028752577473135e+00
4.772328041107352092e+00
-8.853407832749415007e+00
4.724639158352979429e+00
1.113643728149073731e+01
-1.296535011259864412e+01
5.539393714609972541e-01
3.152035380839641743e+00
-1.381541653785500534e+00
-2.604958601430181098e+00
1.287077820573263587e+01
-1.114689740166475573e+01
-4.350229856454763677e+00
8.865175256051125885e+00
-2.153173918194638770e+00
6.151903100723224438e-02
-3.076290086502600829e+00
3.743657085127647388e+00
-7.457266314733435042e-01
9.644945955514626634e-01
-5.985418620924455091e+00
5.714330549217550903e+00
1.951275664889603023e+00
-4.246274247251337286e+00
-4.046077838762172973e+00
1.326362695230226540e+00
1.953579331629140370e+01
-1.823401037315644757e+01
-9.389553086638793289e+00
1.469002086399854079e+01
2.206141666582658090e+00
-8.680817480601559666e+00
6.130914379668618075e+00
-3.220539450794507985e+00
-8.103744728916506546e-03
1.675414480047244803e+00
-2.795352265981843942e+00
1.951381438375640487e+00
1.494675931145712955e+00
-2.117191817592471548e+00
-9.630053851789399655e-02
5.813953343915204686e-01
-1.025793126287557921e+00
7.275195041708433230e-01
6.469811548037327498e+00
-3.402826021222402186e+00
-1.977146424947599002e+01
1.598177199318192265e+01
2.177709987239748557e+01
-2.676350976759039213e+01
1.370982989610247671e-01
9.603562599489599449e+00
-1.118966846190976128e+01
2.195554410521562971e+00
2.751634882176255203e+01
-2.633735190307326235e+01
-1.169502635135346402e+01
1.980274223956390500e+01
4.261252338289477137e+00
-1.029027859485157315e+01
-2.211661597729180695e+00
5.683927869027202817e+00
-9.845248202081167133e-01
-1.525185120195113875e+00
3.264637586571463856e+00
-2.085763725525417112e+00
-1.968090117468483502e+00
2.582398343098571303e+00
-3.167880404634221492e+00
-1.509536599802840939e-02
1.324437384111733884e+01
-1.119998071636161008e+01
-1.194183461062367257e+01
1.272454700668536276e+01
8.977010928941115964e+00
-1.506192248676939727e+01
1.266267818401811596e+01
-2.777679248657582090e+00
-2.114153403941255505e+01
2.047136365912818690e+01
3.081961197068158853e+00
-1.463511126602764811e+01
1.945028295508482330e+01
-1.378192807763800865e+01
-3.790217673741379301e+00
1.019574739305678790e+01
-5.846095881082881363e+00
3.286116826621330311e+00
-3.352671542510012426e+00
1.295329966143690781e+00
3.396801461264835620e+00
-4.992663069562595979e+00
3.311863559586471162e+00
-2.488069631800129855e+00
3.460766439894670032e+00
-2.345114482659594213e+00
-1.969383624103054009e+00
2.564020239624171360e+00
1.221731348076862567e+00
-1.643742085487188254e+00
-1.848398210408288111e+00
3.119284804835674940e+00
-1.100812440991579599e+00
2.234026617373821910e+00
-6.146806590578234974e+00
6.926760748118160116e+00
-7.638207786321673964e+00
3.068043354958749358e+00
7.821303021069472727e+00
-9.487166463544646433e+00
5.640516301714681546e+00
1.367686048905982554e+00
-1.456104956468986700e+01
1.528841513613234859e+01
-4.475782869344824277e+00
-1.894265975511979727e+00
5.378356354964322961e+00
-5.457191818779409509e+00
1.632971338858192345e+00
-7.298700525237055148e-01
2.274007150213360973e+00
-2.718341896442361350e+00
3.493879597672538306e+00
-1.442026682208501276e+00
-4.267627969231963192e+00
5.969966073008966312e+00
-1.972284267116090950e+00
6.588996535414924915e-01
-7.052034671558486068e+00
2.414843547835127779e+00
1.672997045096757063e+01
-1.817451490165709416e+01
4.263264746296706598e+00
4.982069477231991783e+00
-1.315783132810209999e+01
1.218509830257955429e+01
-6.142217143339276930e-01
-3.008837929027166957e+00
-2.363593323518821787e+00
2.953153336583485444e+00
3.154510135632630607e+00
-3.780928563351117155e+00
-4.091102937968389419e+00
3.581027812023576118e+00
8.566387464118266237e+00
-9.232630357580250191e+00
-4.215486257819883065e+00
6.741075287640162728e+00
4.001690442765719169e+00
-4.913069819892763590e+00
-5.382101645168562598e+00
7.128072582769428678e+00
-1.157886197961025321e+00
-1.844559783390517627e+00
3.309858410043874155e+00
-9.573839345454404626e-01
-3.234512463753516087e+00
6.204799564750029361e+00
-1.496036735301150600e+01
1.054264041627565440e+01
1.437860654609577438e+01
-1.291519052676319390e+01
-1.440721123921733238e+01
2.413483459416126209e+01
-2.370955646874568146e+01
1.290875778231373339e+01
1.337119148855667561e+01
-1.827545240808203175e+01
1.171407167938324889e+00
4.916869765941925152e+00
-2.735507777461174683e-01
-1.260496580091437391e+00
3.005585865315341110e-02
4.862342832163135675e-01
-9.998920971497758936e-01
1.559289942940704499e-01
2.309374210665529503e+00
-2.756687417674575702e+00
1.627139098007375217e+00
-2.847034746375449732e-01
-1.187688734656657363e+00
1.688959773053352986e+00
-2.429478712903467397e+00
1.300732296930155130e+00
3.174975141906510867e+00
-2.996825211312921677e+00
-2.358371469527552833e+00
3.384951800793187804e+00
-1.581881617405737739e+00
-2.716410157948193627e-01
5.077949809467945386e+00
-2.978687886591708356e+00
-8.213211997500343031e+00
9.766265785051389869e+00
-3.727552540422580218e+00
2.123762389619118451e+00
4.364826753231146661e+00
4.588195562121770266e+00
-3.807313646675491725e+01
3.685836746830342747e+01
-1.638793911644251367e+00
-1.391332787048115627e+01
1.581810094989046789e+01
-9.589895165791443077e+00
-8.073078216143626307e+00
1.096257693130054101e+01
4.439507939702980188e-01
-5.544618948522731294e+00
5.568598231591356473e+00
-3.938202033472471886e+00
2.476327279301235862e-01
1.642329024640335255e+00
-1.199321230173347352e+00
2.547005257904065179e+00
-4.580149165894951580e+00
5.564606110399034300e+00
-8.986675595818686801e+00
4.653526179652803130e+00
8.599973852507071470e+00
-1.201171414352730871e+01
7.042854607878686224e+00
-1.380321330399070012e+00
-2.693209122417740353e+00
6.461120289936265415e+00
-1.582907980123422931e+01
1.052816373701933728e+01
1.145833755372036755e+01
-1.709118114113514508e+01
9.264107302721122039e+00
-1.821928568048064578e+00
-7.836154773301430509e+00
9.384502192832405498e+00
-1.666121697709773253e+00
2.730058613779101639e-02
-4.799716112090394837e+00
5.383316938134067087e+00
-2.865828275812109638e+00
3.016135593982232077e-01
3.506658047793647093e+00
-3.374460401099987017e+00
-7.141210447582282406e-01
2.491336347056279266e+00
-2.381557182998822242e+00
1.912037788305666952e+00
-8.713831020727595966e-01
6.293293014639458338e-01
-1.255467846037298107e+00
1.360135553074884651e+00
-9.010142820950647335e-01
7.474394955015477571e-01
-7.410139694711720404e-01
6.582225084657710168e-01
-9.618394776984388050e-01
2.456587189866003551e-01
1.589320593238268575e+00
-2.167325882366752499e+00
1.553202058015987763e+00
-7.572926481645709806e-01
2.778618329757964189e-01
1.024373303796647594e+00
-3.225296334364184503e+00
4.174034827481390764e+00
-2.675264208716641612e+00
1.206708749417575888e+00
-5.929748337244351575e+00
-5.106876952536435477e-01
2.011927174746751845e+01
-1.788987584260454611e+01
9.830442327604004049e+00
1.287909199688047757e+01
-7.297450307672133363e+01
6.558765003435129870e+01
1.890239324849759939e+01
-4.122833615054598511e+01
3.131986414961165366e+00
1.322177305511900514e+01
-1.009575841922729289e+01
6.808088015917025615e+00
-3.395861572744642842e+00
6.906045324762660753e-01
8.777780217900007509e-01
-2.112729196067856030e+00
4.495213527262897912e+00
-3.450361797620402626e+00
-2.607032646656667119e+00
3.995033422349935748e+00
2.284082944274924643e+00
-1.645471306361856900e+00
-1.019347596676096224e+01
8.747382245262736333e+00
7.452501621924181308e+00
-1.070951338434213085e+01
3.954837923160273494e+00
2.676665797851167206e+00
-1.347537455707102971e+01
1.349851743945668581e+01
2.966548409517262286e-01
-9.302573967435185942e-01
-1.137224859447838199e+01
1.590108547147025497e+01
-1.532423857444540971e+01
1.135545856658951003e+01
-1.896411637827997598e+00
-6.496605535430846623e-02
-6.387876156192318078e+00
7.106546193308132864e+00
-2.395709560974230268e+00
3.763956549147646768e-01
7.069541051729364423e-01
4.993195201148696860e-01
-5.951488681854262275e+00
4.954242702930259590e+00
2.667776635758821513e+00
-5.488764456748466358e+00
4.605662485573290610e+00
-2.667671626080919456e+00
-7.146275391335944471e-01
1.735209558897312654e+00
-8.752029414705366772e-01
4.048487364693620361e-02
1.383540180622379268e+00
-1.202511392335373408e+00
-1.006243903572092258e+00
1.422733872892142593e+00
1.513328762366207836e-01
-3.919296848840173042e-01
-6.094247266848213940e-01
1.100306893959156485e+00
-1.161697590797440061e+00
9.074165630806447780e-01
-5.705413280383389019e-01
-1.044247612401838499e-02
1.233878577094523088e+00
-1.660290327433874946e+00
-2.924685565927943598e-01
7.593906712525232416e-01
8.168568987937412373e+00
-5.753438375986574371e+00
-2.254567975327970331e+01
1.199491227968495011e+01
4.096434330460386519e+01
-5.063071423067601984e+01
3.495575677607623533e+01
-4.964068434917652262e+00
-6.007012467071205464e+01
5.928880040728806478e+01
1.432865788889028025e+01
-3.554314014731428983e+01
5.392201787818499348e+00
7.196143757439600108e+00
-2.887633627543817472e+00
1.788607769692530214e+00
-4.617616009717238512e+00
5.372553969653670158e+00
-1.256741744090316359e+00
1.927395536016491606e+00
-1.217301113130856294e+01
9.102920215274629356e+00
9.359540343219741487e+00
-1.334229984131703972e+01
4.086512011079016737e+00
2.782742169490322937e+00
-6.025142443906889689e+00
8.252121442511899829e+00
-1.688611830271602798e+01
1.355167543895980309e+01
1.444114797881078793e+01
-9.882976950156443507e+00
-3.789235920503830357e+01
4.151642723396999202e+01
1.933375998452394384e+00
-1.642055779050765807e+01
2.383118075683265946e+00
2.840852837035539480e+00
1.123019275967963804e+00
-1.414363060193131183e+00
-2.149888950293694201e+00
3.070074686620690052e+00
-1.828035072963338337e+00
5.288635942219589436e-01
1.125195122433065409e+00
-1.596480914879218727e+00
8.131563670712828040e-01
-5.218152770446682354e-01
8.674461455719593150e-01
-6.279831162438961334e-01
-5.953274059471741486e-03
2.754532603160461113e-01
-1.289046904815343675e+00
6.907553511284603154e-01
3.330924386978407092e+00
-2.735736996768140639e+00
-5.237392879625582864e+00
6.549137358935958275e+00
4.724270028647071129e+00
-2.789197158992385184e+00
-1.982166426669746429e+01
1.806440949367361171e+01
1.223867107967569368e+01
-1.974189520990310953e+01
2.882719599437246316e+00
1.598951638657184704e+00
7.161526420453849795e+00
-8.324180293882061932e+00
2.174822776626985643e+00
1.147637581809123786e+00
-1.635050038701887587e+00
1.867024769699234588e+00
-2.675315751769107298e+00
1.395131793585796975e+00
1.972423664428273105e+00
-3.388922716474378927e+00
3.469891757228469764e+00
-2.423119467208082689e+00
3.614164120484341103e-01
7.470634145501653389e-01
-1.396487838990968955e+00
9.163083299539229731e-01
7.764971142655989755e-01
-1.473574347594270195e+00
1.379807867488211270e+00
-1.264449178748644265e+00
6.388608251928746817e-01
-8.462711151571747914e-01
2.480125755189927617e+00
-2.163875984783762085e+00
-4.816663578460358419e-01
1.426490828034637115e+00
-1.076499032708470582e-01
4.153134813654378310e-01
-2.848656567087632929e+00
2.940834197614270895e+00
-8.209164131197383973e-01
-3.216435886028606306e-01
7.053552697150663464e-01
-5.925988185304207345e-01
3.864338154554086691e-03
4.796955962536408880e-01
-4.957779767195600318e-01
1.036750480894362836e-01
-4.288522225151981893e+00
4.548707970601785000e+00
1.704811028112874283e+01
-7.316474796991670360e+00
-5.888665464529661620e+01
4.910233188609215915e+01
4.886039653086585588e+01
-7.165838182858435346e+01
2.203230916191483502e+01
1.552849130439170944e+00
-3.479781531846142251e+00
1.479434457704497108e+00
6.248972578623552820e+00
-7.045788612094841419e+00
2.447624220111099813e-01
1.724502560572751531e+00
1.016515899928576605e+00
-1.748708604902176722e+00
6.878596410130953798e-01
6.641584818415311453e-01
-1.754466341857615186e+00
3.612196429803517184e+00
-5.481204356334220762e+00
5.955189620108384041e+00
-8.669860048750786419e+00
4.240839547111801444e+00
8.428149846134502354e+00
-1.038572651146422388e+01
3.662873163293439482e+00
5.351903265843823476e+00
-1.459001794794482443e+01
2.329863415463057308e+01
-3.186309647395856715e+01
3.102350922625913654e+01
-2.923011428531398792e+01
1.546994725920793279e+01
1.871877336738688768e+01
-2.228243426904709779e+01
-6.459331512142559184e+00
1.483432508868337152e+01
-5.272508823793245369e+00
-1.544919793794769181e+00
7.570959094470644857e+00
-7.760044245099597227e+00
2.142469567745219017e+00
4.638772943496760059e-01
-5.030304427367133790e-01
1.645214292918688870e-01
3.469206459048278512e-01
-5.171004442903470721e-01
1.268934418066939074e+00
-3.231903124868572008e-01
-3.152969776055835283e+00
3.379316325739819771e+00
-1.427878123791110898e-01
-7.001031341879128123e-01
1.210420121922044956e+00
-5.753033042538886477e-01
-4.062043523163326064e+00
-1.275474113387798258e+00
1.333116264410449858e+01
-2.256370019837830654e+01
3.420150254004855839e+01
-2.926695601025136639e+01
9.307007012184133288e+00
2.674415172035312427e+00
-1.012258681233321944e+01
8.813436324791602772e+00
3.449045443695091251e-01
-4.699782276781628632e+00
8.379873216449036377e+00
-4.978823673799118055e+00
-9.025207998525075936e+00
9.456175546927276798e+00
3.895513381231081151e+00
-8.950077544411282560e+00
7.201463454854728496e+00
-4.616196730087344768e+00
2.211246778460513873e-01
9.745062626088968338e-01
1.649981466964273391e+00
-1.498310488555051778e+00
-1.232691596875163276e+00
2.096667968763390455e+00
-2.416768544486689763e+00
4.690117729881778108e-01
3.959880068096138128e+00
-4.739733748821540082e+00
4.016537503688491384e+00
-7.567751594478728805e-01
-6.985585616383040097e+00
7.540895711914568977e+00
9.641433401837167239e-01
-3.852606293145047989e+00
-9.467516646482361242e-01
-3.442962354784758539e+00
1.326900496593895085e+01
-2.157638675967488950e+01
3.454806967540407925e+01
-2.873092371352203145e+01
4.579767884138759015e+00
7.702108517858929915e+00
-1.119088514187351180e+01
9.180623286651504955e+00
-1.124454286270174297e+00
-2.047511906573634022e+00
7.582087208249264076e-01
-2.263884384254056248e-01
-2.953491242776510317e-01
-1.099094782680417048e-01
2.629474193601645915e+00
-1.812200800179050830e+00
-2.094347870156676450e+00
2.908165684339802048e+00
-3.418315082416283790e+00
-2.815447483317954913e-01
1.048022910749353720e+01
-1.121996343971191479e+01
2.139403554639044636e+00
2.027370920627524775e+00
-1.256861985040545360e+00
2.635640672148377384e+00
-4.030992769330671521e+00
6.612612752565833141e+00
-1.331643490946875374e+01
9.861257699482294470e+00
1.977560229790461310e+00
-9.642053439344278942e+00
1.600378032986654375e+01
-1.313858066406837999e+01
3.309483675571610828e+00
4.399348573279807439e+00
-1.332970147774205394e+01
1.185136187638760674e+01
-6.404082628278651157e-01
-5.186976904992341098e+00
7.594647997998603017e+00
-5.840336723232654847e+00
-7.676351200640816330e-01
3.898486905912856404e+00
-1.465295588752451916e+00
2.670589751985389615e+00
-1.090442614321589332e+01
8.546555001403266516e+00
4.859230365642714489e+00
-9.481696023783356964e+00
7.568777400243238418e+00
-3.742369123786768892e+00
-3.783095954130322625e+00
5.233687179993169458e+00
4.052898014493899748e-01
-1.141528465703809392e+00
-3.104548050088695277e+00
4.078744489697839093e+00
-2.276267464460735024e+00
-3.207734048576085795e-01
1.749069959352304693e+00
-4.373715368386717373e+00
1.177271921222103224e+01
-8.861576009769214224e+00
-4.634762923919812039e+00
9.682151502606537008e+00
-7.498194081947373135e+00
2.828168826841868100e+00
-1.862824877603215246e-01
-5.771304312872937103e+00
2.254957665467662054e+01
-1.682618993348698666e+01
-1.117784424453964931e+01
2.160090909438425655e+01
-2.274114479703826674e+01
1.288077846933570747e+01
1.599016036671173602e+01
-1.791241024935071380e+01
-1.017728020335081851e+01
1.645612567280378258e+01
-2.245724820296968183e+00
-4.902805956678693455e+00
6.965080652532195771e+00
-5.368339994154598394e+00
-1.734192851291100901e-01
2.530938881852207167e+00
-1.913183442448665783e+00
1.464449490707896206e+00
-1.574595262443709620e+00
1.232247923435189740e+00
7.170091294583984531e-01
-4.995283591500614961e-01
-3.905677176645682369e+00
3.136785558202700663e+00
4.268896713279985988e+00
-4.607490587723440001e+00
-1.505157188237787436e+00
4.762919083376944585e+00
-7.134125582496869455e+00
6.242526042835183198e+00
3.783791879452946816e-01
-1.267697958435089478e-01
-8.777133019690285920e+00
9.226289041495464360e+00
-1.739440622573172890e+00
-1.823221548276061421e+00
3.305168913999758651e+00
-1.621327167782107281e+00
-4.200672145839762450e+00
5.183879738533336834e+00
-1.554692283449609747e+00
-3.334161280795533422e-01
8.366981245979434600e-01
-7.883732810365537969e-01
-1.853691002434229573e-02
1.929693987566709901e-01
2.219034928142934460e-01
1.129033820571034158e-01
-1.025990611660483748e-01
1.383332786675666171e+00
-5.485946976400460251e+00
4.888446843298855704e+00
9.439843701054144720e-01
-2.643663551095519981e+00
6.393832612614002153e-01
4.897979503088854547e-01
-1.418058224684633606e+00
1.002451207407236700e+00
1.215799048381064118e+00
-1.499015385853679883e+00
-2.436696905871472696e-01
8.243465460554729729e-01
-2.350560223792562409e-01
-2.636868545183452400e-02
-1.063392130124001800e-01
-2.222136530686915357e-01
1.378607607997844597e-01
3.908002244221581156e-01
6.311606704725586603e+00
-3.776546199372185608e+00
-2.158623000788775315e+01
8.949389001602490623e+00
4.266718512821114473e+01
-5.816661203590783913e+01
5.215902123134675605e+01
-2.767764565266633525e+01
-2.558673739148413517e+01
3.597610785465526106e+01
-2.171813435655266744e+00
-1.027317435390334488e+01
6.171681724781907796e-01
1.110030934569250505e+00
6.367582335408822125e+00
-6.698056033978357249e+00
5.362835149919469302e-01
2.495120671746674734e+00
-4.913112126201592211e+00
3.387644112428991328e+00
5.669623173840186325e+00
-5.115705624668802187e+00
-7.084774504043531707e+00
7.113449249737201718e+00
1.270464143273927426e+00
-8.778553548700188003e+00
2.116198692621573940e+01
-1.727719303947995044e+01
-6.081867545526989716e+00
1.470950357013536092e+01
-5.273823083158159619e+00
8.696825672927380069e+00
-2.381044249218718178e+01
2.838542309165188726e+01
-3.094321245462455394e+01
1.931790228336991433e+01
1.354785155662426277e+01
-1.874677267364756261e+01
-5.215272228121485831e+00
1.198890974405991905e+01
-3.059257031298336038e+00
-2.007562692129877036e+00
4.841379705287643276e+00
-4.068814277795605783e+00
-6.391896681266295843e-01
2.331313418627959155e+00
-8.470289954512184583e-01
8.689597626038864098e-02
-9.442761220885207418e-01
-3.674758333042235092e-01
4.032848938819760143e+00
-4.927952227052104561e+00
4.142148998261126813e+00
-2.172511712993483446e+00
-2.045020644039340141e+00
2.865343576851281604e+00
1.022128811442119645e+00
-1.459233356927108538e+00
-3.778043285314130806e+00
2.624273532831567834e+00
5.606470931261676505e+00
-6.345548469212020315e+00
4.653834567694406843e+00
6.533225667906568113e-01
-1.758264922037590949e+01
1.174986361300995696e+01
1.894126846184526158e+01
-2.872719779760948100e+01
1.991111903263663763e+01
-1.205073036252079000e+01
5.202932588060450669e+00
-4.086724130174360647e-01
-3.084034039468767308e+00
3.847316431383001056e+00
-2.364173672297309459e+00
9.682851030643465640e-01
1.028608957179101058e+00
-1.525790129852401700e+00
-4.676290398483235466e-01
-1.496212415092093573e-01
4.193154700572157445e+00
-4.623618024957795392e+00
1.333529233408224490e+00
-9.806969319062941448e-02
4.865284106825619181e-01
-7.402317759245038431e-01
1.673106635474171711e+00
-7.310984245536775727e-01
-2.018049344987805416e+00
2.542435434083298418e+00
-2.879326268763393148e+00
-8.744195535900335658e-02
5.049970485915047824e+00
-4.877298066192230053e+00
8.044049079290374493e+00
4.073054570221535720e+00
-3.536621924067190292e+01
3.946322082815696319e+01
-2.521028154921337006e+01
7.337193466187089896e+00
2.535381603332378475e+01
-2.462731669738239049e+01
-1.332379273251939544e+01
2.280725519882174623e+01
-6.173332009312049173e+00
-3.271767775695654912e+00
8.175037059429403286e+00
-7.032254609314052551e+00
-3.605541599029762345e-01
3.541123492309288245e+00
-2.921859673138766933e+00
2.234883082072419480e+00
-1.435058595149368621e+00
6.225960141188255914e-01
-3.597375419584449285e-01
-4.680476439006929779e-01
3.235253046257899001e+00
-3.039914043584543535e+00
-1.959841271467294144e+00
1.439150426183798182e+00
5.275582360472323096e+00
-6.018752118631283565e+00
3.540727986974782304e+00
-1.780140827287102212e-01
-1.056385747541368758e+01
7.675306894741522612e+00
1.570766967758710209e+01
-1.487785482207983101e+01
-1.061871771066742376e+01
1.761375224314456389e+01
-1.467624012384029086e+01
3.629729488623629763e+00
2.643379713935864928e+01
-2.441333394541020496e+01
-1.527000936252986918e+01
2.369320747175857989e+01
-8.430184988735334173e-01
-7.918879209781381157e+00
3.762891837515641491e+00
-9.849084024203872412e-01
-3.823997450561262834e-01
1.336579411590914646e+00
-2.740187915367584104e+00
2.519767836165239139e+00
3.073358037211887384e-01
3.258063548204531701e-02
-3.877313645551343502e+00
4.848784618345778341e+00
-3.402326514818236447e+00
2.279803497853515548e+00
-7.175596132939192628e-01
7.256309544228012332e-01
-3.268333150434792334e+00
3.283830350888014227e+00
1.390834585719742389e+00
-1.621972781694558163e+00
-5.955485236205601218e+00
4.055536983334602219e+00
1.100698073625768458e+01
-1.454009593548066448e+01
-2.866517508785282331e-01
-1.126535021068772568e+00
2.767076751596610151e+01
-2.497027361547976554e+01
-1.126964405260551771e+01
2.073131284782672523e+01
-3.323659376456896464e+00
-3.333457934671338663e+00
-6.295188372023863277e-01
1.308447011042210839e+00
9.827669574687258880e-01
-2.108098889909368889e+00
2.924672776209193970e+00
-2.231877675637429448e+00
-8.392275256417102147e-01
1.136793205630807435e+00
1.990997817727617969e+00
-2.268782320060390933e+00
-5.048440793788504521e-01
1.247196000063655275e+00
-2.685492908551673774e-01
-3.596180678531400998e-01
1.374806556077347475e+00
-1.008110405366933637e+00
-1.198770395506927322e+00
8.868356631587481775e-01
1.014228509822717506e+00
-3.049250301779455885e+00
5.908892651184582512e+00
-5.115527085801179652e+00
2.478238045667907397e+00
1.273931977366566048e+00
-7.986559259474788064e+00
7.594750022197068517e+00
-9.449453174201005723e-01
