1.596479535171335229e+01
1.740412593009157050e+01
1.874713917376438133e+01
1.997526859823182122e+01
2.128273907298017775e+01
2.261192028912913088e+01
2.318077400988084946e+01
2.292960715627600266e+01
2.218203933707001241e+01
2.071513941895215183e+01
1.902121563989906505e+01
1.711190264778132786e+01
1.453720524562308292e+01
1.138539389905576371e+01
8.143257855161813552e+00
4.785452206637605066e+00
1.124085122028610551e+00
-2.733918976503645126e+00
-7.213463568686714567e+00
-1.235121584148792273e+01
-1.785778313735035994e+01
-2.383865727788091959e+01
-2.816773625588620078e+01
-3.060678661611491691e+01
-3.223604709612600061e+01
-3.243881632808569293e+01
-3.237996675733714369e+01
-3.211997784537024359e+01
-3.051841334326576316e+01
-2.779103254156080638e+01
-2.558718946836119912e+01
-2.388233041051651995e+01
-2.200272153360613459e+01
-2.033796769951305095e+01
-1.758947989449287519e+01
-1.365552648390079327e+01
-9.488091190276460196e+00
-4.780504108720258216e+00
-1.185887876026693988e+00
1.037927192934722687e+00
2.898608014292124224e+00
3.902842843049780797e+00
4.795091410364336504e+00
5.641657703455734918e+00
5.625437022968502454e+00
4.886442761248656730e+00
4.989428784923712890e+00
5.948971530897424032e+00
7.091003526113199840e+00
8.800177923150057424e+00
9.934599513408798543e+00
1.040754759183779399e+01
1.109938640313079716e+01
1.174839709665173260e+01
1.226866089900170564e+01
1.274522745585217898e+01
1.302726021480064134e+01
1.311158042562840542e+01
1.324896092747715848e+01
1.342496832111204164e+01
1.351348148838118135e+01
1.356354135243405423e+01
1.329708617168859774e+01
1.267739368808459233e+01
1.186993903974895836e+01
1.079500501536275436e+01
9.571152551107603657e+00
8.209885454377893410e+00
6.581270684452557695e+00
4.708112298343834823e+00
3.165393372264009741e+00
1.989356041042750434e+00
9.211588417100475823e-01
1.172960388235771007e-01
-7.895287963485499994e-01
-1.818867021860400390e+00
-2.650188404181636148e+00
-3.357565447886082577e+00
-4.302824722880818520e+00
-5.476370735491368436e+00
-6.752188273110222738e+00
-8.216818660284616271e+00
-9.571713130510948631e+00
-1.079968065691035939e+01
-1.211944655475701360e+01
-1.346388762592106225e+01
-1.432460820860608663e+01
-1.467160896754504762e+01
-1.469348230198849414e+01
-1.424671834368270495e+01
-1.367404080972396940e+01
-1.298044294933392528e+01
-1.186298725829276890e+01
-1.038295296985901572e+01
-8.830031847461489392e+00
-7.184176258314190378e+00
-5.338250525477356234e+00
-3.353938784117971750e+00
-9.660251614051297286e-01
1.848607884704341453e+00
4.914457874262422976e+00
8.298262791611582756e+00
1.060025240239605360e+01
1.166620279286624040e+01
1.220613797372983456e+01
1.181528762736324722e+01
1.126516746395663304e+01
1.059657147081884254e+01
9.058268651412317851e+00
6.794172168487569330e+00
4.885026592290213188e+00
3.315132351891722617e+00
1.645576902661274765e+00
1.322516642482413352e-01
-2.075488685209621043e+00
-5.043199506273846389e+00
-8.146094419587564417e+00
-1.158428687811676916e+01
-1.358381606482621429e+01
-1.390383273138299458e+01
-1.352617402139596514e+01
-1.192572918825947603e+01
-9.983932987908829659e+00
-7.756582229293101705e+00
-4.325841185452347304e+00
1.476467490321153875e-01
4.145442539258501924e+00
7.674733132878722941e+00
1.138052359301922678e+01
1.489963493855149501e+01
1.938825519243653517e+01
2.493966593779009955e+01
3.069129226779730857e+01
3.691542631470127844e+01
4.088226845988813096e+01
4.222826916972519484e+01
4.243611460591662876e+01
4.069724953533584966e+01
3.838899286767543373e+01
3.559148761203709910e+01
3.087934770231729331e+01
2.450103284604065124e+01
1.876073142044522513e+01
1.364085192354937526e+01
8.162539692993590279e+00
2.873303261259292807e+00
-3.996239390274932912e+00
-1.259155961719415906e+01
-2.160213111025088750e+01
-3.144756935605037995e+01
-3.872015100900922846e+01
-4.294721510621145200e+01
-4.604313812728838684e+01
-4.699802919090871711e+01
-4.748659249603925048e+01
-4.762092463749657156e+01
-4.564731245342224497e+01
-4.187286977014147737e+01
-3.927509076853488068e+01
-3.784843750755801040e+01
-3.632609797034334065e+01
-3.542453425119057187e+01
-3.289463114133892674e+01
-2.855761205292158422e+01
-2.410268410438791875e+01
-1.900330868677701091e+01
-1.490064360605748561e+01
-1.212930990681706689e+01
-9.525663587374385344e+00
-7.597284791167506768e+00
-5.772201616973071658e+00
-3.969746329462195522e+00
-2.935120177564075394e+00
-2.561796315460196372e+00
-9.998688282939643956e-01
1.796337943786893154e+00
4.994076200445702440e+00
9.057914706405973959e+00
1.270716389287720105e+01
1.584327862960845401e+01
1.948614281782646529e+01
2.334636634283008050e+01
2.639866598480316995e+01
2.865424356442780862e+01
3.038715317313901565e+01
3.133084706321999846e+01
3.231346819259560732e+01
3.334568955725931261e+01
3.377710576874366666e+01
3.376708465183570951e+01
3.365857149520449099e+01
3.339565800803978846e+01
3.291042827210432620e+01
3.226761309141957668e+01
3.107101836457356825e+01
2.929514316406325491e+01
2.717898858369363069e+01
2.462436323876990585e+01
2.218923276412072454e+01
1.994095063926149436e+01
1.753556235810901143e+01
1.512820199805180543e+01
1.243982863239644487e+01
9.436736290631605684e+00
6.390517092939820287e+00
3.238702298325306650e+00
-5.099873916525793360e-01
-4.867053012378875998e+00
-9.642259039323246128e+00
-1.496337674569415199e+01
-2.048266641173976410e+01
-2.618433003679039928e+01
-3.235201812872603711e+01
-3.891417176243088250e+01
-4.337957376528591169e+01
-4.552989107832689797e+01
-4.648480844047984561e+01
-4.553238945314564745e+01
-4.417691243085935326e+01
-4.247146601776001518e+01
-3.901765102646992034e+01
-3.409136144783739297e+01
-2.939230766436400089e+01
-2.486265670225673929e+01
-1.983610028117407609e+01
-1.470093034196520243e+01
-8.041436414162989266e+00
2.563636576231368425e-01
9.192416362508627259e+00
1.910837112491187284e+01
2.616977289037147614e+01
2.990128216255774163e+01
3.236554539115635976e+01
3.244302052630026623e+01
3.213009142675718977e+01
3.155092939804946894e+01
2.869676722080824049e+01
2.394061515070591284e+01
2.044146182406806744e+01
1.817898642502259676e+01
1.584312328127828096e+01
1.419143433126248866e+01
1.079929062979795695e+01
5.480467448051466128e+00
4.423150868847725015e-02
-6.075228133582958101e+00
-1.040686796050810869e+01
-1.251968149578822320e+01
-1.399451355655000384e+01
-1.408058350890973642e+01
-1.379608591674661788e+01
-1.324160293328206350e+01
-1.122665135383015667e+01
-7.937365609930748356e+00
-5.854797952496344493e+00
-5.010901341731070602e+00
-4.309895470191040801e+00
-4.362295369371424592e+00
-3.383072029437335093e+00
-1.230532088372871868e+00
7.128073127960711242e-01
2.858491182983541545e+00
4.449814445873853330e+00
5.262002362430216351e+00
5.950326425186594825e+00
6.260535433690718854e+00
6.312739229025988941e+00
6.147911323409563700e+00
5.470030718024929683e+00
4.294019586084218965e+00
3.707278293041960993e+00
3.749026381548818954e+00
3.894118966053961461e+00
4.416828544275519519e+00
4.599048297104253002e+00
4.377666394253377113e+00
4.334632524324578462e+00
4.304871402417625781e+00
4.010619985813338673e+00
3.489610585472756377e+00
2.753375416738101933e+00
1.739050079437082452e+00
7.389802860961763864e-01
-2.476228336260287155e-01
-1.420406316111554990e+00
-2.721190012200816355e+00
-4.189213556465930743e+00
-5.851418172101590542e+00
-7.651308126770569373e+00
-9.606773362408713268e+00
-1.175483352219293209e+01
-1.409488126137507358e+01
-1.662711268476349957e+01
-1.936241725390016555e+01
-2.100101706520054634e+01
-2.141536178246030531e+01
-2.122529906540845701e+01
-2.005749178509704223e+01
-1.866058269116678403e+01
-1.706685009665054409e+01
-1.456391531948821694e+01
-1.128985855809894900e+01
-8.172950879759897092e+00
-5.188987157222115343e+00
-1.967534509747794091e+00
1.276390961735505591e+00
5.297523184398234442e+00
1.015602434638335083e+01
1.531051534820792170e+01
2.094157351495115549e+01
2.490340395625289105e+01
2.692890918521806753e+01
2.816215106814309976e+01
2.797446098780857682e+01
2.748349932128205353e+01
2.675465027069482460e+01
2.465946760725451270e+01
2.140393751196862127e+01
1.874588283125192589e+01
1.666993242407978215e+01
1.444311121078289339e+01
1.248416486509464463e+01
9.436071093661759335e+00
5.191494885591525055e+00
7.563545655206157514e-01
-4.188727805316902142e+00
-7.795558826397165575e+00
-9.778593471617654131e+00
-1.124463844353725683e+01
-1.164060128285011331e+01
-1.180874840470185561e+01
-1.181791344317667125e+01
-1.074585910525865984e+01
-8.747927954144788742e+00
-7.550737444117184616e+00
-7.164869522244049271e+00
-6.843790633189912320e+00
-7.008562687751132891e+00
-6.387766447802001757e+00
-4.881586678420197778e+00
-3.461517526936853884e+00
-1.833064857668158076e+00
-8.013888411239221687e-01
-5.495474205647153942e-01
-4.831920646511621564e-01
-8.580398142414661367e-01
-1.430504627476690382e+00
-2.162923678172915309e+00
-3.411460651720907844e+00
-5.134675427537461090e+00
-6.372927915710679514e+00
-7.102061544258276626e+00
-7.766334554443589333e+00
-8.126386584103128641e+00
-8.842719462128965091e+00
-9.970412344100319402e+00
-1.098570285917882217e+01
-1.204050849935912915e+01
-1.269705596993997432e+01
-1.285242315689604808e+01
-1.282118753629045393e+01
-1.246111889997913025e+01
-1.190310786011217559e+01
-1.116308722322680858e+01
-1.004265172756985969e+01
-8.560669260062493180e+00
-7.241124213082807515e+00
-6.093745578776972316e+00
-4.870254929006921252e+00
-3.698614275425476272e+00
-2.211627555511208154e+00
-3.752266684450786816e-01
1.526106971072896723e+00
3.579720113256710246e+00
5.458875831212467666e+00
7.101462460101735985e+00
8.726208817349167646e+00
1.023249597819385137e+01
1.174735384327876631e+01
1.328501928662878839e+01
1.469050266808736183e+01
1.598700374730694662e+01
1.753084778250663334e+01
1.932908726252331988e+01
2.122252556981522886e+01
2.329989894665857264e+01
2.530998247609459639e+01
2.723315869181796955e+01
2.926698829894418097e+01
3.135417216435523002e+01
3.224640977433254108e+01
3.183709200344625145e+01
3.066841970063740774e+01
2.838232174418683940e+01
2.573880522028538209e+01
2.275918998340575428e+01
1.873620230654703178e+01
1.380609048830284813e+01
8.786769580897173526e+00
3.642559607254033160e+00
-1.948811331023006632e+00
-7.804979448912082951e+00
-1.462326102098761638e+01
-2.246353819319120859e+01
-3.084387939381089438e+01
-3.993620409266454629e+01
-4.607899526716509797e+01
-4.886087818484254797e+01
-5.013278858936656945e+01
-4.883061618772060086e+01
-4.696079896860970138e+01
-4.462366536986635168e+01
-3.985117656711368994e+01
-3.301230909334993413e+01
-2.693858404175778887e+01
-2.158401044033220373e+01
-1.578824548443723685e+01
-1.021750447640739523e+01
-2.635018824077599575e+00
7.137345769326305600e+00
1.746605186307360569e+01
2.888184713343302690e+01
3.688692141820751402e+01
4.087061367723954675e+01
4.334426652967157878e+01
4.297981579945446384e+01
4.200958301496655167e+01
4.058283796469510918e+01
3.638050346988470807e+01
2.981460764118159901e+01
2.476759547521367821e+01
2.122990529290403572e+01
1.755893427018379427e+01
1.468904675835314144e+01
9.681046271891368349e+00
2.303719084155805064e+00
-5.236257859193998776e+00
-1.362577260493663367e+01
-1.980886734603364374e+01
-2.325388613702564911e+01
-2.590571757084933679e+01
-2.683501225669226997e+01
-2.730878383531594977e+01
-2.744895223126256312e+01
-2.577744793892473041e+01
-2.252461149232748383e+01
-2.075597721099978799e+01
-2.050911773342912525e+01
-2.042907543092560729e+01
-2.126901123236742563e+01
-2.081891325525676351e+01
-1.890219792437748580e+01
-1.722731698730867933e+01
-1.528362930029014777e+01
-1.359134033936047814e+01
-1.238426023712299973e+01
-1.104391686186957777e+01
-9.762550158429277758e+00
-8.627126683387773554e+00
-7.593367055625972917e+00
-6.796658164455646300e+00
-6.258939243094188143e+00
-4.931048098997736773e+00
-2.753476619232012368e+00
-2.523530508643408443e-01
2.845634687018986142e+00
5.898699979542212368e+00
8.851696202839208993e+00
1.225345894525521118e+01
1.596142886515970716e+01
1.876431909053698277e+01
2.060768462120287481e+01
2.196189847184610500e+01
2.249771615899321020e+01
2.304321319266215440e+01
2.362539152980821555e+01
2.353769116651059079e+01
2.294010980350087792e+01
2.248297979686874726e+01
2.212737844545560506e+01
2.165760181713572408e+01
2.121917953626164888e+01
2.022628010576159241e+01
1.863925717640330859e+01
1.686029460088940368e+01
1.475040885356444775e+01
1.286873592237405539e+01
1.130464514288010314e+01
9.687394328485448014e+00
8.180368746672970204e+00
6.546254471222875182e+00
4.753838959797134223e+00
3.064971424992594784e+00
1.429696161596302861e+00
-7.043778522335502057e-01
-3.350525856955991255e+00
-6.276584034119125022e+00
-9.623600428759411685e+00
-1.300540413540973717e+01
-1.639812441066137794e+01
-2.011295660552103115e+01
-2.406639461203429420e+01
-2.671608921430452810e+01
-2.794192333639944081e+01
-2.840881686179431043e+01
-2.767987087624721809e+01
-2.671752511609792435e+01
-2.555280825502371655e+01
-2.330866062298130004e+01
-2.016259539213100993e+01
-1.711284932245430923e+01
-1.411861961135502241e+01
-1.079837522939588368e+01
-7.377979497212585613e+00
-3.009037957297163945e+00
2.375944807294416261e+00
8.184104971443506571e+00
1.462069770025922288e+01
1.919175217725181781e+01
2.159429097814510357e+01
2.315739177583378705e+01
2.315435625436840184e+01
2.289629682214354034e+01
2.246289042995428176e+01
2.054277579271215615e+01
1.738106246445093817e+01
1.500808167760935952e+01
1.340813206283463188e+01
1.174246281446758289e+01
1.049704605438812877e+01
8.107190887651134048e+00
4.452817940260139551e+00
6.986446988916281686e-01
-3.520837385371501149e+00
-6.670480009686070133e+00
-8.479275842309748512e+00
-9.940394750119629919e+00
-1.058734365806268762e+01
-1.104453154318967023e+01
-1.137652498249601152e+01
-1.084841046131667497e+01
-9.575201690438381874e+00
-9.114420216777551431e+00
-9.488633958484122388e+00
-1.000986793658176843e+01
-1.106272123243973304e+01
-1.153207714550829976e+01
-1.133040376286915141e+01
-1.132502801927727809e+01
-1.125994164480299986e+01
-1.094786209797012333e+01
-1.046296508308557982e+01
-9.706320420725447207e+00
-8.645696678557918347e+00
-7.586421562966478405e+00
-6.517179141761026528e+00
-5.258481065736845927e+00
-3.869632142430464494e+00
-2.145444306226175435e+00
-4.771145717777869333e-02
2.287360637957362552e+00
4.922417851101124953e+00
7.796935325934629901e+00
1.090393185394326458e+01
1.433113740728311924e+01
1.806949079287206317e+01
2.055433656372576579e+01
2.164376228881157260e+01
2.206977222058589305e+01
2.138710425253574954e+01
2.052040952015832076e+01
1.950988762742235139e+01
1.749195225182341673e+01
1.463974057398924344e+01
1.204127773505464205e+01
9.666711521479443903e+00
7.091159829595532926e+00
4.567274756347964981e+00
1.204957614449970738e+00
-3.063967623645491578e+00
-7.600641967079473815e+00
-1.261644997390900436e+01
-1.606163990039001632e+01
-1.766957308137405747e+01
-1.856235623738590945e+01
-1.813770240743416551e+01
-1.743587335967180962e+01
-1.652319038923632988e+01
-1.433446539779103013e+01
-1.106221530088510185e+01
-8.429303594191331683e+00
-6.426880658037085858e+00
-4.332011341994612685e+00
-2.557760267044999480e+00
2.111761386928653339e-01
4.077960253267782775e+00
8.060022077455661460e+00
1.246531244304779840e+01
1.528708778895810738e+01
1.622332879046642162e+01
1.644441871027398960e+01
1.534937698583490118e+01
1.387312062142255442e+01
1.208379812380007756e+01
8.967116027473323925e+00
4.692358112922794255e+00
1.087614044597199570e+00
-1.844013355232782647e+00
-4.893643919947106014e+00
-7.619942519078014342e+00
-1.138632325847787641e+01
-1.630336904468158821e+01
-2.134113050532031153e+01
-2.681911970079566032e+01
-3.043561539032572227e+01
-3.185186978406795788e+01
-3.238405498154591555e+01
-3.134297035562340028e+01
-2.982197723688137714e+01
-2.789445681046759162e+01
-2.438508142776690590e+01
-1.948996655684305424e+01
-1.527325047346410614e+01
-1.173266853171822888e+01
-7.975731458421019049e+00
-4.497780504118190414e+00
2.536790605464588344e-01
6.406595918886763386e+00
1.279630519338109629e+01
1.978895409793335958e+01
2.500711538042843074e+01
2.809382569534153262e+01
3.043814336827884404e+01
3.132887298867913728e+01
3.187770051935545013e+01
3.216697280628429212e+01
3.099454976824342722e+01
2.856303305332990661e+01
2.705031199513818763e+01
2.646241501669059204e+01
2.585899137784763369e+01
2.576741800623056733e+01
2.456732701736831359e+01
2.212899951823119338e+01
1.968017927897333408e+01
1.684262152498012455e+01
1.438922999490715782e+01
1.252253945811013303e+01
1.059818102344805624e+01
8.864923276866701229e+00
7.149607594228385210e+00
5.404710863252034869e+00
3.942173185811264524e+00
2.729830638422019451e+00
7.237626618180372784e-01
-2.116440610162817482e+00
-5.304603577274142445e+00
-9.108275584043829198e+00
-1.283991687749630195e+01
-1.644672231940567286e+01
-2.049438298887251619e+01
-2.483030031761149203e+01
-2.791118632282248413e+01
-2.964753657687364452e+01
-3.065625989021859965e+01
-3.050953309531662327e+01
-3.022934494739236300e+01
-2.984595956177824405e+01
-2.846381102607103486e+01
-2.627520658988065350e+01
-2.417140962266645232e+01
-2.210381341415214251e+01
-1.975501255766631203e+01
-1.732366940061688965e+01
-1.402123877699316878e+01
-9.788515388816094287e+00
-5.166921693430100326e+00
3.381371263757432244e-02
3.887465674286288309e+00
6.155010007165824248e+00
7.888749047639958434e+00
8.528667298933365615e+00
9.070922983082287061e+00
9.583080265904902362e+00
9.064119788098427222e+00
7.703435361987963859e+00
7.097642210976470523e+00
7.241186195811662785e+00
7.475821713196098450e+00
8.187565469024097098e+00
8.160725406491000200e+00
7.305278231856659588e+00
6.536095384873007674e+00
5.572471649385382086e+00
5.011379360714777853e+00
5.006866083886192698e+00
5.071491636163782069e+00
5.397620306129619294e+00
5.849026265239020361e+00
6.391643752016821445e+00
7.268814522966551728e+00
8.456762637427100771e+00
9.176467599213788517e+00
9.400931095163073792e+00
9.494960789780224175e+00
9.260916491575928333e+00
9.217508238475648596e+00
9.406579422360577425e+00
9.406522051944540053e+00
9.334332879725263155e+00
9.037289519168581364e+00
8.449963628862638743e+00
7.725754470293205500e+00
6.805642992134764313e+00
5.676561534508488549e+00
4.343559411849312824e+00
2.754766199304292229e+00
9.013391501494364411e-01
-9.423860910247430223e-01
-2.767544656402669112e+00
-4.718782590698466173e+00
-6.729323628805209623e+00
-8.979924595996212844e+00
-1.149130584123950527e+01
-1.412149935198143957e+01
-1.691538278042269994e+01
-1.874844148427596835e+01
-1.949162039095826415e+01
-1.970562522116107829e+01
-1.906093914652656807e+01
-1.817403879100022124e+01
-1.707191811800826997e+01
-1.514534942665731698e+01
-1.250492858278215280e+01
-1.002530747858975246e+01
-7.689801719870304808e+00
-5.135199378833834594e+00
-2.565232057151245471e+00
7.158359735164564475e-01
4.766156919228626165e+00
9.082374237098482794e+00
1.383178881408018768e+01
1.705284016831154759e+01
1.850040416366228158e+01
1.922225712795561137e+01
1.864346216744705131e+01
1.778513646185717789e+01
1.670735186548545670e+01
1.437863540913053129e+01
1.098729363575936269e+01
8.148495623223048767e+00
5.849082847843551036e+00
3.415222188900674194e+00
1.232147584774785143e+00
-1.945147843043560032e+00
-6.214877015575479113e+00
-1.065296865407719373e+01
-1.555211755288783593e+01
-1.868970983795051666e+01
-1.974900029983143313e+01
-1.999116481638846210e+01
-1.875486535948196476e+01
-1.711348660050756365e+01
-1.513981718869817072e+01
-1.169602363295148528e+01
-6.977416313935312253e+00
-2.945581883557358172e+00
4.022605808672801708e-01
3.906431936591918674e+00
7.095342519624947109e+00
1.144716544098297994e+01
1.708112388794726755e+01
2.288714300456073047e+01
2.921224046162453902e+01
3.336562781006295353e+01
3.496210074161334802e+01
3.552140686506990619e+01
3.424084450497793597e+01
3.242030026974556023e+01
3.014469376357736863e+01
2.603266182726611788e+01
2.031845103422468668e+01
1.537689155900133997e+01
1.120213545971806113e+01
6.773178541240119976e+00
2.659066412169793114e+00
-2.934598902539084619e+00
-1.015487304608438635e+01
-1.765870545415845783e+01
-2.586929957290328730e+01
-3.176635959356972450e+01
-3.491009154319584695e+01
-3.703360802282198705e+01
-3.723603520586594584e+01
-3.695895599957223254e+01
-3.630327218892597330e+01
-3.372921801519302676e+01
-2.949911384604559217e+01
-2.632298164038505917e+01
-2.420175261359333163e+01
-2.197050778415886896e+01
-2.028273738549551197e+01
-1.710692612603125085e+01
-1.227968293990904769e+01
-7.332226677375781598e+00
-1.788722929839505760e+00
2.341350017243094772e+00
4.700186238219560053e+00
6.585080461306839439e+00
7.383253298325576530e+00
7.911860270213187718e+00
8.253261617124666216e+00
7.442147781655263472e+00
5.627347381841534713e+00
4.862883129669795856e+00
5.177852478177015882e+00
5.661745526415142393e+00
6.820920477213602062e+00
7.183294635746469758e+00
6.631863210790020169e+00
6.309597446236764107e+00
5.877440121638064952e+00
5.771599855557646208e+00
6.159091040129876404e+00
6.588069311042588083e+00
7.214142025663201174e+00
8.047025237347025239e+00
9.057300992488565683e+00
1.038561036397203097e+01
1.203953731144392236e+01
1.325591085215315168e+01
1.399863175007774352e+01
1.464730327178606650e+01
1.500650968127792773e+01
1.555925762168363491e+01
1.634871916826321936e+01
1.697288706107103451e+01
1.754161249383526311e+01
1.761228893213116464e+01
1.709113822020919926e+01
1.626190524864973241e+01
1.498110935091825269e+01
1.340746925986465499e+01
1.155083381766762152e+01
9.195744848917925651e+00
6.363599891827936617e+00
3.536147321745692906e+00
7.151442381907803236e-01
-2.328593585457630954e+00
-5.481426158923210501e+00
-9.096535555417910146e+00
-1.320972200484413861e+01
-1.755819209828380778e+01
-2.222923744585056127e+01
-2.547380180994278476e+01
-2.708950890750244866e+01
-2.796318756843043829e+01
-2.758369188236989444e+01
-2.690236080566738153e+01
-2.596524865639250024e+01
-2.383161794173859249e+01
-2.067446525003871827e+01
-1.786827869619141040e+01
-1.539122219135622061e+01
-1.267462193311899732e+01
-1.004131502749724802e+01
-6.407214587808058859e+00
-1.684207234555085142e+00
3.336847872297046713e+00
8.914291462302474045e+00
1.292978345391819417e+01
1.509465122112415791e+01
1.659898062524406370e+01
1.681782001596445753e+01
1.679992411697689292e+01
1.661763258597263970e+01
1.518137396862627320e+01
1.268592953176054294e+01
1.097222726290041628e+01
1.003829310320876544e+01
9.106291175103043756e+00
8.620805492786537627e+00
7.193289097572290736e+00
4.715920806735018900e+00
2.235017725684918855e+00
-5.725785822961207971e-01
-2.637145675000287515e+00
-3.744104835802330999e+00
-4.635133333914343012e+00
-4.978748112500102074e+00
-5.156312862518915630e+00
-5.216370650482971882e+00
-4.666771897056753993e+00
-3.576358677545032005e+00
-3.123430878012627865e+00
-3.332604718738265248e+00
-3.671602409157574964e+00
-4.433632527909352028e+00
-4.793951424124322180e+00
-4.686596637882141536e+00
-4.761219539224892827e+00
-4.829021993401185320e+00
-4.793188542734855950e+00
-4.715421910574789877e+00
-4.504604624861089590e+00
-4.150684663903785321e+00
-3.858687820563071913e+00
-3.621243132448283220e+00
-3.329797301534562326e+00
-3.026068485054536517e+00
-2.523812726990904753e+00
-1.796839078011088331e+00
-9.631442040124016390e-01
3.043012478620108624e-02
1.109196107214068139e+00
2.263862848487171675e+00
3.578274315316279264e+00
5.037239559032040681e+00
6.099661597300753080e+00
6.724291205698865959e+00
7.156753923745720947e+00
7.246202675169715945e+00
7.325510185601562974e+00
7.409964803182657711e+00
7.198773379059354660e+00
6.756204467864567853e+00
6.433742773861048647e+00
6.220481584131975161e+00
5.986036176378500606e+00
5.812395972588185522e+00
5.408026831888934183e+00
4.752576660664471042e+00
4.055443826119992323e+00
3.248502098963376383e+00
2.574785856136201367e+00
2.078305696751958642e+00
1.593390699947056843e+00
1.193183357479308926e+00
7.838956681601388921e-01
3.531042614718373773e-01
1.300160657420695864e-02
-2.549146710155426043e-01
-7.039527770474693913e-01
-1.339813689755630977e+00
-2.051765397545319392e+00
-2.903625247696644873e+00
-3.718386032325986079e+00
-4.483401119561317039e+00
-5.339682771373467141e+00
-6.247776205817352491e+00
-6.939313678520992568e+00
-7.403174728862240705e+00
-7.737246235018399254e+00
-7.868106212527361087e+00
-7.983593232564276221e+00
-8.088135593099506693e+00
-8.021891648595120827e+00
-7.820289791043696148e+00
-7.623478979187315652e+00
-7.421421421110044214e+00
-7.167389872310661936e+00
-6.891824233561892221e+00
-6.464725855005059252e+00
-5.876494928656043726e+00
-5.214162408280824224e+00
-4.446116442297573634e+00
-3.874938933255350548e+00
-3.537736885667389419e+00
-3.267466715829142831e+00
-3.151589043403197010e+00
-3.033452835256686964e+00
-2.901627314959086323e+00
-2.912529124480895515e+00
-3.035784812573018687e+00
-3.019812671340628363e+00
-2.864779919080862047e+00
-2.673471590786461682e+00
-2.384537789512106265e+00
-2.188195820996801544e+00
-2.097898260034571916e+00
-1.969252424006660451e+00
-1.845646844565810074e+00
-1.362808839290462037e+00
-4.680718664255192341e-01
6.365928766320163579e-01
2.060702035419507805e+00
3.629190704331559658e+00
5.332222339750893880e+00
7.357970722079667070e+00
9.676085605780730958e+00
1.197149366850236873e+01
1.424682876643825935e+01
1.663933514403474589e+01
1.907479336798735758e+01
2.179469637949253169e+01
2.482022209666316925e+01
2.797363755639878846e+01
3.131310843200179050e+01
3.320024808288484763e+01
3.345066698383386239e+01
3.287546958797676666e+01
3.099570308567637866e+01
2.871297032425544415e+01
2.606613587342109994e+01
2.216714269433164830e+01
1.717782749939824427e+01
1.234793300452960274e+01
7.650876587724551037e+00
2.569619807503887188e+00
-2.605926240053508369e+00
-8.875498503371847647e+00
-1.632302935187155413e+01
-2.422826231922440954e+01
-3.283225538976187607e+01
-3.886245626068701853e+01
-4.192115895903201306e+01
-4.372735666045171143e+01
-4.332353033218113580e+01
-4.243853893896296370e+01
-4.116851961717852504e+01
-3.778073223422990878e+01
-3.259295946825517376e+01
-2.825141487613414526e+01
-2.472769984395362286e+01
