-1.368862596468147252e+01
-1.004485516647071996e+01
-6.454571519120068324e+00
-3.035177061113330854e+00
2.244820340538991932e+00
8.918215909012335629e+00
1.254256827563277987e+01
1.295905939355322722e+01
1.197470346892599125e+01
8.416277787624542484e+00
5.410840849171854039e+00
3.111125113637310591e+00
-1.058064722390692047e+00
-6.450781191113314605e+00
-9.246534424339326819e+00
-9.399593462906125296e+00
-8.292215457180496685e+00
-4.938335761078703534e+00
-2.237061382481625671e+00
-3.103614712919215424e-01
3.135533692049086163e+00
7.498639189719093601e+00
9.783829059226199831e+00
9.977810546390085022e+00
9.093423515665786994e+00
6.358810410466343654e+00
4.118934645345353474e+00
2.458679549516117113e+00
-4.582970583110929641e-01
-4.149792029768148538e+00
-6.519809017200172363e+00
-7.589209336342346290e+00
-8.029852069283128557e+00
-7.312188715194379185e+00
-7.148950907747774863e+00
-7.603987964664542076e+00
-7.371237071301159460e+00
-6.809143801027034648e+00
-6.096858339479390487e+00
-5.093533166594836459e+00
-3.952667276703107468e+00
-2.676512901639887865e+00
-8.071194575208522348e-01
1.664752459335328671e+00
4.527255558647528488e+00
7.892312976908428368e+00
9.964885964514477834e+00
1.056499394236752032e+01
1.063123112868075282e+01
9.658777041739705638e+00
8.642564701316798548e+00
7.652305811420564652e+00
5.745551682417811890e+00
3.121144722891165735e+00
1.282293270350290726e+00
2.357591717602244563e-01
-6.136472070785208288e-01
-8.921824895706157443e-01
-1.730425615958015362e+00
-3.198370362998158356e+00
-4.423765987871582261e+00
-5.656951530390416316e+00
-6.428524895739738731e+00
-6.591294461997384779e+00
-6.540693568044736672e+00
-6.113214335258200016e+00
-5.362993766410087737e+00
-4.306591652499440315e+00
-2.760298096046248872e+00
-7.223249562776652422e-01
6.114462893126886289e-01
1.169753746113888049e+00
1.536291835982230403e+00
1.394854025248444707e+00
1.500313121541315242e+00
1.910611948047753916e+00
1.981038772226295652e+00
1.875653179614020782e+00
1.771419955469738294e+00
1.601794882668607034e+00
1.391423139840014978e+00
1.162116174351529363e+00
6.478715651086387473e-01
-1.623931899961300329e-01
-1.128454413291858138e+00
-2.315872367999185499e+00
-3.051747764156494735e+00
-3.265353298245581293e+00
-3.328333995375385879e+00
-3.052714816220653216e+00
-2.801293168200021277e+00
-2.605284431115933774e+00
-2.119762735489157279e+00
-1.420230729644649470e+00
-3.760679812824018198e-01
1.078505820244276103e+00
2.838950512448310981e+00
4.965218956924778659e+00
7.476604161229539081e+00
1.038296284932851243e+01
1.374124608203626074e+01
1.757111159981597481e+01
1.913265606250043405e+01
1.817151019730951234e+01
1.600055934317396122e+01
1.184158183979710977e+01
7.303026956039845530e+00
2.463481722893382297e+00
-4.179325001307807597e+00
-1.231945299911946634e+01
-1.773687579961005412e+01
-2.024085775362136275e+01
-2.165126899849420639e+01
-2.084786436888837002e+01
-2.070261025517085685e+01
-2.137433785336013159e+01
-2.046332483100298560e+01
-1.856788223636856117e+01
-1.616071022571934890e+01
-1.296532019234015820e+01
-9.135681235820699797e+00
-4.690177107614199592e+00
1.297542308691486790e+00
8.881836666982774631e+00
1.763881596215908587e+01
2.781506532346788418e+01
3.313204303779023974e+01
3.296762471018435292e+01
3.048819369300357351e+01
2.391358623484044443e+01
1.680591963057628391e+01
9.376860060215097548e+00
-1.739846798007345541e+00
-1.585184943642164157e+01
-2.382970782585358904e+01
-2.527413447026759741e+01
-2.409594482332312992e+01
-1.787515249505963411e+01
-1.283404588590268958e+01
-9.312433584001162501e+00
-2.117366983181586448e+00
7.456370519732849367e+00
1.277998479176626212e+01
1.387492002465437047e+01
1.302885795202276498e+01
8.569005777118727352e+00
5.709613990316858789e+00
4.676564023352116628e+00
1.450696097542375274e+00
-2.865983965792176846e+00
-5.293141184510431252e+00
-6.013425016183723493e+00
-5.685500856929900593e+00
-3.593959092923084686e+00
-2.519302892051960008e+00
-2.533024495864569570e+00
-1.646455343297020146e+00
-4.433500788219042477e-01
3.294435446895698227e-01
8.171179501851083549e-01
9.690447145860358047e-01
6.263012021376125338e-01
7.553604101023378981e-01
1.357529693169250207e+00
1.819906944127593018e+00
2.344163632352959326e+00
2.578862785211961661e+00
2.430847157313365425e+00
2.208503587976966998e+00
1.801060237452780433e+00
1.240714001080237994e+00
5.498919931194322652e-01
-3.868590866674517237e-01
-1.564688800971364646e+00
-2.175869800360370476e+00
-2.165875327992468069e+00
-1.918727333295426885e+00
-1.215874544352853359e+00
-5.531877067080852584e-01
3.763912912070905420e-02
9.938266210241840648e-01
2.213147266090331744e+00
2.963843717086741325e+00
3.233576791844960496e+00
3.303281928532502132e+00
2.984706090072807960e+00
2.817547179901546794e+00
2.828291120792495228e+00
2.587186181591594636e+00
2.207955844186278771e+00
1.311456422258656662e+00
-1.959058420558014713e-01
-2.062647131950003043e+00
-4.417469229738414604e+00
-7.158964079345724763e+00
-1.028380137114111825e+01
-1.396829729352720406e+01
-1.820615240748856323e+01
-1.985247804544286510e+01
-1.862931837460889994e+01
-1.602354971221457447e+01
-1.114651958764257778e+01
-5.869457702651906139e+00
-2.827775859199804231e-01
7.344500888200811595e+00
1.665454186346506660e+01
2.227062300531439831e+01
2.391701314401627698e+01
2.392495696580903441e+01
2.085125737145406788e+01
1.829679197501391386e+01
1.645088090753987586e+01
1.226081373886648329e+01
6.464852720720297263e+00
2.470501079990347293e+00
2.012582293829531799e-01
-1.487058247002490230e+00
-1.765284496438503936e+00
-3.436669969378509215e+00
-6.641589398756893914e+00
-9.299379663167194110e+00
-1.202476520823725537e+01
-1.371051545551183892e+01
-1.401560051123725437e+01
-1.389251284243341544e+01
-1.296223183918944954e+01
-1.133824304817192186e+01
-9.067770737465000508e+00
-5.735642711045008113e+00
-1.340482665386615313e+00
1.670207129636762211e+00
3.159667808734303751e+00
4.322901503001691736e+00
4.517876147671857190e+00
5.296987051441516492e+00
6.783041041042937813e+00
7.660667350263943298e+00
8.270792538993092080e+00
8.440049910407362077e+00
7.981414166107234642e+00
7.202887152328024456e+00
5.996517740483855441e+00
4.131335535116864577e+00
1.599862174058558351e+00
-1.604729229426765880e+00
-5.557213871717308962e+00
-7.608018078226693071e+00
-7.529324608540949093e+00
-6.647158100083489174e+00
-4.227686986542674497e+00
-1.831199109464563657e+00
4.384486301996336488e-01
4.003599490554917040e+00
8.547152589108236498e+00
1.036932629812423379e+01
9.302968241724789422e+00
6.896116622849817190e+00
2.159534303509996533e+00
-2.389208139025219779e+00
-6.628267823356925881e+00
-1.267611378194060023e+01
-2.002004588490613912e+01
-2.337402715482804538e+01
-2.249067271433792570e+01
-1.953080558040162984e+01
-1.306818854553127274e+01
-6.725460164816835729e+00
-6.573137705557614563e-01
8.198426320651927668e+00
1.911733171079843174e+01
2.511491480285143041e+01
2.591163183920191315e+01
2.434712491550441982e+01
1.856013260612322924e+01
1.343354540608757475e+01
9.192756857231497492e+00
1.779858621032165855e+00
-7.809104257391076942e+00
-1.344019098669911649e+01
-1.504277915465121751e+01
-1.487587565058495720e+01
-1.136389237747835423e+01
-9.160746610214765440e+00
-8.477797777998556938e+00
-5.647383722329767153e+00
-1.646574093173140074e+00
1.100763610032093665e+00
2.807802262195790544e+00
3.968920496303788070e+00
4.031174149536858486e+00
5.373280546398620849e+00
8.073317882025477843e+00
1.049828329968542207e+01
1.316697473034970756e+01
1.410565487692143627e+01
1.295220142207603509e+01
1.100595564410293292e+01
7.663897117086221122e+00
3.644255354468153740e+00
-9.748501618432643401e-01
-7.101883491078882393e+00
-1.461190659101530187e+01
-1.887842261334215266e+01
-1.960540763240405226e+01
-1.892579953588482766e+01
-1.558574378805719007e+01
-1.251858538109693697e+01
-9.896317413886718484e+00
-5.162477138737955329e+00
1.082166147844027648e+00
4.810131020239275301e+00
5.974002288061738497e+00
6.098065439253513631e+00
4.153882777044828778e+00
3.160511011500136913e+00
3.267894058679249980e+00
2.097512804505449413e+00
2.903086854331894395e-01
-1.091420249969045353e-01
8.143248060765518881e-01
2.529901845795175408e+00
5.538036004305824989e+00
8.037552966554393663e+00
9.975557670844064972e+00
1.267412096901904128e+01
1.575652492104177860e+01
1.674822664821299156e+01
1.554838207709862985e+01
1.305982365653419741e+01
8.605945623199717787e+00
3.963021937343504941e+00
-8.231852331310534066e-01
-7.246416862672708348e+00
-1.496678713302273778e+01
-1.958251549118841695e+01
-2.086391300138780380e+01
-2.068203531278484064e+01
-1.784710320361809721e+01
-1.533583181983295951e+01
-1.329075446943263650e+01
-9.183818390576636403e+00
-3.617038281531508748e+00
1.686116951908063211e-01
2.199341880054252574e+00
3.631919234389219486e+00
3.662811076310557912e+00
4.867021150391062534e+00
7.377268393543360503e+00
9.241164726821487818e+00
1.101937416108472689e+01
1.172962034112967622e+01
1.104856183167317418e+01
9.825230507081515796e+00
7.712637009801381005e+00
4.777559430478237168e+00
1.052451464531580561e+00
-3.830728726189994049e+00
-9.888569389660004205e+00
-1.325646343479870382e+01
-1.364791145101348846e+01
-1.293375902523408350e+01
-1.005900589691612268e+01
-7.383099402253622934e+00
-5.059233183221535590e+00
-9.908877781507305915e-01
4.336512916418165275e+00
7.602903361821161887e+00
8.771211416845076769e+00
9.105520764396223043e+00
7.760412341926777202e+00
7.217340117101090691e+00
7.602721232015517749e+00
6.963379131982468273e+00
5.828113032033115815e+00
4.787950809590840073e+00
3.662808791606089631e+00
2.528735586334448726e+00
1.481098619907200931e+00
-3.334402305558667456e-01
-2.935259464867568724e+00
-5.839748854424243518e+00
-9.243824622200726537e+00
-1.080286800524993929e+01
-1.025274187279091365e+01
-8.849603705603602322e+00
-5.922946126667667954e+00
-2.711437766153653950e+00
6.993382504702065905e-01
5.525797879290022863e+00
1.152744296368858912e+01
1.471428628625811541e+01
1.487602274269502800e+01
1.375817271400390496e+01
1.028926751080627255e+01
7.111988839321665701e+00
4.367613306574133603e+00
-1.948971685376894580e-01
-6.034063822111358277e+00
-9.941867231748796385e+00
-1.190472542768044661e+01
-1.309436290639914446e+01
-1.269812794297924619e+01
-1.318127651383032628e+01
-1.466239882416098439e+01
-1.522467052588573466e+01
-1.539312861096024498e+01
-1.479274458742546905e+01
-1.315169675774815161e+01
-1.099692184603717138e+01
-8.146497318070732518e+00
-4.308815611699485792e+00
5.144693039255814337e-01
6.371286215607244507e+00
1.335585822324518546e+01
1.802309895400387774e+01
2.008551831604939863e+01
2.126720237873625763e+01
2.061882523271990664e+01
2.017745006276037145e+01
2.008211042900239462e+01
1.848666252452929015e+01
1.580858219591477543e+01
1.306252170489982589e+01
1.007913851981798992e+01
6.626939771275168312e+00
2.889568703885767142e+00
-2.228204461815273429e+00
-8.807153581811453691e+00
-1.619013374469734856e+01
-2.465459425008196348e+01
-2.904290070554342407e+01
-2.880164036314081244e+01
-2.658065849394752078e+01
-2.090190999834403485e+01
-1.461617188016937341e+01
-7.892349432507194784e+00
2.018556859929255154e+00
1.457084942200271094e+01
2.166673128754300137e+01
2.292542679225206470e+01
2.186409192367173659e+01
1.632914311158281961e+01
1.178162301648855248e+01
8.525259766673904949e+00
1.974836509620174763e+00
-6.734340604457638157e+00
-1.179172087582808715e+01
-1.322497450401791674e+01
-1.304257615096298117e+01
-9.783590618650119808e+00
-8.029264265361973685e+00
-7.983054918318387649e+00
-6.125178802921374732e+00
-3.428293109404713768e+00
-1.648228704745769324e+00
-5.416853684407558767e-01
5.921906299069590318e-02
-2.271391891102936822e-01
5.382298056950667320e-01
2.395578843527137014e+00
4.072551923191082501e+00
5.987929510372870467e+00
7.393750108943898169e+00
8.096525449453196188e+00
8.752201233170033845e+00
9.127226826811490668e+00
9.323197220654547479e+00
9.392614836818060198e+00
9.077654937787439593e+00
8.399501065491813634e+00
7.723334774023728144e+00
7.028860990977396916e+00
6.143156954441356454e+00
5.140342368183285160e+00
3.742723841764045822e+00
1.914511770002275792e+00
-1.580639917546838857e-01
-2.550795382687788049e+00
-5.167001810692784858e+00
-7.989323445746201457e+00
-1.112990278482322992e+01
-1.456672670614123355e+01
-1.833370139162698109e+01
-2.245244586518628793e+01
-2.689451552006903157e+01
-3.167781861407857846e+01
-3.273526612460253915e+01
-2.965144927348601911e+01
-2.434779548401747462e+01
-1.564420656221670747e+01
-5.877726615021694911e+00
4.863833919227489311e+00
1.882613845581681744e+01
3.558844880159785617e+01
4.501624267207393615e+01
4.645279578509097007e+01
4.445418742926995037e+01
3.625035652019828092e+01
2.836049958266442061e+01
2.112463356701827166e+01
8.854392728353516873e+00
-7.139065559572388864e+00
-1.685904850199061400e+01
-2.011007042251118548e+01
-2.080482410008600880e+01
-1.636781756138923072e+01
-1.414899696260995299e+01
-1.452545435329560242e+01
-1.163822069710627183e+01
-7.044209131346033992e+00
-4.346240609661204957e+00
-3.175643763528482211e+00
-2.871401275378695050e+00
-4.238265896644964670e+00
-3.653824931944842369e+00
-1.001665185014970039e+00
1.269262059686937283e+00
3.953197813300717733e+00
5.479515047542250272e+00
5.457376227710363459e+00
5.204353629163821715e+00
4.228763881754225906e+00
2.820385804349651249e+00
1.080534190833392083e+00
-1.574863033966178216e+00
-5.089408406928121131e+00
-6.501874036055500738e+00
-5.634600242817748850e+00
-3.870441729987558421e+00
-4.164967066105584315e-01
2.870076373034444739e+00
5.870291505566442858e+00
1.019524632467058289e+01
1.545801522385245974e+01
1.792815348116376839e+01
1.744782328293203122e+01
1.552345951024443238e+01
1.115503497399888744e+01
6.916402780606740741e+00
2.917794077712632994e+00
-3.001969520765741528e+00
-1.032590241961315947e+01
-1.492914127894787768e+01
-1.669390257712368708e+01
-1.724155529886309779e+01
-1.549003681993131920e+01
-1.442175987919182312e+01
-1.417633033804491127e+01
-1.233169834743338811e+01
-9.505674513813371362e+00
-6.994673877525668715e+00
-4.610962777345503305e+00
-2.139009623205139654e+00
1.580722734126855655e-01
3.690493061039191058e+00
8.522488690265676681e+00
1.376028072262213620e+01
1.973229982641095148e+01
2.222317885262421200e+01
2.073837821362742062e+01
1.750913765803071698e+01
1.131477466059239667e+01
4.377645805816936075e+00
-3.166054732610379396e+00
-1.352594510413834605e+01
-2.628404581844789689e+01
-3.280231163052045673e+01
-3.256728140245469660e+01
-2.942462223433781432e+01
-2.103309799731898977e+01
-1.301016317420060808e+01
-5.654742319705823306e+00
5.884108377562265346e+00
2.046589576850197290e+01
2.888297043173013279e+01
3.088519577117362758e+01
3.010114784465261906e+01
2.412428391124513638e+01
1.959632737511169864e+01
1.683555360352647412e+01
1.045654053615252366e+01
1.840347565165145305e+00
-3.496985565163996057e+00
-5.697259114267092528e+00
-6.460732682996280118e+00
-4.431213165838061130e+00
-4.242253246142345446e+00
-6.081155690952082971e+00
-6.501161479730731330e+00
-6.492732971264539188e+00
-6.741423430629166269e+00
-6.923679750475698391e+00
-7.399403546355082462e+00
-8.259127482601160253e+00
-8.206490838133561283e+00
-7.245844706045239114e+00
-6.076401164819585254e+00
-4.412842837066930812e+00
-2.906959658449670858e+00
-1.659609188464575169e+00
-1.398267721559412480e-01
1.479662271294473808e+00
3.402419145819995716e+00
5.695306902321597420e+00
8.121952356085634150e+00
1.074536092971163903e+01
1.152476980192599854e+01
1.022277167006212117e+01
7.844363759314531670e+00
3.787574518763679787e+00
-8.096923263384067093e-01
-5.902417300672754941e+00
-1.261204711958196967e+01
-2.073657871406508590e+01
-2.477000211241574235e+01
-2.434312545372252856e+01
-2.194819599542062249e+01
-1.607615785951814047e+01
-1.024039576088653192e+01
-4.624562550140623785e+00
3.853105033332048013e+00
1.448815929358731402e+01
2.125095356382370682e+01
2.397578972185601742e+01
2.507613526789224423e+01
2.298076871591763037e+01
2.202603400886362550e+01
2.243208177909100343e+01
2.068858330290177250e+01
1.770486348266118171e+01
1.490960016493922247e+01
1.199312052907084336e+01
8.872693439487017386e+00
5.806096175233015799e+00
1.025362535056550506e+00
-5.541938527979251461e+00
-1.284503690530105757e+01
-2.130155807428318226e+01
-2.666130044429463197e+01
-2.843331345725466619e+01
-2.894630225455316364e+01
-2.698598721809810286e+01
-2.477485682651356313e+01
-2.248029770436733443e+01
-1.791428526946499389e+01
-1.151514331513346789e+01
-6.808687253432879061e+00
-3.801268771928049794e+00
-1.068740372944619210e+00
5.218807028783688517e-01
3.623791014980956682e+00
8.415116001906316257e+00
1.286599526520591219e+01
1.757404649848690781e+01
2.063630122957819779e+01
2.163606519716337218e+01
2.189244286145005347e+01
2.079681690498959057e+01
1.895610482443121114e+01
1.643681440946786054e+01
1.236870518273637742e+01
6.842520379877774062e+00
2.882522073500346949e+00
6.105079324882742853e-01
-1.393362896948954432e+00
-2.352579772179885342e+00
-4.291325249779315953e+00
-7.368078765837180022e+00
-9.927994934424399176e+00
-1.242366432734051251e+01
-1.394733000325190631e+01
-1.420639883935190539e+01
-1.393844294299892717e+01
-1.281848586559944536e+01
-1.096466369353267112e+01
-8.397394883418616729e+00
-4.739827004956640444e+00
1.696856519699435628e-02
3.245344619565647459e+00
4.784782397404402587e+00
5.922723514557626245e+00
5.962874126826621435e+00
6.564865235508770880e+00
7.856452396382828773e+00
8.418815727501309354e+00
8.612664853259600406e+00
8.219918755939847443e+00
7.031418368597027069e+00
5.385020727152960873e+00
3.151581252262553257e+00
9.326802910423764859e-02
-3.802827640376474250e+00
-8.564433221240484784e+00
-1.427447350953220351e+01
-1.696655888304325899e+01
-1.628809559378891691e+01
-1.419383089169032175e+01
-9.574182382783140710e+00
-4.759444797485274492e+00
1.108051094240330714e-01
7.182262472206122794e+00
1.599302623224320641e+01
2.051995778042521579e+01
2.047560123051356129e+01
1.842372877179600010e+01
1.275213174662269644e+01
7.530551301810138654e+00
2.964914896417232715e+00
-4.378875370459259564e+00
-1.366849025677756657e+01
-1.858734258600375000e+01
-1.896515214665539162e+01
-1.724900661704289107e+01
-1.178209483532435442e+01
-7.142279476254310921e+00
-3.534984038558414809e+00
2.756726303225498498e+00
1.078932655542824115e+01
1.505012809278416341e+01
1.546760410318131207e+01
1.402612553946122276e+01
9.298143238824598811e+00
5.471358102064271201e+00
2.716431056968461988e+00
-2.286333567251258359e+00
-8.671334764506841708e+00
-1.214021882875011293e+01
-1.268097483749956211e+01
-1.174995835729025906e+01
-8.243706051620195652e+00
-5.541718562273696413e+00
-3.770809501690786547e+00
-2.955263318951121265e-01
4.185089825217110260e+00
6.824885449328248477e+00
7.666247018339833019e+00
7.588794829116391583e+00
5.876071788615203850e+00
4.886833873001189765e+00
4.704142607616330629e+00
3.540073270925048643e+00
1.887194145114455823e+00
7.242929998666445268e-01
-6.506714808629229796e-02
-6.122852471552446829e-01
-6.998556325144692503e-01
-1.376228235570386094e+00
-2.667515366728700599e+00
-3.875889837345771749e+00
-5.228747741929641535e+00
-5.670780764454557143e+00
-5.028352288511099388e+00
-3.960880695102668714e+00
-2.151408006697178799e+00
-2.619167924399679048e-02
2.374529751776839781e+00
5.551227527545475660e+00
9.427381055701053114e+00
1.137718138387915268e+01
1.122535691601186336e+01
1.017471894695984247e+01
7.508433870503559149e+00
4.884606099230885512e+00
2.394682188933010103e+00
-1.417501399932379780e+00
-6.217160499754298186e+00
-9.291729990957366070e+00
-1.057565322776484606e+01
-1.114244802531002421e+01
-1.028831078110506070e+01
-9.980162725278750813e+00
-1.031741846462218959e+01
-9.716777402770569338e+00
-8.591776950317905559e+00
-7.381654565531620804e+00
-5.927560125075166830e+00
-4.291960680410307205e+00
-2.533020876984093839e+00
2.757415640021493308e-02
3.416241567816465707e+00
7.270532703956313902e+00
1.175595820225807309e+01
1.442582235477101626e+01
1.502214232015646367e+01
1.483125996020967463e+01
1.315918353915116512e+01
1.134500190087743654e+01
9.479997591870164442e+00
6.279430650410310122e+00
2.007128339650447124e+00
-6.880334754911393569e-01
-1.739405712062098930e+00
-2.247600758127299425e+00
-1.532124698394004447e+00
-1.483232849642403650e+00
-2.213298920223582211e+00
-2.205032337266812359e+00
-1.865705433002430524e+00
-2.333543328685041995e+00
-3.537198031906294116e+00
-5.216975182745559714e+00
-7.643726640268194927e+00
-9.773437693274361848e+00
-1.157693467791109043e+01
-1.380120618351538120e+01
-1.622586943439223006e+01
-1.670336123388326754e+01
-1.509530232661346894e+01
-1.225362772517657639e+01
-7.574071383479765274e+00
-2.485764759290152170e+00
2.976019483077806616e+00
1.007445014615492518e+01
1.854601835475040161e+01
2.333855936504131634e+01
2.413475225717479589e+01
2.316631067290265023e+01
1.905152649739531867e+01
1.508236571246269087e+01
1.142156588711476317e+01
5.209162353299781500e+00
-2.895797885357873191e+00
-7.888266683624093112e+00
-9.672598258765965795e+00
-1.020789150071866835e+01
-8.205838800618517226e+00
-7.355144324153283897e+00
-7.846316334868811637e+00
-6.743590373282793315e+00
-4.829724702091137800e+00
-3.744997364935673811e+00
-3.289267735838077300e+00
-3.211730167596750007e+00
-3.868913199541276438e+00
-3.542415569534152819e+00
-2.179083143075363438e+00
-9.159786315394775613e-01
6.261897551815065466e-01
1.455615968072642374e+00
1.369765845884953759e+00
1.114942120931024405e+00
3.914632819904020344e-01
-5.113375947554996692e-01
-1.534400238421624207e+00
-3.087700750352848189e+00
-5.112313889630450525e+00
-5.412091430524599289e+00
-3.839751608466163812e+00
-1.401119995604031221e+00
2.503519142051369162e+00
6.505019674988513856e+00
1.052889510699550080e+01
1.578514596962351924e+01
2.199905644988756492e+01
2.444817052606680363e+01
2.282598294270360739e+01
1.918253104025790279e+01
1.221562042561314776e+01
4.974550491532159668e+00
-2.408075382962107991e+00
-1.261162928757313750e+01
-2.504012955149071828e+01
-3.172447898698131397e+01
-3.225059351677879960e+01
-3.001515143784582307e+01
-2.286698886174283274e+01
-1.616174878469413656e+01
-1.015833586741500127e+01
-3.004165840082213546e-01
1.232877232887987873e+01
1.941284489653916268e+01
2.074519218442123858e+01
1.956920679098261573e+01
1.371636676755499629e+01
9.243248926977178925e+00
6.437517363569390305e+00
4.126778886771306221e-01
-7.569635743595064525e+00
-1.165902437358426624e+01
-1.189232591430140573e+01
-1.019791117005869552e+01
-5.094830426051665029e+00
-1.267565817975302878e+00
1.103279830003359940e+00
5.618095830993229178e+00
1.129749553272834284e+01
1.406497104079870653e+01
1.394479397079731520e+01
1.219744979586251432e+01
7.777052938663051584e+00
3.997003827785162500e+00
9.568321004728711499e-01
-3.903093675174627908e+00
-9.907397038917588716e+00
-1.310198438329716630e+01
-1.340866639759912005e+01
-1.224635006350592548e+01
-8.575370047112771843e+00
-5.384288992318448486e+00
-2.782509429989090233e+00
1.627581717249847237e+00
7.239207709338685959e+00
1.040112456029912025e+01
1.105950195522630608e+01
1.054531502751186878e+01
7.911916441869093930e+00
5.930879977667922631e+00
4.718759341478597769e+00
2.077621628399611620e+00
-1.417762120956096217e+00
-3.990568612068847276e+00
-5.741772086631670824e+00
-7.133359721886070481e+00
-7.745216689286844591e+00
-9.200141272753326049e+00
-1.155990616928969672e+01
-1.367075651975444828e+01
-1.588541729735373131e+01
-1.644925775514123956e+01
-1.506178349778172709e+01
-1.279481968717396789e+01
-9.110947363449513503e+00
-4.721134962503585442e+00
3.208676947729793838e-01
6.865764031135422663e+00
1.479559020551665149e+01
1.993249734218838043e+01
2.201552468384722872e+01
2.297230695889014385e+01
2.167412735389312672e+01
2.079146021518840826e+01
2.048458818125819292e+01
1.844031579207894822e+01
1.520973258648302640e+01
1.241086369311545567e+01
9.882536448603799428e+00
7.201974119600353497e+00
4.713324754398922067e+00
8.506945970069487162e-01
-4.476919513813854223e+00
-1.023471609941819338e+01
-1.679185464039361619e+01
-2.142290194531723202e+01
-2.377154965622921523e+01
-2.540427842307309803e+01
-2.553096970346676287e+01
-2.549698771627793548e+01
-2.541355855689860022e+01
-2.390437023367947944e+01
-2.123253870599571869e+01
-1.827548710793647402e+01
-1.489233047176989189e+01
-1.080049482522634996e+01
-6.148970196758090978e+00
-3.333533949231382021e-02
7.640338493927681718e+00
1.634545431031712326e+01
2.632842890258551094e+01
3.256896071037011353e+01
3.454732854996506575e+01
3.483459416133006670e+01
3.200094524388010342e+01
2.886905067061722718e+01
2.561186376464356584e+01
1.954374909098939028e+01
1.121356287366747928e+01
5.375447270420754542e+00
2.085786822432593723e+00
-5.964910382614863060e-01
-1.479122197046651266e+00
-4.078305537359610433e+00
-8.618315263109247226e+00
-1.235832442915518747e+01
-1.607640399901466566e+01
-1.898396120713652024e+01
-2.068445393056950365e+01
-2.209066942143389056e+01
-2.288480658078933416e+01
-2.284289183839581483e+01
-2.199862957096016558e+01
-2.014842735601918022e+01
-1.721305564006349798e+01
-1.412515220747125611e+01
-1.087992242017929279e+01
-6.928830579872568229e+00
-2.470860464457055983e+00
3.133876505170956950e+00
9.991971965991888638e+00
1.765538374020512435e+01
2.630927303562886976e+01
3.102493822448391114e+01
3.127978617497776526e+01
2.954562035968682920e+01
2.440367129499303900e+01
1.863675723867635270e+01
1.239203029010703183e+01
3.000598836553099780e+00
-9.012352229574144502e+00
-1.605709335302360685e+01
-1.779535558406040963e+01
-1.752302822630570844e+01
-1.323157149609088457e+01
-1.008032155537231134e+01
-8.364512601595627928e+00
-3.782192256559670618e+00
2.585048543813058597e+00
5.867077607080252832e+00
6.139867709570420828e+00
4.995399444115653509e+00
1.223895521175272894e+00
-1.223731796306675390e+00
-2.180364991671956965e+00
-4.634264973685028544e+00
-7.744194023320053688e+00
-9.092936851323329961e+00
-8.783123606690194762e+00
-7.373768377206404878e+00
-4.263649654778006948e+00
-1.625065834205350113e+00
4.996255717363897175e-01
3.713570929778227114e+00
7.575441690985875276e+00
9.694395839677230953e+00
1.002074778266611865e+01
