-1.706230136088871063e+01
-1.396430548419601614e+01
-1.109860904278591498e+01
-8.602145515924092933e+00
-4.185429283463315109e+00
1.611294683596709909e+00
5.080817557200799861e+00
6.169872104251481915e+00
6.291121073892353088e+00
4.493995655838401326e+00
3.549587758169038487e+00
3.595123451872777931e+00
2.439998386789692830e+00
6.712124071014741178e-01
-8.102597377832035375e-02
7.720053094425852191e-02
7.712670450722858284e-01
2.386769759758914144e+00
3.407304999073797802e+00
3.786655007832299358e+00
4.600800938366612414e+00
5.526164827054471651e+00
5.546869014072548509e+00
4.673740541613078392e+00
3.155112621407464957e+00
7.226440985049199517e-01
-1.759382048685891320e+00
-4.284833719804294283e+00
-7.526734236922529853e+00
-1.132057040760368416e+01
-1.287489824142509498e+01
-1.199722238413310649e+01
-9.898048396420875861e+00
-5.800964083411307648e+00
-1.513278598215362480e+00
2.890815512954811872e+00
9.007286269630279563e+00
1.648643387991278075e+01
2.000824189538672826e+01
1.927029971684195075e+01
1.657069891145672713e+01
1.046390733348016511e+01
4.473640699596191261e+00
-1.230589513764738907e+00
-9.677730556088363301e+00
-2.016014121675112847e+01
-2.548621268690551389e+01
-2.535464616628469159e+01
-2.271359793154980977e+01
-1.564319441223212870e+01
-9.128947306927734928e+00
-3.402847713825028819e+00
5.696633463914531958e+00
1.715424097135011294e+01
2.317332154112137843e+01
2.352993761023676456e+01
2.125166383773145284e+01
1.428691527110752091e+01
8.272595351143369413e+00
3.458478730447163585e+00
-4.745987925701925292e+00
-1.518275690545038970e+01
-2.014008486433151646e+01
-1.944095916037621663e+01
-1.596737729396670957e+01
-7.696801426984667849e+00
-3.241006306050695507e-01
5.917127543824736158e+00
1.562308285545812758e+01
2.762791594470754220e+01
3.396338329088828090e+01
3.442395007048962441e+01
3.200642304214103007e+01
2.461144714793367783e+01
1.808970504538648427e+01
1.267794002085554972e+01
3.630332390764084316e+00
-7.860666173711865490e+00
-1.636100551966291761e+01
-2.195268584812082935e+01
-2.643811702925715679e+01
-2.846920784885628208e+01
-3.249730268352394802e+01
-3.872149649674927474e+01
-4.379259978667612074e+01
-4.866706372454722640e+01
-4.834968726853079346e+01
-4.194072479206016624e+01
-3.243239599296580877e+01
-1.826120676907230944e+01
-1.414469644279226390e+00
1.799633686449656622e+01
4.243069740525379530e+01
7.159220233555298307e+01
8.609191368002359468e+01
8.445038353544310894e+01
7.571656889881180064e+01
5.452131750762382012e+01
3.281770445053172125e+01
1.124618110418788142e+01
-2.090766805886930513e+01
-6.127275292789005334e+01
-8.278543696590753598e+01
-8.428616431582808843e+01
-7.710580280852595081e+01
-5.404253024837413477e+01
-3.369959529119918074e+01
-1.701205777243606221e+01
1.155213402533690648e+01
4.816711510914656458e+01
6.757176703355165159e+01
6.930129292160583532e+01
6.280677352951525449e+01
4.152825226730541175e+01
2.424588885461291810e+01
1.178326609372673772e+01
-1.087664384150340169e+01
-3.983935172609541553e+01
-5.548927303804009625e+01
-5.776411792806128176e+01
-5.334651530937757968e+01
-3.720285549582023776e+01
-2.469596172051650385e+01
-1.640950404897576931e+01
-3.504845358884600692e-01
2.030132520996109236e+01
3.277270298539974647e+01
3.727536413319928954e+01
3.772893338509974370e+01
3.092544580880398541e+01
2.749297628287111195e+01
2.780599666328663488e+01
2.382929277031781368e+01
1.778547230741941831e+01
1.301117409601624608e+01
8.878926138981590555e+00
5.305069078228477508e+00
2.962076701514300581e+00
-2.249129738188565764e+00
-1.041929044976662055e+01
-1.899477341837826927e+01
-2.888430446015931352e+01
-3.430773322929265134e+01
-3.447565560998560841e+01
-3.278421509145168500e+01
-2.755186698973616544e+01
-2.147039221685447430e+01
-1.477492457193109310e+01
-4.619446312812278244e+00
8.476555753262223547e+00
1.609006419034228230e+01
1.784596671020950609e+01
1.744455775196777836e+01
1.266423925431781505e+01
9.164817150964600145e+00
7.283361631939381020e+00
2.290979034648333634e+00
-4.620126058963817783e+00
-7.729288099532503509e+00
-7.079779681329485541e+00
-4.587133175393671713e+00
1.187638130213676479e+00
5.701115542912614131e+00
8.766591431288938807e+00
1.387127839275344421e+01
2.005832976035526727e+01
2.247645301130414452e+01
2.105097178817806736e+01
1.741317471612638812e+01
1.028243758244744477e+01
3.372948592871468865e+00
-3.208842148407148986e+00
-1.244395719499525121e+01
-2.359473019706336316e+01
-2.956581790342573512e+01
-3.003815261231429901e+01
-2.788571813780806607e+01
-2.119651603164960463e+01
-1.490588197257642022e+01
-9.223493598197476828e+00
-6.518574653195052804e-03
1.175431339057718994e+01
1.840856596710901627e+01
1.975711722435262985e+01
1.878870676562711850e+01
1.350408191577969497e+01
9.474689838184978896e+00
6.963653642048321935e+00
1.469864912016159542e+00
-5.847777483695955070e+00
-9.475685706833983701e+00
-9.436896696042420984e+00
-7.569963771290515453e+00
-2.476101709460773126e+00
1.455601259487484755e+00
4.053936323182156798e+00
8.702735855465373760e+00
1.448482835505588895e+01
1.743934563903862056e+01
1.757758256014927412e+01
1.614825854268062955e+01
1.213220190502578610e+01
8.718311757497621883e+00
6.004638368048783370e+00
1.516123091291859737e+00
-4.097719233743662315e+00
-8.568791239503713797e+00
-1.198352092135192848e+01
-1.499066613853613461e+01
-1.703968417681626235e+01
-2.013113966845087077e+01
-2.434306605881003094e+01
-2.821993908137805462e+01
-3.219274888388773093e+01
-3.260818904321349265e+01
-2.893099949380465219e+01
-2.317035170034679581e+01
-1.422198919960104746e+01
-3.799735550995581246e+00
8.010373092784128346e+00
2.308631202497536705e+01
4.114197966960559683e+01
5.082045045926045646e+01
5.131282255835635198e+01
4.784873994348897241e+01
3.730370204017199853e+01
2.680227468820319814e+01
1.672673116930898729e+01
7.677793043743572632e-01
-1.964959186340868769e+01
-3.117283052974072532e+01
-3.336847777035461604e+01
-3.166725951609715395e+01
-2.256686838391630445e+01
-1.552621342161602058e+01
-1.102609088575792207e+01
-1.333769452604661510e+00
1.157813391922822710e+01
1.820603262288138069e+01
1.859539493163953949e+01
1.593500745700811549e+01
7.820294649443734869e+00
1.799996853510735129e+00
-1.822994639526688276e+00
-8.862310409864365468e+00
-1.773501895859788391e+01
-2.204426703349371763e+01
-2.184697810812660990e+01
-1.908793947642583078e+01
-1.213115789664487743e+01
-6.212698882610315998e+00
-1.487046747213972786e+00
6.074711567217811137e+00
1.540447725679903535e+01
2.032351145429868566e+01
2.071060780875138363e+01
1.877273987822064072e+01
1.288422312177830520e+01
7.722254180403236745e+00
3.455082542802674350e+00
-3.669709393815883125e+00
-1.270413210213818189e+01
-1.775323887355576957e+01
-1.871528151392083572e+01
-1.776013704230328827e+01
-1.335459569958046799e+01
-9.942347315054801626e+00
-7.710828355739247186e+00
-3.120624180221542421e+00
2.908707795259976248e+00
7.421602620810871187e+00
1.057440272148653548e+01
1.316203880988201469e+01
1.448346996579730117e+01
1.720900033914288585e+01
2.144401854027395515e+01
2.528196168147589162e+01
2.930409207446192354e+01
3.041904024670801476e+01
2.810972812243252861e+01
2.423579272292771947e+01
1.785262372264157449e+01
1.024619736505963097e+01
1.508419055127705688e+00
-9.874288907043178298e+00
-2.368773769875134505e+01
-3.296856172432988785e+01
-3.729853971350748765e+01
-3.988349060615225028e+01
-3.885015250915910912e+01
-3.868131290654541488e+01
-3.965075751921521174e+01
-3.789940317083502208e+01
-3.435848481347269257e+01
-3.002223077941708240e+01
-2.445330522204269741e+01
-1.775807622433308808e+01
-1.002001738376204720e+01
3.878099173482543183e-01
1.357551734373159036e+01
2.875428682263158819e+01
4.635862398798003881e+01
5.660243638221453466e+01
5.850985581723275430e+01
5.706013650616169741e+01
4.948191499490634016e+01
4.131210519998531083e+01
3.289299302739298980e+01
1.899362727096602299e+01
6.977202724226804209e-01
-1.064226192551023509e+01
-1.469248444914122231e+01
-1.619400314192710510e+01
-1.220753445501414447e+01
-1.076825922133627422e+01
-1.234250617566836894e+01
-1.042670602992958884e+01
-6.737952095381896989e+00
-6.202742989624853820e+00
-8.503154248388529624e+00
-1.246827862777402984e+01
-1.925829932073969530e+01
-2.434705850818992090e+01
-2.758702305613254424e+01
-3.219268864542463859e+01
-3.719350070936393848e+01
-3.777836936739811335e+01
-3.379417903938628598e+01
-2.680682879460659152e+01
-1.549488304266244931e+01
-3.448554250703335988e+00
9.283709936220629899e+00
2.569535432827325394e+01
4.511975364307500769e+01
5.578854345505565249e+01
5.694832759949666467e+01
5.375084608962581001e+01
4.296222669795741211e+01
3.226887774452956847e+01
2.202920839475041248e+01
5.546055674622761167e+00
-1.565642799255042306e+01
-2.804136978202293662e+01
-3.120976901766243827e+01
-3.062436087719585487e+01
-2.274947844403937935e+01
-1.728619335091886455e+01
-1.473177317983672019e+01
-7.213198078919528911e+00
3.235511881509238741e+00
8.973332542351293739e+00
1.024105455690078870e+01
9.303511046298137188e+00
4.292484090785150030e+00
1.711897630829379846e+00
1.812599253855611492e+00
-2.123982863200485349e-01
-2.974874928154895404e+00
-4.133756155575835756e+00
-3.994276682307141169e+00
-2.695934539261835905e+00
2.939069556950255069e-01
2.371631184119085578e+00
3.519821415300988132e+00
5.486068701658736835e+00
7.733895730443889782e+00
8.134326279661481252e+00
6.652060534663537084e+00
3.912638433797729132e+00
-6.620420030804186062e-01
-5.362416103925163213e+00
-1.016823902413375436e+01
-1.645644865409675717e+01
-2.390388630935410319e+01
-2.721142497886405209e+01
-2.603493359264646401e+01
-2.267232888719496842e+01
-1.566135145985459154e+01
-8.465548527691900915e+00
-1.236730000984240352e+00
9.052820392944632033e+00
2.172309140982166298e+01
2.916810866015955739e+01
3.106014905468015996e+01
3.057568083554118488e+01
2.568820415583209993e+01
2.164469116804252380e+01
1.870611274226478571e+01
1.249428198128875422e+01
4.087177747064592026e+00
-1.483200377912488932e+00
-4.301201851604806059e+00
-6.055688584887335857e+00
-5.506357166619343602e+00
-6.753959653065046531e+00
-9.991210087383532112e+00
-1.214017587436237910e+01
-1.408812437214266744e+01
-1.527192077069334530e+01
-1.528441870032949801e+01
-1.500429717085847159e+01
-1.417251340301456786e+01
-1.232159870277529379e+01
-9.483642750462676574e+00
-5.629085286027596169e+00
-6.300344078740144349e-01
2.394487235160458027e+00
3.203197460570395894e+00
3.397900496262404424e+00
2.136124087212204703e+00
1.257239938331214057e+00
9.086718163034774864e-01
-5.500290862605732300e-01
-2.726012945699842316e+00
-2.517903488510980559e+00
1.638331504774561409e-01
4.114736991499442276e+00
1.015063266096505679e+01
1.606591740843027338e+01
2.176484091561258438e+01
2.905607911032698354e+01
3.748952928039380339e+01
4.052844631196078495e+01
3.774663980893915038e+01
3.192226533702556068e+01
2.124241134861932423e+01
9.957003046021707604e+00
-1.770149764878849563e+00
-1.768201642718564415e+01
-3.696072968395538538e+01
-4.843396387412185788e+01
-5.152852713286942787e+01
-5.102881162875554821e+01
-4.392628198938746920e+01
-3.774633545628800135e+01
-3.286448698060473106e+01
-2.289784220317543273e+01
-9.377821677546323897e+00
-5.431252760026703541e-01
3.659436679162376471e+00
6.160618308424542278e+00
4.909081778868656265e+00
6.422511350790539808e+00
1.102704961908125014e+01
1.375893728760347123e+01
1.602864033921687437e+01
1.822052477908122370e+01
1.980008866868756456e+01
2.155982443686347594e+01
2.344924715769590762e+01
2.397488779115671420e+01
2.315212170231211886e+01
2.163282877143859650e+01
1.907128503980451129e+01
1.590624611005700118e+01
1.216940902799718316e+01
7.355924338900525328e+00
1.539175920670642794e+00
-5.405758406487779943e+00
-1.359015488981614794e+01
-2.293691606655509574e+01
-3.353326511128830845e+01
-3.855391801839591892e+01
-3.732955914467428471e+01
-3.315975141363421841e+01
-2.409030411594194732e+01
-1.410662848365885225e+01
-3.399925081504165725e+00
1.178244283859963382e+01
3.068873854832068204e+01
4.076813706981694452e+01
4.134472598220307304e+01
3.791884705283508339e+01
2.711312214194955317e+01
1.726060040364975023e+01
8.805833678094593608e+00
-5.350775192435752281e+00
-2.350243321122797724e+01
-3.347448236350473394e+01
-3.501298579241458953e+01
-3.277614798048287525e+01
-2.360224564237343614e+01
-1.644436474842691709e+01
-1.171686665935068739e+01
-2.236837245007499586e+00
1.013073861034244771e+01
1.700689932210977418e+01
1.846296144873820566e+01
1.721999409082793164e+01
1.116069415737897152e+01
7.045029998187300357e+00
5.128428529254017931e+00
2.326239785417687500e-01
-6.229345302526020589e+00
-9.544156404491992873e+00
-9.862730691203225319e+00
-8.456335025284547058e+00
-4.153701537302240787e+00
-1.063183051954921243e+00
6.965221991617963626e-01
4.174380987916252117e+00
8.517048672313052293e+00
1.047656741521073442e+01
1.008242240246674370e+01
8.285685406075469217e+00
4.249997218208337202e+00
6.747735233170322200e-01
-2.370778172582284071e+00
-6.962891176472052024e+00
-1.255645489679321081e+01
-1.486426896719239643e+01
-1.371383965907250868e+01
-1.076608540347268850e+01
-4.864943914997171603e+00
9.388795306252492034e-01
6.532367810257474261e+00
1.445853100681575754e+01
2.411140542080804039e+01
2.882262461157760569e+01
2.826891689175333866e+01
2.521213055374686363e+01
1.785225305973880339e+01
1.074874768262299796e+01
4.104798413489674225e+00
-5.935594043030991251e+00
-1.845624871223595065e+01
-2.576338981179083021e+01
-2.761572652635413405e+01
-2.706819259694210089e+01
-2.209556083260248016e+01
-1.820911636854918214e+01
-1.566761889178763667e+01
-9.969879355847089286e+00
-2.254215282135409559e+00
2.788135284554440041e+00
5.276816543612861565e+00
6.690306542886161445e+00
5.879664758911274269e+00
6.776438105182911897e+00
9.550592710693573295e+00
1.128450583705647681e+01
1.282567270991028963e+01
1.293512902887530025e+01
1.115743918406004020e+01
8.660077354725437715e+00
4.994627119431514828e+00
1.163645545724495411e-01
-5.928259215582504460e+00
-1.355078391143189265e+01
-2.280026010928174784e+01
-2.763489330172535219e+01
-2.757416479287315170e+01
-2.554704396357624319e+01
-1.988706881193558829e+01
-1.422522182550235570e+01
-8.784968797973510490e+00
-2.906305393362520473e-01
1.052482550930109362e+01
1.782197577480221184e+01
2.149104400423121319e+01
2.384385744609412683e+01
2.338271717140880668e+01
2.438048599521175674e+01
2.706675107233361643e+01
2.804085980847506931e+01
2.821436883523116990e+01
2.644562690105873770e+01
2.219289027843124273e+01
1.659451006629440073e+01
9.180113848271224342e+00
-2.925394185722947071e-01
-1.182199763105965040e+01
-2.577273017652887788e+01
-4.227106707108808337e+01
-5.057650964225976509e+01
-4.975782525448391880e+01
-4.503007362148625248e+01
-3.338950846922249127e+01
-2.120149640850594963e+01
-8.829313827774061707e+00
9.568710631330947791e+00
3.273786899524515803e+01
4.525449748682845552e+01
4.643866757991812477e+01
4.282118464392906532e+01
3.029880277803058775e+01
1.940612642329238824e+01
1.068943336887890538e+01
-4.663543987554227499e+00
-2.447961809273006750e+01
-3.513335267939900319e+01
-3.643160782319586133e+01
-3.340038412769590792e+01
-2.252175153678829744e+01
-1.403511085006440240e+01
-8.390119328243892838e+00
2.540487390609267315e+00
1.662406876420153523e+01
2.419757656331208651e+01
2.531099051610033612e+01
2.310639293313734655e+01
1.512484632400458295e+01
9.120811747354034438e+00
5.374447200536673463e+00
-2.091726542447347015e+00
-1.166935627359175953e+01
-1.665592694433455279e+01
-1.710944482195418459e+01
-1.511583243414449029e+01
-8.967261851143980778e+00
-4.148638131555941300e+00
-8.387607916625718918e-01
5.169474594373527410e+00
1.274588928591820114e+01
1.661441502386155378e+01
1.676025857968155464e+01
1.491817915227592550e+01
9.725133336062501854e+00
5.373885557090996912e+00
2.004942584338337941e+00
-3.654657254976929170e+00
-1.074731168395507552e+01
-1.494841546096474438e+01
-1.623608469767621543e+01
-1.608713770724762071e+01
-1.338758474199646287e+01
-1.153480709354532152e+01
-1.065674575758423615e+01
-8.098617335707967158e+00
-4.562651695652144568e+00
-2.272260332519732362e+00
-1.117400655480311089e+00
-5.106550945638773653e-01
-9.852920169464335354e-01
-5.326495753236707431e-01
9.198571443418784854e-01
1.928414698032787644e+00
2.925178965631475503e+00
4.765474940291253070e+00
7.381824552634840053e+00
1.067801342634657757e+01
1.486565235620655478e+01
1.908133965878999305e+01
2.332677794718784270e+01
2.822067014598844992e+01
3.359501798762899938e+01
3.521904695048169032e+01
3.273523233368196372e+01
2.801668876293557275e+01
1.985685429531145374e+01
1.086602701582703467e+01
1.134150210739204523e+00
-1.173829810069383939e+01
-2.726970544154716691e+01
-3.780173041897430153e+01
-4.294090255877119944e+01
-4.603772899352964032e+01
-4.504055114499478663e+01
-4.508813166978893605e+01
-4.646178891826340163e+01
-4.481737866885060839e+01
-4.121645314102634217e+01
-3.654124113716164146e+01
-3.028137544278033388e+01
-2.267745638745522996e+01
-1.375967446540822969e+01
-1.821358028391541151e+00
1.325187643955184669e+01
3.068949383142468434e+01
5.095515296703661079e+01
6.324471263951470945e+01
6.649947159563164689e+01
6.621112541427234532e+01
5.932935324873076155e+01
5.199854865138095761e+01
4.460447783361095020e+01
3.137067249781816258e+01
1.350720134926302052e+01
1.595021925389638273e+00
-4.190524099013043902e+00
-8.154291755201100500e+00
-7.613269969903704748e+00
-1.031034288448539371e+01
-1.671274701977993260e+01
-2.071409157984098215e+01
-2.400260030673627654e+01
-2.708100531364351582e+01
-2.927111584711365211e+01
-3.149271884598377724e+01
-3.367248797338203303e+01
-3.397558477093686236e+01
-3.239834611334496373e+01
-2.971718865198564075e+01
-2.549146370281177099e+01
-2.095387569006393136e+01
-1.619779140328889966e+01
-1.025296895368282435e+01
-3.398583998896579139e+00
4.948721856274101327e+00
1.495785787772611819e+01
2.615664033531886901e+01
3.874372844941262173e+01
4.541727404602292495e+01
4.541420008256569929e+01
4.233916708706797749e+01
3.408725089895105498e+01
2.483512991716554197e+01
1.478906253935659088e+01
-3.952741658980185591e-02
-1.886783912113287087e+01
-2.993253566805961796e+01
-3.268658897177397193e+01
-3.225716306290764379e+01
-2.552162190870624769e+01
-2.044094009909357013e+01
-1.746782358594725437e+01
-9.938713001606659603e+00
4.828024360109736124e-01
6.943711356992188222e+00
9.639696089214201180e+00
1.072812939636231633e+01
8.542268512030192440e+00
8.815529270760242397e+00
1.180211472140423368e+01
1.326136699802501617e+01
1.443467196073354941e+01
1.433191117596761011e+01
1.238036398290563156e+01
9.910266646521007416e+00
6.511043418158979357e+00
1.663208084237749240e+00
-4.573776473190156899e+00
-1.234546566659988009e+01
-2.179765280397183247e+01
-2.600754923951334519e+01
-2.438386004761523296e+01
-2.033785641493765084e+01
-1.194666494137302948e+01
-3.267783591678626198e+00
5.447356351641280625e+00
1.791911587589921595e+01
3.333640659626744451e+01
4.123572977467015477e+01
4.111034280581206701e+01
3.740151260885578921e+01
2.730258829121270026e+01
1.787043492946925838e+01
9.454211393232366589e+00
-3.915566704092598105e+00
-2.080220452692945443e+01
-3.142982907018051719e+01
-3.563258524898682822e+01
-3.711458577997859720e+01
-3.335198574315575826e+01
-3.162416070420599112e+01
-3.227320198886958025e+01
-2.950826180498003382e+01
-2.485586714736941261e+01
-2.057927528983098497e+01
-1.617211537567587243e+01
-1.156786385540233653e+01
-7.176470282472592999e+00
-1.343124161877236045e-01
9.661527513287650137e+00
2.050915046204611869e+01
3.307713736412767247e+01
4.030511269900473792e+01
4.137460612638915336e+01
4.012820284231381152e+01
3.454328237779125743e+01
2.830738267522747620e+01
2.168760047718912531e+01
1.104087643371439142e+01
-2.913259034413554716e+00
-1.174588777077552137e+01
-1.518948617656238298e+01
-1.682496326885143390e+01
-1.446893527787231193e+01
-1.401518011243644146e+01
-1.581807928728630408e+01
-1.508629202980801942e+01
-1.308291045420860144e+01
-1.139238056209510042e+01
-9.569377238308685918e+00
-7.706931944249189925e+00
-6.063549455200170080e+00
-2.480695195398549213e+00
3.110745978648976173e+00
9.477292973187315894e+00
1.712548630330115174e+01
2.091420748341354141e+01
2.026006775288080419e+01
1.798329086931469689e+01
1.262144755388624873e+01
6.868110825472938608e+00
9.313633350169383540e-01
-7.828192693528330359e+00
-1.887464847683211389e+01
-2.482731082698319014e+01
-2.535222825296789395e+01
-2.361983286443492958e+01
-1.766932438816543893e+01
-1.248303448854949771e+01
-8.330183767009170737e+00
-1.029173915314648191e+00
8.388347732572203341e+00
1.348698280435702124e+01
1.417748236092656811e+01
1.282834027319444026e+01
7.778347243642462772e+00
3.862409825168388267e+00
1.291564402206221596e+00
-3.772174159004086924e+00
-1.032258052725093656e+01
-1.240519124063806977e+01
-9.900971795006890730e+00
-4.945239249835144513e+00
4.028019729241440139e+00
1.255966575945154950e+01
2.048987846641740518e+01
3.141077667359413894e+01
4.442114998324949227e+01
5.026269261151003320e+01
4.846952668898491368e+01
4.281597168638948148e+01
3.078422807991357857e+01
1.870030607668179456e+01
6.817522025184961088e+00
-1.024868037921417674e+01
-3.124795060774774313e+01
-4.498334108924098018e+01
-5.108920044756261802e+01
-5.408209595850980378e+01
-5.101748530479620314e+01
-4.988450937511237981e+01
-5.107727323606479075e+01
-4.807026702539423724e+01
-4.252396719094570443e+01
-3.647299211710704725e+01
-2.925997955363646952e+01
-2.098456403948790339e+01
-1.192965730460501916e+01
8.602992474321013994e-01
1.753043954663457882e+01
3.648561946193065353e+01
5.846113918301644219e+01
7.060794712858348987e+01
7.158169995705833344e+01
6.802956503321699699e+01
5.629566154935181999e+01
4.348592014566578001e+01
3.005095097755865652e+01
9.183295537429698285e+00
-1.773403446268550354e+01
-3.386699965988402283e+01
-3.858443693990287215e+01
-3.904935883235883409e+01
-3.084956158475695531e+01
-2.563056173819953543e+01
-2.405650223354987105e+01
-1.654149470782343556e+01
-5.543979469837998053e+00
1.267283421542146016e+00
4.361355478704437516e+00
5.741444231980349144e+00
3.615282826984975273e+00
4.937680153376302172e+00
9.986264359551590530e+00
1.383582075239343467e+01
1.800774704515133706e+01
1.991838477558633613e+01
1.879958602758651764e+01
1.695392601891498430e+01
1.352497209564416814e+01
8.757288410467188200e+00
2.798676121236193470e+00
-5.261875925834678114e+00
-1.540458174818066084e+01
-2.152503287095575146e+01
-2.323256311183278200e+01
-2.345811309227324770e+01
-2.056592511641023791e+01
-1.834263931019421179e+01
-1.704994183901153448e+01
-1.339147277290657456e+01
-8.164980208852346877e+00
-4.481216946155401004e+00
-2.201991969068790134e+00
-3.689599757402683977e-01
2.853427839875862793e-01
2.425392390985963154e+00
6.183056038912666530e+00
9.638137863270490158e+00
1.338251358867788632e+01
1.577723076007369230e+01
1.645815468035083029e+01
1.662119496891597592e+01
1.574888465485492262e+01
1.431254112590978522e+01
1.238453328658337860e+01
9.254448817325945598e+00
4.998950259007328256e+00
2.035487492495410944e+00
4.605064618278902344e-01
-8.547272355118230580e-01
-1.289199263602681889e+00
-2.453031371505490998e+00
-4.470210056357093897e+00
-6.020575020142266531e+00
-7.462405309319773750e+00
-8.661377047490018910e+00
-9.443090040707893706e+00
-1.011662966156229437e+01
-1.059311574331890604e+01
-1.062640566092394678e+01
-1.021922109078149887e+01
-9.396081467081629057e+00
-8.087873418719301100e+00
-6.731018712338603827e+00
-5.338029925753159155e+00
-3.630075271895371269e+00
-1.704930351717773407e+00
7.084569406638401290e-01
3.659924136691468100e+00
6.948113935020933774e+00
1.065232056241485381e+01
1.274227805449056028e+01
1.299999663172423325e+01
1.244587365250218269e+01
1.049429330457944154e+01
8.289513776275519774e+00
5.891753405481754413e+00
2.201033786756789290e+00
-2.567227544779722148e+00
-5.680871092285333823e+00
-7.041844768711643887e+00
-7.824745365198606528e+00
-7.317630307260136746e+00
-7.421178921829294950e+00
-8.250227171508965895e+00
-8.251276054055878717e+00
-7.830754966771188208e+00
-7.020937139617418055e+00
-5.626104829717813338e+00
-3.897902530018139799e+00
-1.778364130514392460e+00
1.158493867298582281e+00
4.927936069358618276e+00
9.398187125444209755e+00
1.468664422310621731e+01
1.701993724166814559e+01
1.604033123766895130e+01
1.362970479662124390e+01
8.723815999592705595e+00
3.491058795123486380e+00
-1.940488894114323015e+00
-9.600346768254235386e+00
-1.906457944291163287e+01
-2.306463565946274485e+01
-2.117443481881227285e+01
-1.656898032487693229e+01
-7.272031167359754633e+00
1.959053147281786922e+00
1.088996972124828666e+01
2.363134266220740898e+01
3.922800180748210863e+01
4.717219026911770641e+01
4.698078389210868266e+01
4.300945732610801286e+01
3.243716731309514500e+01
2.245750997003343841e+01
1.340256732254376359e+01
-7.850665640563603276e-01
-1.864976303830896498e+01
-3.101313243221902738e+01
-3.778548916007495961e+01
-4.238562957021034805e+01
-4.247064647281442973e+01
-4.501833053377681182e+01
-5.036633063900428198e+01
-5.304522822670769244e+01
-5.453575939336843703e+01
-5.201217735459601954e+01
-4.450820866934993347e+01
-3.432802922546260049e+01
-2.043254039788835641e+01
-2.985101202976955470e+00
1.798769062225690973e+01
4.360395247777362471e+01
7.396554225453883191e+01
9.009268759287813566e+01
9.040253692008742803e+01
8.403441233744497652e+01
6.570267610913715828e+01
4.678844862919326175e+01
2.794155232483539208e+01
-1.196512472706136698e+00
-3.836940236246007174e+01
-5.942238462337947880e+01
-6.346041575796377288e+01
-6.053384217592861916e+01
-4.428180658583325169e+01
-3.153761212295875183e+01
-2.318644536532772804e+01
-5.351984588566000234e+00
1.845612479840142228e+01
3.140999789815974452e+01
3.363070563452864548e+01
3.076500777922284513e+01
1.857755672809291880e+01
1.048545374863488355e+01
7.044997475395178732e+00
-2.028423322960722697e+00
-1.390431406532765735e+01
-2.014836770412468780e+01
-2.113976916352534730e+01
-1.893360490012489450e+01
-1.145965774830964889e+01
-6.303970213489203722e+00
-3.661049951303465999e+00
2.015769455132637944e+00
9.152039693672390896e+00
1.309257945693480529e+01
1.400846269639585095e+01
